  0.05314579772589016  0.05347149808480964  0.05375755822321600  0.05394355977973667
  0.05417025263309563  0.05439758928873189  0.05460409819480715  0.05479930365367241
  0.05498791187604680  0.05517748497334435  0.05536736437371502  0.05555959736748835
  0.05574967306390294  0.05593540191176997  0.05611806733253499  0.05629896056501101
  0.05647904794776588  0.05665871228035600  0.05684044054128183  0.05702676253785548
  0.05721935654555137  0.05741981666888555  0.05762726816110017  0.05783787019948825
  0.05804831680472366  0.05825690386578387  0.05846536804627717  0.05867124738338658
  0.05888366269475463  0.05910177521307011  0.05932695967453266  0.05955444283022990
  0.05978390421697057  0.06001473418840604  0.06024743429263382  0.06048309499225873
  0.06072362478849320  0.06097031429960643  0.06122328542139415  0.06148117633956691
  0.06174297457824476  0.06201007777169361  0.06228339195719539  0.06257277695052113
  0.06286192994086029  0.06314326400304905  0.06342243687012299  0.06371080842496320
  0.06401101485539488  0.06431347345236410  0.06461009122538192  0.06490909136577319
  0.06521202523272496  0.06552076562937104  0.06584322935652631  0.06617854294231502
  0.06652763946730228  0.06689136393013102  0.06726573130139941  0.06764971578041255
  0.06804459768844054  0.06845179499435085  0.06887052778164368  0.06930965224712006
  0.06975179390850691  0.07021964942292454  0.07073046384492787  0.07127216630331028
  0.07182625861397249  0.07239936167597091  0.07301539232313187  0.07366834622016953
  0.07435139263072517  0.07505451556469490  0.07579127265363604  0.07655616758383806
  0.07737347287562052  0.07828436087885826  0.07930438486599053  0.08042901464598741
  0.08163213312291294  0.08293187657945016  0.08434448636378174  0.08586248739872361
  0.08752111292388551  0.08938954650572908  0.09169313390906866  0.09435194882472665
  0.09733901279823509  0.10083445256366678  0.10538195530188525  0.11098995493141835
  0.11887355370746210  0.13476680284809450  0.25560270565638699  1.00000000000000000
  0.05655526030021935  0.07360507636461940  0.08209488171286716  0.08803636451080074
  0.09274560900116456  0.09669080531515907  0.10036717193580835  0.10380633277915721
  0.10706108876335063  0.11006236853405478  0.11286317065075188  0.11560180802827767
  0.11820278308528558  0.12068101794145242  0.12310615650925118  0.12545859184929808
  0.12765402067703588  0.12978209941807611  0.13188199526776151  0.13394268382693086
  0.13600716741138458  0.13806058044170477  0.14009399588259580  0.14213255538062736
  0.14415216869197831  0.14611724182443075  0.14803850541319868  0.14998471446517603
  0.15198788751043832  0.15403852016102507  0.15617031521411096  0.15826684163865506
  0.16034817024208525  0.16249931383838026  0.16471190171584757  0.16688952226921575
  0.16896492246118308  0.17090763580974885  0.17280868826841653  0.17476523856798087
  0.17682648358863012  0.17894982066925094  0.18106185644829134  0.18315775198356246
  0.18528209201024984  0.18740096437668682  0.18957360882528743  0.19176405014014625
  0.19387741217610868  0.19591608887951129  0.19799933471944617  0.20019594863052834
  0.20251287961388034  0.20485831321824494  0.20717849910170549  0.20950369436603591
  0.21183785634049113  0.21422885042129822  0.21670107026903160  0.21906309359971601
  0.22150034423790918  0.22404882111963159  0.22665469008039257  0.22921420631616576
  0.23174613856457171  0.23426755685078382  0.23684368192333413  0.23965680561739830
  0.24277292581325108  0.24605285142183753  0.24934814662706151  0.25255819183863376
  0.25611297655454768  0.25982828843488209  0.26356589115297108  0.26732102399968649
  0.27120299684229771  0.27501231263175779  0.27880829845438260  0.28264997397910807
  0.28656853000673671  0.29093460673818861  0.29536515634135757  0.29998364374017777
  0.30489319769632622  0.30965345802089711  0.31503396166564107  0.32075628324862060
  0.32558612211555454  0.33102763667933827  0.33803955639118144  0.34436901074894816
  0.35334274592100101  0.36866441240210929  0.53580933400729114  1.00000000000000000
  0.00023250785551234  0.00043917172803838  0.00056884016472211  0.00067111720891125
  0.00075955062555183  0.00084229275890567  0.00092196846510123  0.00100057155573118
  0.00107706824554139  0.00115346192965136  0.00122770309512292  0.00129909664782956
  0.00137072782920157  0.00144321413427044  0.00151715909859263  0.00159032158431373
  0.00166555228184134  0.00174570908140488  0.00182723721096197  0.00190644329210846
  0.00198927664213026  0.00207387919677428  0.00215833870396808  0.00224032741543967
  0.00232013344049260  0.00240162046880806  0.00248590431408233  0.00257227252130099
  0.00266143912613749  0.00275518054484578  0.00284815063834629  0.00294285749581284
  0.00304395084148324  0.00315006077451641  0.00326188597115927  0.00338233779342240
  0.00350809370031969  0.00363386752411112  0.00375795656405125  0.00388391675047134
  0.00401661186265558  0.00415509113401029  0.00429841429727136  0.00444612137775440
  0.00460141252397081  0.00476712700864934  0.00494521008000577  0.00513238880606070
  0.00532447493535394  0.00552515821828797  0.00574015111888981  0.00596774646135113
  0.00620607763343861  0.00645618548458875  0.00671925298041303  0.00699997871665679
  0.00730131018641710  0.00762383700273180  0.00795853738380470  0.00830170572008243
  0.00866099897734550  0.00904121560085480  0.00946160019027994  0.00992850969952514
  0.01043379378818998  0.01098026843862192  0.01155319082584723  0.01215530638382437
  0.01281179398839487  0.01351126111242484  0.01422558347988149  0.01498215101706862
  0.01581862728294373  0.01676177090790865  0.01778979414814122  0.01891212802425179
  0.02008529427364263  0.02131866784260666  0.02264159457586301  0.02410596571508221
  0.02571513808993691  0.02758622616757938  0.02981889790616680  0.03239466281633870
  0.03534767725153554  0.03882821907929462  0.04295479085639822  0.04809597018537523
  0.05478868837986249  0.06345868916216206  0.07442213799761668  0.08727546618780030
  0.12238325809432274  0.25848565472009011  0.78656955964095254  1.00000000000000000
 -0.00778015904757885  0.03374082168166263  0.06207164643340429  0.08777794684187015
  0.11031348205425712  0.13113014009521173  0.15093975059217288  0.16857324099941062
  0.18436084733417932  0.19916804088862516  0.21329338028256062  0.22655298119008557
  0.23875089810315983  0.25008086759120624  0.26081539323456648  0.27098775607943049
  0.28072988888604644  0.29022488252395584  0.29962238815117687  0.30886614617133951
  0.31800177483366759  0.32707746841150892  0.33584210003384768  0.34416616467110384
  0.35226039783083352  0.36022254513409502  0.36799569192121040  0.37540095681756913
  0.38243130638273337  0.38923542391131311  0.39605132526376113  0.40269321467472602
  0.40911609126294063  0.41552684645250054  0.42199504239328534  0.42841258364830748
  0.43464671299722102  0.44081799358623508  0.44711085513555687  0.45313814314074236
  0.45927349041657400  0.46519370316143221  0.47086512508475803  0.47648793696859398
  0.48200409798516824  0.48753754293814294  0.49313694072503012  0.49871789991881532
  0.50432081839275777  0.50995628526315762  0.51588369596813566  0.52186714915642962
  0.52792039661233725  0.53417265908125511  0.54046099562545902  0.54658457434269214
  0.55243138227259392  0.55805825347614801  0.56356140374959851  0.56891014291311670
  0.57441645300132216  0.57999306259064587  0.58577317653111272  0.59161640125707871
  0.59751439261709605  0.60380483617162550  0.61045644695346735  0.61732462612906525
  0.62423857995176879  0.63164601544984977  0.63925459381354777  0.64662215646027210
  0.65416420129732333  0.66199910617175384  0.66995238099058152  0.67814704171791540
  0.68653457736622803  0.69516251828351638  0.70408342209467145  0.71322340000062134
  0.72268218885228452  0.73238076880119285  0.74253477892595654  0.75369374686132595
  0.76615824035297309  0.77915806293864154  0.79246199589777011  0.80619614766199055
  0.82090503600988707  0.83746258664101503  0.85683543457104383  0.87839618056484159
  0.90186804068270954  0.93110924863015843  0.96489478336611978  1.00000000000000000
 -0.00176034046887829  0.00794377311895988  0.01698970587061795  0.02646653408855461
  0.03582878746277192  0.04552475635431103  0.05532791456508646  0.06536284410298879
  0.07623317633205609  0.08707844943980333  0.09727376487010830  0.10739316887290462
  0.11749153242474178  0.12761790340680046  0.13776946091431833  0.14835238218878918
  0.15939413035958960  0.17074409505566002  0.18246326847538538  0.19379930393370037
  0.20476941867581214  0.21575593550232272  0.22670721317997458  0.23753304389074770
  0.24823193215438141  0.25895589527268403  0.26974341264965929  0.28066424473539187
  0.29123413585566577  0.30150218989618943  0.31174494892352311  0.32234320585509191
  0.33303733710563505  0.34355952679531915  0.35398209289831739  0.36456449879272051
  0.37559224961749804  0.38704649041392603  0.39841072304752251  0.40906530230093502
  0.41927602855836388  0.42956832845209403  0.44008068519337479  0.45073729907005550
  0.46164015886982263  0.47278803210441539  0.48390391346707790  0.49457083852631595
  0.50514189073245630  0.51557729951864173  0.52606257196513206  0.53641641702320308
  0.54687718937840102  0.55731019948016003  0.56811848628357242  0.57900333173742746
  0.59030349655219327  0.60132237809137667  0.61183429233894626  0.62219665042978012
  0.63311091180376122  0.64351046023362546  0.65394215229738373  0.66345552896491222
  0.67404565780944281  0.68505622030702873  0.69588137250181625  0.70723962263636164
  0.71827935878811566  0.72892777232015082  0.73913066312737163  0.74920299999554496
  0.75948833403602367  0.77000657269413220  0.78061938124634456  0.79079763010319659
  0.80156513619861025  0.81173400035129017  0.82294276628983853  0.83342687671961180
  0.84395052601335874  0.85440518902707197  0.86502446957183887  0.87499551523973917
  0.88453199738249288  0.89399121834440975  0.90397707013277306  0.91426301103281804
  0.92478575095500615  0.93534980191607342  0.94561366544629044  0.95575773971199474
  0.96597828596467039  0.97679074294603230  0.98768822389900535  1.00000000000000000
 -0.03437122914322797  0.14885484222285489  0.19536622436415904  0.22247989662419357
  0.24274049922522736  0.25819850103959358  0.27057131625325831  0.28150751131238216
  0.29192152243550412  0.30181597309204850  0.31092525072420601  0.31922942948298449
  0.32692122171419202  0.33400150943151058  0.34055142510969844  0.34678992311335610
  0.35264641393627189  0.35797002415265128  0.36296156699688670  0.36779608327572727
  0.37242862352768130  0.37708286713608646  0.38188761047714120  0.38674568977907725
  0.39150449979731333  0.39614119223441696  0.40065851294973481  0.40500790659569563
  0.40909918841911963  0.41299372937751283  0.41709825284229490  0.42151793791656933
  0.42604509688057396  0.43056360053371268  0.43498309266055318  0.43919741331485446
  0.44322990631388015  0.44720079615078950  0.45128900799222127  0.45538627830883238
  0.45920949425912699  0.46279235112804185  0.46638815292008184  0.47010532591827087
  0.47392465842987164  0.47776181932196427  0.48148907333678748  0.48514126230251509
  0.48875074018725190  0.49235034212670720  0.49600507373479641  0.49972620584643473
  0.50348952795361046  0.50724605012600377  0.51095863242271033  0.51461432573452248
  0.51821148923980065  0.52188985285449041  0.52574943360706117  0.52972554800824645
  0.53381919197348537  0.53792950055959377  0.54193523839687674  0.54586927953745601
  0.54977270166488734  0.55384103064263024  0.55798701160494035  0.56212054763599872
  0.56635541812868462  0.57093896086912477  0.57544109551244693  0.58000702569133600
  0.58462284908398621  0.58945095457299879  0.59427220892495503  0.59914548310789362
  0.60427026887649959  0.60967749333718191  0.61500806088924476  0.62036462755846145
  0.62585648960385143  0.63185010943283682  0.63827641174785732  0.64538861453428464
  0.65308678596889069  0.66137036941207317  0.67032785696435127  0.68016633995041498
  0.69090998260602687  0.70250337065781299  0.71547084844769837  0.73102029093439791
  0.75096579880580339  0.77770394912663876  0.82631828463515367  1.00000000000000000
 -0.00253981527291884  0.00995416564357860  0.02012769236126468  0.03090857923687315
  0.04147032971965769  0.05225059499896789  0.06311647785637664  0.07358844014785861
  0.08435995971183580  0.09519586105071351  0.10573270637983509  0.11607956130670694
  0.12615389876545227  0.13585024344217567  0.14569973420982216  0.15574054235917381
  0.16587388118569757  0.17527142922601818  0.18482528038921966  0.19466289341305726
  0.20516993653170038  0.21564340707570590  0.22543856873858786  0.23542911216220250
  0.24621726782569142  0.25720095762059075  0.26821754812437815  0.27918542631733617
  0.29018534923194561  0.30090499612296689  0.31131116988032131  0.32163784749231178
  0.33198506194705429  0.34216822952935660  0.35215761218742936  0.36248537239607564
  0.37319709530759232  0.38408146450171349  0.39495696009849185  0.40579939635377227
  0.41654397488447620  0.42698067692718300  0.43750863523503208  0.44814774972162413
  0.45866610260817897  0.46881758785079536  0.47919029331539087  0.49017327512436010
  0.50127167037143494  0.51186168705315138  0.52206181369482563  0.53271768739609682
  0.54367681940464108  0.55462840024224780  0.56556933938446863  0.57647530916583301
  0.58736452126230509  0.59820189614447594  0.60923760374690172  0.62051166208200104
  0.63168542602068678  0.64331841290379965  0.65477249390381542  0.66599846085427017
  0.67622335056024785  0.68609072613662692  0.69586048268208611  0.70546490813604179
  0.71514757833375520  0.72513415647464274  0.73597803083686886  0.74838307053996356
  0.75971029694493186  0.77082813869585265  0.78155602901900756  0.79182933066686401
  0.80213601726759531  0.81249727413978923  0.82342988550836549  0.83404189582738009
  0.84410596333097876  0.85440524387579775  0.86479222327317873  0.87493869356660969
  0.88493186569466742  0.89487175839356126  0.90597857027971440  0.91696865564502661
  0.92802662724667218  0.93886200673547882  0.94820191326019854  0.95890380303928124
  0.96878391542323605  0.97944307378967177  0.98966616983229405  1.00000000000000000
 -0.00234826074033234  0.00959177462785155  0.01874870376424014  0.02904458443978186
  0.03924816785508251  0.04978452007461485  0.06033266575154864  0.07075218450015178
  0.08118003116427525  0.09158833558453516  0.10211803477992368  0.11279561332650828
  0.12342482645927370  0.13382841610647356  0.14432308848945266  0.15476177674322145
  0.16542307156423930  0.17669247794148976  0.18755425530317679  0.19853832675968636
  0.20967065617495259  0.22086713874993788  0.23245939641667090  0.24388921016825982
  0.25511782878900774  0.26606068383358339  0.27674314689262081  0.28715623292750098
  0.29774751837364455  0.30857997633182810  0.31929040412790899  0.32991249774454984
  0.34054005474162863  0.35092182379921061  0.36091960602418727  0.37088499272656678
  0.38131723045759863  0.39209377029199360  0.40288981106972671  0.41346853805972156
  0.42388107681131232  0.43437980357790723  0.44499155455275158  0.45583527274561669
  0.46647297523205633  0.47681866614703455  0.48741284123965289  0.49769466806464024
  0.50912382638528519  0.52050077272534212  0.53066777715410862  0.54055318786288875
  0.54996390388845040  0.55961607291236559  0.56954401985226166  0.57965763189424779
  0.58983682569331886  0.59985845483454792  0.60983174646227312  0.62051070545961562
  0.63136718483559240  0.64203083415746010  0.65254756236367417  0.66294793866251767
  0.67348008931826953  0.68422277041733326  0.69508950094085742  0.70571208153672893
  0.71615948147043040  0.72641473557646496  0.73675278380117726  0.74724208590698804
  0.75796010450810936  0.76898839591460955  0.77964548975422243  0.79011603810941589
  0.80095731832317429  0.81183563458026498  0.82272041958102293  0.83321909198027211
  0.84331236826923539  0.85363223366620156  0.86453538601523461  0.87544856277140914
  0.88620609813160744  0.89688897079290542  0.90765350835704839  0.91837120223771462
  0.92935412145660956  0.93999923756112780  0.95003447428787813  0.95993754006013643
  0.97019088380916929  0.98050836094478822  0.99031540585114763  1.00000000000000000
  0.10610264756942649  0.28412109169207361  0.34111784292865754  0.37337435437983807
  0.39602953274699471  0.41399492532108034  0.42968585098131573  0.44368896294689969
  0.45635461591145088  0.46773516813409888  0.47812554329527901  0.48778641874765416
  0.49647646466167678  0.50459907943207338  0.51215980358688640  0.51947307017823463
  0.52648274310468623  0.53281330685692629  0.53887733974756546  0.54472371495238736
  0.55032055874422359  0.55575177027974698  0.56099942257495949  0.56598243081799515
  0.57080902552871238  0.57567120016399997  0.58046066905863702  0.58492170567251289
  0.58909612426732116  0.59322366694278705  0.59737326059372631  0.60148676676055035
  0.60551251895627423  0.60942630282542265  0.61324938047372390  0.61700659101007882
  0.62070147828503253  0.62433279829400878  0.62792778942741767  0.63150610993183476
  0.63508702050860510  0.63865447034905354  0.64214629060595585  0.64549959767437826
  0.64904730002209710  0.65257705890801299  0.65611001161925497  0.65959860743317900
  0.66301029216870566  0.66638330317719641  0.66970379966142524  0.67300925285695634
  0.67632227397512934  0.67965205688557229  0.68301168286333769  0.68637389538477289
  0.68983784847756147  0.69339428002497894  0.69692359836996154  0.70043262930001993
  0.70394686738437062  0.70736320323660162  0.71058066304773637  0.71367144498366764
  0.71686775315222617  0.72012248681103763  0.72333880891437696  0.72660282844698598
  0.72985570616085127  0.73298517518548589  0.73619983378263909  0.73953310711147180
  0.74295872291034992  0.74646126773039001  0.75004438821163633  0.75367367259460505
  0.75727637059121777  0.76085831380819247  0.76452214986359091  0.76831066575995444
  0.77221261722010448  0.77626962534109178  0.78048323729027103  0.78502225878365417
  0.78987330205984463  0.79516687574865785  0.80102059772341860  0.80709327386300922
  0.81344074036807024  0.82029612175617272  0.82775547249869585  0.83644524249741292
  0.84716951805710239  0.86144363207381991  0.88668107490969350  1.00000000000000000
 -0.04200408315847429  0.17951200575612203  0.22174960439355967  0.24490509278439418
  0.26221486090945029  0.27628551912756272  0.28843651076056132  0.29948928364504235
  0.30966720102125311  0.31907326626807420  0.32763980798009129  0.33539904590773428
  0.34242348140276546  0.34916223656070183  0.35566075204700365  0.36179797894425003
  0.36757667404459643  0.37299477128021941  0.37807778397753405  0.38295056833891744
  0.38771826017588779  0.39240881933258714  0.39701014593414302  0.40158160446848651
  0.40606140799350793  0.41035792556614997  0.41442236769468693  0.41856029500892344
  0.42272650111612858  0.42683661287051150  0.43083928723464604  0.43473140081196565
  0.43857836600841893  0.44247482653511994  0.44647285446256518  0.45046873074833454
  0.45415302451555373  0.45771039120192358  0.46131170963672757  0.46501921333825424
  0.46886402535095456  0.47277568175637297  0.47664036283519706  0.48046085670448901
  0.48423757107528248  0.48809761126433476  0.49186126411770703  0.49543339434347416
  0.49901250947107656  0.50264008064754273  0.50632286952684435  0.51013074557850491
  0.51411336643804717  0.51823677514785749  0.52242387795088063  0.52658306790096820
  0.53064667380416941  0.53471404597239947  0.53876736971351646  0.54271702578637337
  0.54636919159072095  0.55017127449545145  0.55405935889700508  0.55789555999216434
  0.56176958025050061  0.56573750221587238  0.56985599322899838  0.57410000103750092
  0.57841581157621480  0.58282503485764470  0.58736366554814312  0.59195912948868479
  0.59651638835050835  0.60105905625725342  0.60570806014617007  0.61052336753271308
  0.61544540235805190  0.62049563230211180  0.62590095689343317  0.63176180522973635
  0.63784182073899565  0.64409685190571653  0.65056621926399305  0.65738043181020167
  0.66469843173137111  0.67259843680057252  0.68110522866783274  0.69017162388716091
  0.70003720950129933  0.71117938649237844  0.72384778020775109  0.73819603194819861
  0.75541436798729877  0.77868552958412007  0.82110598112436906  1.00000000000000000
   1.9018426934530990E-015  -1.0000000000000000     
 F F F F F F F F F F F F F F F F F F F F F F F F F F F F F F F F F F F F F F F F F F F F F F F F F F F F F F F F F F F F F F F F F F F F F F F F F F F F F F F F F F F F F F F F F F F F F F F F F F F F F F F F F F F F F F F F F F F F F F F F F F F F F F F F
  <DiscreteSampler_grid>
  grouped_processes
  1 # 1 for a reference and 2 for a running grid.
  10 # Attribute 'min_bin_probing_points' of the grid.
  1 # Attribute 'grid_mode' of the grid. 1=='default',2=='initialization'
  0.0000000000000000 # Attribute 'small_contrib_threshold' of the grid.
  0.5000000000000000 # Attribute 'damping_power' of the grid.
 # binID   n_entries weight   weight_sqr   abs_weight
    10   10   6.995609040001578E-003   1.723934387299602E-004   6.995609040001578E-003
    16   10   6.995609040001577E-003   1.723934387299602E-004   6.995609040001577E-003
  </DiscreteSampler_grid>
