  0.00177740635425451  0.00221648811562214  0.00252885304005278  0.00278775036017516
  0.00299410190863656  0.00318354172175253  0.00334494641588520  0.00350238374505962
  0.00365111255574714  0.00378555368614702  0.00391276081081608  0.00402461575274480
  0.00413074910458868  0.00421524339617107  0.00430603945483646  0.00440236417573767
  0.00450110817492779  0.00459241458781740  0.00467986827314832  0.00476362219074647
  0.00484738722389282  0.00493903427063825  0.00503523003867851  0.00512848207678989
  0.00521955616404099  0.00531858918520809  0.00542027251624967  0.00552406650115824
  0.00562281828118941  0.00572076288294499  0.00581579920254506  0.00591254774646136
  0.00601184821414728  0.00611713905350611  0.00622707106538326  0.00633952308368461
  0.00645533029600192  0.00656989585088391  0.00667483675900560  0.00677145962610156
  0.00686306753117508  0.00695048807444528  0.00703707327721195  0.00712694112584675
  0.00722265852755289  0.00731720491370383  0.00741135704796060  0.00750958107866606
  0.00760378998475781  0.00771111612515096  0.00784198364353025  0.00797951866661322
  0.00811895013417876  0.00825793109705484  0.00839989335221242  0.00854634063612179
  0.00869294101033597  0.00884202755249550  0.00899730179023609  0.00916185222555814
  0.00933479503444019  0.00951378246635775  0.00969265464500574  0.00987012413552730
  0.01005140647910812  0.01024298913503226  0.01044035603908837  0.01064286034222529
  0.01084659515466437  0.01105404585396987  0.01127542626523324  0.01150770638869776
  0.01175739589859432  0.01202835323329130  0.01231916931938308  0.01262569553837470
  0.01295063478024584  0.01329599483559532  0.01366265117460590  0.01407031352232276
  0.01451259723823759  0.01499660663363520  0.01551949886990129  0.01611635902833297
  0.01679158734148212  0.01755484774229564  0.01842080544559482  0.01939935661824807
  0.02061333200531676  0.02227711526736248  0.02451615864516317  0.02772414390052122
  0.03357211796331274  0.05037698947622814  0.63034689330367277  1.00000000000000000
  0.00229088921901839  0.00246737185235591  0.00260220916654901  0.00266658444883834
  0.00272836467360698  0.00278917721698776  0.00285272130414957  0.00291892838397229
  0.00297400412141518  0.00306654503714651  0.00317969886777916  0.00327404826683663
  0.00336745133311594  0.00346167808205574  0.00355113550108886  0.00363469554687339
  0.00371402451720967  0.00379145580096641  0.00387424899658482  0.00394982261436524
  0.00402310332739128  0.00409812029594314  0.00417889302986390  0.00426470496372998
  0.00434194359965892  0.00442256517046993  0.00450562413790479  0.00458906569860585
  0.00467269060128397  0.00475402232627105  0.00483262271530711  0.00490752443139203
  0.00497894797125355  0.00504977074561208  0.00512281322894679  0.00520351510188724
  0.00528724381669732  0.00536803190427210  0.00545108771754116  0.00553490357894334
  0.00562191960662502  0.00571098828626214  0.00580014007515458  0.00588316549346310
  0.00596729356850810  0.00606250404903861  0.00616271307326471  0.00626585470858026
  0.00637299947888700  0.00648522929213129  0.00660373868413167  0.00672063109710135
  0.00683809739538785  0.00695650923532347  0.00707671173506797  0.00720107208571322
  0.00732806265393009  0.00744218722299018  0.00755628291054999  0.00767723847965239
  0.00780797840666017  0.00793940392718973  0.00807929354871430  0.00822587255694011
  0.00838835939778461  0.00855729990539502  0.00872495377850478  0.00889581316276148
  0.00908492144991194  0.00928861336903340  0.00951153624536550  0.00975345031743765
  0.01001856332429923  0.01031067006767264  0.01062883556241042  0.01095323465089072
  0.01129830181504475  0.01167615076196750  0.01209468614373230  0.01254871149594901
  0.01303125827103945  0.01356030614701609  0.01415351226911040  0.01484874915004091
  0.01565532510314735  0.01657475503255666  0.01766925567244156  0.01900098823306088
  0.02064168919229554  0.02267486296659927  0.02539948886234149  0.02927415190569324
  0.03636469703121039  0.04961657097922491  0.15077092984319837  1.00000000000000000
  0.00349859076093151  0.00354558148133649  0.00357906244390275  0.00361263921425992
  0.00364821980645112  0.00368370791580605  0.00371974591414900  0.00375867081871512
  0.00379468553356138  0.00382950825903237  0.00386106257797221  0.00389212692107238
  0.00392971137537457  0.00396929971245575  0.00400791097658995  0.00404148831572797
  0.00407893024850905  0.00412460415806341  0.00417473635562926  0.00422010162679032
  0.00426464654888120  0.00431136464822976  0.00435950244201528  0.00440891597449274
  0.00445807968685663  0.00450584859273926  0.00455122635305216  0.00459973958801084
  0.00465408511480240  0.00470653572785480  0.00475514380602247  0.00480809934153241
  0.00486610695143815  0.00493621972936318  0.00501681819831454  0.00509190101168517
  0.00516805031326471  0.00524979860336418  0.00533250678241442  0.00542246191325148
  0.00552283888959933  0.00562116183968225  0.00572789582108235  0.00583980074380971
  0.00595130013746732  0.00606481756560640  0.00617909106804868  0.00629075897793166
  0.00640550728203094  0.00652704108732979  0.00665206026869678  0.00677621099589353
  0.00690321230013796  0.00704460328365206  0.00719869901106109  0.00736040243486611
  0.00753272679978467  0.00771736278621184  0.00790859136305451  0.00810328124688873
  0.00830295281342633  0.00851221958933468  0.00873274319657426  0.00896236669469415
  0.00920273284312735  0.00945832565550334  0.00972606546800418  0.01001933940024002
  0.01033432350156087  0.01066075790533074  0.01100699412396263  0.01138432213943768
  0.01178909594589825  0.01224086779976108  0.01274054026273946  0.01328086413206622
  0.01387235544607100  0.01453060013255239  0.01526352351576957  0.01605948801728728
  0.01691768070120862  0.01787259287952359  0.01896495600163073  0.02022166403639094
  0.02168515357206838  0.02341791947437490  0.02550112023692633  0.02806702664598058
  0.03139361913002366  0.03605609169067125  0.04318389163772034  0.05300284864829580
  0.06194286637221331  0.23009350424275640  0.58093074516250276  1.00000000000000000
 -0.00201072084658563  0.00846157905630153  0.01805825773239940  0.02823904012370732
  0.03787926264668667  0.04783152524356636  0.05849396749348113  0.06929828361420307
  0.07979776210292741  0.08989439992223373  0.10020402609477881  0.11125503902454741
  0.12286187946046806  0.13365105982292705  0.14414740685865307  0.15369166736504464
  0.16348973222212704  0.17366751611582210  0.18507515830566151  0.19705048058996716
  0.20830538172676724  0.21917245455939502  0.22979260677424715  0.23994826447266773
  0.24983676736213545  0.25968713577954233  0.26988522256934644  0.28084481324446792
  0.29147710654338621  0.30163500342677224  0.31160036380546274  0.32211905868382712
  0.33287555344588265  0.34378789548911293  0.35453052165417109  0.36468539815524070
  0.37532492169664156  0.38578079440683349  0.39624530692363652  0.40677050629294942
  0.41753856340634560  0.42839386630320053  0.43994086097676960  0.45191348312149232
  0.46320462261548961  0.47338483174769369  0.48319291397625463  0.49348517200350034
  0.50414189954177402  0.51454994972067614  0.52464595043743778  0.53457216046138767
  0.54467739554024175  0.55491978306682443  0.56549536113347454  0.57595893349769967
  0.58695516223211741  0.59818190195192789  0.60939913335804141  0.62045968653458949
  0.63146929111029804  0.64244283575392414  0.65364466692929557  0.66545682544615259
  0.67744637352085157  0.68897896401477465  0.69988599660405759  0.71037970763066471
  0.72115597944007725  0.73186998827322047  0.74290170207638240  0.75431615133323016
  0.76621525298097026  0.77847639869662000  0.79071815425244019  0.80277923839160858
  0.81439641545586794  0.82503972751092891  0.83524403662234004  0.84527816970993441
  0.85534713171012944  0.86616585119763434  0.87738102378895988  0.88955698586058607
  0.89993189563838694  0.90823540465204111  0.91675094411980562  0.92546678622743295
  0.93430082865180009  0.94310150790893854  0.95171295568846770  0.96097518803475590
  0.97074324070080953  0.98039558245990499  0.98974967361700572  1.00000000000000000
  0.01625621320863702  0.02497604120472917  0.02877288435623668  0.03118239313724944
  0.03310536750621861  0.03471186828304028  0.03615644625989257  0.03749797249277850
  0.03876332117584140  0.03996453856185753  0.04109603125226771  0.04213109391722834
  0.04304533552442399  0.04391005263866925  0.04478891081959670  0.04564456990927275
  0.04648685025747675  0.04732631635638183  0.04817145433890568  0.04897364124550532
  0.04974121012145389  0.05050811475154074  0.05127916465375494  0.05207310307232380
  0.05287983136995529  0.05371000787028652  0.05451506974498141  0.05530774523721131
  0.05610892725201703  0.05690587537797696  0.05771163485797435  0.05854896779589158
  0.05940531580523738  0.06026502005319535  0.06111557632093240  0.06196270373272268
  0.06281881420961391  0.06368785066577848  0.06452771939355711  0.06540693131695413
  0.06627857441595465  0.06715360254108409  0.06802925882467137  0.06889900896888798
  0.06977774770154921  0.07070689133579815  0.07170904317129585  0.07277749193408296
  0.07385206139947838  0.07492394726623586  0.07602468068479400  0.07715871546487849
  0.07826968387517996  0.07932946396208898  0.08038351887382172  0.08151601373858912
  0.08271213159498564  0.08387993993407573  0.08502557570152562  0.08621453949346568
  0.08749181528099574  0.08889903783261578  0.09029839350500868  0.09163619922993343
  0.09293304258214789  0.09424081219118119  0.09564363726495535  0.09715524427155736
  0.09871586389105333  0.10026119680071925  0.10191391483365091  0.10351265318131417
  0.10522137397510019  0.10717339256536887  0.10919655086740981  0.11127349078701208
  0.11349777142983222  0.11585456093536656  0.11840875320540692  0.12115492306087754
  0.12407710607530255  0.12744078802727385  0.13094091682058315  0.13434161282698651
  0.13791137843705153  0.14177337478386134  0.14639470333963323  0.15210431307907574
  0.15783329924925008  0.16288880634042852  0.16735725679896538  0.17140404383553151
  0.17845042501073838  0.30266626735824120  0.70020802922459013  1.00000000000000000
 -0.00262153361285768  0.00966127491417611  0.02199857274473506  0.03342311918901844
  0.04452482771904482  0.05507272248278335  0.06504429068514449  0.07501301767131872
  0.08537548612061666  0.09478932763711674  0.10433373661515220  0.11430985649805381
  0.12506877731065363  0.13634903507364157  0.14753776614505021  0.15827931017268887
  0.16904119698420092  0.17969564705025970  0.19081975442585677  0.20228307160943440
  0.21352100492844703  0.22384384220987716  0.23423151291534960  0.24461371614114810
  0.25568786740423954  0.26722250893649407  0.27900919184658851  0.29125502020278143
  0.30304475717302665  0.31415466697579292  0.32431017657005828  0.33464495646004977
  0.34503155250840301  0.35497997588886454  0.36481936033744417  0.37505837164096067
  0.38640070803400989  0.39830984024565463  0.40919737818005797  0.42001741782259833
  0.43047758560225374  0.44053358009868443  0.45056445483872598  0.46113576191115474
  0.47259910126967897  0.48405705775429064  0.49527105066613492  0.50600744532426434
  0.51660023678858191  0.52743230682461151  0.53860900246074384  0.54981840111602920
  0.56070681429084979  0.57098829467184731  0.58110375396778591  0.59149009326267810
  0.60180180679913198  0.61188987143204976  0.62222724906743454  0.63336089723796118
  0.64512616484867613  0.65702825569610235  0.66871369485113152  0.68010032110617236
  0.69111578882252411  0.70173594839033826  0.71118625349994147  0.71939875315368751
  0.72819497003151046  0.73694706485693617  0.74564421574469786  0.75436611301311218
  0.76265318153059036  0.77133019197815733  0.78216454099115262  0.79325425773308245
  0.80373105980930704  0.81421650698416570  0.82473742124186900  0.83538731835307634
  0.84548839667174247  0.85516792082775850  0.86488036864396045  0.87457649527078996
  0.88488707974974767  0.89515023204667976  0.90599168905646621  0.91643858742369666
  0.92654412507652084  0.93765897634433770  0.94996533824056084  0.96040933753474045
  0.97040519380882961  0.98052325624496661  0.99065862079849110  1.00000000000000000
 -0.00025953826253583  0.00132171327358956  0.00209787420994116  0.00258370020904158
  0.00299461888153628  0.00337911276597606  0.00374247770613014  0.00409534668354929
  0.00444157522681992  0.00478591731397158  0.00512445031557166  0.00546149409961488
  0.00580083036226744  0.00614606903045819  0.00649154811743225  0.00684557436070629
  0.00720919450625790  0.00758538189465855  0.00797133662360926  0.00835720830368121
  0.00874647662780533  0.00914514152196687  0.00955626433660684  0.00998178317387388
  0.01040860939673561  0.01083252493081654  0.01124940128795836  0.01166537739405134
  0.01208791337767215  0.01251948989463085  0.01296070903917610  0.01340733650350012
  0.01385252335306887  0.01430206930924731  0.01477770792333624  0.01526128017247207
  0.01573430617320067  0.01622516444400923  0.01675322388483214  0.01730608393767533
  0.01785027594772515  0.01837506250268847  0.01888500613709582  0.01937518519807016
  0.01987371437640156  0.02038799824170291  0.02090369134600620  0.02145341606759093
  0.02200496069675463  0.02255410002969822  0.02312729232267837  0.02372440824107724
  0.02434174457412585  0.02496966687809674  0.02563792082182964  0.02632166494535682
  0.02698996099958296  0.02767769141279294  0.02837878666960339  0.02910969843346735
  0.02988048148735652  0.03065852555481965  0.03139266771842749  0.03208103161590720
  0.03274461578705036  0.03344760590478129  0.03420163512946114  0.03504706435739371
  0.03588503519600083  0.03664308390522423  0.03723867130263185  0.03781732876162816
  0.03838957299201555  0.03905798249394122  0.03975891739294587  0.04048411528535305
  0.04126744570946528  0.04216291526412459  0.04318380330819050  0.04425700583598355
  0.04524824157078382  0.04619558762643896  0.04708808972824363  0.04791404177135102
  0.04843460518601429  0.04891502690026001  0.04946743353518706  0.05004647224314880
  0.05087816524400512  0.05186266715472351  0.05307258906482880  0.05456039702071823
  0.05611147588171271  0.05743970746874965  0.58043961000780386  1.00000000000000000
 -0.00177296654268079  0.00678421028419463  0.01544769295710826  0.02363426619279062
  0.03166578016599828  0.03982110043447473  0.04843868993200785  0.05747251583667831
  0.06676491385073501  0.07599792908024997  0.08466204121590225  0.09295973893469912
  0.10127922112265744  0.10990270492675956  0.11877753053921357  0.12761097061376422
  0.13619187699706664  0.14469511665672766  0.15337901451342814  0.16205964118552746
  0.17062359524226015  0.17953238282561190  0.18924170147531572  0.19945086905197837
  0.20980764291107112  0.22046909466053244  0.23167619452862026  0.24325750028952994
  0.25459739726804753  0.26558563742377245  0.27639842656260794  0.28717900208958858
  0.29759523183131986  0.30813167109973544  0.31956393667747585  0.33128414302231640
  0.34268709042795109  0.35527511913633425  0.36912587874583491  0.38295960772035625
  0.39584848970227199  0.40876616204826111  0.42214625001465583  0.43635286232792259
  0.45160033604386152  0.46712460075078477  0.48307727498562864  0.49846551172195547
  0.51202771023968574  0.52459389310219351  0.53749478181409593  0.54978470920592415
  0.56094233582244457  0.57389177665206037  0.58824439721365518  0.60245539210540044
  0.61715418189749427  0.63233335083546949  0.64707669778332810  0.66100245435605987
  0.67413866495807617  0.68713026898042007  0.69998728183818348  0.71202162581776651
  0.72321953661574589  0.73382586131048910  0.74413499154587981  0.75412119038670955
  0.76376345883422880  0.77348967061079510  0.78332605926638388  0.79315461018835454
  0.80236471198602133  0.81123436944057647  0.82047793035299166  0.82999868496098850
  0.83932284986221728  0.84828415013901337  0.85692358653974321  0.86535422251500449
  0.87433188488955504  0.88350476080027307  0.89282052248073052  0.90197293729266159
  0.91046453489636980  0.91916452317515496  0.92820017592788262  0.93655978180645449
  0.94492593631496913  0.95297728001687554  0.96142112704412230  0.96952005090018378
  0.97747687302882236  0.98490442409410739  0.99236388867028036  1.00000000000000000
  0.03268418837287235  0.34366972672527596  0.40554128475319307  0.43480490108183584
  0.45547551866156133  0.47177238502456537  0.48508374888424644  0.49653575103855296
  0.50726306855320191  0.51710890717281666  0.52602059514269162  0.53428232309592161
  0.54210601582056483  0.54904764148557794  0.55524438104299145  0.56114934686539353
  0.56690991836341342  0.57238207480623216  0.57758892838760234  0.58248871642260669
  0.58709210708386850  0.59172511114643345  0.59629006793573691  0.60090272037300330
  0.60532898452418227  0.60947376061983594  0.61346714236619226  0.61737328580907092
  0.62118105128697032  0.62490574311669156  0.62855813264974503  0.63207463288775756
  0.63546957808184146  0.63878727600724239  0.64200814571737308  0.64520989768966741
  0.64842228088647280  0.65155064101655047  0.65462469146809910  0.65770537047048105
  0.66073290397129936  0.66382357471154663  0.66691620352447001  0.66990088714443474
  0.67283663968282603  0.67568401080028950  0.67860502278647927  0.68154432540917931
  0.68452149595940570  0.68753340757307080  0.69052562768357129  0.69346252609176795
  0.69637756301956344  0.69923675754691328  0.70205610385967254  0.70488999544628206
  0.70776640875728380  0.71069189300015612  0.71365060971719840  0.71661122660367804
  0.71955557964889227  0.72246121168827648  0.72536784708673252  0.72836024174847414
  0.73144427800031286  0.73442344166007034  0.73738679151449971  0.74029017251844142
  0.74317731338185677  0.74619812852570788  0.74942182345237740  0.75270695384472697
  0.75603179179526592  0.75942548632198026  0.76274990492156236  0.76603100849777261
  0.76932764872213477  0.77249458289792605  0.77575723325413459  0.77931294839195342
  0.78280271321774508  0.78617617311297716  0.78981430663776531  0.79377901776028770
  0.79795645093384138  0.80196037226613015  0.80629955229538164  0.81095548368453796
  0.81615903696670367  0.82198107767492412  0.82834634393970652  0.83574939627920986
  0.84509311742329640  0.85729538406520578  0.88071405068333675  1.00000000000000000
 -0.04155382131590846  0.17727800650682485  0.21929815353138329  0.24335634170100270
  0.26197429090921615  0.27726780917931848  0.28971426481379359  0.30008350455757099
  0.30930749384979933  0.31799439529558843  0.32603471216988256  0.33362866270800062
  0.34059227454333629  0.34728705423574746  0.35407878470498755  0.36067031260422783
  0.36688730527435759  0.37292506168573020  0.37885912965961549  0.38469402816030485
  0.39043997776297529  0.39603497490027056  0.40150985183612531  0.40686857466318110
  0.41206336344861838  0.41705276267065911  0.42169396443390905  0.42611272200729539
  0.43059899395958467  0.43504294456064485  0.43929406483432581  0.44339725419842718
  0.44744056939461463  0.45150273007748681  0.45558522972030313  0.45962758020744154
  0.46348550253789011  0.46708274456225013  0.47061303012743194  0.47429698558118460
  0.47821168071823827  0.48219101492850702  0.48582434982519468  0.48919977686987354
  0.49259092580704478  0.49595626647578739  0.49936611960307259  0.50286684817589511
  0.50648786907664434  0.51011251275757119  0.51388956153785259  0.51751216009438650
  0.52125465914267410  0.52517361430903053  0.52939199970938688  0.53365364653871650
  0.53786551555220152  0.54203219488461318  0.54617879274282621  0.55032878333660995
  0.55448957873381677  0.55861184351131921  0.56265548506005547  0.56667988396724966
  0.57075785751764785  0.57502213764259980  0.57948476306583463  0.58373088647702431
  0.58763715998279897  0.59152059704149607  0.59553609983497058  0.59962898442640411
  0.60363183213517768  0.60773701494089449  0.61212733753686210  0.61690447812178884
  0.62138396965797615  0.62568647410278555  0.63027930256378450  0.63536984358455773
  0.64056197802575443  0.64613545952853380  0.65317445857624679  0.66112647548249737
  0.66859806404524014  0.67639123371164400  0.68461174212359954  0.69338920792338010
  0.70259804908860535  0.71269153604791935  0.72462995597213353  0.73892155515611913
  0.75610434245157410  0.77850853762980454  0.82030112461276716  1.00000000000000000
   1.8029918092294983E-012  -1.0000000000000000     
 T T T T T T T T T T T T T T T T T T T T T T T T T T T T T T T T T T T T T T T T T T T T T T T T T T T T T T T T T T T T T T T T F F F F F F F F F F F F F F F F F F F F F F F F F F F F F F F F F F F F F F F F F F F F F F F F F F F F F F F F F F F F F F F F
  <DiscreteSampler_grid>
  grouped_processes
  1 # 1 for a reference and 2 for a running grid.
  10 # Attribute 'min_bin_probing_points' of the grid.
  1 # Attribute 'grid_mode' of the grid. 1=='default',2=='initialization'
  0.0000000000000000 # Attribute 'small_contrib_threshold' of the grid.
  0.5000000000000000 # Attribute 'damping_power' of the grid.
 # binID   n_entries weight   weight_sqr   abs_weight
    10   10   2.818813050377910E-001   5.331544918463427E-001   2.818813050377910E-001
    16   10   2.818813050377910E-001   5.331544918463427E-001   2.818813050377910E-001
    22   10   2.818813050377910E-001   5.331544918463427E-001   2.818813050377910E-001
    28   10   2.818813050377911E-001   5.331544918463429E-001   2.818813050377911E-001
  </DiscreteSampler_grid>
