  0.05317850713965310  0.05335067646059437  0.05359515603590256  0.05377026099118142
  0.05391892196738714  0.05408250702794091  0.05423475256595180  0.05438144727897373
  0.05452323222221227  0.05466510106437349  0.05480573540121046  0.05494921848855146
  0.05509088759332870  0.05522567152387861  0.05535850573149382  0.05549164918183038
  0.05562714687171637  0.05576297381958284  0.05589547790797816  0.05603014318667376
  0.05616743403498414  0.05630832313758073  0.05645095086655481  0.05659435425233193
  0.05673846988880744  0.05688354639649621  0.05703056489771387  0.05717855219815784
  0.05732592849082072  0.05747386736848068  0.05762346697024290  0.05777487922049989
  0.05793013457816931  0.05808603286629791  0.05823555222902376  0.05838653657669852
  0.05854363478504310  0.05869947596693489  0.05885339379062277  0.05900650779444171
  0.05916696423621649  0.05933423045689161  0.05950228572149994  0.05966915358464170
  0.05983595688003911  0.06000319944597614  0.06018970331736891  0.06037200290919897
  0.06055064503147931  0.06073067309193336  0.06091952270644269  0.06112263086803285
  0.06134379842719433  0.06156639485517866  0.06178396773407773  0.06200127882173238
  0.06221874238060500  0.06243490420446240  0.06265925494638171  0.06288885122569510
  0.06313323802142855  0.06340261236177995  0.06369198337857301  0.06398238586464444
  0.06427036005660465  0.06455558230611377  0.06484633578858590  0.06513985325367047
  0.06547215807560233  0.06586093134212144  0.06625736082103316  0.06665820911308785
  0.06708787972696376  0.06754896835837444  0.06800911748517526  0.06850803784988028
  0.06903638615874723  0.06960434993286783  0.07023562992530021  0.07092042457097612
  0.07163206385080470  0.07239188224286108  0.07327520014225303  0.07424674433483189
  0.07530155877132909  0.07647303371557529  0.07781264876964084  0.07943531179967882
  0.08141620569552699  0.08395145814044823  0.08727446909947802  0.09189828272945855
  0.09899224702710525  0.11438281016865652  0.81041413604558965  1.00000000000000000
  0.05848884135727325  0.06096941596871754  0.06230492836051645  0.06327133860790012
  0.06408562458304451  0.06485542029669809  0.06557817752716237  0.06632117431612697
  0.06706388900892814  0.06780134763603686  0.06848276817462474  0.06915771648498316
  0.06986462414991801  0.07063304028843762  0.07140864702950561  0.07217232766235095
  0.07297139588138890  0.07376514719676673  0.07451009686867820  0.07520770734239063
  0.07589783572283687  0.07657985995748517  0.07725391418306281  0.07791680821881559
  0.07857974209687120  0.07924834431980195  0.07993420399014017  0.08062283194035627
  0.08132515006877013  0.08204571046619441  0.08278588624525154  0.08353474188236422
  0.08429369364814226  0.08505009390423408  0.08580325235354007  0.08651580402283066
  0.08716081672106329  0.08780125492894422  0.08845611172210592  0.08910877106473410
  0.08977785160635313  0.09048223044188584  0.09118990046072753  0.09188196675143208
  0.09257438684942929  0.09328744286764773  0.09405780511508377  0.09486719685833937
  0.09568101727153637  0.09653098107112268  0.09736921705305818  0.09819251651048622
  0.09902149442423447  0.09986298814245444  0.10072382888961089  0.10161429912378166
  0.10249706521615165  0.10335458593105029  0.10422638731748063  0.10509862012481637
  0.10600235111825985  0.10695146381948799  0.10791749802781453  0.10889539771817136
  0.10990868346100431  0.11096152593652465  0.11204383941847379  0.11325154758229572
  0.11454097869793316  0.11584372954566048  0.11726494053430961  0.11875911004263447
  0.12033120668046117  0.12195664073371822  0.12367140055452210  0.12544949583574738
  0.12728014062925103  0.12918516637660113  0.13118610168693665  0.13332290655994006
  0.13561514933144939  0.13819387594938393  0.14116235459035373  0.14452739855069130
  0.14829728847897039  0.15251453222876982  0.15733714235354712  0.16308272258990619
  0.17028732564227356  0.17922972302677839  0.19052219054637989  0.20530699254887347
  0.22797828627801842  0.28230190585453840  0.94672521532112830  1.00000000000000000
 -0.00968316156158962  0.03745989636979127  0.04863106784471748  0.06640368893747806
  0.08176740283261809  0.09843234415182375  0.11533557409673502  0.13053663104850224
  0.14468771528622951  0.15978885495391584  0.17390636403862386  0.18710722136298669
  0.19912365198297258  0.21001649087098323  0.22192826562403720  0.23350061834960040
  0.24403546070603505  0.25322656096141416  0.26219349983069012  0.27109591508799086
  0.28104900916538395  0.29188493817007205  0.30237419448061564  0.31193067178603207
  0.32019622828425170  0.32784852207543835  0.33570302147415293  0.34340866801634973
  0.35109515996850649  0.35909548256731449  0.36710572234521321  0.37464942685946351
  0.38189576225275268  0.38878434282582747  0.39570303915965410  0.40261876801560875
  0.40953091213441933  0.41631117701348697  0.42310803357679055  0.42992979054471925
  0.43656092187230844  0.44325172594494300  0.45002616930755440  0.45657069331656658
  0.46274498842115319  0.46949012600607387  0.47579597763732334  0.48183324499798774
  0.48762747876739315  0.49316347860876797  0.49871948461046878  0.50429594151763979
  0.51021302348758191  0.51624718303095973  0.52228702264650029  0.52885015354422926
  0.53525550743196382  0.54173099419643922  0.54839927853684112  0.55512019034473070
  0.56216556362256398  0.56960016505234357  0.57728529986613819  0.58507098256791468
  0.59295035420983744  0.60094412809785436  0.60936464015805780  0.61808263194467761
  0.62671538886673417  0.63530730042730599  0.64400360126765577  0.65296511867015727
  0.66218002957228927  0.67156055890692390  0.68133480440577776  0.69171421660681998
  0.70259007620910063  0.71379007993332011  0.72472182252050854  0.73628455841242912
  0.74823492066910269  0.76015690919300194  0.77183870359169060  0.78345449867270955
  0.79515162033075193  0.80761142699398980  0.82135384898571584  0.83598649498659261
  0.85090323049273797  0.86644855967366852  0.88508602052516427  0.90570465616635731
  0.92767757418758756  0.95102299504587917  0.97589437854798711  1.00000000000000000
 -0.00211112469388152  0.00857441193774268  0.01717092148826625  0.02633032564628197
  0.03580976808561233  0.04599569346109838  0.05732669147745117  0.06900830738697736
  0.08055806558417977  0.09170183146228598  0.10243213449171368  0.11350583913609626
  0.12443062859866767  0.13434317557753686  0.14414799998585637  0.15419901855302093
  0.16469967824706003  0.17499997462966710  0.18532086199948078  0.19551244661335776
  0.20587099135969686  0.21538887659292261  0.22496464687943232  0.23507954933666703
  0.24494829986905381  0.25443905479787055  0.26367000512102651  0.27372057646312142
  0.28496315499771996  0.29620384773320263  0.30704128351534932  0.31793802767268231
  0.32889137619332665  0.33965003750642370  0.35016159123454893  0.36058765986184088
  0.37095550436310670  0.38104440316783511  0.39093560261950977  0.40101564873336831
  0.41156957189446203  0.42232946331681809  0.43314192709217775  0.44388325159960396
  0.45440291635390956  0.46521800606650426  0.47650181432422395  0.48738960295074768
  0.49745664611786083  0.50739070009827680  0.51731863008206058  0.52736067062906156
  0.53746515973871523  0.54795705449054544  0.55906776806985359  0.57038808600181357
  0.58140027352502566  0.59232506108128191  0.60337925309531637  0.61444786391513984
  0.62523296875262546  0.63483472673818453  0.64378856427503217  0.65308991406825034
  0.66272476886106979  0.67246916741366514  0.68207764728092901  0.69219312061156413
  0.70308480836258436  0.71415923567954698  0.72508878347136851  0.73596900294261058
  0.74693921721845069  0.75801397508342749  0.76893263840216641  0.77950461771716462
  0.79005891504105352  0.80084692985469907  0.81142586807899453  0.82143958568974940
  0.83141674019622658  0.84201045627097759  0.85312252848101100  0.86445173997698932
  0.87568644844143018  0.88675562820084830  0.89792235163064305  0.90935098562735817
  0.92094583524797369  0.93240975622530553  0.94371023044324664  0.95483086872553402
  0.96565662406921826  0.97651469860538431  0.98836245149217883  1.00000000000000000
 -0.02566345529855222  0.11205961640758708  0.16141175119725129  0.19029058397698781
  0.21154621042840796  0.22903380866165596  0.24371228331719397  0.25628955041418838
  0.26741837044444577  0.27764349165291485  0.28739343689199137  0.29659311256219817
  0.30522262636158110  0.31336968662413017  0.32108799376294184  0.32813382310057959
  0.33452170331449416  0.34064079471222919  0.34657220976974212  0.35264030245091454
  0.35920691695539703  0.36590982657229426  0.37240736038355349  0.37865245157768324
  0.38460531147841842  0.39039396558997097  0.39593348181519394  0.40115275203755735
  0.40623131828135400  0.41124864071151473  0.41618075471401966  0.42101078746328890
  0.42568450782084510  0.43016321090894299  0.43456870764336636  0.43903908031776928
  0.44365195073860225  0.44824807438619224  0.45282376194117258  0.45731695520371046
  0.46176313330493868  0.46618874405222083  0.47057442127679389  0.47488153761494689
  0.47916567595205589  0.48360323838994257  0.48789238035827875  0.49203989152768696
  0.49608314832647504  0.50012232849597449  0.50433340887918876  0.50855080974004996
  0.51273363902917102  0.51680429021833818  0.52094239912533402  0.52525029039387394
  0.52958255052698133  0.53392946435896504  0.53838594621620384  0.54293645769366072
  0.54758065754202401  0.55234044506030588  0.55712868816827577  0.56200458915713691
  0.56704110074401204  0.57225712288085995  0.57729627296921837  0.58233394459129373
  0.58780530505080975  0.59360557899077038  0.59944120834031378  0.60528269545616942
  0.61128094469407057  0.61743690029248965  0.62377594944541181  0.63026373267131008
  0.63680203523560108  0.64360647260572124  0.65068441058003479  0.65810480701691365
  0.66579160659953796  0.67376944885409917  0.68208674265909941  0.69088291682337277
  0.70018367434387596  0.71006446081900232  0.72062682932522093  0.73175483124034746
  0.74362046331368514  0.75651354901169998  0.77130968325547444  0.78949633842544820
  0.81161460751981473  0.83905902059295456  0.88538384973992290  1.00000000000000000
 -0.00234907340258663  0.00904642915304856  0.01936984214040832  0.03057552554718655
  0.04179609138563171  0.05274646573613928  0.06398987090674781  0.07564194590098694
  0.08726045081271876  0.09882686899648294  0.11021816135425236  0.12111498853490442
  0.13134889270169642  0.14118147429151176  0.15125296907484598  0.16129291553642133
  0.17142184888827330  0.18142836574493584  0.19170280509102347  0.20250476645839818
  0.21355042543824551  0.22417401944413043  0.23449522020337310  0.24481269490001145
  0.25538953345660215  0.26638272677049668  0.27787743590253011  0.28953101343760995
  0.30098060106162039  0.31220994208364927  0.32353369491315076  0.33484822573613954
  0.34590423695613037  0.35672013103714023  0.36748378397055997  0.37840854232685378
  0.38969512043105881  0.40135340477610271  0.41337426539786098  0.42575681843553498
  0.43783807206902697  0.44856719947379337  0.45870061017773861  0.46828097237089705
  0.47755706566023592  0.48652496122302574  0.49552070794825687  0.50478982309331588
  0.51394561794656446  0.52344968600044672  0.53350547584671615  0.54354856652404981
  0.55369767660268687  0.56438885573104558  0.57541933239116982  0.58619082829797153
  0.59653672068251773  0.60667699141313336  0.61679524074415559  0.62759771802453124
  0.63913821997002784  0.65081168301572490  0.66243668119880561  0.67406426117180396
  0.68570838660298339  0.69727802261828553  0.70838757227249427  0.71884688859880852
  0.72914773724867166  0.73966213958794746  0.75009708971008204  0.76032979834792602
  0.77067671335428478  0.78158102153112330  0.79267680784759520  0.80345904099533394
  0.81412845593492300  0.82499408375702565  0.83523770991123791  0.84462318014651638
  0.85431929294277908  0.86397992189543549  0.87346735261149799  0.88307155010619320
  0.89330399496001289  0.90344562769675130  0.91297148222008118  0.92223217683898306
  0.93130447115328763  0.94035562235414871  0.94982750275228756  0.95773449675929911
  0.96915422532714302  0.97970200783121542  0.98988084101402296  1.00000000000000000
 -0.03714858914668955  0.16464361525870094  0.21253897163776772  0.23799603138430830
  0.25701861699693851  0.27229364750045343  0.28495356629331009  0.29566567692896406
  0.30525375366716639  0.31425723338569100  0.32279799641027884  0.33081407916813405
  0.33798444717772869  0.34458569690369556  0.35105337699037059  0.35748055518068200
  0.36374464473528501  0.36966271937008499  0.37524018734358761  0.38070513766831882
  0.38592455832392547  0.39083339550643359  0.39570918649724207  0.40071472941987851
  0.40573728773729373  0.41069409125728973  0.41556023620742222  0.42023588620034069
  0.42472773542947656  0.42948925803748533  0.43429495939194701  0.43859998351698354
  0.44276551013226106  0.44689818504673318  0.45099029711041638  0.45507657571077270
  0.45911443985957689  0.46308261920525390  0.46697262656143829  0.47080829234932681
  0.47456424943779701  0.47829967080790170  0.48214661640504186  0.48614978245105078
  0.49025887783638289  0.49425725244922880  0.49807531345454376  0.50181717965148709
  0.50546890889704954  0.50908348313369745  0.51274890733958223  0.51638778304831856
  0.51996793738959524  0.52357387543881340  0.52722748599029845  0.53097392851930114
  0.53477671492527978  0.53846722586267148  0.54209102901342132  0.54580418084744153
  0.54964575654836023  0.55357140516406544  0.55765416314126781  0.56203987213311379
  0.56658773598595236  0.57116478047907515  0.57589931415493611  0.58069368929103493
  0.58539266975929938  0.59008909974785950  0.59495038366391106  0.59962775727997153
  0.60411663446450903  0.60861146530632482  0.61342848863355570  0.61865734706875319
  0.62408803186226425  0.62946824679825231  0.63486922099820819  0.64032140635678569
  0.64601202617139364  0.65217754058004396  0.65854746440796530  0.66507032440095271
  0.67193893162757157  0.67914582889651964  0.68644015700726180  0.69496831138952353
  0.70487890895452010  0.71578985421216157  0.72801847750200743  0.74235830059265762
  0.76064027039085957  0.78702285617923906  0.83365708781116321  1.00000000000000000
 -0.00207675411070142  0.00812897398093073  0.01837432722054960  0.02877134623700372
  0.03938428996950250  0.05032795123633679  0.06138683876057390  0.07266898447057892
  0.08349136343833329  0.09365003974384856  0.10365051665681801  0.11364671679707081
  0.12436592908426332  0.13595496368487803  0.14694643586339379  0.15663156999716477
  0.16644212553968149  0.17706891223500726  0.18775949353505711  0.19772008279703746
  0.20742227928340157  0.21870408701527189  0.23072439243371473  0.24173833438615502
  0.25264119418887460  0.26334563447771470  0.27428416094872732  0.28535596897590570
  0.29596549882961848  0.30592682761002221  0.31495394624314987  0.32403011979095114
  0.33382840471935776  0.34366703837457502  0.35376897810640345  0.36509988520975256
  0.37630446810597162  0.38673161943071838  0.39677742366348978  0.40691837017794413
  0.41752542572043577  0.42752783135818545  0.43715079527010736  0.44862893871788112
  0.46087099716953961  0.47305442201391101  0.48525163044445169  0.49736808327049631
  0.50911448653547620  0.52004131915098240  0.53007341233085625  0.53976201349700459
  0.54944469101340554  0.55912602344255125  0.56881951103593886  0.57815829448165967
  0.58796374115249694  0.59893137674470553  0.61064404642194858  0.62244818430757465
  0.63416300833910710  0.64538171853472226  0.65627961767457899  0.66689691973338106
  0.67764397137764598  0.68894813531887367  0.70071490212648491  0.71203757190288763
  0.72227169271884617  0.73188133234622665  0.74158020946464942  0.75141860555835316
  0.76104168861802579  0.77106155895066564  0.78184904162073310  0.79268579662501493
  0.80349960757809324  0.81383789461141687  0.82387190695277501  0.83456866319063472
  0.84593080813071486  0.85725465766962305  0.86801867321144688  0.87879528420573150
  0.88970341034492761  0.90058871797216178  0.91131677409758105  0.92219114080646869
  0.93300078636378814  0.94323964950150685  0.95298700964576455  0.96264858969784473
  0.97244957617366168  0.98202863193736223  0.99113923124323833  1.00000000000000000
  0.07341293306070527  0.42303338546322172  0.48419595213504518  0.51736428955996261
  0.54024557647516658  0.55701082952221426  0.56955123887622772  0.58043253345095080
  0.59051230111355391  0.59919827640585277  0.60707062228386133  0.61441285523234290
  0.62143587317618509  0.62794477242465119  0.63406656960646446  0.63980643759770628
  0.64519892847170579  0.65028972426664922  0.65523973614997522  0.65997293912032029
  0.66442101224286332  0.66852240796895823  0.67225639248465552  0.67580805567441271
  0.67931849528719856  0.68282052714791130  0.68628001302043273  0.68965881607607782
  0.69293615131240993  0.69611207877738868  0.69923228656541436  0.70230813999612063
  0.70541304466386523  0.70850862039391849  0.71158907657506065  0.71463492996963318
  0.71760028453490443  0.72044760124490370  0.72315318481192892  0.72578620252742376
  0.72846634672662158  0.73124117517033738  0.73399015751048302  0.73669711936241922
  0.73936738747391373  0.74207531516106406  0.74479514225803156  0.74743040174407760
  0.74999877237841173  0.75259183559887854  0.75522053500210884  0.75792798280859985
  0.76058512039679771  0.76325594235412830  0.76590000188815310  0.76844312072018817
  0.77092082846566634  0.77341453445026831  0.77592438366165017  0.77841018859928945
  0.78088262490181970  0.78330036434554384  0.78575320664111070  0.78834995081867398
  0.79095183795943813  0.79359034352633362  0.79618473195818051  0.79878137803004023
  0.80139008303275872  0.80400399231254660  0.80662442992939343  0.80928776779952438
  0.81200118661427134  0.81473837310267005  0.81748631396669269  0.82026104570495162
  0.82307368242387813  0.82597067584952522  0.82900298825330410  0.83218883953034961
  0.83539805178265980  0.83859027544399667  0.84185833712128655  0.84529870268498797
  0.84891575000197150  0.85267645441484241  0.85660836739330737  0.86077209235808494
  0.86532446958572184  0.87038230533665173  0.87605962152602179  0.88255075136387984
  0.89026237991481405  0.90035127145477456  0.91855433506238315  1.00000000000000000
 -0.04090820951433906  0.17412927722481253  0.21991312008720137  0.24299002960917118
  0.25985425726541300  0.27400043794970597  0.28613782221561940  0.29683514504926201
  0.30653713768821123  0.31554313216632290  0.32399032220732926  0.33198842043696303
  0.33934236782978161  0.34623761543140635  0.35290156479713203  0.35919062182608152
  0.36525470067513904  0.37111966625263970  0.37671509414429927  0.38211106462695865
  0.38735020305189677  0.39246759098109668  0.39752518175064899  0.40239840522361947
  0.40714520547396976  0.41179688159241440  0.41634802355819683  0.42081624813983665
  0.42517557846239384  0.42948208021991702  0.43367136418056296  0.43784800181871092
  0.44207853193225988  0.44639537564559650  0.45059522545975800  0.45431829536283930
  0.45790977784686987  0.46120620119674266  0.46453967694045417  0.46821423794812683
  0.47217313769947616  0.47606183471871288  0.47979936581843907  0.48347394578184294
  0.48713014625522100  0.49069841861802571  0.49433073860997234  0.49792909287756715
  0.50163075091963250  0.50531148340804233  0.50887635595359892  0.51236704601980065
  0.51589615970862090  0.51941298436801830  0.52278944142459016  0.52697530720845542
  0.53087633617039365  0.53479667619589766  0.53885606596511371  0.54282987643080371
  0.54668834781324849  0.55056893698472442  0.55454345916629832  0.55856207270955138
  0.56254206402119622  0.56647226721721478  0.57049585661693081  0.57472448292204603
  0.57912006042804154  0.58353716882006867  0.58794628354664658  0.59237415030005380
  0.59677676707097427  0.60117839454346722  0.60563432871017864  0.61029607809976594
  0.61532948084225259  0.62070007093498003  0.62617715933978413  0.63181330356885590
  0.63744190818076740  0.64325526536871003  0.64932204976963415  0.65576257770601376
  0.66237811104605215  0.67021091515150155  0.67904379006077498  0.68837145703926494
  0.69851713798770387  0.70990159634321215  0.72299100461711507  0.73821898172173872
  0.75697797110768217  0.78165036709840441  0.82538044107389563  1.00000000000000000
   2.9700254015929810E-019  -1.0000000000000000     
 F F F F F F F F F F F F F F F F F F F F F F F F F F F F F F F F F F F F F F F F F F F F F F F F F F F F F F F F F F F F F F F F F F F F F F F F F F F F F F F F F F F F F F F F F F F F F F F F F F F F F F F F F F F F F F F F F F F F F F F F F F F F F F F F
  <DiscreteSampler_grid>
  grouped_processes
  1 # 1 for a reference and 2 for a running grid.
  10 # Attribute 'min_bin_probing_points' of the grid.
  1 # Attribute 'grid_mode' of the grid. 1=='default',2=='initialization'
  0.0000000000000000 # Attribute 'small_contrib_threshold' of the grid.
  0.5000000000000000 # Attribute 'damping_power' of the grid.
 # binID   n_entries weight   weight_sqr   abs_weight
    10   10   4.570752089770468E-007   1.428720210680813E-012   4.570752089770468E-007
    16   10   4.570752089770468E-007   1.428720210680813E-012   4.570752089770468E-007
  </DiscreteSampler_grid>
