  0.01427017235932211  0.01473954529968470  0.01502956937916427  0.01520655383284354
  0.01536581985782189  0.01550587901154829  0.01562970842303223  0.01575305357800695
  0.01585693478076444  0.01597065254307780  0.01607945165797690  0.01617839753484392
  0.01627646087745115  0.01638075285603966  0.01648735482993519  0.01659423598622482
  0.01670304156336678  0.01681140760688590  0.01692819764298123  0.01705178622922969
  0.01717640874498460  0.01729628406884881  0.01741023962895810  0.01752411655456240
  0.01763380318051927  0.01774394007575846  0.01785979820452130  0.01798247487991688
  0.01811133483370755  0.01824444213683026  0.01837105335398155  0.01850211558398230
  0.01863578308425176  0.01877189052803866  0.01890873685690106  0.01904131887247886
  0.01917163399179521  0.01930382189043860  0.01943850198439922  0.01957143375875183
  0.01970250995686688  0.01983392682859302  0.01996955442066510  0.02011464427763353
  0.02026610816320255  0.02042158835729805  0.02058415080952624  0.02074843980049730
  0.02090613160570585  0.02106224966251562  0.02121982217663566  0.02138353113262803
  0.02155514472841295  0.02173443630996821  0.02192571024520281  0.02214022593816025
  0.02236171402752958  0.02257800534725624  0.02277467943399909  0.02296728953169068
  0.02316550041821498  0.02336948776639924  0.02358240798544384  0.02382347157363228
  0.02409050906498425  0.02436211699530994  0.02461780900663798  0.02487829169738878
  0.02513663653128934  0.02540907816083197  0.02569501041618908  0.02601058814923610
  0.02634743253197837  0.02669149042980106  0.02705470547644004  0.02744378486768180
  0.02786237014180194  0.02831630366398329  0.02884184013332816  0.02944437740425452
  0.03010803791615220  0.03063744010306715  0.03117877272305154  0.03185981319610751
  0.03265539236004729  0.03350486616236115  0.03441042973790606  0.03589214491696888
  0.03770195144679590  0.03956736727941022  0.04171868623223176  0.04473433944872110
  0.05064663665442744  0.06647416512915083  0.67205156818394596  1.00000000000000000
  0.05923056982531968  0.05989248784291192  0.06045631151237819  0.06099788040957811
  0.06151845516146665  0.06201158165898649  0.06249805974189583  0.06298260851486659
  0.06346768449275123  0.06374544109852118  0.06407866674273310  0.06439445372500770
  0.06471740646332362  0.06507037440954239  0.06544249575791647  0.06582608615868213
  0.06624053291372202  0.06666527829778883  0.06703290532941798  0.06740576588164567
  0.06775869803104463  0.06809662934258831  0.06843455726475919  0.06877122661780391
  0.06912026438861762  0.06948452837600418  0.06986461310692006  0.07026064440057640
  0.07065642577143591  0.07104311882897602  0.07142901672109629  0.07180372252440871
  0.07219323155957585  0.07260389712241086  0.07301503392985013  0.07341861596040052
  0.07382178878043617  0.07424922986746679  0.07468166919836849  0.07506887828536747
  0.07545950338963640  0.07589541518021668  0.07634885851483587  0.07682216920985321
  0.07729972834469272  0.07780561728952957  0.07833678428050971  0.07884173295553151
  0.07929272320301495  0.07974786685386231  0.08022892616616911  0.08073993071311074
  0.08133068611163763  0.08189427897417184  0.08243636662758926  0.08305497273318752
  0.08375076602015176  0.08449684336589987  0.08529212365641739  0.08612636409940873
  0.08699522530538890  0.08784744538916343  0.08866946432027853  0.08950807435321044
  0.09041404732505573  0.09136019579033390  0.09228840960519245  0.09321042685422154
  0.09419455140890153  0.09521517443692917  0.09628132709497673  0.09734257699036956
  0.09862916314746228  0.10019759844716795  0.10182306898642138  0.10359928976241184
  0.10538364846469452  0.10708767379099134  0.10884266021107628  0.11100365309559988
  0.11348305242518307  0.11613914266312898  0.11883850648155758  0.12154856636846333
  0.12384079438693464  0.12663722327965252  0.13022101554118784  0.13490569962617030
  0.14188520705150198  0.15147684597313280  0.16295852318428319  0.17722565004245822
  0.20510592037385914  0.24171901287692066  0.94677664862918087  1.00000000000000000
 -0.01146147282293702  0.05346873367674655  0.07553166518893449  0.09509082983343869
  0.11274341212380597  0.12851084861776729  0.14001026250397405  0.15193277691037099
  0.16581433523223549  0.17994681979424590  0.19491794685801564  0.21027159170644125
  0.22335765726124565  0.23481085815035219  0.24441335981106921  0.25250539643140196
  0.26031153925928369  0.26789665170025029  0.27453016047049866  0.28088280474764288
  0.28751777819202401  0.29470067192908589  0.30327784287823750  0.31205192345325117
  0.32047662280317563  0.32850979006210196  0.33638107475887019  0.34427417179365044
  0.35200199382742786  0.35921747040982427  0.36601078564264783  0.37225999973607687
  0.37802965460981020  0.38403581028149708  0.39029202429864346  0.39658174351825859
  0.40259623799688216  0.40819401127901078  0.41359109266445576  0.41890355202433849
  0.42426566313096337  0.42954582010584635  0.43495434524278215  0.44045294174261362
  0.44738720177780628  0.45510058127681147  0.46136519196546771  0.46709455758015239
  0.47270435326535826  0.47855910541977109  0.48443692286946100  0.49030697847530930
  0.49631798891761092  0.50246110789270926  0.50862626567587332  0.51485476280566156
  0.52169049605050477  0.52824161733175989  0.53411562899570975  0.54012912571535276
  0.54666219269961513  0.55351882587857482  0.56077193025716865  0.56780715865208764
  0.57443519840673618  0.58103802614180877  0.58803374949948595  0.59568076870046938
  0.60338894791403708  0.61028528880466704  0.61720088869389800  0.62468121043152147
  0.63249016814431891  0.64044479651027075  0.64825426197955571  0.65570852961120052
  0.66318817488549620  0.67119112060130504  0.67995185706442784  0.68879791909771459
  0.69764549738301218  0.70601584362097769  0.71558405578931783  0.72583756017410184
  0.73645195514502582  0.74704224559968646  0.75678832013519592  0.76895465586999578
  0.78332498660024852  0.79907019093885767  0.81758561976228394  0.84121310121703352
  0.86496491740667691  0.89163543903766973  0.92634646172393575  1.00000000000000000
 -0.00187061169220407  0.00854757785124339  0.01684057549344863  0.02536782981246923
  0.03496341973678993  0.04521244224142304  0.05548634225668546  0.06547880058974852
  0.07521695011063970  0.08408782232121229  0.09149497536162531  0.09918362083802856
  0.10755439569458194  0.11684029587830433  0.12648335121350723  0.13609532533210830
  0.14603369676776012  0.15747510668310294  0.16990789808802553  0.18277938220925466
  0.19521997943419583  0.20737695490656277  0.21875743508510823  0.23012244633405912
  0.24248601619796406  0.25575994997148821  0.26902956068795908  0.28098129958371010
  0.29270114155877441  0.30450251820381558  0.31468854942780528  0.32448814077048344
  0.33473562584712024  0.34625488973204765  0.35738855031303285  0.36762131040495671
  0.37765358056475140  0.38846555206808647  0.40003656302377472  0.41141938634493397
  0.42503211853323902  0.43861710121452074  0.45035168389236269  0.46081162468207715
  0.47067627085764718  0.48019372390783038  0.48977854008137056  0.49916664265835503
  0.51017353420923317  0.52173460021566531  0.53259522633112588  0.54337721808877737
  0.55233890037088207  0.56064422635055622  0.56897379947315829  0.57787199703737779
  0.58793289310044450  0.59888961042170397  0.61009148445687666  0.62079339160765035
  0.63088758436286652  0.64072621793128492  0.65072004619397439  0.66062560982894303
  0.66879007974286342  0.67613916769590199  0.68368735090522870  0.69240419605097092
  0.70266732121446329  0.71333962199346779  0.72339053804675135  0.73501052931709088
  0.74831669525279099  0.76043288845762069  0.77255733144543215  0.78524464028425978
  0.79837716490833277  0.81158661002540955  0.82480066204220148  0.83905069048501613
  0.85180439602349678  0.86209725242633328  0.87077702075542840  0.87935430734920261
  0.88810221583164262  0.89670361419634670  0.90425515338163298  0.91150547051227138
  0.92008109424577933  0.93108221593138041  0.94311740129324217  0.95433071169275541
  0.96648275883456014  0.97847935042687262  0.98952468852541364  1.00000000000000000
 -0.00707379405965412  0.03317075420909562  0.05700460902306519  0.08104414760610452
  0.10768542164526253  0.13275160249712659  0.15034815355554665  0.16328839437553722
  0.17660850158324962  0.18929885989336648  0.20018954416619086  0.21187805973069601
  0.22675676409582676  0.23989646223066188  0.25171568477550937  0.26253026225905368
  0.27264085047414477  0.28214964105635887  0.29201564526249524  0.30251083571838910
  0.31298119792366630  0.32274195687285079  0.33201397912355762  0.34057545673667844
  0.34987578470492092  0.35722558956527456  0.36423411615442663  0.37123129929019549
  0.37804649613650498  0.38471765330116303  0.39169682588682486  0.39760676967953223
  0.40266975195089527  0.40756207502867825  0.41282219902418787  0.41869566780371043
  0.42512669038650897  0.43162926657509709  0.43810173161653154  0.44484880528694709
  0.45090958215866123  0.45585093183827613  0.46149076488651031  0.46693664127825879
  0.47249082743519660  0.47846483720896898  0.48494160480970827  0.49231975247843379
  0.49898189054829550  0.50512761193362776  0.51118456232317078  0.51709727746189549
  0.52280913020600261  0.52835487924480395  0.53394115241646467  0.53973691478807051
  0.54557537967582070  0.55143273007406290  0.55745204340832422  0.56382516644358904
  0.57039419994542051  0.57678740688542751  0.58288288671194088  0.58882158966274378
  0.59488833897449145  0.60089670274582341  0.60728889407845510  0.61390888407596822
  0.62076006983661836  0.62807382340129603  0.63601251056944430  0.64469061858315291
  0.65355999041742308  0.66234686123890285  0.67106047552680070  0.68010972216127430
  0.68990957058055336  0.70041098677519076  0.71193646503285279  0.72410662950645488
  0.73491710038721225  0.74455843287235779  0.75458665637780231  0.76561440014809434
  0.77752598267753525  0.79074880338534870  0.80420852654985997  0.81826500533222402
  0.83276671336611519  0.84839172318883260  0.86934446227383255  0.89370984293813460
  0.91771930795925960  0.94194750941350147  0.96916133243325098  1.00000000000000000
 -0.00184298441053155  0.00780387955003788  0.01910014044918629  0.03008465453484273
  0.04065523143415458  0.05034766768103292  0.05951016079548612  0.06824272576480887
  0.07661607885194723  0.08589714835268938  0.09497010084606110  0.10331444499507306
  0.11241780534681788  0.12187304017931588  0.13078257375913707  0.13887344196270421
  0.14670640123204837  0.15652595250182369  0.16744109577560456  0.17846347308861882
  0.19095961779039375  0.20406262841658609  0.21721716007458489  0.22976227563123980
  0.24222883185863975  0.25510162693555000  0.26742991602247151  0.27967995440515747
  0.29157581305481511  0.30236985701433028  0.31313499195896355  0.32395894000680681
  0.33522769840694727  0.34777602655246959  0.36193716665119002  0.37738589410562895
  0.38889383156237411  0.39962687912824707  0.40755427194069227  0.41574843283210211
  0.42375428432131024  0.43141463809163283  0.43905133857368706  0.44731253144579930
  0.45768847998373818  0.47075151720814301  0.48369255820568413  0.49559451916902791
  0.50817935683691262  0.52093547698407006  0.53168343525033279  0.54273471249665151
  0.55421043475615450  0.56451301793832598  0.57381702244520150  0.58302679866558693
  0.59261567671932247  0.60286061073450037  0.61316723852603872  0.62380725034240680
  0.63523677309058868  0.64651709573792182  0.65726265087095337  0.66767870748737224
  0.67787490270076367  0.68804396111470711  0.69836996737094681  0.70970502464469987
  0.72143034828449537  0.73269731554768114  0.74325550629125592  0.75366895840999337
  0.76455236457511933  0.77554093724732476  0.78641106143223971  0.79712691234374189
  0.80716606328123075  0.81728342908638030  0.82765381704539254  0.83849890989706999
  0.85041245676799948  0.86340844277454720  0.87451801637452031  0.88438040819900854
  0.89340602233144062  0.90323829592987248  0.91375763290727507  0.92439789123347071
  0.93585837979885356  0.94514913442101933  0.95344080266246345  0.96175604320650077
  0.97110064160799892  0.98077603345752407  0.99022772452647834  1.00000000000000000
 -0.02899717698797531  0.14813345720924398  0.19072083739954104  0.22098324138295430
  0.24188533500716347  0.25822364794173802  0.27063233379112273  0.28221712064618643
  0.29321332157995800  0.30376836161541643  0.31397788234052981  0.32401580172042288
  0.33329331585653993  0.34135244062707387  0.34843732308469522  0.35479075797235682
  0.36033286792079644  0.36553500022294183  0.37084578543158769  0.37623474675094126
  0.38140124944107356  0.38634423987951000  0.39121750553593798  0.39580749702422802
  0.40013672490840818  0.40437523385075241  0.40844609461199299  0.41235746041816357
  0.41652761058802351  0.42115652378748525  0.42629719509896030  0.43176382474856917
  0.43710404542167491  0.44186360894131987  0.44609720708262779  0.45028091297426120
  0.45428047024632895  0.45862310962199199  0.46191321400247665  0.46517318728373724
  0.46850964177804066  0.47202048872067676  0.47579870078935077  0.47980806449548619
  0.48354886062653041  0.48721995543826507  0.49072168194741217  0.49406055444642855
  0.49731484082990801  0.50070524476276634  0.50449120068989173  0.50838467279657507
  0.51209419289082680  0.51558526617163325  0.51903168943033440  0.52271075125512367
  0.52631622061595418  0.52966013064896744  0.53319707876132372  0.53680232423145324
  0.54057621315735793  0.54523603052520819  0.55050111835681814  0.55574586734779652
  0.56064439944779043  0.56524602642152388  0.57009439099257608  0.57525245780587464
  0.58022843107538613  0.58527759712582716  0.59045756800471416  0.59575277771915691
  0.60094705521994740  0.60563786401064168  0.60992770934365592  0.61499248705603660
  0.62067557284289832  0.62629704231976602  0.63179306075113439  0.63747319878041875
  0.64319372757927029  0.64921364490425115  0.65509966386466778  0.66085061688776314
  0.66764612768651732  0.67575232857598488  0.68483083953023183  0.69418918665173091
  0.70398519550842908  0.71684218218129714  0.73248052276348874  0.75090443581065847
  0.77271713433101841  0.80157875129485689  0.85100788781890058  1.00000000000000000
 -0.00166747604097205  0.00753960875992271  0.01565557897261366  0.02532057980080332
  0.03452553143194542  0.04300621222409928  0.05100248927271601  0.05845630045981114
  0.06635522714347966  0.07611525399256094  0.08712477147217269  0.09864110350588533
  0.11030183128077023  0.12192552174434787  0.13309923682057478  0.14418677849405140
  0.15442271146905420  0.16457645171600738  0.17515056559853703  0.18672581687946038
  0.20019204214947531  0.21221771638636364  0.22208761733456495  0.23198162757835039
  0.24224519481657861  0.25144540710616342  0.25992579322958631  0.26855420891303156
  0.27670163983681817  0.28503611558611103  0.29350525629522151  0.30241227140949478
  0.31143447456510631  0.32280245372524258  0.33598991362128711  0.34881338104685089
  0.36105596111981403  0.37230861539857141  0.38329051288009319  0.39375934946968838
  0.40528209256280917  0.41773269438766186  0.43105502070259272  0.44542122345281310
  0.46026922357854616  0.47408666036040858  0.48804092455411524  0.50076022993334923
  0.51275236148644521  0.52419421223435325  0.53577485727548857  0.54644261074723821
  0.55587998414437712  0.56558455338636171  0.57539009686895526  0.58500331444918707
  0.59403920058006332  0.60267844052064712  0.61199212715702034  0.62167075516187298
  0.63081101884051127  0.63920617348258713  0.64801604196143470  0.65748407289114275
  0.66773415152584126  0.67766549334263593  0.68911341235470003  0.70073465101658794
  0.71152822042796315  0.72164856498081931  0.73223595113877737  0.74230513576297852
  0.75336157655782521  0.76411858574117952  0.77551478292570786  0.78764254571748316
  0.79907959036263143  0.80967277449244301  0.81950710025849960  0.82976690474926074
  0.84035923274008761  0.85165511923249260  0.86214786277412847  0.87257986184669545
  0.88210268408622172  0.89036002177954299  0.89876566468329666  0.90766566195485265
  0.91783381658055252  0.92856821331662709  0.93924066784461846  0.95061530194976318
  0.96282784152328382  0.97549716424533983  0.98804702699412073  1.00000000000000000
  0.08245988951809125  0.35517102897654712  0.41641505049787286  0.45776648896282152
  0.48638078116187966  0.50484977383614149  0.52106542178347870  0.53558889056486536
  0.54812334193066303  0.55879553236761259  0.56879703520691050  0.57727240058179885
  0.58541044502939954  0.59287313559664034  0.59942033806089712  0.60581663973427169
  0.61254259315334147  0.61888827520730183  0.62481723478820073  0.63041949453322799
  0.63575956189228200  0.64092299993974555  0.64578570717939099  0.65056439144439071
  0.65525455673351996  0.65989330342736019  0.66434497760538258  0.66836857875499878
  0.67187569217937726  0.67516451055125104  0.67847803955305319  0.68176747477797639
  0.68493617376894922  0.68790428210902477  0.69069954120636090  0.69348708366938072
  0.69629368808631520  0.69920566405090578  0.70219122262106681  0.70521244023812879
  0.70826587941115815  0.71119967579413501  0.71389604262864759  0.71649583476724332
  0.71904804916427734  0.72174030685138224  0.72455314520901626  0.72722765007675583
  0.73003184029242429  0.73291641097929916  0.73565589197549897  0.73834208599249196
  0.74107876085219182  0.74390250889466702  0.74675184689493446  0.74963745124052883
  0.75254369822853140  0.75542206042853333  0.75833653670701129  0.76101062460017177
  0.76371951226327872  0.76636666934729114  0.76898684837533371  0.77181467960376926
  0.77498088457380654  0.77833500348752216  0.78158296011758988  0.78471809400293491
  0.78778728835751255  0.79094217222476126  0.79421014498098674  0.79752584678688654
  0.80077973649101108  0.80387155137869626  0.80690497115245663  0.81001091497051148
  0.81312231072855057  0.81632760789744085  0.81963016648940379  0.82304331288981913
  0.82678404549892071  0.83096044392232138  0.83493894551773795  0.83903646559888378
  0.84316282626502181  0.84740297301030665  0.85181163153831574  0.85660416511817861
  0.86167727258963644  0.86717194662106345  0.87354572908615624  0.88120805912215239
  0.89015493503751608  0.90147808635004312  0.92191965124772801  1.00000000000000000
 -0.03171166141645559  0.15430688344567059  0.19893072734148456  0.22740819802030557
  0.25050129735915916  0.26802411559358957  0.27978826889763764  0.28907929822740369
  0.29839642731802341  0.30703219127903691  0.31521314474302642  0.32307000654719109
  0.33011674945220137  0.33682549449848626  0.34342384207271709  0.35003149934454802
  0.35639028544027745  0.36219991584984090  0.36772999479600454  0.37341507678259328
  0.37937374458750350  0.38577361425479650  0.39186380822601707  0.39707869468301349
  0.40166216581718023  0.40608877332333648  0.41047183328430020  0.41487087180059529
  0.41915296680121839  0.42296845897629876  0.42646306281186025  0.42981213968676873
  0.43327811656031467  0.43716505224428864  0.44137683827330876  0.44542413064284103
  0.44924304375709151  0.45297632885726297  0.45675499030294231  0.46034411916019885
  0.46383095802453639  0.46757089434883897  0.47144401765886529  0.47523678528789398
  0.47868035570468909  0.48187264698138371  0.48501537305083914  0.48819317427211556
  0.49153536018599830  0.49499713022982794  0.49844242752818280  0.50193172480135140
  0.50544342013943100  0.50889127426110770  0.51258665636124201  0.51660512961567973
  0.52063664980218660  0.52466918725255285  0.52864646001587190  0.53260102832366907
  0.53633623432178545  0.54004557754669313  0.54394267068293289  0.54775817805349358
  0.55167487133391646  0.55576775063856587  0.56002222056009188  0.56462946754466314
  0.56957405457182830  0.57432034652602570  0.57902991970754702  0.58430913648833227
  0.59055626815047546  0.59812847674273428  0.60591907191716132  0.61261031415196010
  0.61900540920507074  0.62521694512879822  0.63123437300209495  0.63756883006639620
  0.64412174474578066  0.65183372265604123  0.66025710585572273  0.66840814247147273
  0.67640705116363886  0.68431732057118444  0.69275935080735063  0.70280433276361987
  0.71353024660239051  0.72450172019664161  0.73566647189173529  0.74869714089618955
  0.76739768299425504  0.79793886883978948  0.84357393540520520  1.00000000000000000
   9.0264216572673536E-017  -1.0000000000000000     
 F F F F F F F F F F F F F F F F F F F F F F F F F F F F F F F F F F F F F F F F F F F F F F F F F F F F F F F F F F F F F F F F F F F F F F F F F F F F F F F F F F F F F F F F F F F F F F F F F F F F F F F F F F F F F F F F F F F F F F F F F F F F F F F F
  <DiscreteSampler_grid>
  grouped_processes
  1 # 1 for a reference and 2 for a running grid.
  10 # Attribute 'min_bin_probing_points' of the grid.
  1 # Attribute 'grid_mode' of the grid. 1=='default',2=='initialization'
  0.0000000000000000 # Attribute 'small_contrib_threshold' of the grid.
  0.5000000000000000 # Attribute 'damping_power' of the grid.
 # binID   n_entries weight   weight_sqr   abs_weight
    10   10   5.828953851467350E-004   3.387424513042578E-006   5.828953851467350E-004
    16   10   5.828953851467350E-004   3.387424513042578E-006   5.828953851467350E-004
    22   10   5.828953851467351E-004   3.387424513042580E-006   5.828953851467351E-004
    28   10   5.828953851467353E-004   3.387424513042582E-006   5.828953851467353E-004
  </DiscreteSampler_grid>
