  0.01464342259796705  0.01486079946172183  0.01502737903442550  0.01510253622135305
  0.01518456717014606  0.01526184822344826  0.01534075116901271  0.01542010607529219
  0.01551119716079959  0.01559857450082542  0.01568589356003757  0.01577492298913067
  0.01586312978921070  0.01594732470095467  0.01602842943233718  0.01611018372810887
  0.01619197758646730  0.01627734239105201  0.01636766339777268  0.01645945801443828
  0.01654976425348530  0.01663845242805086  0.01672733589819738  0.01681692155772804
  0.01690799049656036  0.01699902394208608  0.01709239816497051  0.01718841854305513
  0.01728627287735487  0.01738561582265816  0.01748600529319574  0.01758429049146182
  0.01768449293457194  0.01778621679702075  0.01789152285983271  0.01800045590060897
  0.01811095198287265  0.01822531077807313  0.01834460320591665  0.01846728815637316
  0.01859291454114881  0.01872255449380835  0.01885574919216067  0.01898852978444822
  0.01912466475575568  0.01926644421815188  0.01941360701994429  0.01956533600933978
  0.01972241710999384  0.01988822630997407  0.02006341265973629  0.02024470358155086
  0.02043325620933685  0.02063176007841296  0.02083821139238261  0.02105883129176417
  0.02128951922036480  0.02152278967683960  0.02175612142787190  0.02200127795673419
  0.02226448184273203  0.02254539216176625  0.02283728460924722  0.02314846688615450
  0.02348062881205546  0.02383056914041177  0.02419907263196517  0.02459629025508885
  0.02502598408979823  0.02547738347728288  0.02595654796181941  0.02646814284650673
  0.02700237872167206  0.02759190824088086  0.02819916684367217  0.02886564884058780
  0.02959380469034751  0.03039583306848224  0.03127671431658151  0.03223696708394982
  0.03329485965445687  0.03447775501819674  0.03577735740775825  0.03722135040265546
  0.03889460986279852  0.04086435956121477  0.04308978198545487  0.04563593889023660
  0.04858253799869874  0.05203623278065915  0.05623509508824064  0.06195221056525910
  0.06969024118952459  0.08077579723140378  0.10833806236646962  1.00000000000000000
  0.00180871005092828  0.00229939541697882  0.00278382498646227  0.00315216128425575
  0.00345973536617685  0.00373512478981794  0.00394462804465988  0.00416911583755113
  0.00438345628982999  0.00461782515995403  0.00486818852648870  0.00511035623280620
  0.00533103113909720  0.00552826053907636  0.00572690598249261  0.00594046419116560
  0.00618534855931372  0.00644378237335564  0.00668564449696168  0.00690412250523653
  0.00712080517472375  0.00735043662197490  0.00757687043335801  0.00779913107223383
  0.00801658114930454  0.00823254815675921  0.00844978388469173  0.00866588557093083
  0.00889869604058795  0.00917122565671085  0.00946280461920912  0.00974872183600617
  0.01003374531701543  0.01032780679937627  0.01063127243425025  0.01094302504766661
  0.01126241989801993  0.01159147847937976  0.01193501519459512  0.01229423189010679
  0.01266076840120251  0.01302231055299863  0.01339962370222752  0.01380641138633752
  0.01423096768871551  0.01468295996003131  0.01517983604404005  0.01571044031926752
  0.01625674456093162  0.01683110943715944  0.01743582611285024  0.01806829482135173
  0.01871978112019828  0.01938716925884834  0.02008139091717242  0.02080168561193679
  0.02154185328744332  0.02231591245691724  0.02315147180233029  0.02403788064084355
  0.02500773687729723  0.02605205196835142  0.02713695821853248  0.02827285935229563
  0.02945394677475353  0.03068442385330693  0.03197457594711920  0.03332099578086680
  0.03471499877467374  0.03615681011651432  0.03768931635619777  0.03928992282585692
  0.04094381764894471  0.04267992409793245  0.04453789782841974  0.04659474188450841
  0.04873299971922305  0.05081710126417480  0.05292913477615538  0.05520315271057373
  0.05771960189037185  0.06048934167191094  0.06329041873411327  0.06625129739231156
  0.06956071157904249  0.07330144731730047  0.07747736522764005  0.08214999943833594
  0.08752337655807231  0.09355179166532357  0.10028445847747361  0.10807517595320937
  0.11821325402301500  0.13658918210371140  0.16886066031654490  1.00000000000000000
  0.00311359968885691  0.00388525443427778  0.00448042512985234  0.00506621247320887
  0.00569140697320638  0.00634635834635881  0.00689183797060532  0.00712025473628857
  0.00742174727279512  0.00774616794937385  0.00806720837053401  0.00838838441483079
  0.00870958944181073  0.00902950845717866  0.00934712201511360  0.00966623869683534
  0.01000043324520420  0.01034598469670689  0.01071456754795156  0.01109929549191285
  0.01149032495783701  0.01187869104327712  0.01226223627333949  0.01264931900079572
  0.01305498973675927  0.01347131863840545  0.01389500423348023  0.01434332099280626
  0.01482343984954538  0.01535819075501309  0.01594776130310862  0.01656241611903812
  0.01718306666813508  0.01781095759757923  0.01846465528259504  0.01914927277181516
  0.01987198301933533  0.02063552642746128  0.02145325785782787  0.02231203624654096
  0.02319256894062380  0.02406492241802814  0.02494106427625208  0.02582609404787471
  0.02671621479512750  0.02766777208750185  0.02866214987241013  0.02970104912032547
  0.03080170212097928  0.03191841045827892  0.03300747441651027  0.03416579024241294
  0.03534256330825970  0.03652446652720847  0.03772811349713255  0.03896204511960384
  0.04023185706011540  0.04154185604023947  0.04288712461058796  0.04424539175345024
  0.04563164152864026  0.04707141566072377  0.04857969494940725  0.05014132954948575
  0.05176416075768066  0.05344409258491058  0.05522582506763904  0.05712577994907189
  0.05910550990192618  0.06110321814515937  0.06295741729624618  0.06494198937069007
  0.06701652533275666  0.06922437884609495  0.07169269801098745  0.07430789571657131
  0.07676045962876213  0.07917392233949401  0.08170789612460652  0.08461853026028780
  0.08798185015844798  0.09179044336933537  0.09564443534189523  0.09946282329489826
  0.10336234129734725  0.10743843009157023  0.11164334194238162  0.11584757712938250
  0.12029857636814673  0.12536811739816917  0.13138171510621866  0.13886865856062475
  0.15230120688446500  0.17616189473014066  0.70997851052682848  1.00000000000000000
 -0.00476592363127224  0.02119322264697477  0.04344955264934230  0.06525893235885456
  0.08480990257829607  0.10347025780362165  0.12136114835385975  0.13857561298216331
  0.15497824266418084  0.17042184126369753  0.18526449326360117  0.19942046089962537
  0.21338671528759667  0.22701301147971381  0.24038306308874263  0.25336130539491264
  0.26572806519362102  0.27749421900582405  0.28884406384911748  0.29991888362470182
  0.31083423958075335  0.32237493672866152  0.33382698215394752  0.34469419398865853
  0.35534083227856478  0.36592326921412743  0.37636935530475779  0.38606638012724648
  0.39546437529332218  0.40510833623997849  0.41478160051867630  0.42435206922590746
  0.43357471800970687  0.44270893959860574  0.45167204014358620  0.46079390828348876
  0.46984403064223967  0.47886343132454373  0.48784319801164155  0.49683183398918795
  0.50532668426182870  0.51386705839692159  0.52269627816186814  0.53153391891668422
  0.54043163747404632  0.54923589451697952  0.55811967859055800  0.56735514947028498
  0.57650616356599216  0.58542276540521287  0.59464549036542069  0.60361270767229003
  0.61246926639965227  0.62130780778788952  0.63014293069544591  0.63894328605727191
  0.64752065040396878  0.65573651177755865  0.66365583917761573  0.67150850293118713
  0.67947232123709556  0.68743395083611825  0.69537724212188401  0.70338111490623512
  0.71147928774590918  0.71969568154203534  0.72785108113769370  0.73582725811500471
  0.74372738017915196  0.75164663928415842  0.75969937659403675  0.76778480874245458
  0.77591624870840681  0.78408787160884785  0.79247067628208578  0.80129957119556450
  0.81007102953918431  0.81835518126217399  0.82650397490278882  0.83506278295795910
  0.84392112583632450  0.85267416244086491  0.86197277462432931  0.87134099732791115
  0.88041083120478447  0.89050640182880447  0.90055686301021542  0.91155841941228821
  0.92207745599602497  0.93208681659144077  0.94175532414121876  0.95195883570489548
  0.96340313065709371  0.97580379849399634  0.98792857258132460  1.00000000000000000
 -0.00218480903432319  0.00915852000785598  0.01881860285155104  0.02877905150689063
  0.03913324033379203  0.04929604214649880  0.05935912084360729  0.06952356657602375
  0.08025473661011509  0.09100544801709140  0.10178399141202600  0.11232503424589897
  0.12340741050955405  0.13340558382903511  0.14344976794828149  0.15333894340941062
  0.16345455078572244  0.17277746814913542  0.18228294162752137  0.19197090212467149
  0.20235578738804164  0.21305100483693992  0.22361652346046607  0.23447750027750988
  0.24553630047925695  0.25654653949296452  0.26716258239007373  0.27780911726471236
  0.28864876898483399  0.29910892187337962  0.30949997173957244  0.32019874380514612
  0.33108384736021657  0.34187724733176539  0.35236421390782574  0.36372242838888169
  0.37526121415480879  0.38676265088521539  0.39785798164606134  0.40829584274392472
  0.41835001461996191  0.42828992562464263  0.43862018009031623  0.44901496231219407
  0.45916866581590410  0.46878127397327740  0.47867385472523571  0.48865678274539093
  0.49937325646920117  0.50952224705714344  0.51989883107503354  0.52983227112429887
  0.53972981400065445  0.54964987685261890  0.56006872953044007  0.57042558588983305
  0.58153535198158357  0.59216741523956951  0.60270279031202623  0.61267938940408695
  0.62253940916725126  0.63228992606693724  0.64219619158965258  0.65248196636941569
  0.66309352251589704  0.67380636838069574  0.68452863050280577  0.69504794275594906
  0.70534452296349426  0.71567907553155041  0.72622157925345654  0.73716733727853667
  0.74834500385390013  0.75909775832235615  0.76955259695310207  0.77985455465722486
  0.79001413787875974  0.80054122446964204  0.81143633902996615  0.82272806317876113
  0.83419223980888046  0.84481459570951800  0.85586486382995919  0.86693441408077965
  0.87824569468720026  0.88927806087273431  0.90049309802548949  0.91190534480582219
  0.92329472958902759  0.93482471196759398  0.94638764698512656  0.95813386022247382
  0.96914107448972664  0.97988858198066520  0.99023621926850591  1.00000000000000000
 -0.00202070350334940  0.00876449677826702  0.01829472140404914  0.02817798756895464
  0.03855423989966262  0.04975952219940143  0.06154149051278171  0.07272881782604186
  0.08333659336517589  0.09367922801696177  0.10354786378328708  0.11366730791489379
  0.12362723657012997  0.13403165840142547  0.14478879936545466  0.15599881859984055
  0.16734208946686693  0.17825965696005969  0.18899462592218882  0.19989840264866016
  0.21020178987308852  0.22006355835468058  0.23009142442330913  0.24041454715280031
  0.25070556517375336  0.26013948675403514  0.26959720430354722  0.28028806059926958
  0.29059838210193623  0.30110614404181518  0.31113715052860841  0.32232987580894773
  0.33340743476296042  0.34443166551050913  0.35521279721460519  0.36562452247775795
  0.37601900951870049  0.38687000191588017  0.39804696442026766  0.40921446259386846
  0.42048077864978323  0.43145678149109890  0.44237098579277095  0.45300940323740585
  0.46374991301762597  0.47439965460324512  0.48521019916202185  0.49588579793868887
  0.50612780712989824  0.51638491727697766  0.52641463929221322  0.53675597848446144
  0.54703243550028013  0.55724781142788526  0.56730586791056681  0.57756628399472076
  0.58813459038495497  0.59938548029992744  0.60957059991366991  0.61974487249443233
  0.62992835379073187  0.64061378166100658  0.65097860201645175  0.66141922641249618
  0.67167486989289360  0.68235445013377150  0.69311196962336852  0.70376631439085024
  0.71389027294969032  0.72406179758223166  0.73420812512905587  0.74507580816387675
  0.75588021594943156  0.76672552069114308  0.77776122584979235  0.78883647820195735
  0.79969400106627486  0.81036363356533525  0.82038860658999857  0.83034159654543827
  0.84063792532738468  0.85126425670754391  0.86184058865071889  0.87233012139162569
  0.88256505731545176  0.89258430612257977  0.90275703243139438  0.91315810399220354
  0.92449724384602494  0.93558974125189831  0.94720080104600735  0.95853631161814890
  0.96910947297495376  0.97945469093956672  0.98968811292783043  1.00000000000000000
  0.01773032858404594  0.01829548568845661  0.01883928072075459  0.01930984590123343
  0.01974269045625391  0.02016171874648785  0.02054509209233545  0.02110665502604276
  0.02179823894243017  0.02248300038271133  0.02314815126706450  0.02380471246258044
  0.02445653228623679  0.02510422835003981  0.02576610142539706  0.02646411443737775
  0.02718538491899895  0.02792474215335983  0.02867570685517945  0.02941557925647361
  0.03015278211917888  0.03090295174665528  0.03166939072348085  0.03245058789713599
  0.03324599908185553  0.03405274343798825  0.03485544241413930  0.03565693361762379
  0.03646790091546758  0.03728676014240526  0.03813605839462697  0.03900153280546520
  0.03988032155024206  0.04076292880355309  0.04163760963905857  0.04250973728308437
  0.04338980549483284  0.04430804033501635  0.04524677337702088  0.04619727031667353
  0.04715606113522425  0.04812527740458290  0.04909415590854022  0.05007995604849368
  0.05109653193604896  0.05211858357158998  0.05317112146690790  0.05426061190268375
  0.05536682385515589  0.05649158977951976  0.05761300258297031  0.05875826976465189
  0.05991432658344128  0.06111865427069237  0.06237980281335518  0.06371256960575815
  0.06508438228233149  0.06648110987914391  0.06786899601751806  0.06927237317354970
  0.07069694483249295  0.07213903203896771  0.07365112888307770  0.07522572924407968
  0.07684991437205235  0.07851399536637579  0.08021203071463709  0.08191924428258326
  0.08373013756145942  0.08571682968753278  0.08780261249962550  0.08988711498513539
  0.09194427460158106  0.09407685318396700  0.09636013677194943  0.09876222743905248
  0.10120274375134437  0.10373934776903247  0.10652714485904932  0.10950204212153614
  0.11260971543820988  0.11590329923831716  0.11936660146564304  0.12293235526013892
  0.12714318733264190  0.13187446084967566  0.13678092332067204  0.14214909011764162
  0.14943317031220804  0.15844908676669381  0.16866861060148361  0.18085529725431979
  0.19822846798852770  0.23160389214110980  0.71009621382172361  1.00000000000000000
 -0.00333310526139970  0.01344916810934746  0.02755905841452789  0.04268549306596500
  0.05737582645417291  0.07121701274530017  0.08479339688200796  0.09822955512901874
  0.11165846805544402  0.12491325693764313  0.13827526880380941  0.15147267303641482
  0.16418605866420008  0.17634079493803392  0.18784747422071069  0.19913767309458699
  0.21030874493904253  0.22117724676070716  0.23169135366559113  0.24175187670711362
  0.25138131907012462  0.26068090054887832  0.26988567439909605  0.27912446322015194
  0.28829477196161146  0.29741922229983858  0.30651918059535105  0.31570999657606974
  0.32516952066603239  0.33494529415850866  0.34482350446113724  0.35448904394738540
  0.36385825377452269  0.37316386509100508  0.38238021886029011  0.39163277975975980
  0.40082783922630388  0.41017010730661946  0.41956128651453212  0.42917102914243799
  0.43837257147580105  0.44708003192716644  0.45544574991168391  0.46385569230372375
  0.47221523079702665  0.48051212670340371  0.48840412050999610  0.49611497348191802
  0.50384738917609184  0.51196398730705139  0.52035147420225902  0.52928308848763683
  0.53831237604682924  0.54724321000013121  0.55616041585111153  0.56495272168449517
  0.57380205975641430  0.58275512801754570  0.59156883626461088  0.60041527348959733
  0.60941932044232339  0.61849313386379268  0.62763464918552148  0.63672095734348477
  0.64574831451657766  0.65475252845945631  0.66365484755883664  0.67267200964846829
  0.68190126906109361  0.69121536994247923  0.70048173199567998  0.70999761264408756
  0.72004167998608670  0.73032009088378391  0.74038734977621579  0.75029242525815809
  0.76027585420961852  0.77063269838598170  0.78126582546922874  0.79216086755973680
  0.80317938986214954  0.81437863563453783  0.82587984186830721  0.83750727197397445
  0.84936278081321237  0.86238897930708136  0.87596330844536319  0.88879931613259400
  0.90120656613859107  0.91389705016529088  0.92697376940144016  0.94117042873195023
  0.95627807033009915  0.97126589176659761  0.98581791511777783  1.00000000000000000
  0.13941864435661977  0.17014955275677737  0.19936511549598235  0.22009291768083980
  0.23768668755596445  0.25313654649526535  0.26782620338416352  0.28068036099215915
  0.29242605774264185  0.30397312712185282  0.31504540553522792  0.32577970535318573
  0.33620712384483814  0.34588955886244654  0.35475769353031394  0.36258560594334460
  0.36995727933575351  0.37725558172703366  0.38465443444241382  0.39216360204642686
  0.39924822127084664  0.40615821677102626  0.41294220834115608  0.41959461140414694
  0.42620138239326288  0.43271784381725320  0.43898242655002251  0.44500261080991727
  0.45087466821467742  0.45654658015908073  0.46201750674330500  0.46741160398231252
  0.47284741239529005  0.47828399924583637  0.48357358028709052  0.48866242311657226
  0.49373798651023354  0.49871722042100708  0.50368230019083449  0.50867220173123218
  0.51367538299203708  0.51842147233203162  0.52287012637477681  0.52718058689003355
  0.53152885921751591  0.53601225121132712  0.54064617661961623  0.54537192692937342
  0.55008931936611571  0.55476127826667032  0.55939585545648307  0.56403731739639529
  0.56866610368459047  0.57322524468143465  0.57773883808949456  0.58211765699284534
  0.58646347433279977  0.59081276674803129  0.59500540237573762  0.59931020325418893
  0.60352205822686245  0.60778555988713756  0.61206908746140720  0.61642576772793833
  0.62090752005329009  0.62546790769313365  0.63012244210731994  0.63481369989678860
  0.63952139605000646  0.64429952161508319  0.64918687586707458  0.65418710084660914
  0.65925207899753835  0.66432446271395484  0.66938894060590637  0.67447111314428065
  0.67963797552045002  0.68497535209933169  0.69056798641703077  0.69637402529547510
  0.70220951045091029  0.70814445865022912  0.71426577581823802  0.72068916249674664
  0.72736958804836527  0.73451823883243339  0.74218880070743110  0.75031739028657529
  0.75920027076464658  0.76854372239512658  0.77877401572450655  0.79114820435763455
  0.80636101959193984  0.82675822643896857  0.86212358169356063  1.00000000000000000
 -0.03234379351147158  0.15820489235917626  0.19973642818718745  0.22492933675092150
  0.24472121031100774  0.26072411880407265  0.27414485810149281  0.28615501256680204
  0.29648838723613169  0.30569612484375086  0.31450568746477880  0.32273242731596530
  0.33049750327573019  0.33779597555676733  0.34450020162571005  0.35071232688730897
  0.35674237958240773  0.36272051497153251  0.36858602057805340  0.37427761060890818
  0.37975575958151325  0.38512925895062655  0.39050449756409150  0.39579640713983272
  0.40098469136273174  0.40605824501658250  0.41088246109635351  0.41555175956219409
  0.42014123895553268  0.42478652678896234  0.42932898739250402  0.43380709447236915
  0.43811018397045443  0.44217923315394636  0.44624122311717712  0.45036326396427434
  0.45449348882989715  0.45856426308460019  0.46256864569458978  0.46662609553052337
  0.47067720085424469  0.47461991290665928  0.47845160964267125  0.48217937823829637
  0.48590432820409263  0.48968462960868103  0.49340014898495793  0.49712630448303530
  0.50090748530779738  0.50480893077975708  0.50880755707111502  0.51290592847503669
  0.51703521543161657  0.52118026534738560  0.52527443061385537  0.52929747292425344
  0.53330446908497775  0.53731005411230326  0.54126956735988052  0.54520727042278538
  0.54915125638969597  0.55311615397470526  0.55716583017236809  0.56128720688048683
  0.56543484947376210  0.56965631582880516  0.57389837901646945  0.57810293829445636
  0.58244997231240303  0.58686541086929167  0.59149714517083718  0.59630396763509186
  0.60120006382714930  0.60640739306764702  0.61190662191100564  0.61732188518867037
  0.62281088918748506  0.62843295274271815  0.63422982948131135  0.64022764968380463
  0.64641318655123037  0.65295453973563233  0.65992365388061169  0.66759649221001449
  0.67592891152611112  0.68439615620587269  0.69326962149393445  0.70272408951895005
  0.71311045030862841  0.72452742306334872  0.73769735775765188  0.75232237616382613
  0.77058750928957898  0.79618299304289275  0.84175016518009960  1.00000000000000000
   8.3548025025405016E-012  -1.0000000000000000     
 T T T T T T T T T T T T T T T T T T T T T T T T T T T T T T T T T T T T T T T T T T T T T T T T T T T T T T T T T T T T T T T T F F F F F F F F F F F F F F F F F F F F F F F F F F F F F F F F F F F F F F F F F F F F F F F F F F F F F F F F F F F F F F F F
  <DiscreteSampler_grid>
  grouped_processes
  1 # 1 for a reference and 2 for a running grid.
  10 # Attribute 'min_bin_probing_points' of the grid.
  1 # Attribute 'grid_mode' of the grid. 1=='default',2=='initialization'
  0.0000000000000000 # Attribute 'small_contrib_threshold' of the grid.
  0.5000000000000000 # Attribute 'damping_power' of the grid.
 # binID   n_entries weight   weight_sqr   abs_weight
    10   10   1.966271394128275E+000   3.216654192061431E+001   1.966271394128275E+000
    16   10   1.966271394128275E+000   3.216654192061430E+001   1.966271394128275E+000
    22   10   1.966271394128275E+000   3.216654192061430E+001   1.966271394128275E+000
    28   10   1.966271394128273E+000   3.216654192061428E+001   1.966271394128273E+000
  </DiscreteSampler_grid>
