  0.00005017627532767  0.00005163312205547  0.00005252508829451  0.00005346418970884
  0.00005439926093717  0.00005543293188618  0.00005654569968713  0.00005768909852160
  0.00005890623141198  0.00006011756416702  0.00006131908092044  0.00006262507157709
  0.00006403978205948  0.00006558978962414  0.00006720813534710  0.00006889671147574
  0.00007044986536276  0.00007210290304025  0.00007386774386890  0.00007571344121412
  0.00007750689226214  0.00007926629124024  0.00008103974485023  0.00008288830026767
  0.00008477872577845  0.00008673643852826  0.00008875151502927  0.00009083134842551
  0.00009303155132078  0.00009535060755297  0.00009769071367695  0.00010010865458958
  0.00010274161127427  0.00010552424794061  0.00010845440356535  0.00011151084119669
  0.00011460635997866  0.00011786420023923  0.00012130411507141  0.00012495291822951
  0.00012872944852070  0.00013266368321129  0.00013671441280739  0.00014086535241103
  0.00014509308561921  0.00014935840841375  0.00015374352408972  0.00015830192679277
  0.00016304374410434  0.00016799692026284  0.00017310696038984  0.00017836947904540
  0.00018381039725367  0.00018955243056012  0.00019566928912285  0.00020209098826134
  0.00020882548845706  0.00021608677403707  0.00022390254699682  0.00023207174052431
  0.00024059153602613  0.00024949175742792  0.00025850848057319  0.00026788105539962
  0.00027815750176320  0.00028924890606434  0.00030080254615865  0.00031264303822143
  0.00032518519530243  0.00033822902109729  0.00035235122175120  0.00036763153234385
  0.00038349880788697  0.00039999010969759  0.00041767721157347  0.00043707290098576
  0.00045893634236427  0.00048334842393255  0.00051068336785658  0.00054085276307880
  0.00057480200164269  0.00061284754311322  0.00065615006622325  0.00070439557940528
  0.00075806260268892  0.00081882072641757  0.00089086239517696  0.00097854843724000
  0.00108965531621951  0.00123439789799922  0.00143614812426946  0.00174754565589288
  0.00225537332703660  0.00328082549059786  0.00790711668081117  1.00000000000000000
  0.01621336119047020  0.01725282934113335  0.01793771844815945  0.01827783497327791
  0.01866309666958522  0.01903400987353454  0.01933777134222676  0.01959374814567696
  0.01983586223689924  0.02006277587808631  0.02028539882907009  0.02050545131901529
  0.02072705971681677  0.02095244594734854  0.02117988065440704  0.02140237057748033
  0.02161702913593242  0.02182839277973640  0.02204097704046101  0.02225342215878112
  0.02247359293006053  0.02271255565408140  0.02296230035929887  0.02321520179048580
  0.02347126627943573  0.02373090459210089  0.02400351671170936  0.02428188911617359
  0.02456551232138390  0.02485726007496756  0.02516685451474093  0.02548888980044343
  0.02580567365720182  0.02612920303536021  0.02646056186747390  0.02679402060404533
  0.02713687575666496  0.02748819254772925  0.02784896499751153  0.02823836702260454
  0.02863299904337630  0.02902810319867652  0.02942708040179113  0.02983617342719769
  0.03026644052822806  0.03071557559881566  0.03116718625480248  0.03162463720792809
  0.03213667711705920  0.03268847042737940  0.03324844590291146  0.03382951082891895
  0.03442529748831487  0.03503827184196595  0.03567865239948052  0.03633933149499592
  0.03702099867049431  0.03773614911428676  0.03848454835870486  0.03924564124148519
  0.04001777370546484  0.04083229423721153  0.04170339618077741  0.04264128780599911
  0.04362700237556538  0.04462665874593371  0.04562485153958912  0.04664947860264140
  0.04774232567388562  0.04889698011304266  0.05007079596384848  0.05125235572975501
  0.05250522129263591  0.05397959262077663  0.05547269481190022  0.05701623021435188
  0.05865863812660895  0.06039543993444884  0.06216606897321455  0.06400786425385027
  0.06598520174972664  0.06809395531713623  0.07063698977528324  0.07337400222534561
  0.07635994454620502  0.07972849760981005  0.08378298578256996  0.08844607682888660
  0.09417977501541734  0.10165226056806945  0.11097432351748382  0.12348764597822379
  0.14194705926782378  0.20639759373923935  0.40249367969856992  1.00000000000000000
 -0.00277004842339550  0.00816053054454696  0.01994672201416601  0.03116920183186991
  0.03958539926751328  0.04563107379570081  0.05232537386568141  0.05831278159673987
  0.06456723293960574  0.07137297965796048  0.07812538341621295  0.08511808826924333
  0.09246416278781761  0.09994322219180492  0.10710991623135223  0.11470578035301340
  0.12278157086906995  0.13116850746449604  0.14012047869743230  0.14925671567568494
  0.15834911078638036  0.16731596064903723  0.17592482852989022  0.18547372844753360
  0.19548722666716636  0.20506998920607758  0.21488757543305395  0.22546730314745422
  0.23588836460905899  0.24612754628805111  0.25644916168764825  0.26732675673769746
  0.27845734198371103  0.28987089664828497  0.30225975413609407  0.31424995214114426
  0.32477263188554273  0.33449751370495484  0.34423055225488958  0.35434499766010463
  0.36486577670308545  0.37498459729349504  0.38540442451885359  0.39600758467628755
  0.40693141523758675  0.41842063205679986  0.42997765254131326  0.44148280771883730
  0.45330196536202205  0.46594557452383362  0.47873933690081311  0.49135726004413638
  0.50366989959822528  0.51561999558509086  0.52723864694148936  0.53885203441499507
  0.55018449090513633  0.56158010403619329  0.57363355137121541  0.58643149693063046
  0.59881548660508244  0.61057324533796098  0.62216129931684105  0.63383846653177545
  0.64579176938535621  0.65790426993091422  0.67001066506104479  0.68205596521959078
  0.69364511778192706  0.70463103048978248  0.71541257224590893  0.72604632048978501
  0.73662959830999730  0.74729616823235456  0.75826042729599896  0.76982969281177405
  0.78204275702637682  0.79460434243754785  0.80722927090643848  0.82004015828277221
  0.83247257300382682  0.84467292771280678  0.85679282159314984  0.86882793606638309
  0.88084146626879134  0.89287252968422315  0.90494097169738441  0.91708255434686159
  0.92923143800203378  0.94105341262348219  0.95210853028832554  0.96244059187430797
  0.97225611910921272  0.98167688649511642  0.99093906810548071  1.00000000000000000
 -0.00286676950637346  0.01048027216325355  0.02165036893071364  0.03279836980056439
  0.04416465518636505  0.05558630127267436  0.06646395497536170  0.07674809844645188
  0.08667556004431182  0.09640965322329514  0.10615633622812937  0.11592022101972475
  0.12582163504483068  0.13554981058430265  0.14537888314595918  0.15563421605104272
  0.16594192923692699  0.17615114000924270  0.18642025355033792  0.19754083382915627
  0.20825161168394640  0.21845469275650467  0.22892787630324776  0.23949595959508657
  0.25008068769567693  0.26041558300649192  0.27066119731251220  0.28107484245815201
  0.29152066364605456  0.30134297316733394  0.31117467095347878  0.32121290548553810
  0.33143495101859227  0.34136150101268908  0.35108915176085387  0.36105298411222159
  0.37139012300641061  0.38226653073426153  0.39350668216153045  0.40506390525349339
  0.41641342945835191  0.42739645317219471  0.43826368088046125  0.44930229060967608
  0.46026409394040774  0.47095931369275934  0.48167068367153071  0.49242218751542749
  0.50305659797822555  0.51350874523964096  0.52411945270883653  0.53528221792063990
  0.54619453617945668  0.55677100359351206  0.56715895567036434  0.57753424392684471
  0.58755015170463132  0.59755807411091755  0.60792704022139210  0.61867382962509976
  0.62930663829553457  0.63972734106944906  0.65026285124219674  0.66085971398504972
  0.67160067297606574  0.68205687515940339  0.69262340041759107  0.70333984853565301
  0.71408908725971043  0.72482197946365534  0.73523441549502566  0.74542276334707458
  0.75556777487961269  0.76602556131085242  0.77574249440079501  0.78533415078153468
  0.79548626810756484  0.80549480713713806  0.81504259457782979  0.82437814282190613
  0.83431943484326809  0.84498666069839079  0.85552849394253816  0.86560309971035687
  0.87578560894003532  0.88661887419730023  0.89773375575309544  0.90860524468445203
  0.91952767010297942  0.93070209656003156  0.94218502697161666  0.95353428889207292
  0.96509863960846709  0.97676585881396638  0.98831784772112341  1.00000000000000000
 -0.00515635725196428  0.02160558714932504  0.04007165375239581  0.05709966732465620
  0.07309206641442220  0.08868933016978586  0.10394007905368373  0.11890658594280609
  0.13273925020949481  0.14571800682773756  0.15822899752123448  0.17058689919544842
  0.18222602981808050  0.19344198534215282  0.20451450837725543  0.21536357397643910
  0.22624692741027869  0.23669255397514066  0.24734124130860463  0.25697514239221186
  0.26693813181272513  0.27588822330600243  0.28455602182282380  0.29290352656503715
  0.30165871460249716  0.31040918836955222  0.31925284317833152  0.32802181046527534
  0.33691344912782806  0.34589964854130972  0.35498894788975099  0.36368789294933546
  0.37218307386022376  0.38064942986832978  0.38911063752202613  0.39777470096291540
  0.40630051004486306  0.41519817712488150  0.42396921083524902  0.43279825203156613
  0.44135520473054829  0.44970165040834531  0.45805833428359727  0.46634956995758697
  0.47453305267861273  0.48278676071019949  0.49115094173701879  0.49956754248562374
  0.50791273307521545  0.51608413259153341  0.52415271819873488  0.53208957756843023
  0.54019925249072098  0.54849489818196973  0.55695887837247304  0.56570447280340375
  0.57469032037363843  0.58374848949964597  0.59250830186512005  0.60114766696647526
  0.60989736991496546  0.61867098788288033  0.62756297804063066  0.63640194811429640
  0.64500180771841942  0.65325335294092934  0.66153903860895835  0.66979102288767500
  0.67773358240651715  0.68575588818907895  0.69389505033205223  0.70188006062575559
  0.71002033157132427  0.71890919285689325  0.72814188293577242  0.73745802127960158
  0.74702535727885622  0.75672066807203708  0.76641069742435020  0.77605435147288870
  0.78585454048463255  0.79597219966965371  0.80645806608903003  0.81748570422832179
  0.82908207266270872  0.84088385899996043  0.85276227295655327  0.86487083304841694
  0.87804408911993448  0.89243328905307862  0.90748659590508118  0.92268581188278009
  0.93815193062691027  0.95411778021971339  0.97376089625396522  1.00000000000000000
 -0.00232148580280474  0.00912975371062444  0.01895898956854750  0.02959562714031022
  0.03996213780563496  0.05049880976835423  0.06142673088907055  0.07227649828290271
  0.08319550143987854  0.09395666082380968  0.10521932451469117  0.11647915696879420
  0.12779034295888472  0.13893559434533190  0.15036949990727572  0.16157902760301585
  0.17180394036754087  0.18140570566535605  0.19110208991713354  0.20105743530851997
  0.21097781007802935  0.22058506204465916  0.23066909971692551  0.24136628477338173
  0.25227961095455337  0.26296731454030292  0.27333016126397830  0.28344351935288586
  0.29345707579281705  0.30339854468503613  0.31336396859672444  0.32354417952336068
  0.33409483803925782  0.34496568356677609  0.35556605246477074  0.36604162870778151
  0.37664241921005609  0.38759048814628333  0.39873990702279838  0.40993800950246667
  0.42085386591673929  0.43172006911928934  0.44264509859340528  0.45363553066548623
  0.46471071885555087  0.47571702524139203  0.48665486899918037  0.49746720174994430
  0.50844831859328232  0.51978180692426412  0.53094548037200984  0.54236436777197272
  0.55369487499035852  0.56482688341345810  0.57574484829424621  0.58633132558546974
  0.59657920207714754  0.60662920311878044  0.61694638231709853  0.62757929252487643
  0.63818890787057569  0.64827394622100043  0.65814532975732409  0.66800040244336734
  0.67768385783929330  0.68761304940819612  0.69769642757003891  0.70766826573071351
  0.71770225378295227  0.72783911078961505  0.73822935040428839  0.74844771964617696
  0.75857033611700542  0.76862031524604379  0.77872155644470087  0.78869382851920433
  0.79838803318037310  0.80773473578379906  0.81732020756456336  0.82714983286323174
  0.83715504161283061  0.84719805790501712  0.85693782379408856  0.86698616781940696
  0.87768453539911440  0.88912952618071195  0.90037490250126884  0.91080776460925650
  0.92129741031692758  0.93217236210985799  0.94339511517835117  0.95467614568692916
  0.96587830314914447  0.97715856196072459  0.98850132649289124  1.00000000000000000
 -0.00253133129272119  0.01139733322184744  0.02405748685542081  0.03713909212997153
  0.04922761190889870  0.06121856656448250  0.07406042071248993  0.08739473161236266
  0.10023193626011739  0.11226242248776891  0.12383173242455303  0.13532211363574478
  0.14650355225840789  0.15722215663419259  0.16779589485551138  0.17844833982865640
  0.18907178111188400  0.19978789216035017  0.21066640191575542  0.22153167408774790
  0.23225652114600925  0.24294114927020921  0.25365536215930418  0.26433763882148692
  0.27493768014850184  0.28537806026950319  0.29585517919319182  0.30623613384696879
  0.31651100413923655  0.32679760282967091  0.33690372086351167  0.34702130430800049
  0.35712168210496675  0.36660515248454378  0.37585484978788436  0.38477839230062816
  0.39379549515941198  0.40318206280205443  0.41250235968081139  0.42200024023096505
  0.43134229772697613  0.44031913650112375  0.44911076668812505  0.45789826284569995
  0.46693443730632922  0.47631374728466536  0.48553972092201708  0.49455675244666042
  0.50365865813569610  0.51294297391418919  0.52222482917801771  0.53164135746107910
  0.54113501316667778  0.55043630173577041  0.55921414573617023  0.56791950492135890
  0.57644614862603627  0.58514774014254622  0.59408854874363903  0.60328125010378175
  0.61257717354383801  0.62166897713764235  0.63074320243206783  0.63997506730270937
  0.65012310744266966  0.66026829038947299  0.67039883728266936  0.68056211330677963
  0.69012234064367906  0.69982167096373282  0.70966254628126468  0.72005985476350720
  0.73022176622522772  0.73980332466929799  0.74919309509659326  0.75890748504045591
  0.76937678722743308  0.78021403443849380  0.79053716817266317  0.80118380187313032
  0.81231643007863330  0.82421459303729816  0.83726600725880629  0.85071655722074113
  0.86402336777724031  0.87699105264482702  0.88962784875035661  0.90183737788830698
  0.91389365867937489  0.92594673226964297  0.93800991935076905  0.95010725235456794
  0.96216273176338718  0.97411210783466440  0.98608053566603193  1.00000000000000000
 -0.00245502059308302  0.00922073992641087  0.02043272356171763  0.03225674757448713
  0.04382104571517279  0.05487049044099655  0.06556942281145618  0.07611430010095592
  0.08674915324748067  0.09726434722487753  0.10794766557687510  0.11874349258543393
  0.12898932096518717  0.13870558324198196  0.14832737919843431  0.15812219467711808
  0.16803507681704921  0.17804793386167958  0.18837131509855864  0.19894250991379525
  0.21002032509134202  0.22118097549363588  0.23226716617049084  0.24299104634640756
  0.25369678238143106  0.26470409063705280  0.27604745444857826  0.28735789122713629
  0.29801477791794678  0.30796056247935177  0.31785904004103721  0.32792504040203080
  0.33798048947688014  0.34815938906660421  0.35924370919625620  0.37103401775115930
  0.38245570434784015  0.39326276730270382  0.40385130631883853  0.41447736971468468
  0.42505734652560950  0.43557013160110275  0.44582841437654613  0.45569353820518488
  0.46516708760019487  0.47476428627565498  0.48476414049176975  0.49466248686187775
  0.50423192809870299  0.51380394178794708  0.52387638085497679  0.53422695355407956
  0.54422251095787366  0.55418016229558331  0.56451848876535993  0.57532728487718776
  0.58619183996944157  0.59689587111056119  0.60762151811452569  0.61826193886077985
  0.62890954835305402  0.63961691363692685  0.64977793023602970  0.65952721221180255
  0.66928907511108349  0.67981526171316475  0.69060049427507364  0.70167192144949186
  0.71278472308690322  0.72416398910066504  0.73495188820286006  0.74546700323392712
  0.75590306108808247  0.76618600985082863  0.77616494604781783  0.78612482993475885
  0.79606058136452940  0.80640709262158439  0.81689945563613353  0.82806865374994998
  0.83904748680253016  0.85042926396785046  0.86129835375538211  0.87245825004017608
  0.88340605600968591  0.89478746771101358  0.90664581976996106  0.91820109436742592
  0.92932350209917691  0.93979889277606021  0.94983048867973507  0.95986050270834389
  0.97002596942820818  0.98013626145601795  0.98991645051232346  1.00000000000000000
  0.08786506225255271  0.12567039670505212  0.17551974235997830  0.20292559058467360
  0.22099298974276188  0.23527083312888172  0.24799173342462613  0.25996423842742022
  0.26939656855489469  0.27841140130229280  0.28688695737532172  0.29513403265175053
  0.30276878523373085  0.30990850937475850  0.31668291144821537  0.32325876671862852
  0.32983755844249635  0.33644099961447488  0.34302234425907052  0.34949113742615812
  0.35572649295808745  0.36168327123501792  0.36736944512132730  0.37292279344619295
  0.37857741999411393  0.38440190104042182  0.39017965221183243  0.39573428367355878
  0.40099775374525776  0.40603719840110836  0.41103919838175135  0.41588265578541450
  0.42041716865576462  0.42485117162944597  0.42931435279095148  0.43373314837075078
  0.43808070666435128  0.44237528466672843  0.44670071391907512  0.45099072207045243
  0.45509330114912533  0.45912106270183695  0.46325512568607108  0.46769349512488512
  0.47198208460975211  0.47605625706838883  0.48019793025360435  0.48458000312566640
  0.48905706816967626  0.49357183801480431  0.49807507809270091  0.50258833085261190
  0.50714757863918891  0.51157097324104950  0.51584965030161867  0.52012306277893772
  0.52436422744413502  0.52846959542470662  0.53269486305715108  0.53700361936961327
  0.54152380872245565  0.54620667087616714  0.55090097691784090  0.55555193283438586
  0.56015287271393877  0.56473152413883465  0.56938233014194761  0.57416559134766976
  0.57897146165155966  0.58385135171197244  0.58890144541078815  0.59401811169277097
  0.59917223047614532  0.60446202960690576  0.60988395087769376  0.61549408216850876
  0.62111465730023652  0.62676171491118071  0.63264294149019862  0.63879897467891888
  0.64509174230573241  0.65155985259867721  0.65826850411880122  0.66533567630258006
  0.67274077088023676  0.68055571939634307  0.68884339306848374  0.69770427534344326
  0.70720902701257471  0.71753579389436839  0.72921553065402889  0.74306199382148774
  0.75966145578196775  0.78203408038534028  0.82190134146401994  1.00000000000000000
 -0.03851753870972828  0.17094207010765511  0.21240156167977639  0.23720693180924585
  0.25665952030604017  0.27240103089451007  0.28555080685935058  0.29707001495757063
  0.30747413247314220  0.31656992252298194  0.32434957699476991  0.33188421947995900
  0.33903219234694792  0.34574615869340763  0.35203730676442713  0.35787685431615163
  0.36341010932709072  0.36872715953503959  0.37399952372276180  0.37946463045657253
  0.38490957480985188  0.39016755046625690  0.39528141734079630  0.40026166361231996
  0.40517002212824071  0.41001503447168469  0.41482716067930481  0.41956269709767169
  0.42426198909687435  0.42895532585246904  0.43363298572084696  0.43819857175252841
  0.44237948867802179  0.44659086544520210  0.45084830014096527  0.45498813218631601
  0.45903037479115283  0.46295025259535816  0.46666134778357915  0.47029393566806865
  0.47409218726002605  0.47786081124421281  0.48156370660073627  0.48538796811730606
  0.48913386567772715  0.49283430429016173  0.49652468155255425  0.50025065680615355
  0.50398550191323577  0.50765053342565714  0.51130934160060082  0.51496249934697891
  0.51861272620792986  0.52232934694671274  0.52622353322214366  0.53015540388149995
  0.53410174442407732  0.53809042998001932  0.54207061882680940  0.54599515049175062
  0.54985954565268313  0.55373318530510141  0.55763290988990644  0.56154393698765592
  0.56555413281021816  0.56970076137453118  0.57392398743773587  0.57820261236564463
  0.58245836454220556  0.58668078199353013  0.59095531226723741  0.59533846898972664
  0.59989551502022120  0.60466972202939950  0.60968262437256204  0.61480499988773463
  0.62000361380157842  0.62532651404854944  0.63093211767074608  0.63684931890789598
  0.64298633216569279  0.64930999822915170  0.65586296025940449  0.66262990947636013
  0.66973038618241021  0.67734975562685606  0.68554350401068376  0.69437206317810685
  0.70404367026004178  0.71478275710265404  0.72678535615535356  0.74115355270066308
  0.75932262165831821  0.78386803639818747  0.82790136071097153  1.00000000000000000
   1.7538119675860733E-011  -1.0000000000000000     
 T T T T T T T T T T T T T T T T T T T T T T T T T T T T T T T T T T T T T T T T T T T T T T T T T T T T T T T T T T T T T T T T F F F F F F F F F F F F F F F F F F F F F F F F F F F F F F F F F F F F F F F F F F F F F F F F F F F F F F F F F F F F F F F F
  <DiscreteSampler_grid>
  grouped_processes
  1 # 1 for a reference and 2 for a running grid.
  10 # Attribute 'min_bin_probing_points' of the grid.
  1 # Attribute 'grid_mode' of the grid. 1=='default',2=='initialization'
  0.0000000000000000 # Attribute 'small_contrib_threshold' of the grid.
  0.5000000000000000 # Attribute 'damping_power' of the grid.
 # binID   n_entries weight   weight_sqr   abs_weight
    10   10   3.434918232634252E-001   2.635534916161442E-001   3.434918232634252E-001
    16   10   3.434918232634251E-001   2.635534916161440E-001   3.434918232634251E-001
  </DiscreteSampler_grid>
