  0.01433455413261809  0.01484817985860810  0.01515746001623634  0.01537839453789412
  0.01558017006293309  0.01577330223965757  0.01596816481540142  0.01616523945480993
  0.01635634371716389  0.01654155734101160  0.01672059785892399  0.01689173495717166
  0.01706692742406634  0.01724652278367997  0.01742116446995207  0.01758903293354411
  0.01775372179809601  0.01791940167822692  0.01808869120229293  0.01826073307273714
  0.01843545413844485  0.01861269350781921  0.01878119966856963  0.01896324043767979
  0.01914377134401109  0.01932171392507924  0.01950461964575170  0.01969092662092475
  0.01988135107397458  0.02007124575970228  0.02026411469527815  0.02046055893820531
  0.02065803532109870  0.02085271741617144  0.02104658022625789  0.02124826581880787
  0.02145637839784913  0.02165982587880424  0.02186034319477987  0.02206942556455033
  0.02228907221575578  0.02251802805325799  0.02276109327193037  0.02300841882571133
  0.02325399307039840  0.02349714918439910  0.02373950078272866  0.02398701097806582
  0.02423631148296432  0.02449590061500187  0.02477507835869360  0.02507217178071277
  0.02536186419317565  0.02565202375965493  0.02594322208393128  0.02624051126352626
  0.02655122615599094  0.02688931488886527  0.02726291176408550  0.02765018950089332
  0.02803341325366719  0.02842175925242789  0.02882398158592114  0.02923463265161198
  0.02966672911496975  0.03013905024966154  0.03063774561429188  0.03113988370647619
  0.03163233129189304  0.03212279798957544  0.03263432455056679  0.03318737751477240
  0.03376702040711987  0.03437877743376248  0.03502095301717178  0.03570562879219068
  0.03645807865796455  0.03727440859202149  0.03814339661247918  0.03911160053136954
  0.04019370726858171  0.04137682778580289  0.04264873509039156  0.04395688953699688
  0.04540029287698111  0.04718546448876423  0.04936825255093278  0.05188909367238213
  0.05448436111767913  0.05727355953699353  0.06063869667553590  0.06580631544801616
  0.07430540487033453  0.09483395826708338  0.55863745126035724  1.00000000000000000
  0.00212570270336468  0.00395389777096271  0.00444249974089531  0.00471989971944692
  0.00503308245016435  0.00534161429327279  0.00562849760771933  0.00587331979140354
  0.00607366353965334  0.00625603085963987  0.00644923957738998  0.00666543430053484
  0.00686762789066040  0.00706282615927948  0.00724931181397708  0.00745554527221866
  0.00767332366572908  0.00788842552012153  0.00809891426684923  0.00830875461860088
  0.00852366214995574  0.00875059525264091  0.00898254825176042  0.00920684044353289
  0.00941763409219388  0.00961524133986891  0.00981220738786254  0.01003095335940060
  0.01026146615659141  0.01049181287156145  0.01072679450325227  0.01096483280209551
  0.01120888800710749  0.01145470874560431  0.01170377555321004  0.01195174156594346
  0.01219946372298740  0.01244029826189260  0.01266793183491692  0.01289886189060416
  0.01313731176216102  0.01338638901187825  0.01364655416935051  0.01391278304661869
  0.01417738316691618  0.01444168675424184  0.01471215817063929  0.01500452822947861
  0.01530212616276624  0.01560219449583811  0.01590365754079946  0.01620626652351044
  0.01651398856647197  0.01682679399807073  0.01713776833996145  0.01744534653822862
  0.01775887247605426  0.01809624289990781  0.01845378402297262  0.01882905717711351
  0.01921605343047904  0.01962045298161742  0.02004043661830810  0.02047311265823750
  0.02091796923487653  0.02138242941961841  0.02186973324904006  0.02241061883282163
  0.02294743217378558  0.02352339358499492  0.02411324038395561  0.02475245819429327
  0.02541553134397500  0.02609216454896853  0.02680001881826025  0.02755916321909299
  0.02837003204288613  0.02920551511369595  0.03007927710160152  0.03104325487457842
  0.03208564316151373  0.03319485999636405  0.03438713655988065  0.03570156979110165
  0.03721824031431588  0.03889872894635676  0.04070337060175145  0.04262264561582448
  0.04486783415572335  0.04762043739457354  0.05098588009782744  0.05516556098655558
  0.06067557000606572  0.06952316207647276  0.09082629042035084  1.00000000000000000
  0.00461813079211734  0.00539064152358439  0.00587847704554826  0.00635604173464474
  0.00686851116383578  0.00740503895998231  0.00794447784942341  0.00846840611274831
  0.00896011039448363  0.00943420641923172  0.00988716075770069  0.01035826948499517
  0.01083908757857221  0.01131833098982058  0.01179371284460279  0.01222849101280452
  0.01263274929211586  0.01302986206645266  0.01343697221934231  0.01386041874421196
  0.01429072296550560  0.01470969728928113  0.01512413359182612  0.01556230621835676
  0.01603134290670006  0.01650297598241558  0.01697090152574784  0.01742410165736486
  0.01786591940660520  0.01830918136142877  0.01877124836767857  0.01925397890117362
  0.01975284234155765  0.02027185048506928  0.02081384582103695  0.02138503131558530
  0.02196694044564149  0.02252627787058637  0.02306602911924262  0.02360215907106041
  0.02413467118593459  0.02466027056126709  0.02519026917717849  0.02573055278394254
  0.02626889160316468  0.02679906081465842  0.02732907627232843  0.02785929504551299
  0.02838942850572172  0.02892043465177107  0.02946078092444002  0.03003182854066428
  0.03061628107915716  0.03119879976966413  0.03179557702596413  0.03242459729323115
  0.03307525788431030  0.03373950096345867  0.03443175383448800  0.03516554601761645
  0.03592092430567299  0.03669549224895603  0.03753892352645657  0.03844082535951305
  0.03938131486290433  0.04034576472104113  0.04131428267570012  0.04229726117139492
  0.04334252865358453  0.04452544002876642  0.04576372430032125  0.04694641681548602
  0.04812178155194147  0.04924826397758575  0.05040463770764224  0.05160499361405536
  0.05287136048512272  0.05420720560419776  0.05572500160324044  0.05738157510911176
  0.05923071743458980  0.06111894593381657  0.06297758715826858  0.06497769094613702
  0.06718310787234040  0.06986327764785674  0.07331379138700081  0.07742302939305115
  0.08201280059064456  0.08730930814443173  0.09400122950804873  0.10312501842477954
  0.11484646311682725  0.12814145527375315  0.64787306848941650  1.00000000000000000
 -0.01426673820008231  0.06525920806490733  0.10402318474390151  0.13224779333081155
  0.15426230530409826  0.17202915738167315  0.18672853765630462  0.20105451473011715
  0.21499358469250662  0.22841139640395317  0.24096717445931515  0.25260032177661118
  0.26339110307224767  0.27294915746995291  0.28177078330668931  0.29050693066144867
  0.29858197628906225  0.30595985842192036  0.31313970210625025  0.32027530226100431
  0.32698920666621240  0.33392259081863873  0.34167469808524925  0.34973634009596977
  0.35713224521733483  0.36389630015255525  0.37049985170086364  0.37701868138708200
  0.38315121552601611  0.38912306082281500  0.39498207229549898  0.40082621282044534
  0.40682061126713154  0.41287606712333158  0.41893778551659405  0.42494136887487421
  0.43069504655958507  0.43631429118639903  0.44193548861166421  0.44764101049761007
  0.45356344490872835  0.45961442032343924  0.46568774717404393  0.47166938177583717
  0.47714830475125047  0.48256965869744733  0.48780271347670973  0.49325972838274856
  0.49849952897875938  0.50357481327099873  0.50871235664633574  0.51427165352682280
  0.52020850890986814  0.52621989639491817  0.53204621323532264  0.53753245862177756
  0.54285591621692386  0.54798318119149925  0.55330777257995223  0.55851216539126891
  0.56418667166038505  0.57036541558024301  0.57664214553850623  0.58289007772439427
  0.58906682860956250  0.59523252700479778  0.60150295603040727  0.60780352015781747
  0.61389208736746759  0.61982334849328513  0.62592669012325974  0.63250537261573503
  0.63957685629447070  0.64684460474151173  0.65397686848437520  0.66116103503319412
  0.66882541635309534  0.67704219927751930  0.68575788141399963  0.69461943911311719
  0.70327022881757262  0.71181150735810650  0.72070498087588586  0.73080706285375285
  0.74189965016918180  0.75283188832396886  0.76382229473748509  0.77574476454162189
  0.78929903196603401  0.80406365369329413  0.82054852247445031  0.84081086462673305
  0.86485237844775686  0.89209152511410139  0.93236124317832014  1.00000000000000000
 -0.00248878071957752  0.00977433528149909  0.02073465231298499  0.03088254336814294
  0.04175465859541694  0.05198667487018819  0.06243065914653143  0.07293597816897816
  0.08351273315805159  0.09378474576453656  0.10325274994257642  0.11317362673783211
  0.12294760426743830  0.13339405501211843  0.14355452514771602  0.15333077174225840
  0.16292807726261604  0.17271770168768269  0.18216343554953299  0.19185872321165984
  0.20169662494723598  0.21174152672995711  0.22202201216262141  0.23265347532685110
  0.24364390428989927  0.25471545446446742  0.26563963771433935  0.27679475528988140
  0.28805122555576829  0.29891803357841296  0.30939801236965969  0.31970150925736895
  0.32961766692211864  0.33937849713865054  0.34946289074620229  0.35989077159648902
  0.36999139716089491  0.37944850739490976  0.38891668936435897  0.39860985828108525
  0.40827319848573690  0.41757519485335776  0.42714770701707816  0.43711781801379485
  0.44755560781198461  0.45805880354310990  0.46906286497700062  0.48013430283124897
  0.49107028980890094  0.50222267463955605  0.51336440728531829  0.52385823314969182
  0.53370164648906970  0.54364816990795239  0.55399177251718423  0.56491690566870656
  0.57618610290229499  0.58769214972118256  0.59885925660847195  0.60880649035746648
  0.61800963297489220  0.62780007337996713  0.63777671023486893  0.64741016798810569
  0.65649377158859312  0.66587268627456442  0.67681627756790885  0.68939489838015777
  0.70147833884692290  0.71308378043169673  0.72427668996202843  0.73545957615065372
  0.74645193995284842  0.75709045398716424  0.76736575261429107  0.77767593695095061
  0.78855725863107018  0.79978988313956612  0.81075698154018394  0.82133723217057730
  0.83186800841739150  0.84302736750701746  0.85433112528163346  0.86548829914989767
  0.87636234670770330  0.88727657767756352  0.89830286221766942  0.90965355208747933
  0.92117552495807264  0.93192654825419707  0.94231220990406017  0.95273266243963461
  0.96381374128788844  0.97562877901029321  0.98729432664165473  1.00000000000000000
 -0.00207803299823835  0.00842698960924873  0.01712205237052272  0.02658132194945835
  0.03644674447486659  0.04689144904622368  0.05795305306465393  0.06926643746722182
  0.08077150985300016  0.09192246281673612  0.10237710452911830  0.11225231616210699
  0.12267370012313709  0.13275434836975067  0.14320237521816573  0.15378926678685437
  0.16538357291182612  0.17816735047130064  0.19073834002509363  0.20154550782425784
  0.21171724276369069  0.22179684997620758  0.23199671715643325  0.24223594288895095
  0.25262049610383525  0.26302849274761309  0.27339099634668562  0.28388214341123330
  0.29415328669220708  0.30399178817783562  0.31385691995429799  0.32412724924794850
  0.33504263504591886  0.34610019851020057  0.35698300147580792  0.36746545357029009
  0.37765292761953384  0.38768658890157220  0.39797060863767159  0.40914232787394411
  0.42068064781434733  0.43179970716485416  0.44205615868531067  0.45225570700100359
  0.46255346523777058  0.47299932222763169  0.48356894171695231  0.49382376607227163
  0.50472538136908929  0.51571286171524444  0.52648270974280476  0.53660515974251510
  0.54658860230938278  0.55683733718178741  0.56764600857785796  0.57906662382519336
  0.59093075215317281  0.60283264941277359  0.61421845725129298  0.62494661649283634
  0.63499828987678519  0.64513109686299486  0.65623272780509145  0.66770329494000757
  0.67830093023131888  0.68839207836322724  0.69866647332135379  0.70885058361107167
  0.71888169728869189  0.72902274525772293  0.73916703204799150  0.74921153905906901
  0.75916922625259886  0.76932011858312721  0.77954639887124544  0.78917501366687193
  0.79890029139058549  0.80878494536472412  0.81908263633235212  0.82958844896479700
  0.84005500583937665  0.85045529553491506  0.86113740676846895  0.87150293966660397
  0.88176460025237036  0.89186464707023494  0.90219150657866864  0.91200056382561201
  0.92272608700828418  0.93294327912477581  0.94442138426933753  0.95599349605530293
  0.96732755743674281  0.97857844377729430  0.98924202709069053  1.00000000000000000
  0.01720223409583802  0.02843209012186666  0.03306990466543634  0.03622539671272056
  0.03888674018617791  0.04126219317236387  0.04327434786392739  0.04500279469147625
  0.04660751236761063  0.04811396093685183  0.04952058572591821  0.05088805514531098
  0.05222865989058995  0.05353617660768295  0.05481683855058609  0.05610746157900934
  0.05745242188249633  0.05877397488438273  0.06001526599579256  0.06122103224041152
  0.06240496904955860  0.06354581894013953  0.06467653883578053  0.06581259756275785
  0.06695745573909054  0.06812122881467095  0.06931683166829813  0.07055673831610618
  0.07180340727704308  0.07302639829528308  0.07420266734680811  0.07535443610032558
  0.07649062451427942  0.07756769403349299  0.07863708906241934  0.07972545992656262
  0.08087591515795776  0.08206490409446780  0.08328385770526489  0.08451706097247133
  0.08575549908144821  0.08699175802643336  0.08821730462103178  0.08944608902469176
  0.09067423665905228  0.09190328557646059  0.09311974693218414  0.09429964196748682
  0.09546721208806000  0.09665061011380437  0.09783949495510748  0.09904221727189018
  0.10028898093686793  0.10154991172658796  0.10280094156113480  0.10407333055475233
  0.10539701861038517  0.10682542303795051  0.10818955263309404  0.10969719143116291
  0.11124438289108973  0.11277137178488622  0.11443535016035167  0.11633839191504478
  0.11824595741880294  0.12011001378220364  0.12188129055359845  0.12362460045891055
  0.12535939539774871  0.12702250063609058  0.12876283158362714  0.13055559547102155
  0.13248478788607909  0.13462471169000736  0.13689038225474179  0.13925107878364767
  0.14175474447461556  0.14455775062226534  0.14759008883435956  0.15059906447572108
  0.15336258260672647  0.15580000816653591  0.15831521846615612  0.16074892063813823
  0.16287252754103759  0.16606349783290475  0.16967524375875973  0.17378246383242954
  0.17857817997621489  0.18413999477457160  0.18961889057291126  0.19364469664207251
  0.19844834115550833  0.20748111503304320  0.23050130817561271  1.00000000000000000
 -0.00225223877768069  0.00843614638628394  0.01847731932131538  0.02736098313788372
  0.03630502587624738  0.04572393289245327  0.05529266816058581  0.06512478919235902
  0.07452233948076893  0.08400786437899428  0.09327004035198594  0.10241782856009961
  0.11131487586036579  0.11979954755271663  0.12775276177598413  0.13547037697669581
  0.14350753312772785  0.15184369229270051  0.16041209413370625  0.16925701001271140
  0.17812136002931242  0.18679478531412325  0.19589010039023083  0.20535508181457346
  0.21541642454303331  0.22576276658505065  0.23586832658508033  0.24548656376497480
  0.25487150190352609  0.26448525583980231  0.27492277837232049  0.28548292021438054
  0.29642451472672615  0.30744625363974520  0.31933312497092942  0.33210588696953008
  0.34536316411242590  0.35875010269668134  0.37181888987800499  0.38500594125735399
  0.39872516864870633  0.41293015955168111  0.42710668863580858  0.44095706368793752
  0.45484467595679917  0.46967364536362793  0.48471243646459983  0.49802185655557407
  0.51062158544239356  0.52380678179467566  0.53798158591518663  0.55222696592285103
  0.56581796793123906  0.57919183742090641  0.59198253629721642  0.60459164914121011
  0.61744988323282124  0.62969128049294198  0.64090718208578212  0.65198647119901343
  0.66404050135043591  0.67620036546156548  0.68745842481604336  0.69767241989071360
  0.70762506525199931  0.71791838755254711  0.72882138629453708  0.73981970810472530
  0.75006728934643818  0.75958453106903823  0.76876203885120153  0.77806001056439922
  0.78758719153515189  0.79679297046272790  0.80568301450746083  0.81490209977373851
  0.82450590262747514  0.83403655205673233  0.84292427677823289  0.85120776647391105
  0.85983929660487413  0.86927062210005235  0.87908331913961879  0.88917963585425319
  0.89911317609764163  0.90901900036812111  0.91848962254401445  0.92820594705763471
  0.93786458200572242  0.94719304251499226  0.95638117124488153  0.96530239030349174
  0.97410507360395659  0.98269858661297815  0.99140487370310604  1.00000000000000000
  0.08490935195280562  0.31425286927183016  0.37492557582060143  0.40529077588689155
  0.42708060787284596  0.44512756143413656  0.45971662853049350  0.47133773163455273
  0.48261139402612385  0.49286515624860050  0.50181723333018913  0.51025977865539807
  0.51874709000845987  0.52694065542216018  0.53463237868825808  0.54168573603151560
  0.54830277376993120  0.55451334376379091  0.56044700245690149  0.56610847225935490
  0.57139115192889633  0.57644910278906025  0.58127925220666332  0.58595981018828591
  0.59059413056373955  0.59510840705338985  0.59951456986972707  0.60383448999339684
  0.60812074064312138  0.61231258907302855  0.61661167912065984  0.62064842856397551
  0.62480161862879147  0.62841977339495081  0.63191666001155244  0.63538612550881857
  0.63881636919562523  0.64229911523847805  0.64569197232649389  0.64888030348491432
  0.65193437779329999  0.65505771213803876  0.65828453391710728  0.66156414513356143
  0.66478091138973483  0.66787494139712256  0.67091346991912759  0.67393692694495033
  0.67698203303814974  0.68002718547649643  0.68299874373772995  0.68596825306496545
  0.68900496496666408  0.69208875693823257  0.69510963496559131  0.69803770607348381
  0.70100671202759335  0.70392604061881936  0.70700567833928196  0.71020424857039710
  0.71335057493556187  0.71641513299215653  0.71952254897692070  0.72269574745121046
  0.72590289717713152  0.72918754874801328  0.73233054249528240  0.73539922089759069
  0.73855083985095349  0.74182314560248230  0.74516872146038826  0.74851259223981792
  0.75176890274698605  0.75498533312718008  0.75838306695243829  0.76201294060231739
  0.76583482560016503  0.76966871712982010  0.77338176157576388  0.77714785969625511
  0.78105298188198780  0.78500699098768001  0.78904800977842848  0.79332425980257093
  0.79788244314490597  0.80255565405970408  0.80732756237786618  0.81244216362278276
  0.81829427130109333  0.82474804729375228  0.83162634876403130  0.83941174482819914
  0.84894370127208951  0.86246022604594708  0.88614274838121121  1.00000000000000000
 -0.03700977076827750  0.16623103986582177  0.21162274129205258  0.23698997031045385
  0.25480114142574245  0.27036277478539267  0.28368630299562680  0.29504761661753837
  0.30486228428384582  0.31367796971875944  0.32184817375294489  0.32970718100433888
  0.33706930363157211  0.34412117795234543  0.35045592122928060  0.35666240582442116
  0.36244546101260144  0.36809206771272923  0.37379079950568855  0.37913634850682182
  0.38436630935843413  0.38958709096995570  0.39450198729685071  0.39948760024417007
  0.40411100654161181  0.40894708846775940  0.41368329075824273  0.41839379322830028
  0.42293343548857992  0.42745224988864750  0.43208266184436872  0.43663738397788826
  0.44086483820439232  0.44483384732384113  0.44872822672182877  0.45272026696735357
  0.45675087270394216  0.46067302554035827  0.46445800169770374  0.46821019348077308
  0.47198964794616965  0.47582270527258308  0.47971156973750395  0.48356684295536828
  0.48736241077545600  0.49106093091938224  0.49462697176858167  0.49812682312169204
  0.50172554668253655  0.50539611733169842  0.50917398694894744  0.51315654124311416
  0.51708992425776013  0.52112411376413259  0.52506375349089984  0.52902491611736646
  0.53305733637876329  0.53713323587988770  0.54130038347330622  0.54547389126157542
  0.54947663577832884  0.55341178586399675  0.55726556193010435  0.56125175350056089
  0.56543579214888295  0.56979013364948550  0.57420687504634116  0.57843743494430455
  0.58267060019569206  0.58705889349910290  0.59148196018264199  0.59589361363965432
  0.60013473073692969  0.60464747347105241  0.60953779409729580  0.61463600699799503
  0.61975274146620152  0.62501703205575998  0.63064314908982000  0.63637001474591226
  0.64210974192047066  0.64844856478410029  0.65546727321242682  0.66280322692424631
  0.67071563893129105  0.67904121632119452  0.68775240366668522  0.69700383302597124
  0.70685575818055812  0.71793635312539916  0.73094049957345930  0.74634228097309185
  0.76355466577694142  0.78776652393523316  0.83401473024272754  1.00000000000000000
   6.1627498771242942E-013  -1.0000000000000000     
 F F F F F F F F F F F F F F F F F F F F F F F F F F F F F F F F F F F F F F F F F F F F F F F F F F F F F F F F F F F F F F F F F F F F F F F F F F F F F F F F F F F F F F F F F F F F F F F F F F F F F F F F F F F F F F F F F F F F F F F F F F F F F F F F
  <DiscreteSampler_grid>
  grouped_processes
  1 # 1 for a reference and 2 for a running grid.
  10 # Attribute 'min_bin_probing_points' of the grid.
  1 # Attribute 'grid_mode' of the grid. 1=='default',2=='initialization'
  0.0000000000000000 # Attribute 'small_contrib_threshold' of the grid.
  0.5000000000000000 # Attribute 'damping_power' of the grid.
 # binID   n_entries weight   weight_sqr   abs_weight
    10   10   6.390191750521142E-002   1.097504702221990E-002   6.390191750521142E-002
    16   10   6.390191750521142E-002   1.097504702221990E-002   6.390191750521142E-002
    22   10   6.390191750521142E-002   1.097504702221990E-002   6.390191750521142E-002
    28   10   6.390191750521139E-002   1.097504702221989E-002   6.390191750521139E-002
  </DiscreteSampler_grid>
