  0.01432121792495380  0.01480834679898540  0.01513739530467154  0.01533560942256087
  0.01554187930726684  0.01571480228049862  0.01588076603272281  0.01603990550674637
  0.01620019036953797  0.01635773205628890  0.01650068909957714  0.01664576401670297
  0.01679258054387510  0.01693406320977557  0.01709775457424718  0.01725517003126882
  0.01740327795230843  0.01754349021643229  0.01768231420025538  0.01782139080515378
  0.01796043484100500  0.01810430622394367  0.01825535184957390  0.01840183814143798
  0.01855214517645160  0.01869596204015211  0.01883438646591121  0.01897343286088561
  0.01911754221477984  0.01926584473010965  0.01942388407815708  0.01957400807822009
  0.01972359126813502  0.01987069818804033  0.02002349901478622  0.02018241651612120
  0.02034358897308015  0.02050294197779287  0.02064862435596194  0.02078565839743436
  0.02092822665274057  0.02107815686839699  0.02124296165542377  0.02141212020093812
  0.02158665206012186  0.02176776716039871  0.02195556322751207  0.02214318891109091
  0.02233405895747110  0.02253674998011493  0.02274647413544911  0.02296470240716992
  0.02316881219740535  0.02337829678039745  0.02359921218451293  0.02383796328547356
  0.02408248474787183  0.02433588522192657  0.02458564123958851  0.02484540619924897
  0.02510071308771555  0.02535291597771917  0.02560513443249118  0.02586612983048144
  0.02614117981395005  0.02641973021651075  0.02671723557768663  0.02703567661260853
  0.02738738595128321  0.02781172056909049  0.02823263409976705  0.02867765423634215
  0.02913737395651692  0.02961285296987216  0.03012465615347864  0.03066925176600804
  0.03127604318593674  0.03190410150876892  0.03252736856295393  0.03316936976023512
  0.03381107746287101  0.03451484574514155  0.03535016337419101  0.03641885078588119
  0.03772762496352605  0.03919859405812515  0.04085328774282389  0.04275310531297705
  0.04533966336894767  0.04872425601112141  0.05324722184076771  0.06016001405661986
  0.07262583948691012  0.09654052026682726  0.61260042829494610  1.00000000000000000
  0.01815478521283757  0.02587641299959397  0.02920633417209073  0.03158190551525254
  0.03358407688692368  0.03518747223803125  0.03653198919184739  0.03777908865506850
  0.03902518909121956  0.04031273267438325  0.04156272908316084  0.04273839482464199
  0.04392124530626837  0.04513833323073330  0.04634597776613894  0.04744511831626239
  0.04846042903211452  0.04947513729645132  0.05038624350059947  0.05131732051734494
  0.05223378887421266  0.05316412593874913  0.05408078354313695  0.05490729803730909
  0.05572127426142521  0.05657706258702946  0.05745409145186182  0.05835079362855527
  0.05918561744927445  0.05999695828084500  0.06083512658680167  0.06174226326410773
  0.06262939087240017  0.06356977457655964  0.06455753679705831  0.06560788508177513
  0.06672189567462881  0.06792299029770468  0.06909119740245408  0.07017436325418441
  0.07120426765133646  0.07224416563696841  0.07329856185330477  0.07436357909823148
  0.07540068450176554  0.07639810518588899  0.07742301359641238  0.07846000854759233
  0.07948370467598093  0.08051509014526126  0.08159280563095236  0.08276463555847940
  0.08398663666021965  0.08521895572411635  0.08648031618393520  0.08783574212601154
  0.08926998052127051  0.09073044094036053  0.09222616916439105  0.09375264737644065
  0.09520869177222840  0.09658272138772850  0.09808991130417058  0.09967958868963904
  0.10136978931680561  0.10312193005390900  0.10490708283002999  0.10690761851905575
  0.10916253958960495  0.11178480670470438  0.11469152398333350  0.11731848477937405
  0.11972477948080373  0.12199062025457121  0.12419856825818196  0.12644753082638849
  0.12900939982504120  0.13202798969023391  0.13526849314392492  0.13859882822824365
  0.14198131922850285  0.14557712814100848  0.14943126239949914  0.15361387246579408
  0.15830612611927661  0.16340827579121420  0.16910951779083638  0.17567726993607904
  0.18319194339970046  0.19145983569554922  0.19990228290315046  0.21159033652902345
  0.23942628855375597  0.37174897559875281  0.74294181247809432  1.00000000000000000
  0.00129711159551633  0.00721189221476295  0.00869734248948633  0.00967655300834324
  0.01052535628713334  0.01130153803640344  0.01202958655783410  0.01266735132419681
  0.01325811540352871  0.01383974551532855  0.01440396389915933  0.01492916541310721
  0.01544166320189749  0.01595510973383693  0.01652409314807845  0.01713384546077157
  0.01768579078590458  0.01819173891655685  0.01866048899953740  0.01910948919360045
  0.01956089337395317  0.02002625619894125  0.02050258660016522  0.02097540186027276
  0.02143282505913066  0.02189144200575819  0.02236382438854808  0.02284291602320658
  0.02334505419714374  0.02386958654701666  0.02436988081422039  0.02482286059405635
  0.02527263573256261  0.02573754480619692  0.02621595964722889  0.02669600479481265
  0.02718793695282107  0.02768731887491477  0.02818369281812706  0.02874458078512207
  0.02931974778798530  0.02987602824052234  0.03042063885650203  0.03097178115232428
  0.03153917805348755  0.03213461546127760  0.03274226696322054  0.03323111638649325
  0.03365510260694132  0.03409868926240264  0.03455239058239305  0.03501679393898807
  0.03549874227158965  0.03598616789576854  0.03648299967476225  0.03701469172240317
  0.03756847681619703  0.03811739348472652  0.03874967531635864  0.03948932407801539
  0.04023509803275144  0.04104736273177351  0.04194833117359625  0.04293456402651158
  0.04398452057930255  0.04507437920004365  0.04616878244558235  0.04724768690144298
  0.04833203457120542  0.04941729504124468  0.05056464818363905  0.05173455811388097
  0.05288395172784922  0.05407485934942768  0.05535617167658322  0.05661481359953623
  0.05799146506865346  0.05948675493536328  0.06107910295086069  0.06281723365009963
  0.06479926853566095  0.06703268463883369  0.06941243078660815  0.07198227729468772
  0.07470871062747944  0.07784746246926610  0.08124111889633787  0.08505109456923245
  0.08927582520807600  0.09402434083973039  0.10036636967904779  0.10841311240276964
  0.11924913362032059  0.13850137291944528  0.18794916798180666  1.00000000000000000
 -0.00980907641748149  0.05024357038424811  0.08499650379801559  0.11233169436843236
  0.13572298103545732  0.15681992094861960  0.17438863086332188  0.18861594756466335
  0.20144586446209345  0.21312509940836660  0.22382824593094042  0.23495891691211568
  0.24687254973246939  0.25892135673110550  0.27015858852150826  0.27997731151472127
  0.28895537949302363  0.29770747838239675  0.30599757357964524  0.31397322806204969
  0.32154722408270969  0.32892481635394821  0.33653354519132606  0.34444363663442079
  0.35230972905600416  0.36007149985339021  0.36808544036380031  0.37632381716468166
  0.38468868595723071  0.39302469650130889  0.40074679672619956  0.40798019282878872
  0.41503253593889905  0.42187872489783668  0.42831164138601685  0.43459064972738737
  0.44105229302239551  0.44750696980256416  0.45380812545305937  0.46017608236750757
  0.46662568549207500  0.47283989984587066  0.47889602648521395  0.48446955871802372
  0.48993922037452126  0.49522586504507665  0.50042422301831579  0.50557431975135336
  0.51105539368454100  0.51654624657987347  0.52183054091063996  0.52700856287484132
  0.53227180560515952  0.53752434632576829  0.54285912564917405  0.54875392442854420
  0.55488520205116898  0.56096659362602341  0.56727291268446212  0.57351120265396460
  0.57975444339947912  0.58565237817018956  0.59188763419667589  0.59851089260813894
  0.60533858996363332  0.61204443905203776  0.61857583980460296  0.62528375144576953
  0.63237297270963333  0.63984173485319573  0.64758774156704368  0.65546559621195000
  0.66372409012660427  0.67268252564712128  0.68228667066760829  0.69044601381470805
  0.69776738978871344  0.70583349555378105  0.71402141263017627  0.72257219912890613
  0.73084859500568389  0.73926016452295318  0.74762180406179080  0.75705859391893970
  0.76734906701085781  0.77786442851411552  0.78927709332008911  0.80278706166888048
  0.81800004994907238  0.83504151808952820  0.85296462646077043  0.87129120984938169
  0.89085387323119347  0.91481809019573979  0.95220895235771086  1.00000000000000000
 -0.00248931084456164  0.00956982502695634  0.01975085003261059  0.03055860987980112
  0.04141301233894745  0.05168345220402121  0.06300169423729415  0.07502203217506287
  0.08732572790101815  0.09881372858938195  0.10964580567577589  0.11929499619268893
  0.12914626617023484  0.13938324676931585  0.15070427475132167  0.16271631789098431
  0.17341726603202962  0.18334323274461137  0.19318988105885992  0.20276597594981721
  0.21247457847762552  0.22236198246052422  0.23197993137181483  0.24093597377285031
  0.24963669724507148  0.25874091972199359  0.26785860589858740  0.27592056440129120
  0.28393806639057867  0.29242126202916213  0.30163318483643209  0.31081438810267659
  0.31957064572413568  0.32805526884246261  0.33745453884786653  0.34833295594974351
  0.35889158426550755  0.36903709898573067  0.37957129368112580  0.39066335730036439
  0.40177742984298964  0.41294626169495180  0.42430504831706933  0.43581511029229775
  0.44730812797970521  0.45868199579139424  0.46963712860072437  0.48072400316597436
  0.49224316786952238  0.50291965304235309  0.51267891011447286  0.52273430990680114
  0.53381043054525923  0.54480044182324239  0.55493387242088443  0.56507961168911058
  0.57535797663447263  0.58582705416173586  0.59654722965862683  0.60706484847337583
  0.61754952922193029  0.62865072042455095  0.64116868438700547  0.65426960320826544
  0.66641964786347130  0.68029602488765128  0.69336121527900452  0.70541818228241138
  0.71543403963795660  0.72404365593970155  0.73344981938474629  0.74394771920285219
  0.75511694559473674  0.76551408460504977  0.77512714220620504  0.78495186107266735
  0.79506446774925010  0.80485405614985195  0.81393136934907795  0.82258433072766268
  0.83170604385150282  0.84219142839358896  0.85343658486764096  0.86451410281202290
  0.87521025258897855  0.88588042990599136  0.89667051325581459  0.90755694627845951
  0.91888869374687365  0.93131764433952169  0.94449853911738813  0.95703814904719209
  0.96801029188032506  0.97870792238926274  0.98932579569860213  1.00000000000000000
 -0.01410406289302158  0.08001782994557641  0.12253987558508282  0.15815793994582644
  0.18897943247352980  0.21383352232852815  0.23190639206791575  0.24524476875648751
  0.25700665236599296  0.26879468179446991  0.28001757374339553  0.29076096984074828
  0.30071013773066912  0.30987248977887583  0.31844338372335917  0.32680562184131695
  0.33468687472080827  0.34172396355331586  0.34836611059163508  0.35463278366164985
  0.36093598812762112  0.36718105567357717  0.37354816895928017  0.38003838347787172
  0.38641763753960001  0.39251014184014760  0.39805268989927878  0.40299704178462559
  0.40753743289343614  0.41186570645741927  0.41623612229383955  0.42062201864859544
  0.42484005584844348  0.42898801000268416  0.43307841945527437  0.43716522567262212
  0.44170352761318177  0.44604226539419856  0.45037180734339188  0.45430277289719528
  0.45868106204340053  0.46370208264874690  0.46891872943853974  0.47404890113043840
  0.47925279938739629  0.48491954483664557  0.49061958039195624  0.49618431760428361
  0.50138874249749221  0.50582055985609353  0.51021178553088953  0.51489335663753588
  0.51951935902747348  0.52397632515229053  0.52836702805287072  0.53292989960190951
  0.53747884345442953  0.54197393516657277  0.54602610132998008  0.54992369881909497
  0.55362367400821288  0.55744157170564368  0.56121788118572802  0.56577861391511208
  0.57054818052585654  0.57507353347125556  0.57942090232061960  0.58377723935153958
  0.58833684120904362  0.59297309827840683  0.59790366234103143  0.60314796172971041
  0.60937377190513864  0.61626400811979831  0.62288243471613758  0.62954851490012997
  0.63602557189332232  0.64236017426801417  0.64872855172536437  0.65531722990402919
  0.66231640827658855  0.67009839494924506  0.67852508455281058  0.68705336053091137
  0.69600999838895106  0.70516534593170621  0.71423174908862641  0.72396112370251298
  0.73521373897986064  0.74802965808856126  0.76135349782203765  0.77839964592813948
  0.80298447130605966  0.83647569718384363  0.88420927629225976  1.00000000000000000
 -0.00202553666648297  0.00850832653062614  0.01682501396720604  0.02611529009706350
  0.03585719981391516  0.04536752092269133  0.05411109829698774  0.06316589080606975
  0.07455164366370536  0.08590584652327350  0.09695322479193334  0.10793771354797409
  0.11818904787211632  0.12836408323207080  0.13863750275220038  0.14957323328358929
  0.16059468903974208  0.17158906809462532  0.18246958227846924  0.19238655737393348
  0.20190787777901778  0.21175666085167602  0.22315116503163887  0.23593549791244939
  0.24850853973594103  0.26027682836467975  0.27276045071703581  0.28555760849124662
  0.29683466797612235  0.30682741877176162  0.31637945427882658  0.32611699594004606
  0.33622483271093956  0.34640817617145542  0.35743234226875487  0.36972500127161678
  0.38174479471501088  0.39308363086931003  0.40468179043427122  0.41679785331559549
  0.42927026488463604  0.44135116271393937  0.45440414025172776  0.46621829736352077
  0.47725172109849429  0.48824079801418840  0.49921995210288855  0.50984766481983124
  0.52014509001487264  0.53003777607328517  0.54030631074755209  0.55153033522633677
  0.56322296506365910  0.57394179262979339  0.58338551323392884  0.59222169473318842
  0.60112673694620555  0.61052939363707603  0.62059269421794061  0.63080047541851358
  0.64079347602750891  0.65047489424344118  0.65944736754829636  0.66792450166420592
  0.67634084606462697  0.68490703366834238  0.69379909393769978  0.70256081354491429
  0.71218739943003351  0.72267795737224283  0.73269149715467397  0.74227111340359386
  0.75167898137687750  0.76133879201105970  0.77128523810650707  0.78203378536350421
  0.79308490688705680  0.80312398082731540  0.81352731953318780  0.82397365402019318
  0.83452768677364186  0.84473732338390473  0.85537483612019449  0.86691253239565391
  0.87872793048934461  0.89008372002571678  0.90100600726178515  0.91163086679479621
  0.92258914411023951  0.93349110029034799  0.94417450609892373  0.95467839880724270
  0.96525474680117096  0.97618615934124064  0.98787604182951916  1.00000000000000000
 -0.00149812389947489  0.00664427992322212  0.01425393463696163  0.02254860914842498
  0.03157701924036639  0.04182957114894506  0.05408424733614842  0.06657603308262693
  0.07803809958114469  0.08882574278025747  0.09952174198441907  0.10999571551028464
  0.12053727727179986  0.13100800484119932  0.14154844953328843  0.15262383332300572
  0.16450844623236996  0.17696981998410888  0.18984450697563399  0.20368937082995275
  0.21713409562361474  0.22964027296256434  0.24183902557802392  0.25305726036075371
  0.26332499382190194  0.27338412442272975  0.28450154799084659  0.29619494155982540
  0.30865989504147789  0.31920616856511824  0.32938981309911486  0.33996369850601438
  0.35065258538972294  0.35982420884984107  0.36849187807656375  0.37775086504048633
  0.38851425807815104  0.39928952726394967  0.40926460999413677  0.41876084068371916
  0.42836546786142865  0.43809006904913689  0.44818127620467335  0.45822868948175527
  0.46859175549524751  0.47956762741986086  0.49115151011767277  0.50294153735422598
  0.51435297097251631  0.52519608392213757  0.53509865475257412  0.54402282589029893
  0.55213544794451119  0.56111590474826734  0.57064869380401595  0.58033636430513180
  0.58907307044723434  0.59756519664275720  0.60684821056521421  0.61791727985503764
  0.62919063931388697  0.64051184376681936  0.65158215193973434  0.66250443873197795
  0.67334799548273749  0.68354457639849364  0.69265907192735143  0.70114857655162099
  0.70989221530378199  0.71866436024965330  0.72732969866397668  0.73616631503538399
  0.74534001891561730  0.75528861463660757  0.76570150620030741  0.77594000659283002
  0.78648103091695198  0.79761012286035604  0.80879734115481217  0.81973857014026763
  0.83047321204305713  0.84172609345361682  0.85425531229349638  0.86776800627533213
  0.88142256467959856  0.89264601827860679  0.90414166351071912  0.91532571645410676
  0.92494591752971855  0.93437536787820630  0.94393251296303249  0.95416262893558812
  0.96453382312050440  0.97454095656874895  0.98507299252723890  1.00000000000000000
  0.06686833649746826  0.26526877341414179  0.32806170532736795  0.36890426179129293
  0.39555410907741445  0.41586620166522981  0.43187477777903727  0.44607976621288081
  0.45978450956425021  0.47300163779829058  0.48491263266396978  0.49467148682383616
  0.50329720537026512  0.51056759769306892  0.51750023632810915  0.52330055336100612
  0.52898899134767607  0.53486758260824119  0.54114531023800982  0.54740963069538517
  0.55329733507442103  0.55892180175803852  0.56414196244195802  0.56937980391734810
  0.57466966314074674  0.57979225609658314  0.58444898196860873  0.58877358737654584
  0.59294840816302696  0.59702763113793489  0.60104513645296420  0.60494834543688358
  0.60881948971829769  0.61268589706773746  0.61645520116961305  0.62001182174937097
  0.62345359132298250  0.62702237234995695  0.63063102872341414  0.63411934775820455
  0.63740619035158830  0.64083218517315688  0.64427517762125597  0.64754049667940672
  0.65077938555556314  0.65404385326525249  0.65736142628380834  0.66070744097544276
  0.66400490747424779  0.66732084285418325  0.67074592706385749  0.67431007137234733
  0.67794493690998725  0.68161777933668899  0.68509746132211902  0.68832510224853616
  0.69139184723574709  0.69454256826395722  0.69788545925264855  0.70123543249814002
  0.70451181855176903  0.70779352835972675  0.71114850380910688  0.71454992653632488
  0.71788694115862717  0.72113293439211790  0.72465373540217692  0.72821147257309371
  0.73168693906663473  0.73510122306552927  0.73862519452227360  0.74220586646866094
  0.74584054470598737  0.74954371832771938  0.75327834677937822  0.75709491872144674
  0.76104244824587497  0.76515160894193412  0.76937138033856634  0.77390752021101927
  0.77850429107226027  0.78309293989344186  0.78762637289482884  0.79245837092054439
  0.79732874253036035  0.80279786671867337  0.80828041297617714  0.81441864429082655
  0.82115018020035624  0.82843021819560425  0.83633355348657756  0.84529933280922043
  0.85699962032711396  0.87226453123302217  0.89584747322796776  1.00000000000000000
 -0.03260060420784188  0.15918142707871363  0.20094239326846050  0.22618611920059317
  0.24483789552869956  0.25946615891091368  0.27218626470536611  0.28379045086404864
  0.29403786704823598  0.30313755377125801  0.31179263204790242  0.32029710131384959
  0.32844056015966533  0.33581478682314481  0.34253970547739110  0.34895312808351492
  0.35514835594593663  0.36082469574626980  0.36662058758822391  0.37227849067957475
  0.37826693854380167  0.38406805265045207  0.38968926313372448  0.39512564723196431
  0.40046765039922294  0.40562229094607222  0.41035031877065403  0.41441339944002598
  0.41876145031525519  0.42363093651831835  0.42840068361999700  0.43324069301576673
  0.43819306509160394  0.44285761463519158  0.44720818315298355  0.45150841639869449
  0.45589859783757369  0.46031010743583184  0.46469086163126683  0.46916711890626872
  0.47368016831261844  0.47828596029577175  0.48285006834087990  0.48757814227329604
  0.49235422928955647  0.49701362877195682  0.50139620787328198  0.50546554227315343
  0.50938068479427867  0.51325608940446754  0.51720109005889514  0.52100269339521221
  0.52449992684494173  0.52806186974135327  0.53163237563082133  0.53516493545176458
  0.53877011918080908  0.54236365422683797  0.54618313676136832  0.55029216066827102
  0.55427238280797952  0.55816548853035719  0.56200128259143201  0.56567232740671958
  0.56911393777895702  0.57238899115453645  0.57569215785670425  0.57918911710124776
  0.58300433256229078  0.58722675508586797  0.59155388943379283  0.59595205056466938
  0.60040235226976246  0.60489106012873317  0.60935168175481436  0.61381128466931867
  0.61845399037909343  0.62340775425088957  0.62879301692122769  0.63453600727036230
  0.64045384439425634  0.64661740701089099  0.65339613644210526  0.66030152689042987
  0.66756555116162464  0.67516485107378921  0.68323896887968971  0.69175277981736483
  0.70103876906037266  0.71210665436864129  0.72648922332126509  0.74396337990856376
  0.76526099173485984  0.79327626865990131  0.84054401128670364  1.00000000000000000
   1.1491055793773313E-013  -1.0000000000000000     
 T T T T T T T T T T T T T T T T T T T T T T T T T T T T T T T T T T T T T T T T T T T T T T T T T T T T T T T T T T T T T T T T F F F F F F F F F F F F F F F F F F F F F F F F F F F F F F F F F F F F F F F F F F F F F F F F F F F F F F F F F F F F F F F F
  <DiscreteSampler_grid>
  grouped_processes
  1 # 1 for a reference and 2 for a running grid.
  10 # Attribute 'min_bin_probing_points' of the grid.
  1 # Attribute 'grid_mode' of the grid. 1=='default',2=='initialization'
  0.0000000000000000 # Attribute 'small_contrib_threshold' of the grid.
  0.5000000000000000 # Attribute 'damping_power' of the grid.
 # binID   n_entries weight   weight_sqr   abs_weight
    10   10   6.374856539901374E-003   9.218763336766417E-005   6.374856539901374E-003
    16   10   6.374856539901370E-003   9.218763336766415E-005   6.374856539901370E-003
    22   10   6.374856539901370E-003   9.218763336766412E-005   6.374856539901370E-003
    28   10   6.374856539901370E-003   9.218763336766409E-005   6.374856539901370E-003
  </DiscreteSampler_grid>
