  0.01398144313390564  0.01492632212722161  0.01545343879822112  0.01585205637787237
  0.01619408452278921  0.01650819553042430  0.01681462374847033  0.01711042384522039
  0.01739207768844592  0.01766011491466707  0.01792508207676770  0.01818768299367035
  0.01845789940474475  0.01872617438451370  0.01898241544563089  0.01923644040100548
  0.01949580751323552  0.01975938323210277  0.02002505011976199  0.02028172600928074
  0.02052865711476965  0.02077242861010546  0.02102158453986815  0.02128422120128733
  0.02155049137886020  0.02181839329505032  0.02209276102846097  0.02236715327443543
  0.02265578277854641  0.02295023863275257  0.02324685317847062  0.02355055206628081
  0.02384285352293085  0.02413553319785679  0.02442341155855731  0.02471217318994850
  0.02500614081970544  0.02530202900032337  0.02559680963929138  0.02588967366687207
  0.02618384823193586  0.02648318262971203  0.02679226738650815  0.02711442163953900
  0.02743842689191173  0.02776408012755933  0.02809539432430394  0.02843845797516604
  0.02880039088362401  0.02917536242539756  0.02955674791434129  0.02997599172942210
  0.03043191230180255  0.03090355115265609  0.03137096617128805  0.03184180251115067
  0.03232370125991253  0.03281124758241653  0.03330913331988476  0.03381728548670351
  0.03433524080307786  0.03486120223097880  0.03539774818267472  0.03597480829447007
  0.03658942090788401  0.03720347418293282  0.03781939963775546  0.03844106921015853
  0.03909405156073800  0.03974914814191188  0.04049842873769380  0.04129557582119889
  0.04217266003737871  0.04311882230308191  0.04413568763843458  0.04512435702438428
  0.04615371605719977  0.04729165509535416  0.04858182894255150  0.05001868979142530
  0.05156504154736018  0.05323716677864252  0.05504546146944275  0.05710862356305747
  0.05925924980141604  0.06182907417975261  0.06458048367123093  0.06773431168197164
  0.07156060197794538  0.07594475015872978  0.08178091991524883  0.08895412803121712
  0.09841182934388000  0.11380208339658497  0.70273624137465940  1.00000000000000000
  0.00024575824625255  0.00034124242765323  0.00039172074384660  0.00043846976977678
  0.00048536780672266  0.00053084332823091  0.00057712378407963  0.00062062309168977
  0.00066269460397583  0.00070407460451091  0.00074765688735907  0.00079025379090953
  0.00083202628729630  0.00087438070888814  0.00091568876771698  0.00095534426236194
  0.00099458334754769  0.00103401631896370  0.00107394359383520  0.00111397223956200
  0.00115476742356412  0.00119611010290855  0.00123953417634720  0.00128424700842248
  0.00133008102500083  0.00137854724558229  0.00142847860316799  0.00147794340164997
  0.00152940331150981  0.00158189013336136  0.00163656776004091  0.00169046021544091
  0.00174517263971683  0.00180163813695627  0.00185858095998733  0.00191595270085124
  0.00197595025907200  0.00203824826654820  0.00210276107590149  0.00216907471044146
  0.00224111167103759  0.00231872872383253  0.00240048917486922  0.00249172375345453
  0.00258355915455080  0.00267698284988785  0.00277195089174940  0.00286930897360779
  0.00297180612873985  0.00308105146454511  0.00320006602015479  0.00332633468587443
  0.00345585914513955  0.00359182361861444  0.00373832264409007  0.00389368803743950
  0.00405385572624901  0.00422146150066458  0.00439746687818856  0.00458782185911221
  0.00479467543927998  0.00500909673392753  0.00522680065555099  0.00546010392789927
  0.00571084675389097  0.00597982804740282  0.00626069384477831  0.00655522577034279
  0.00686892231186936  0.00719965186873497  0.00755164401730714  0.00793881026384520
  0.00836212605170451  0.00882221152615380  0.00932733169538392  0.00990460903347775
  0.01051618837836273  0.01124303696906587  0.01205495283448160  0.01293407059737179
  0.01391708434493289  0.01493439420459406  0.01596056194862448  0.01708290509932002
  0.01843165680673077  0.01998685560635491  0.02174375596465302  0.02367602733482740
  0.02593111626208103  0.02900319039732106  0.03291633418885509  0.03717489406484398
  0.04233825716481773  0.05078681082692649  0.07170180298333975  1.00000000000000000
  0.00237673696079139  0.00402614377111258  0.00559898096089056  0.00659556218316839
  0.00723523290745124  0.00774994853110069  0.00827604522900774  0.00878722060512568
  0.00921302901720846  0.00959997218512149  0.00995729146506678  0.01030062216601981
  0.01064144244195636  0.01097963738948203  0.01130949976511021  0.01163562061237866
  0.01196572968558212  0.01229352936951426  0.01261400441442110  0.01292317098162008
  0.01322789545223750  0.01353906946790458  0.01385794400730403  0.01418842215058605
  0.01452365948673446  0.01485508385230040  0.01519971266925600  0.01555843637787897
  0.01592511573736552  0.01629922493477742  0.01668027760553170  0.01707314972802983
  0.01747075194790487  0.01786844802066817  0.01825882728767832  0.01864851360277831
  0.01903963521598859  0.01943460283550501  0.01984258315971338  0.02024164057207735
  0.02063972288039323  0.02104556989902677  0.02145876456146143  0.02189553000170866
  0.02234813474002047  0.02280855074051729  0.02327980400597685  0.02376218191572172
  0.02424612343069635  0.02473594882487879  0.02520501958997069  0.02568730297215146
  0.02618200827132867  0.02669073278162316  0.02720545481075693  0.02771603395252062
  0.02823998818263406  0.02879129286401057  0.02936829075504743  0.02997533164875030
  0.03062923739960682  0.03131118066413316  0.03201577154447927  0.03274968300965971
  0.03349327331163697  0.03426841418595412  0.03508432361629725  0.03589956202995782
  0.03670510065479893  0.03750742926988381  0.03834217779194660  0.03926505654840055
  0.04025932603070687  0.04126214669479177  0.04227243143575045  0.04332682152290220
  0.04450554874862800  0.04579606436069830  0.04732051600421937  0.04906170798319865
  0.05082272840811743  0.05259342412432257  0.05428130280409885  0.05606807740220190
  0.05808905434130830  0.06014504811235707  0.06233393656948594  0.06503573930998473
  0.06810268458138238  0.07190736905245863  0.07680485541337746  0.08237443115990860
  0.09033709736225608  0.10198946598169409  0.11869221130069675  1.00000000000000000
 -0.01193504963744697  0.06938866484335851  0.11650898750198037  0.15364864156755598
  0.18410396002084287  0.20898230748123153  0.22825908424111827  0.24558301195053756
  0.26120010181779779  0.27567080231248808  0.28876896390502044  0.30031512992890030
  0.31063753897446367  0.32034839948787053  0.32964858041591216  0.33857133561726316
  0.34704277715878229  0.35509287498951048  0.36294554097347348  0.37083568545540696
  0.37872289121326419  0.38620614493200633  0.39326049180312389  0.39990725806360133
  0.40626760085743657  0.41262263394998006  0.41903985744326744  0.42565713157592833
  0.43234868727281628  0.43871008473584844  0.44437769294057122  0.45013469766780689
  0.45575006543445934  0.46147614719908048  0.46698150113297004  0.47239791061740105
  0.47774386963178084  0.48301282630936759  0.48825987941545795  0.49349163277185243
  0.49865202760075777  0.50374992558480369  0.50890327340205732  0.51415505164772901
  0.51933094818102510  0.52416108496935188  0.52873496393705244  0.53320396510989598
  0.53775078547570698  0.54242550660300182  0.54716142608451501  0.55195620209513241
  0.55674313551292032  0.56149838749051262  0.56623356374666212  0.57091790972497847
  0.57563529556562998  0.58045670363130564  0.58543856469138622  0.59062912274070767
  0.59603397627104016  0.60157233274158328  0.60681541726237476  0.61189564223627124
  0.61697059702139345  0.62201748729179829  0.62702573140827034  0.63193219329629191
  0.63696026382926785  0.64195999146992133  0.64728794738841455  0.65319453209770106
  0.65936386710029093  0.66535473462422401  0.67124168982906518  0.67724446477641087
  0.68346486908227344  0.69018204132835137  0.69724981224754379  0.70443845845069741
  0.71189217155187601  0.71936262022689423  0.72727287394077345  0.73573224958590866
  0.74493079640066784  0.75466321729220842  0.76506093137764009  0.77649086103550946
  0.78901760115787634  0.80238524962072977  0.81714424531658914  0.83584738029469108
  0.85975850498077266  0.88883828253645469  0.92981407169216113  1.00000000000000000
 -0.00241120377580804  0.00923800968734299  0.01917827036336407  0.02942748624908485
  0.03961775767256837  0.05023015074062144  0.06077835170805886  0.07150183700092086
  0.08233292466930635  0.09254265973841234  0.10233942133688918  0.11205410724007499
  0.12214927057878862  0.13332133592725406  0.14497860407712629  0.15605405033596059
  0.16668242914114617  0.17735508559634519  0.18802875645125292  0.19846875420381024
  0.20893110992363062  0.21980704719322222  0.23050131584175768  0.24066063828604181
  0.25113276216287272  0.26274221933008690  0.27495517196881653  0.28739360329673169
  0.29965776256265741  0.31164063491413607  0.32312073842068623  0.33424678525561913
  0.34533448160091068  0.35595662987580390  0.36613639972770556  0.37649360089410272
  0.38712542388448318  0.39782877703750880  0.40874543300005145  0.41966432460818953
  0.43062452189683853  0.44174254309275968  0.45251147764300614  0.46311376056254633
  0.47320035278390504  0.48319962563318208  0.49339305692827834  0.50398888794247010
  0.51470135160272557  0.52526691611445420  0.53604821339053899  0.54669040402152103
  0.55740227422110256  0.56763108623020619  0.57744861922795421  0.58690299726713580
  0.59652847169012624  0.60681611127753854  0.61873042150593294  0.63016732952624355
  0.64054331594188840  0.65086928405598632  0.66098032075471147  0.67068122336882519
  0.67996426969138224  0.68944750831370061  0.69974618089360541  0.71012709458832246
  0.72030425333007009  0.73052029289662213  0.74074541277149064  0.75087765309365051
  0.76022425707917507  0.76979973474854035  0.77953973235583318  0.79009699022971858
  0.80044857769038769  0.81018050162835520  0.81971131831201760  0.82912132946535333
  0.83860659998589460  0.84811930046940009  0.85822711349916847  0.86932809496743613
  0.88064224412081860  0.89167787582319713  0.90251951946209341  0.91338914085347322
  0.92390823882055984  0.93429814579427350  0.94534643022968301  0.95654765126564134
  0.96697578989339128  0.97715139293499764  0.98813502387476826  1.00000000000000000
 -0.00278448123983529  0.01071417699987010  0.02190969388411962  0.03359488189785929
  0.04446799652543114  0.05480341131738067  0.06554483551572039  0.07653986013099212
  0.08727169221760159  0.09775018221524139  0.10805757200435889  0.11829235482120369
  0.12842700462481563  0.13865837526553740  0.14934476294122193  0.16023206359514319
  0.17076610920922056  0.18110662928599730  0.19155302188817663  0.20224336857511399
  0.21286413287368527  0.22292105001622303  0.23336639849917151  0.24396429197554181
  0.25514499622238918  0.26613691381589238  0.27693034666970351  0.28765348533319202
  0.29798004366675074  0.30854332859061262  0.31916989812059787  0.33038662483943976
  0.34173247966262577  0.35279947017748559  0.36499216319102029  0.37683431709715759
  0.38813620431585255  0.39879557316447978  0.40933560275464143  0.41949923277219781
  0.42927987227037778  0.43926378578471909  0.44939461009994530  0.45954344593557706
  0.46967896502600476  0.47986003996189008  0.48983506899822693  0.49991586577103442
  0.51030323566691915  0.52093455389637733  0.53089852525240588  0.54013498480566258
  0.54984435331922688  0.56043013566936839  0.57119722910624149  0.58196659051714761
  0.59267728227587813  0.60327949825771754  0.61356482147298419  0.62392148512141166
  0.63424333974753577  0.64456921393979616  0.65523756332671856  0.66561848364696785
  0.67564490932887844  0.68558920783991883  0.69667871380961977  0.70811039918256313
  0.71874940284080724  0.72928470472128271  0.73942373331151634  0.74914270831233276
  0.75880747565424245  0.76868309292996551  0.77987464848616683  0.79186034179953113
  0.80423005235441158  0.81598191973269718  0.82675206009388247  0.83711104321947583
  0.84690728986113883  0.85702405272524695  0.86710974843415944  0.87720702921269988
  0.88707020759417632  0.89725331322351420  0.90730575795960222  0.91736639057361402
  0.92742124767236322  0.93813998062330173  0.94886009601127252  0.95982651021857723
  0.97024439410584418  0.98034516157289520  0.99024642986724132  1.00000000000000000
  0.05861047701694216  0.06173073310565204  0.06502631726371561  0.06803753736417224
  0.07065840375511470  0.07309804411960495  0.07544070546897928  0.07766789128320525
  0.07973665503080597  0.08165515532277655  0.08348889220884843  0.08521953827201804
  0.08689086351584836  0.08853172410140721  0.09012152605029007  0.09167138671377573
  0.09320172970828704  0.09475763355079121  0.09632002270659915  0.09787614045542239
  0.09940947817592993  0.10092746698624291  0.10242267031995245  0.10391986891900858
  0.10541045037386768  0.10687452276236219  0.10831252177466356  0.10974940889018568
  0.11120583362974146  0.11264508632610908  0.11407387092242345  0.11550706100311904
  0.11693826794197568  0.11841236731738670  0.11984817948780715  0.12128905920218515
  0.12265900300532412  0.12404536975100458  0.12544887179280056  0.12687410230969642
  0.12833725870876642  0.12977075707742786  0.13119520691678760  0.13263159848603137
  0.13408754626942512  0.13558662852439171  0.13715101500329863  0.13882815911012683
  0.14060039891141557  0.14237311692100535  0.14406561051461825  0.14568613118093837
  0.14727652714799960  0.14890150650666881  0.15060835090105099  0.15239826315936142
  0.15417009301571333  0.15596969032109018  0.15785282306377055  0.15988053891860951
  0.16197609084269765  0.16418722493747531  0.16632307717654229  0.16881061542184872
  0.17123175658713388  0.17373719814749311  0.17630246960125043  0.17897904695256503
  0.18154838655825045  0.18398365206936429  0.18624402344446969  0.18862213319041210
  0.19128321428111891  0.19405512267274835  0.19685112399722771  0.19948450685293659
  0.20192652187650856  0.20440023035229068  0.20712821438127363  0.21041996277271999
  0.21424741203414779  0.21890263366667465  0.22320925059159100  0.22803716434543803
  0.23321582931153159  0.23850888625909272  0.24434110464907469  0.25160938106878550
  0.26029580571750699  0.27149394722967413  0.28633848948363433  0.30423299455523067
  0.32843266931331183  0.36758215034572500  0.93095184111968432  1.00000000000000000
 -0.00322984950223561  0.01311527431129186  0.02762931308933971  0.04255244618250963
  0.05751811319893342  0.07227007884088134  0.08596948662668316  0.09924310207626942
  0.11148179815088305  0.12352228199084690  0.13553689225040183  0.14745961285849013
  0.15919247064969724  0.17091806034474327  0.18255939440583821  0.19418385409804020
  0.20593848716950935  0.21746629923557442  0.22859092993850599  0.23933041503524416
  0.25002089718596682  0.26067248651452107  0.27089507024575665  0.28087749737033635
  0.29093004561345265  0.30101274326429445  0.31082078771216193  0.32018956331933091
  0.32932668588691111  0.33878021317624990  0.34840375650664701  0.35775771578795407
  0.36687217599214988  0.37602088193434752  0.38543542918992291  0.39493234997424098
  0.40403148858623322  0.41279484425536456  0.42142925021461813  0.42959888741777247
  0.43801494230305965  0.44664573604499563  0.45539691257668685  0.46373986958018093
  0.47229378502905900  0.48057754934028762  0.48888037916770105  0.49700667295363948
  0.50497467426179610  0.51275941177053885  0.52054015313182778  0.52867715394539239
  0.53701607446703825  0.54549775023747693  0.55423554332755109  0.56357252069267116
  0.57320163634658372  0.58317064576063549  0.59291981834344298  0.60274515535871465
  0.61244948779183872  0.62230893391493702  0.63160399232729580  0.64101058306902692
  0.65105344272504173  0.66125750353973645  0.67116839192720212  0.68077448760175718
  0.69042455495221577  0.70048596836398624  0.71082336985192285  0.72129788978528908
  0.73181758624806947  0.74246810603858426  0.75342676338100190  0.76489468901593916
  0.77643173152815814  0.78750723011153745  0.79880032286438363  0.81039580730838823
  0.82096741213724045  0.83105301737371551  0.84152758751403889  0.85263229095608994
  0.86423814492459150  0.87625506517272300  0.88899325918359162  0.90135991307328833
  0.91338462065678006  0.92537553534464045  0.93712390329633266  0.94896480625584234
  0.96085422784037655  0.97341299638187295  0.98669586639117834  1.00000000000000000
  0.11504062126257839  0.19506334142482709  0.24163543664301076  0.27202960868573756
  0.29311896044498381  0.31032684801025345  0.32587346262144617  0.33941808554866815
  0.34992904337403713  0.35964295096583643  0.36938739247939872  0.37897930500548177
  0.38857876075317754  0.39789319048769517  0.40639065671915486  0.41383333638437664
  0.42073565777737337  0.42759318109456412  0.43456024951706035  0.44135463604794395
  0.44758051546925143  0.45339246859784821  0.45880747202356920  0.46396970709460805
  0.46904583235658232  0.47401368437922559  0.47899809130925808  0.48408118673959222
  0.48934695712469445  0.49474040201350772  0.50002161755766250  0.50483602438650821
  0.50945192553609997  0.51399989090379750  0.51867224858177619  0.52351131238006021
  0.52829956392473099  0.53306732462252271  0.53773459897862996  0.54215394832994401
  0.54631191141284574  0.55039853950615514  0.55457200834397002  0.55862511715003216
  0.56271717858293269  0.56683423976772018  0.57089942723027176  0.57489214463098048
  0.57883877565639319  0.58281932539459391  0.58687867135992999  0.59098333813620163
  0.59511216516661036  0.59912058367997345  0.60279926018533148  0.60669499826724949
  0.61065763727265421  0.61467550499527857  0.61913858741319527  0.62375165380542930
  0.62825144236816455  0.63266002912383845  0.63678928059853890  0.64077718790487659
  0.64479458549043389  0.64900145259616060  0.65328581050231083  0.65762359825742345
  0.66196674364970320  0.66643231817923587  0.67097554895185818  0.67552121208324456
  0.68013014663353344  0.68485979453036561  0.68976949721960434  0.69474399428045996
  0.69962767844246476  0.70452447076405289  0.70954950062983213  0.71470554500062211
  0.72001390108117336  0.72546508769210494  0.73114887232611692  0.73717370613288680
  0.74336342830913926  0.75002269454001902  0.75767881641259027  0.76572462864369406
  0.77395887754384363  0.78280930236132351  0.79264993035530040  0.80423448899705108
  0.81814352863494721  0.83605183864594290  0.86875834583587841  1.00000000000000000
 -0.03271242713862521  0.15714763777974305  0.20011085700060702  0.22559618335479154
  0.24506183807564788  0.26118102034748186  0.27488577703090278  0.28698223243843529
  0.29793222536029185  0.30790066087803974  0.31704540752138738  0.32547549056566716
  0.33326079064189895  0.34049434089039832  0.34716797620280954  0.35359083613281012
  0.35960906193770231  0.36546306890125357  0.37122232333671229  0.37666844228077051
  0.38188242985995241  0.38699235270016769  0.39212149434805399  0.39742697157952594
  0.40284464262010117  0.40840105066907784  0.41372308746322944  0.41883544079307938
  0.42376745908683822  0.42837450548536693  0.43277481275216284  0.43706700521853137
  0.44118404940971873  0.44530559347270138  0.44967162386055903  0.45388713144412779
  0.45783860932746134  0.46168525445596825  0.46549076328346212  0.46925159986693332
  0.47282237884059786  0.47635634156705076  0.47993066625312425  0.48358050238056166
  0.48740818656149021  0.49115266549700698  0.49505572285071919  0.49910152295219218
  0.50306140900549456  0.50689825466280991  0.51064000680146915  0.51436777713254012
  0.51791930945261766  0.52155840434027945  0.52541639780053684  0.52933413376259353
  0.53336902750723481  0.53748091879191795  0.54158802416155505  0.54574256451458669
  0.55001555765973875  0.55432377457558457  0.55851695026874792  0.56268791880763092
  0.56715938283947720  0.57172849319146724  0.57632019897595677  0.58082946417228354
  0.58538035738277039  0.58998328982159953  0.59495878153112580  0.59991565688017368
  0.60494428235037812  0.60979433600901900  0.61484856078847039  0.62003496317567952
  0.62542447278699131  0.63092406335383788  0.63657760003803365  0.64255281313875712
  0.64896947433276209  0.65576905398540264  0.66269184136616788  0.66973589578432136
  0.67729168856423538  0.68569456812112983  0.69540362874705564  0.70586002385054980
  0.71634673611862409  0.72809994552354784  0.74262555438631572  0.75805787518836210
  0.77506124800741660  0.80053486447413524  0.84381795290881301  1.00000000000000000
   4.3492828213728756E-011  -1.0000000000000000     
 T T T T T T T T T T T T T T T T T T T T T T T T T T T T T T T T T T T T T T T T T T T T T T T T T T T T T T T T T T T T T T T T F F F F F F F F F F F F F F F F F F F F F F F F F F F F F F F F F F F F F F F F F F F F F F F F F F F F F F F F F F F F F F F F
  <DiscreteSampler_grid>
  grouped_processes
  1 # 1 for a reference and 2 for a running grid.
  10 # Attribute 'min_bin_probing_points' of the grid.
  1 # Attribute 'grid_mode' of the grid. 1=='default',2=='initialization'
  0.0000000000000000 # Attribute 'small_contrib_threshold' of the grid.
  0.5000000000000000 # Attribute 'damping_power' of the grid.
 # binID   n_entries weight   weight_sqr   abs_weight
    10   10   1.694982416978678E+002   2.470813549119576E+005   1.694982416978678E+002
    16   10   1.694982416978678E+002   2.470813549119576E+005   1.694982416978678E+002
    22   10   1.694982416978680E+002   2.470813549119582E+005   1.694982416978680E+002
    28   10   1.694982416978680E+002   2.470813549119582E+005   1.694982416978680E+002
  </DiscreteSampler_grid>
