  0.01447793304261411  0.01520273552004658  0.01575279940868888  0.01597193433031857
  0.01619985099028318  0.01643325812004295  0.01666377208380912  0.01687303361433999
  0.01707144518672867  0.01725390669572980  0.01743120051062418  0.01760622543323848
  0.01777840476033616  0.01795398697446011  0.01813211572737724  0.01830567880472213
  0.01851134908306273  0.01870974517379177  0.01890572837760683  0.01911087141828099
  0.01930613807972094  0.01950055719875793  0.01970383798696262  0.01991873455503651
  0.02015623109825170  0.02040114425934781  0.02064508968333855  0.02088592946580427
  0.02112816620285515  0.02136711184549810  0.02159811517740555  0.02183339252472952
  0.02208700847859404  0.02236469216761951  0.02265780054718937  0.02292729809974937
  0.02321476670072431  0.02349870441710109  0.02377333616235790  0.02405678495462654
  0.02435703799712340  0.02466295376987183  0.02497375826187655  0.02529165313427397
  0.02560586294620152  0.02589421724111912  0.02618104680969339  0.02647971355278612
  0.02678147920451012  0.02707339105052259  0.02735394467258708  0.02762846569495642
  0.02791801660828119  0.02823517279932847  0.02858870050533319  0.02894795686486320
  0.02931770717090669  0.02970093710977215  0.03011495781385706  0.03054930861717401
  0.03095578672032195  0.03135876439738002  0.03176279236294405  0.03218231247596337
  0.03259661591945013  0.03302334024604334  0.03349371164930803  0.03401384793164465
  0.03459557830905464  0.03520164039271931  0.03583216643505609  0.03650964380502322
  0.03723796077772430  0.03796663777047433  0.03871579418944482  0.03955912583134375
  0.04054151251471172  0.04174031237744277  0.04316958644291856  0.04483257018827942
  0.04666039291937662  0.04828877956680704  0.04977470389968673  0.05120453022140620
  0.05279512972793080  0.05491784350728450  0.05761317007097573  0.06127269335082800
  0.06563067601954087  0.07104313867625564  0.07797728936026976  0.08696404934771809
  0.10284719060778108  0.12881882155189539  0.60599193963573694  1.00000000000000000
  0.00122092700180175  0.00354794573693129  0.00407732653073141  0.00453127935100647
  0.00468093699622062  0.00482638299355625  0.00496710086070563  0.00509443490104869
  0.00531166636266541  0.00548630274150870  0.00563425889025860  0.00576920335865224
  0.00590104498915973  0.00609105875539427  0.00630078975027213  0.00652457787208631
  0.00679031218689667  0.00708886770444542  0.00734468310556625  0.00759536698985226
  0.00786175310581900  0.00811570254297006  0.00835875769448158  0.00860183090720868
  0.00885794273565872  0.00909336000867385  0.00931327568136441  0.00951480820878439
  0.00971062752217611  0.00991194025123285  0.01013164965939732  0.01036957457948116
  0.01059090223513215  0.01078976112291824  0.01097658064461617  0.01121493738818087
  0.01145790694928121  0.01169912709409702  0.01192775479456257  0.01218751705829678
  0.01247027284685863  0.01276370250808113  0.01308471551146333  0.01344546697514194
  0.01382364645378398  0.01419366433503830  0.01457726897358765  0.01495410457333435
  0.01535909022228182  0.01576802771475346  0.01618586685846011  0.01661916621581285
  0.01704867695424997  0.01746593791483577  0.01787846101396173  0.01829661777881705
  0.01873606675096159  0.01918947619949116  0.01963323090501514  0.02007046753454290
  0.02053321142062069  0.02103979806436277  0.02153916152291883  0.02210799325169850
  0.02273065269375591  0.02336556919035759  0.02399914081373886  0.02462731860972676
  0.02530580344371980  0.02601383036540742  0.02676564577283272  0.02757152734127991
  0.02848277757182644  0.02941303850538102  0.03042472173818272  0.03148614727637220
  0.03255742482134004  0.03364869200445743  0.03476488383247441  0.03590592090616707
  0.03711396101695510  0.03843203219515069  0.03981742197533031  0.04155623207024989
  0.04341886754336550  0.04563583382556166  0.04848190165898311  0.05181871729167860
  0.05564594621371952  0.05965995621175051  0.06449735185401982  0.07082058466301451
  0.08426061718235948  0.11215664723299802  0.71778878984679739  1.00000000000000000
  0.00326732317893447  0.00412861954817912  0.00483794912642931  0.00567796102440901
  0.00651152994337210  0.00680313306028954  0.00713874952405909  0.00752338567576151
  0.00786206788072892  0.00817100790100053  0.00849800665492811  0.00883595895323290
  0.00914948681036970  0.00945171316294748  0.00975110797914651  0.01007283133389667
  0.01046121685680815  0.01092559593921456  0.01134830762411689  0.01173214071569319
  0.01211937827309482  0.01252769478739556  0.01296824772108827  0.01340268035684568
  0.01384553790966527  0.01429121774933084  0.01472292465854338  0.01513867419079687
  0.01557443518375567  0.01608978263820124  0.01656808689702436  0.01703264251063737
  0.01753105745183532  0.01809474349353687  0.01868461648927709  0.01926347944317663
  0.01984080925143502  0.02040702936245447  0.02101116806415232  0.02157726736265807
  0.02210812429503095  0.02262157218208460  0.02317316073833065  0.02376584672630179
  0.02442032572743967  0.02508612360538198  0.02572002899342398  0.02637033254245670
  0.02699320580157043  0.02765409755476812  0.02833143189602147  0.02895629272548035
  0.02960669381476757  0.03027326556185949  0.03095125727320936  0.03160972652222606
  0.03225937240861199  0.03294673651853371  0.03367409127201876  0.03442463259595690
  0.03516897432730344  0.03595736758856539  0.03684558214725457  0.03775749233297591
  0.03867043090371192  0.03951757248949686  0.04035507081400764  0.04122610040197414
  0.04213807422767012  0.04313184422256904  0.04422481233855396  0.04544330093286270
  0.04679872414055055  0.04822820239599758  0.04962204998412580  0.05094203496721487
  0.05221348251489768  0.05353978373815088  0.05511968879411392  0.05690945297881571
  0.05887857946681870  0.06116711092909031  0.06388193871460043  0.06658201187957773
  0.06878617154067836  0.07092948935794995  0.07307748735290069  0.07541870169605658
  0.07837229532510279  0.08295116140583422  0.08832364262136487  0.09536325836515810
  0.10493022102040275  0.12317400893427272  0.60066410318449970  1.00000000000000000
 -0.00994487119572423  0.05564739538658788  0.09068941316797077  0.11717292558239276
  0.14048372159742684  0.16060614829201933  0.17655457925284881  0.19072167266719461
  0.20248789749791576  0.21302112426039149  0.22362545767641545  0.23638415246837555
  0.24955462132771794  0.26156704832210054  0.27237820415197544  0.28252053086885820
  0.29147871563940153  0.29876477899366388  0.30547429340960042  0.31243061999873167
  0.31990549174935323  0.32766076610670669  0.33479494396495119  0.34147830815194979
  0.34816994869354628  0.35521027966182400  0.36282938549623156  0.37017939256008553
  0.37746525743243103  0.38402096614093839  0.39148315838459002  0.39861520311134230
  0.40471742870630367  0.41041635881103611  0.41571751266440859  0.42106037941725305
  0.42625917347060993  0.43158621949678933  0.43685944879833066  0.44230882729605886
  0.44807852484115007  0.45407646364391852  0.46075425331185410  0.46713908536758003
  0.47334854413005079  0.47903532475978122  0.48524182425246715  0.49209536358779538
  0.49927288995063845  0.50624070605229166  0.51291668730301576  0.51959828704997124
  0.52539184021763330  0.53090322009189284  0.53651899859911634  0.54252395952959831
  0.54902740564562624  0.55541096848327298  0.56153699075518715  0.56769054284513520
  0.57386989444571690  0.58073612487780302  0.58861937111114948  0.59722004103804338
  0.60580513020106752  0.61404835330439234  0.62245700233000179  0.63062107439930148
  0.63864694308819070  0.64657505629983447  0.65388938435855726  0.66062904467863426
  0.66708046335468840  0.67347604356712354  0.68027273380374242  0.68746768938177127
  0.69510157548325580  0.70309561938550746  0.71126891130098890  0.72107253299898233
  0.73076399137477843  0.73954369071582127  0.74872346219040731  0.75865106582717157
  0.76929568173035456  0.78041241699834796  0.79204045010460800  0.80396207648375928
  0.81640186176564455  0.82905472786132062  0.84446256948548992  0.86206770921500686
  0.88586876136994119  0.91567278784791606  0.95335309700548776  1.00000000000000000
 -0.00269673449337118  0.01112100132737095  0.02164579446235381  0.03147269700888723
  0.04122589343913501  0.05119005677732062  0.06209676881866293  0.07413215718536489
  0.08570709719179526  0.09740783367537174  0.10885819776204397  0.12067682137013135
  0.13174857934161530  0.14290549931524973  0.15381458909780299  0.16459145802262415
  0.17438970311924537  0.18357168851473890  0.19236427041768603  0.20087522647243899
  0.20970610148422253  0.21856037722861851  0.22714336434331667  0.23648806170410050
  0.24755673771667078  0.25953172686138848  0.27051950985019363  0.27992064524923899
  0.28952539290950730  0.29923254809664579  0.30904750292850025  0.31843867028638356
  0.32819043967722222  0.33833784805952605  0.34823045256504009  0.35791465766545533
  0.36782404174117461  0.37762791954381719  0.38703734924242544  0.39678707448402767
  0.40700729281147685  0.41717808888223196  0.42562416452195895  0.43330416331413157
  0.44178445307049419  0.45172073663504886  0.46255665172563037  0.47440823349500588
  0.48634639037051203  0.49797484647300455  0.50915814979777685  0.52030648797357126
  0.53208204308250029  0.54424794114554864  0.55359200589325208  0.56319961196103241
  0.57252350398430574  0.58172876143992047  0.59015507715144033  0.59794285732919505
  0.60628590454307929  0.61544782375422435  0.62516941867544318  0.63641978956133538
  0.64922702298644730  0.66358633744003459  0.67711712543104152  0.69011071052919337
  0.70278818754343819  0.71392177649030641  0.72533809659434167  0.73783863998121590
  0.75277099238773770  0.76569503167806430  0.77730158427890372  0.78770789799126839
  0.79894797399197892  0.80964399380744867  0.81960457121898056  0.82915587670404667
  0.83937506248718685  0.85019445623509249  0.86124675482186996  0.87242765305802961
  0.88333974764077805  0.89347078829983151  0.90289710086791053  0.91234870382571465
  0.92203226756912726  0.93187503235565672  0.94279421793326068  0.95456341280658141
  0.96584655268027886  0.97694018530542248  0.98837455314157874  1.00000000000000000
 -0.00219359258373504  0.00929030462625994  0.01903807387409655  0.02854557018285864
  0.03832630280885647  0.04967781991820099  0.06082430739298775  0.07087366519684143
  0.08082544639558070  0.09100762248538545  0.10166470570837163  0.11195570691246109
  0.12249436137814106  0.13364062347442179  0.14458021817807301  0.15446933838102175
  0.16396622152521897  0.17512058587430065  0.18502932569660058  0.19434630521235022
  0.20444342834717491  0.21661739529005380  0.22937164708470043  0.24028794714538559
  0.25032910266178804  0.25979135864841985  0.26889102961394856  0.27806065039864181
  0.28838755268282590  0.30114872545287386  0.31548172919690620  0.32820912700187121
  0.34006715940047744  0.35223524134483430  0.36350304684678120  0.37512633174447613
  0.38708179782845237  0.39890053973219608  0.41009331964045659  0.42098885386952267
  0.43181470170819958  0.44200127448846932  0.45184069606989113  0.46279634819011123
  0.47426847368656355  0.48460996313489030  0.49406854495012387  0.50323667267047778
  0.51241067029688026  0.52155029755237292  0.53060684761385635  0.53984198436855579
  0.54940552309201474  0.55930623658549128  0.56879248205803312  0.57741206761977515
  0.58646192520351970  0.59623410453549441  0.60614289910393926  0.61653574318642457
  0.62774454690473647  0.63970351026094863  0.65127948232529032  0.66206258935059326
  0.67236470764173162  0.68257095506521992  0.69305364990245955  0.70428734439487739
  0.71599845246783078  0.72760926412468518  0.73911232281885442  0.75111376230422355
  0.76354642850759802  0.77586782076947414  0.78738645117394002  0.79793989810410826
  0.80836645604176405  0.81985600703411354  0.83170100112533440  0.84085516686146389
  0.84881670540738552  0.85690763422697802  0.86542500123583088  0.87473419939881858
  0.88341696190345531  0.89193599196734852  0.90081208923473000  0.91324692451349909
  0.92498451484074029  0.93687992399755970  0.94857105829934873  0.95984266885442604
  0.97053736326544893  0.98041054983771425  0.99029508339541894  1.00000000000000000
  0.01734291890587461  0.02522992267656120  0.03000145246209260  0.03340484227869956
  0.03633464577715001  0.03902714324592924  0.04142118456023766  0.04334043557654064
  0.04488364589772801  0.04640279540562552  0.04787958396948665  0.04938962290712923
  0.05082085450469723  0.05220877476183183  0.05360712091292245  0.05499363230089384
  0.05642008141868812  0.05784070553249854  0.05920404090348308  0.06053875175717268
  0.06180912262283463  0.06302477487894265  0.06419604777477182  0.06527535209676841
  0.06634687325621481  0.06741050180148796  0.06846316636364189  0.06952231729597683
  0.07061130047492424  0.07173949430693331  0.07287761950324437  0.07404643514294700
  0.07519758404267241  0.07639831680910664  0.07757367437336679  0.07871384810329753
  0.07983318046931862  0.08093609639526173  0.08203930348239814  0.08320799999508778
  0.08446584461487017  0.08571230943961140  0.08695679373679151  0.08821540396785939
  0.08951468920826153  0.09078905223770925  0.09205942410533913  0.09335036180336966
  0.09466014988543281  0.09596663692297808  0.09725507634108675  0.09853766384206745
  0.09984861413460357  0.10125120142453832  0.10287638731719921  0.10463856106863327
  0.10645358090962552  0.10824312460172464  0.11000651157959658  0.11173746320584584
  0.11337113927597903  0.11493597080284319  0.11652353084688663  0.11835079054026479
  0.12041095237285830  0.12278990925689710  0.12506412277381329  0.12736433631090219
  0.12971880339076367  0.13213067503496731  0.13464997823520092  0.13731564602067312
  0.13974818660118607  0.14203072064794453  0.14386810615134799  0.14599290736840720
  0.14836438719458986  0.15083544085445830  0.15363080023836298  0.15739820906061114
  0.16109642323130430  0.16532067718007398  0.17068269619400439  0.17615743335145820
  0.18012944203228010  0.18465861944960735  0.19009455179833079  0.19757732898701352
  0.20558642371462943  0.21420918644447159  0.22180754670383751  0.22862419623759250
  0.23733253864410858  0.25225527030845041  0.29693896760916166  1.00000000000000000
 -0.00297867980204189  0.01275191316508826  0.02444172149719906  0.03544376877058818
  0.04618633683028689  0.05900107319730525  0.07164810434299228  0.08349400832846998
  0.09412050259023141  0.10394932320642108  0.11349656891122663  0.12298409821775383
  0.13399696811975556  0.14695176620572234  0.16201518109217891  0.17460018698261340
  0.18588717333068552  0.19742908169972723  0.20856095461674315  0.21897801621616261
  0.22842778001301506  0.23741700512497080  0.24576310732232354  0.25393468733821906
  0.26182198606730239  0.27007523070296269  0.27934205484924762  0.28972293412522787
  0.30104649050975496  0.31211131823155103  0.32280899167725818  0.33395755560428114
  0.34542511274749843  0.35712853504681874  0.36806886738965694  0.37819970731161079
  0.38896528157985333  0.39984398866359383  0.41119356831409631  0.42160446155381598
  0.42963645787340449  0.43746475613813812  0.44518784649010168  0.45352252942529814
  0.46245135361457546  0.47122262212935734  0.48033666745366849  0.48994905274403605
  0.50032743666361434  0.51079846168505816  0.52127819608350867  0.53178123059142801
  0.54211680351786673  0.55233752475795661  0.56179784295257817  0.57229575594529147
  0.58330528912236046  0.59267081406348132  0.60209387125905156  0.61131123418079270
  0.62088037716806810  0.62993602857083963  0.63877063003732004  0.64771805255776305
  0.65716343538723432  0.66693681153612527  0.67625143168421697  0.68533747690362712
  0.69422227056117458  0.70269769519478320  0.71082123691704646  0.71888183801831596
  0.72756332654554012  0.73709496015483034  0.74743055790269697  0.75820198153123208
  0.76980935044717191  0.78162974319185208  0.79412137995977383  0.80629874742302565
  0.81888884582544152  0.83194743641239532  0.84512280613655355  0.85749780069206694
  0.86860845618782978  0.88011253186735150  0.89168707710659156  0.90200854178830492
  0.91259414966077546  0.92381292443727703  0.93560883876544365  0.94670553251870282
  0.95809169438085873  0.97226811868699126  0.98645701860577117  1.00000000000000000
  0.10948141153642789  0.24601937014764022  0.30636179653678114  0.33884811107041879
  0.36484350590667625  0.38707516612904314  0.40443909716803322  0.42000904132825023
  0.43534059960540883  0.44774861574126701  0.45927996008004690  0.47076188202099367
  0.48117846775087469  0.49069771695945391  0.49935686717240685  0.50817318828802127
  0.51753228092067116  0.52584058404971123  0.53280222587262827  0.53917678998303520
  0.54541733120930291  0.55182064829376598  0.55838431555757495  0.56415836797703767
  0.56952390159239730  0.57456041626856824  0.57969749525083203  0.58498379545352353
  0.59056920031524562  0.59605424846690258  0.60098541617819301  0.60546189299362319
  0.60976774338794426  0.61380426980244918  0.61782844083592703  0.62194247692830873
  0.62631332549893337  0.63067000986582999  0.63491297689894322  0.63918762773155380
  0.64344064236040543  0.64757924382610610  0.65168014360537518  0.65565648609273097
  0.65968881354550224  0.66355286017457915  0.66708641920847866  0.67024764435837036
  0.67339570780843339  0.67668253630757802  0.67997921713770038  0.68333048319772716
  0.68690659498674933  0.69050852810049468  0.69403253210189986  0.69766095234141878
  0.70084938403406150  0.70413416278538499  0.70733027334167042  0.71055176739952464
  0.71375566748747132  0.71703719146412781  0.72026301584495367  0.72333100497670355
  0.72617267591532075  0.72884307680008609  0.73157993612670447  0.73455409201423760
  0.73787181449837458  0.74127191198277420  0.74466851868978934  0.74809759301455614
  0.75148778615551681  0.75469475626008586  0.75793090896701276  0.76114822395240045
  0.76440157771880279  0.76763645588916174  0.77078416346108103  0.77506684759997280
  0.77950928512506046  0.78430085917199255  0.78920310797758586  0.79443363570256365
  0.79986811298022031  0.80543365639568754  0.81138263737976379  0.81848292769487807
  0.82625791913790236  0.83438174650785935  0.84313389146319151  0.85282237731484845
  0.86423374734683966  0.87939800488315822  0.90332791918751332  1.00000000000000000
 -0.02213620098986800  0.13427683498018333  0.18220148773580558  0.20825195300236582
  0.22858902567599496  0.24593388688491505  0.25893505829302671  0.26949046205808264
  0.27929143166811160  0.28840392004476745  0.29722131424031772  0.30578392117347120
  0.31376826127922303  0.32142708907740203  0.32908192800668540  0.33677349049163907
  0.34441815218403898  0.35149142721302074  0.35769040101045280  0.36378726730676308
  0.37011833942380340  0.37676502317179927  0.38309185659592809  0.38880021904793893
  0.39416467064229521  0.39938709904049075  0.40459214269474836  0.40988234186460232
  0.41541275110376480  0.42094733884900887  0.42638012120391044  0.43155997163186727
  0.43622517668190625  0.44064533781957782  0.44508461771052066  0.44969551470119312
  0.45455563418251049  0.45925752090985217  0.46348489449740904  0.46750217369982683
  0.47154191248540273  0.47536613415997486  0.47890326498943248  0.48268755567185784
  0.48638675798671527  0.49057822517043753  0.49491497017061004  0.49894116936079363
  0.50294184926515706  0.50684975721030257  0.51060086157822238  0.51433590406036600
  0.51831687958059880  0.52224883567271174  0.52672466027683973  0.53141997510979666
  0.53633387246090913  0.54146685198721733  0.54679400856016347  0.55216983299075217
  0.55752187598019243  0.56273192314675380  0.56752302960667023  0.57206262561393262
  0.57650650677018744  0.58094585130087673  0.58558995576672657  0.59052715381908272
  0.59612579732644710  0.60165851635739875  0.60746424213096006  0.61275789379226264
  0.61788867981189355  0.62290945736666425  0.62806857861911736  0.63363704332043069
  0.63947748765457735  0.64551216233865250  0.65207667652598211  0.65909761943677947
  0.66644349550989490  0.67400709330000685  0.68149021548325739  0.68932925993166005
  0.69742377808140277  0.70609377032127985  0.71493961127569461  0.72529697012572969
  0.73696249115224799  0.74945429389733276  0.76279076004807111  0.77766881213163486
  0.79628394799539193  0.82093892597644047  0.86426689553677916  1.00000000000000000
   2.5364383594593841E-012  -1.0000000000000000     
 F F F F F F F F F F F F F F F F F F F F F F F F F F F F F F F F F F F F F F F F F F F F F F F F F F F F F F F F F F F F F F F F F F F F F F F F F F F F F F F F F F F F F F F F F F F F F F F F F F F F F F F F F F F F F F F F F F F F F F F F F F F F F F F F
  <DiscreteSampler_grid>
  grouped_processes
  1 # 1 for a reference and 2 for a running grid.
  10 # Attribute 'min_bin_probing_points' of the grid.
  1 # Attribute 'grid_mode' of the grid. 1=='default',2=='initialization'
  0.0000000000000000 # Attribute 'small_contrib_threshold' of the grid.
  0.5000000000000000 # Attribute 'damping_power' of the grid.
 # binID   n_entries weight   weight_sqr   abs_weight
    10   10   5.125535148758492E-001   1.708196679418136E+000   5.125535148758492E-001
    16   10   5.125535148758490E-001   1.708196679418135E+000   5.125535148758490E-001
    22   10   5.125535148758490E-001   1.708196679418136E+000   5.125535148758490E-001
    28   10   5.125535148758490E-001   1.708196679418136E+000   5.125535148758490E-001
  </DiscreteSampler_grid>
