  0.01409372728752829  0.01461156954853582  0.01488596313814057  0.01498639396334558
  0.01510188448013820  0.01520053800943297  0.01530201235783620  0.01540870480344094
  0.01550763947043016  0.01560124693053036  0.01569565802170629  0.01579049310469332
  0.01588444447833906  0.01597676044346018  0.01606823953684638  0.01615753487157147
  0.01624556252584862  0.01633250969507143  0.01641836432511083  0.01650409125932795
  0.01659438487106828  0.01668632184522954  0.01677794538894648  0.01686850946959222
  0.01695782916363366  0.01704776687476792  0.01715783384933887  0.01727568492538832
  0.01739920128327125  0.01752691763780805  0.01765537761534189  0.01778651543995853
  0.01791583744496320  0.01804590417481609  0.01817609197358234  0.01830607878267885
  0.01844399617084928  0.01858143653290659  0.01872310746099095  0.01886937341704103
  0.01901925538640064  0.01917192153735606  0.01932782541849676  0.01949040529247787
  0.01965460148995790  0.01982190825308311  0.01999876192578597  0.02018459603452341
  0.02037591022188191  0.02057744634052972  0.02079208778021803  0.02101169650025143
  0.02125026425696100  0.02149242078739386  0.02174177269343463  0.02199644076934104
  0.02227684016337561  0.02256652894751882  0.02286256504157129  0.02317042081288091
  0.02348943838255653  0.02382136046435194  0.02416369055038037  0.02453374837846394
  0.02493041000740692  0.02535141103521899  0.02579656853387029  0.02627038877288179
  0.02677060971178579  0.02732838469461512  0.02791985138556017  0.02853550301160168
  0.02916149699849389  0.02984453347267329  0.03059073269207093  0.03141017455584185
  0.03230958571573339  0.03333528225861330  0.03448064461654739  0.03572272631263595
  0.03705296219236948  0.03852387269789450  0.04013638004131789  0.04192870758000211
  0.04388978287154961  0.04616419592585917  0.04870387263046583  0.05166476826071426
  0.05503543206852414  0.05917724419124355  0.06422629191878497  0.07099656113763318
  0.07984719731968806  0.09397559411635530  0.12010816684325262  1.00000000000000000
  0.00259855240415977  0.00311632663967333  0.00351979479328601  0.00383239965091694
  0.00414925773714015  0.00440198167947941  0.00462837853178881  0.00485415221804056
  0.00510943481752794  0.00534703618198994  0.00555114880402224  0.00572148747995513
  0.00588007041246446  0.00605467715774827  0.00624131563027826  0.00645330379069216
  0.00664096328980800  0.00684327389801463  0.00704231530324194  0.00723059861599396
  0.00742023231905659  0.00762641351918901  0.00783048523326245  0.00803605963168967
  0.00823604007987839  0.00844149566878030  0.00867529941737160  0.00890172489143536
  0.00916945741591349  0.00943217642965448  0.00969277851176218  0.00997193622145652
  0.01027562941673525  0.01060224405422343  0.01089412668614309  0.01120007839503875
  0.01150964671976890  0.01182330823467158  0.01216863221443234  0.01255793392516875
  0.01297226396905406  0.01339956166111290  0.01384693313161244  0.01429044204582882
  0.01474796685898717  0.01522276866058603  0.01571845013222751  0.01622679877184451
  0.01680587095385421  0.01741107472559870  0.01805414211736735  0.01872144117875839
  0.01940547701558073  0.02017236147397320  0.02106605184816433  0.02199638951348959
  0.02295033603696459  0.02389828405122259  0.02488258945430050  0.02595051544860313
  0.02710082741428598  0.02833397661913809  0.02957517413942933  0.03093512858962502
  0.03232982642190795  0.03390390572165717  0.03556773915561852  0.03743393105028747
  0.03940309568990276  0.04160481691613438  0.04379667526536520  0.04605543638898801
  0.04832631524694122  0.05068215620357713  0.05321475387753864  0.05586206556274240
  0.05848684123096193  0.06112144231059415  0.06379497069082010  0.06659141640414347
  0.06971338327098263  0.07302403162477124  0.07676783791792631  0.08072309689344237
  0.08498260583831513  0.08951343384864938  0.09506230155227760  0.10150812246500411
  0.10984769491864717  0.11732015812991094  0.12594511299312627  0.13695924663377854
  0.15229491058060587  0.18298599392361947  0.60971959899625361  1.00000000000000000
  0.00275548955903695  0.00433730446747227  0.00553426944949199  0.00655458185451473
  0.00697839795989698  0.00747385210963632  0.00791878894236235  0.00835007844476710
  0.00877567900188610  0.00920376441073321  0.00961993822465124  0.01002451706744553
  0.01043599796509514  0.01085580612331486  0.01126846871225739  0.01166632896853445
  0.01205505104438896  0.01245094987601164  0.01282852943695395  0.01321357277942120
  0.01359584737248007  0.01398010766661468  0.01439467385922406  0.01481446871381482
  0.01525043667896899  0.01569541319398970  0.01617195000540133  0.01667377370321095
  0.01717951130250168  0.01769183145100610  0.01821912819377492  0.01877326859744492
  0.01932210088041176  0.01988193650620349  0.02047683204420756  0.02108784480827898
  0.02171075877496373  0.02235031366131468  0.02301634522994796  0.02371236524932035
  0.02441600745599967  0.02509972913792723  0.02579139906465696  0.02651734313809945
  0.02723698477130286  0.02797404038576467  0.02876811606349720  0.02965360130759318
  0.03060923842737287  0.03160759743164724  0.03264651982107548  0.03372406163626408
  0.03480450502752607  0.03587590139796796  0.03692818427242928  0.03796633342192127
  0.03898796591041433  0.03998631161530757  0.04101676110587003  0.04212214096762995
  0.04332451069257889  0.04460243456490363  0.04596370707999165  0.04730486434544590
  0.04869614290545097  0.05022961807283083  0.05186354600377389  0.05357938274669476
  0.05545159569704598  0.05742235077359424  0.05951858595859860  0.06148013113082292
  0.06341528385932217  0.06543280469348038  0.06751874290617640  0.06986010446187702
  0.07232955422561013  0.07523062648721712  0.07852508444270587  0.08234676178611712
  0.08643632409254602  0.09031699413124840  0.09370180014311660  0.09689365874265982
  0.10006115121043808  0.10386537892583059  0.10911254355528006  0.11613525107976572
  0.12184941574901477  0.12748457822952544  0.13348069227291229  0.14017055325890310
  0.14897071310253063  0.15854417465825338  0.60263308487879208  1.00000000000000000
 -0.00405349034606296  0.01296476108691434  0.02729735404312546  0.04099534428247359
  0.05327400082361856  0.06436103580695754  0.07495814464110276  0.08547187026933009
  0.09579927013600889  0.10645530911385201  0.11749231088483918  0.12794216342319037
  0.13745242279472500  0.14674365758736771  0.15668054161303782  0.16722629656681248
  0.17807731236329713  0.18888657951886983  0.19970435178614040  0.20945672110268490
  0.21814956338041236  0.22667574325139775  0.23534241573815792  0.24395875183166499
  0.25231418272612000  0.26023015781086845  0.26779170544531528  0.27580828809738056
  0.28434798864517208  0.29326209461560576  0.30244148347785899  0.31141806860792137
  0.32062682761304756  0.33010877663207672  0.33931085098298652  0.34843692233153423
  0.35693451682965177  0.36462697116570070  0.37231701110315435  0.37991262525839070
  0.38765310702352745  0.39559439968748844  0.40387642381212080  0.41221729238553645
  0.42081651415813909  0.43016517461037895  0.43918788483864413  0.44776146697006602
  0.45618108526799112  0.46489278222201802  0.47415475405678753  0.48368461486994596
  0.49254083935664422  0.50096322508508662  0.50937603033068757  0.51769750627540334
  0.52634162057070921  0.53493327391247347  0.54433619503454256  0.55438089066250873
  0.56394235021428818  0.57326155458538619  0.58217439398868576  0.59049941916964510
  0.59898317757426500  0.60821741838134624  0.61832994115935636  0.62811737291701186
  0.63721436349786376  0.64698145376335459  0.65768823071608085  0.66884099042315293
  0.67963099895044154  0.69104221813727484  0.70301948399114278  0.71439841880225807
  0.72537101789866298  0.73638760374261991  0.74771557677964862  0.75907316363760891
  0.77094020015654319  0.78303619733155305  0.79531212409399232  0.80825004485991003
  0.82229358534850883  0.83653103420475228  0.85067450548188639  0.86480189991292766
  0.87971293138498186  0.89560394820354894  0.91159112751474825  0.92760794820955395
  0.94422148427167263  0.96202331013592624  0.98068287595438242  1.00000000000000000
 -0.00228515189535729  0.00964879576754629  0.01889057961719995  0.02797052642114680
  0.03744064767410897  0.04717515832098545  0.05683218048078739  0.06639594148020816
  0.07673237908278473  0.08809983906479602  0.09972245343662675  0.11051533100607469
  0.12078983598338004  0.13090182424473873  0.14056034636488604  0.15037200384279789
  0.16075940839553138  0.17166666268034531  0.18295107379188175  0.19420403344742648
  0.20548605545837795  0.21558692345818051  0.22542019757392295  0.23512853857907218
  0.24473098415885952  0.25431683792914417  0.26351345655469754  0.27259373128455605
  0.28223679712669031  0.29238796228507691  0.30283466768340406  0.31294039022626385
  0.32310151868692250  0.33355755184686314  0.34451456448887735  0.35560060053682480
  0.36672283304888231  0.37728577439089350  0.38764786932743506  0.39817947232088585
  0.40924148492454426  0.42041084581381183  0.43118666752833512  0.44161926530168666
  0.45227330392751253  0.46347523193078388  0.47520296153010755  0.48742396746851974
  0.49997211693468802  0.51271693011671937  0.52528066664491779  0.53724807942775743
  0.54850445992947594  0.55906816474458554  0.56911297478088752  0.57912320807694273
  0.58938841950872223  0.59997331251178465  0.61089280391314760  0.62215527801807446
  0.63357897587719691  0.64530393407450959  0.65722025134429507  0.66883624520683382
  0.67951386890406018  0.69003376096980695  0.70049642106051990  0.71100216263472626
  0.72097579340196138  0.73047264107862786  0.74011060342149071  0.74993370214830368
  0.75957265376303418  0.76932725260805046  0.77934793505712885  0.78998622373926308
  0.80055629619569990  0.81146970289833831  0.82246476287220927  0.83374864249512970
  0.84428332916999937  0.85422768997597232  0.86465895375521606  0.87501556602270902
  0.88622930042753156  0.89769998789122774  0.90917960941793952  0.92036941002663486
  0.93050814967642526  0.94053984498714116  0.95010073811928408  0.96063138954636984
  0.97094656226449294  0.98091120787598551  0.99033452390315579  1.00000000000000000
 -0.00251139193798446  0.01071781988205043  0.02116756275167637  0.03232454172117449
  0.04349177046723161  0.05472537035022319  0.06578694525132420  0.07671097233963660
  0.08808693261068282  0.09855607007098829  0.10827673905927941  0.11772524842991275
  0.12737601930111267  0.13730554972376441  0.14704737732032852  0.15712385757752462
  0.16809799991319205  0.17897104507033998  0.18949950623247394  0.19962571112173350
  0.20998660034469629  0.22083138942735195  0.23144447907483903  0.24188026257337955
  0.25210615814034237  0.26268473757003868  0.27348624027670887  0.28431362254914122
  0.29496080099207184  0.30593148254992636  0.31761956430870719  0.32982540036012803
  0.34169911724403412  0.35324159449932668  0.36431697719892797  0.37505985781619472
  0.38578365988170077  0.39632384283588340  0.40652559153414775  0.41660955699459445
  0.42664965122424253  0.43715820573423991  0.44816482249310668  0.45904434327047150
  0.47012554867855305  0.48045326161109986  0.49017934812724828  0.49975536078557475
  0.50940737034262817  0.51863007096404934  0.52727866883993724  0.53586391982757953
  0.54525430351657267  0.55555367761341257  0.56525702974006964  0.57418904128460335
  0.58340598346015560  0.59350674598519015  0.60426087215241819  0.61488438454835970
  0.62533525888836439  0.63594096973371661  0.64677550792091687  0.65771899876628359
  0.66827362838474524  0.67833316746297811  0.68861451194178114  0.69985842904718731
  0.71175918780711922  0.72385359784490166  0.73650614097668521  0.74948171153315291
  0.76146607228823648  0.77221244065078032  0.78259518936102968  0.79278631587222304
  0.80346069701058331  0.81395032680978952  0.82376836124138131  0.83308277139763354
  0.84263572894823602  0.85286006658188951  0.86311221622684720  0.87307091606676190
  0.88316523389180013  0.89368539036746775  0.90437339628089686  0.91522972895171140
  0.92547121636175078  0.93619735316580754  0.94665267170909106  0.95763589236900093
  0.96811432368508177  0.97827649967584751  0.98896840670847730  1.00000000000000000
  0.01398038602308439  0.01515797506959309  0.01569025302626697  0.01618970301335470
  0.01669204700743078  0.01719840594759742  0.01768465971379965  0.01814242265115470
  0.01859089234232922  0.01902908062594195  0.01946244134626731  0.01989973192211614
  0.02031445873622096  0.02071956790433696  0.02124832431750742  0.02184388694927738
  0.02243543035686505  0.02303590518526394  0.02363225557715339  0.02422521650046069
  0.02481689230211552  0.02540372171032486  0.02597900598858511  0.02653266215264054
  0.02709103630045262  0.02765395412755674  0.02822994133235613  0.02882284693830081
  0.02942663507857671  0.03003947948335765  0.03065614384425530  0.03127263537552200
  0.03188371804567648  0.03248827144941509  0.03309362096959826  0.03371423850679540
  0.03434814926853760  0.03501358667121178  0.03570065274690017  0.03640120686844148
  0.03711975964984913  0.03785152914922077  0.03857336893732918  0.03928003482196318
  0.03994998003873669  0.04060529230658300  0.04128177066506303  0.04197184004170144
  0.04276218693283877  0.04355152114119856  0.04433797502261571  0.04514261388589294
  0.04596270005822119  0.04679528117273086  0.04764716755108465  0.04851596295566263
  0.04939245257401275  0.05029748474628016  0.05127434124499287  0.05234779229876632
  0.05347939698314526  0.05456304856245954  0.05564482552860368  0.05673091261627631
  0.05784819383299591  0.05895872814236237  0.06009583219720966  0.06125827861470429
  0.06254663198768486  0.06400945609357479  0.06558970956910011  0.06715987575590618
  0.06864749377466375  0.07010389179031232  0.07163203770055479  0.07327054025064793
  0.07503488201389494  0.07693089870027359  0.07896652948015369  0.08082798840226897
  0.08287950199964425  0.08567744259881541  0.08935516593343636  0.09347272498509401
  0.09809808224451214  0.10283931436792736  0.10842733530524125  0.11468429359306959
  0.12181326463837729  0.13065221571313843  0.14125449339177784  0.15382131377310057
  0.17135470768312788  0.20205946423827301  0.52809707537112371  1.00000000000000000
 -0.00224656917177484  0.00886861681596092  0.01780317036268964  0.02745946710953634
  0.03710342269426944  0.04760132307890071  0.05798548705651198  0.06828500914855845
  0.07840731602594586  0.08850804979177217  0.09879553929000527  0.10932236970126201
  0.12029702729981483  0.13102157372167833  0.14162216655432161  0.15260454920824593
  0.16405790506977005  0.17534993864553036  0.18630886084698636  0.19679185532465868
  0.20734781884545556  0.21775400415733084  0.22810864106217721  0.23817460623751185
  0.24817354012370541  0.25871850868514451  0.26920933584162438  0.27928877216904924
  0.28925565306097734  0.29952648132053356  0.31004428742837503  0.32060465884905359
  0.33127024512388870  0.34240902481789975  0.35346326813135914  0.36345300272205372
  0.37326291643480386  0.38282471115382610  0.39281551087614297  0.40300862595526893
  0.41388834793247892  0.42585637152455780  0.43819948063557440  0.44982704967158216
  0.46153862507496785  0.47339133360099706  0.48511278311261918  0.49640545586603452
  0.50728336319597434  0.51849404813690170  0.52984144032372760  0.54201859637033656
  0.55503236187156824  0.56798422330613108  0.58036546396940691  0.59200571710831829
  0.60313190221519053  0.61402053438285142  0.62465181117006174  0.63472584697500012
  0.64474599198010196  0.65546815952241821  0.66618120045834617  0.67640383359561584
  0.68618527171478538  0.69597200979795715  0.70587216460843494  0.71611250913780222
  0.72641698032959134  0.73663675052952060  0.74720631142954852  0.75826092695278335
  0.76912024356350894  0.77893757961109500  0.78849443431758925  0.79806921738871861
  0.80747369893145959  0.81710629578970762  0.82750971560808151  0.83849634386735761
  0.84952287374179503  0.85927710955621939  0.86794021439550173  0.87663085292436904
  0.88529470831919832  0.89431584534950226  0.90354120408349881  0.91294617967684555
  0.92534914364984788  0.93799566769222242  0.94931968706082026  0.95987797359122096
  0.97010674930464291  0.98039878185026952  0.99025032031024129  1.00000000000000000
  0.12394669076323529  0.17677883121061796  0.20609760380300313  0.22542890360082149
  0.24133507741732130  0.25585645984274358  0.26889731062786210  0.28174443853794695
  0.29458373641583463  0.30743842350534439  0.31876584873080394  0.32925064844772339
  0.33879568676354566  0.34731238282135973  0.35527677276968078  0.36323073480704954
  0.37144266400649623  0.37941933657680421  0.38685884318011371  0.39391399237708297
  0.40073034672497382  0.40741738424214313  0.41387844455438683  0.42007042987749682
  0.42565131370391207  0.43169539642589994  0.43722250749425129  0.44279620310813478
  0.44823617219213324  0.45392847857382113  0.45977438318789315  0.46555910887503910
  0.47123888777206363  0.47644248783285786  0.48146716861159966  0.48650733590601825
  0.49169646195041672  0.49702953202931943  0.50229951631154490  0.50738553464141745
  0.51237919934253651  0.51732124922910350  0.52220625891793737  0.52689732984265247
  0.53170863025724524  0.53654925588084612  0.54124991113202126  0.54595937493958568
  0.55054360269665426  0.55525297311681476  0.56023921625353101  0.56537428798960609
  0.57037754308612632  0.57512032868183238  0.57971224698304358  0.58424715984553088
  0.58862223075002518  0.59290834131067849  0.59737905436422045  0.60193518952026415
  0.60665865623630799  0.61133352059973622  0.61595444740732441  0.62058908221119613
  0.62520151606086638  0.62980150621862607  0.63440438973419522  0.63898886948893163
  0.64363307081557886  0.64843039388574453  0.65337461722291601  0.65814082020407527
  0.66274321246089551  0.66741890460950826  0.67256916972745839  0.67803494724618052
  0.68375314146702171  0.68962609792029705  0.69555176705627753  0.70139832490649590
  0.70723457162888559  0.71338130254438281  0.72004942471854239  0.72718836600911241
  0.73476805565351422  0.74245455138658001  0.75020234748692272  0.75877555835112243
  0.76797618377949295  0.77828367658320485  0.79027802487201348  0.80416851449704407
  0.81998007418061514  0.84010671106873336  0.87615392295323302  1.00000000000000000
 -0.02290913082534050  0.13739994930083924  0.18132352234372345  0.20713825986781292
  0.22683525068176652  0.24358103912761966  0.25816185929551561  0.27101017855181064
  0.28216144757483597  0.29293180709632632  0.30275029773543194  0.31189631609762586
  0.32050699549972100  0.32885316064554243  0.33679594201920404  0.34416771923015343
  0.35109547240842304  0.35772120880321318  0.36400472592238697  0.37021105633857943
  0.37631489491972980  0.38157916020912563  0.38689551996376792  0.39205416930573084
  0.39711852025257594  0.40214569127608263  0.40718592317124402  0.41225163332960929
  0.41725126830035808  0.42203142769955670  0.42663781468275541  0.43118366854684281
  0.43546460744089532  0.43965678556069754  0.44392282646302783  0.44831095605327126
  0.45286864851382996  0.45727644925638611  0.46137369680939311  0.46526448404501852
  0.46909333820738619  0.47297451777050259  0.47689876730641612  0.48085950166955976
  0.48480801938513585  0.48864392865770845  0.49241932114461506  0.49631010904968348
  0.50020721078654151  0.50412375024290579  0.50810503491727821  0.51217506823086911
  0.51636383119522666  0.52064965418835929  0.52506128024647469  0.52948548473362500
  0.53377308691695236  0.53794029326559523  0.54207369975498609  0.54610888833387627
  0.55018708647145309  0.55440022358903362  0.55867110746340487  0.56304178574313934
  0.56748387851597293  0.57195828251929970  0.57645412247281402  0.58102081586038168
  0.58585931876881647  0.59090557641007890  0.59618724188305505  0.60159180711017146
  0.60739171975404949  0.61331628604064203  0.61943884644806857  0.62565816302921096
  0.63197303103724101  0.63828427242867203  0.64458966678092711  0.65088704224271055
  0.65731130114453018  0.66406448194312817  0.67136523581091201  0.67900941311294460
  0.68680938405973757  0.69501022450814842  0.70393895449821753  0.71415577516001705
  0.72547863386509504  0.73821825629425730  0.75226541781358447  0.76913341841101601
  0.79067823365513912  0.81929695831857785  0.86387577587458897  1.00000000000000000
   1.6745150514620126E-011  -1.0000000000000000     
 T T T T T T T T T T T T T T T T T T T T T T T T T T T T T T T T T T T T T T T T T T T T T T T T T T T T T T T T T T T T T T T T F F F F F F F F F F F F F F F F F F F F F F F F F F F F F F F F F F F F F F F F F F F F F F F F F F F F F F F F F F F F F F F F
  <DiscreteSampler_grid>
  grouped_processes
  1 # 1 for a reference and 2 for a running grid.
  10 # Attribute 'min_bin_probing_points' of the grid.
  1 # Attribute 'grid_mode' of the grid. 1=='default',2=='initialization'
  0.0000000000000000 # Attribute 'small_contrib_threshold' of the grid.
  0.5000000000000000 # Attribute 'damping_power' of the grid.
 # binID   n_entries weight   weight_sqr   abs_weight
    10   10   6.904862141521294E-001   1.107657405324095E+000   6.904862141521294E-001
    16   10   6.904862141521295E-001   1.107657405324096E+000   6.904862141521295E-001
    22   10   6.904862141521294E-001   1.107657405324095E+000   6.904862141521294E-001
    28   10   6.904862141521295E-001   1.107657405324096E+000   6.904862141521295E-001
  </DiscreteSampler_grid>
