  0.01418888205306314  0.01462230234586409  0.01494795585967991  0.01526865274450693
  0.01554427215874765  0.01576946890326988  0.01598641804200032  0.01621436726718169
  0.01644922815380355  0.01667461780937462  0.01688686406525255  0.01708963088339658
  0.01728615545860814  0.01748877425346859  0.01767787552178154  0.01786057817019253
  0.01804630541017474  0.01822950028540279  0.01841606317453566  0.01860256957809756
  0.01878656664806986  0.01897292734935102  0.01916123739159134  0.01934788622137531
  0.01953315966457497  0.01972535525863288  0.01993062660470948  0.02013103866819922
  0.02032481495563384  0.02051383686656082  0.02070083320460278  0.02089539287187254
  0.02111102912735296  0.02133714270611223  0.02157417856462550  0.02181570808716284
  0.02206441275186993  0.02232059107250802  0.02257229510896419  0.02281120519957369
  0.02305421523777059  0.02329211738242654  0.02353868092242996  0.02378725807584988
  0.02403459225884337  0.02428392223182457  0.02453552943521799  0.02479230858747847
  0.02506133116666165  0.02534619369661723  0.02564987316009761  0.02596093943588251
  0.02628780799503590  0.02661777966705912  0.02694099851456925  0.02727194645522356
  0.02759686543749610  0.02790821912376283  0.02821678091756951  0.02853620532622010
  0.02887248668477219  0.02922473834739369  0.02959771920228458  0.02999207908187242
  0.03042866557232372  0.03084245330813007  0.03127657678135191  0.03179787153280340
  0.03236787196496733  0.03294657544362999  0.03355810348759965  0.03419239086277914
  0.03482991067111595  0.03540127370569707  0.03611682392776109  0.03679336318946543
  0.03758258874432537  0.03836940278762934  0.03923667092174338  0.04018125685165318
  0.04123075901686861  0.04227816618807016  0.04348961661686515  0.04484365435380751
  0.04635413963223275  0.04810735524807302  0.04978335706055373  0.05141851738987425
  0.05353407697956059  0.05598211487760130  0.05963561908200881  0.06503599947792589
  0.07279798795300706  0.08526064682782709  0.11387115184929181  1.00000000000000000
  0.01403856894120840  0.01473653296520321  0.01525541712103490  0.01563653282948152
  0.01598037049504138  0.01632372244073939  0.01666516999480796  0.01698401595485293
  0.01727731029069846  0.01755689137500791  0.01783710330419720  0.01812409125680520
  0.01840056411836490  0.01866063422984149  0.01890454419520025  0.01914053283030423
  0.01936698699474366  0.01959547988320812  0.01982020240450608  0.02005074721749054
  0.02028425208165974  0.02051082179407540  0.02073051284011596  0.02095367325737875
  0.02119079530142434  0.02143619035027933  0.02168310718219417  0.02192330146161284
  0.02215591284396724  0.02238929584232598  0.02262997587475033  0.02287540669990187
  0.02312757438178991  0.02337609465568193  0.02362405685557564  0.02391507591070621
  0.02422392012129009  0.02451752477281206  0.02478867530819354  0.02505649466926763
  0.02532759789791848  0.02560179659594490  0.02587839948809273  0.02616764374204388
  0.02647912081771850  0.02679505911812494  0.02711550198588014  0.02746134163749585
  0.02780509060160382  0.02815006806467609  0.02852195893201291  0.02890536515391590
  0.02929648775326170  0.02968879870265286  0.03008754524078772  0.03050912778916436
  0.03089019994588561  0.03128979585882630  0.03172217742787970  0.03217207985187058
  0.03264181652277975  0.03312637792571578  0.03361079073195099  0.03410610541798816
  0.03462553849130938  0.03518059690162890  0.03579296020374486  0.03641339908975447
  0.03702154674425467  0.03771213286268302  0.03846462222566482  0.03923449535146706
  0.03997064929983677  0.04058983642482127  0.04118032248030771  0.04187504708454930
  0.04276811020418598  0.04368765964045878  0.04449384107432837  0.04535137526099480
  0.04638148456523744  0.04755826746128380  0.04889859250819403  0.05057882265631224
  0.05241489067542779  0.05442235516050337  0.05659110067270784  0.05909552812185903
  0.06219715546241829  0.06581084774407160  0.07187756665504134  0.07912950922171026
  0.09193058905902443  0.12261137403215475  0.46819349227076906  1.00000000000000000
 -0.00987902843112231  0.04372508324462078  0.05646807715435552  0.07052535597189918
  0.08632147653721843  0.10059140425335908  0.11637874742893460  0.12871051004256176
  0.13990984589583733  0.15346270441653329  0.16506381095474484  0.17598188097607198
  0.18697518304710065  0.19952980184353258  0.21238214374211895  0.22268614739903259
  0.23180282140991876  0.24073414018164699  0.25036343075027079  0.26002854096536232
  0.27000077249236598  0.28017510021383835  0.28982352573900261  0.29902345952119908
  0.30694521094425797  0.31405777188095374  0.32149557895731989  0.32928560709101201
  0.33702864982996328  0.34529658439977395  0.35329373938410419  0.36041755821498317
  0.36722988740407869  0.37433517702902741  0.38200822014320346  0.38989420226183469
  0.39832840171590161  0.40641183736718367  0.41433178254830716  0.42188005178760896
  0.42885585671118109  0.43515067992765616  0.44081795623650111  0.44610449387638812
  0.45156411796741747  0.45729564948247287  0.46238739828032643  0.46718536729026150
  0.47209158521064942  0.47732150458141587  0.48295845733693116  0.48919137934660956
  0.49642153281622298  0.50402550972501714  0.51082815236618873  0.51732590293559932
  0.52377784623323642  0.53034046865051498  0.53684033037404655  0.54396961918658515
  0.55085199573011046  0.55777686746296440  0.56486916064075376  0.57226414820806160
  0.57973510531895445  0.58722193501667141  0.59497475223736296  0.60251011372661945
  0.60985892346448212  0.61736429022582640  0.62560528099417234  0.63369486457649105
  0.64116350046432924  0.64782504532423402  0.65411946401092802  0.66075344327273500
  0.66818541775730744  0.67646675480054907  0.68535824657754230  0.69447320418338965
  0.70334976807612004  0.71240010661835362  0.72323608985533194  0.73436770604146473
  0.74658818949874739  0.75934506204246655  0.77405081743229376  0.78964547840010624
  0.80697805662383115  0.82592083383789172  0.84666090944280736  0.86782618535869671
  0.89163491050773636  0.91737620350483529  0.95171120923926467  1.00000000000000000
 -0.00156907410865360  0.00687753188963812  0.01411154743337674  0.02235537624624221
  0.03209975144141790  0.04174654180902496  0.04979099389639521  0.05812024703826269
  0.06856549505603805  0.08059996946453023  0.09303706512697477  0.10492029557390038
  0.11542867141269963  0.12530457011550497  0.13523296100281720  0.14523931381026381
  0.15566366625268629  0.16642632728704995  0.17774217105213466  0.18889134722345632
  0.19902581872617858  0.20904976869763059  0.21955479254917309  0.23037786615820224
  0.24085493854148379  0.25078035269676602  0.26085411858533974  0.27102459845157184
  0.28113769856696308  0.29173041295891000  0.30149672037008091  0.31073917585029193
  0.31960653588173660  0.32829505907404943  0.33717144032079033  0.34666784042040782
  0.35715096721818090  0.36864188796658381  0.38009743498954579  0.39157221072438858
  0.40261694824957578  0.41357744455113926  0.42402915650473566  0.43389991340195416
  0.44362641782518719  0.45370217465341561  0.46381506422609359  0.47252565272880087
  0.48069493442551092  0.48884325827010272  0.49698688569752042  0.50625966807518907
  0.51637961535963339  0.52706118251228362  0.53849343393830196  0.54868065438990876
  0.55828209743889279  0.56824640588449948  0.57789718573132531  0.58810261955359477
  0.59820645328193423  0.60800361112812262  0.61820408609689614  0.62879358502587190
  0.64042373732319435  0.65192291693501270  0.66324282637363619  0.67406346442034060
  0.68399777414563068  0.69497399170687757  0.70739470935556226  0.72057241388690452
  0.73384774140921971  0.74697782818013969  0.76157481300266161  0.77404148064421707
  0.78565308669034684  0.79740030348268154  0.80925358148303084  0.82069070617059281
  0.83125773105264278  0.84179413492989152  0.85295048101932069  0.86407602327919986
  0.87475945904343821  0.88505221517466337  0.89616312202710002  0.90857293879071921
  0.92073175596635004  0.93198400297463047  0.94276096931007136  0.95370266430882189
  0.96548442126840150  0.97749457396959272  0.98879740399264404  1.00000000000000000
 -0.00630450398495307  0.03428217818624420  0.05792168868128943  0.08210385356307141
  0.10425618198948705  0.12651003734797373  0.14645137713236064  0.16335909257543713
  0.17701415651289357  0.18953132279221732  0.20208727584730285  0.21350563348853652
  0.22413444242760014  0.23512779709828424  0.24718965528346895  0.25763569358173471
  0.26838531689699174  0.27827419806846498  0.28811410449811520  0.29750152325462365
  0.30700842280919843  0.31592451103551261  0.32458869181151334  0.33247493703539249
  0.33920086374107511  0.34568893698844522  0.35269651005140540  0.36074711025652256
  0.36973255668914534  0.37760748039269532  0.38384962403295053  0.39008329976109185
  0.39612989035426033  0.40248647189362952  0.40870525094960924  0.41484605427455290
  0.42092476566577969  0.42689192336584186  0.43283319477873394  0.43935882093890394
  0.44668548216954335  0.45422493919090923  0.46122447810337791  0.46845336730817866
  0.47563246942199044  0.48253671842190804  0.48963062712279293  0.49716237285184667
  0.50403977998777982  0.51074341906531306  0.51745865222001430  0.52394857152546614
  0.53055447288137536  0.53791489075746735  0.54528498240124146  0.55238739719845820
  0.55939017526286861  0.56648990577175740  0.57363982891657006  0.58102727807322185
  0.58849934150443572  0.59611462944611626  0.60353090078348071  0.61041105235550153
  0.61752225928250470  0.62484784189756271  0.63209696237938839  0.63921997872204539
  0.64637158801912498  0.65310902223496836  0.65995031615328992  0.66699291833318652
  0.67456222613277350  0.68168378230097781  0.68862415335204119  0.69610072037754223
  0.70407496126437097  0.71219261797586930  0.72113901442065886  0.73013621653676120
  0.73904344396839250  0.74812758378469002  0.75728129021901547  0.76562300927900173
  0.77571121185649339  0.78859662293419641  0.80185093440147237  0.81466267141060422
  0.82801169542978481  0.84091100168251665  0.85479555889305658  0.87393017649157534
  0.89937702801008346  0.92773002522469272  0.96028928127180024  1.00000000000000000
 -0.00141106128944301  0.00647996018746336  0.01389852495753592  0.02150595467316153
  0.03009377418942258  0.03999182334503300  0.05044806275999893  0.06066783189328105
  0.07062499798976740  0.08051873486573838  0.09222720878726166  0.10530692420487749
  0.11838520670232411  0.13068681380859895  0.14175460932701486  0.15201466682177767
  0.16208700707465173  0.17284781518287162  0.18397725679675977  0.19491677211163133
  0.20571421230646156  0.21632605739524524  0.22791495518090801  0.23965833558985333
  0.25051817341766408  0.26047269517647670  0.27001898145947595  0.27986741331401749
  0.28998578763755012  0.30066576202164075  0.31318146596449525  0.32738739724415017
  0.34214702697715427  0.35351049337045853  0.36422024208429360  0.37513099803856298
  0.38614306016978067  0.39700585606118943  0.40724355860954325  0.41735419367266940
  0.42744619828000269  0.43736089120925270  0.44713341650254845  0.45774771882849236
  0.46977452008162163  0.48106035127221891  0.49179764451747088  0.50299914851785699
  0.51475287536506098  0.52675158507482944  0.53915403061628220  0.55200359147833966
  0.56485302399962689  0.57694439841597611  0.58870288680523764  0.59935845092721673
  0.60847329625169755  0.61656257984478791  0.62505854915773895  0.63359773500178129
  0.64257738599174774  0.65127289867369365  0.65895539747044252  0.66634035954823334
  0.67551041251154498  0.68601480042599439  0.69661617982633872  0.70636071179229376
  0.71556463923723479  0.72474891198816460  0.73430686464966111  0.74323779024768544
  0.75206444253540650  0.76082773293063166  0.76957961428849175  0.77843738314837940
  0.78743096862400630  0.79692906400867058  0.80701381401111749  0.81843465293086537
  0.83035651372779373  0.84228267477748431  0.85408353657019342  0.86545558302123349
  0.87671057744158931  0.88796228712524028  0.89954565097954908  0.91166874772923057
  0.92344443068958748  0.93437467217248849  0.94501823541070529  0.95538855811533285
  0.96639696615222526  0.97795222103902413  0.98904253697054667  1.00000000000000000
 -0.02579510670305637  0.13873464724649354  0.19590804023216196  0.22605344558676965
  0.24905112406379035  0.26499659865385766  0.27890292876377304  0.29191103580606770
  0.30415455537202568  0.31421827099370608  0.32201081966843570  0.32957386464109850
  0.33739642713235440  0.34447549207051542  0.35078743180808775  0.35697303439434563
  0.36294500059309881  0.36851275241591852  0.37398485086524164  0.37976377606792994
  0.38560814511536218  0.39117613613539803  0.39641410078374861  0.40155392440552862
  0.40693577613011828  0.41226647072420020  0.41755933938474382  0.42278690404302238
  0.42760559626210876  0.43226778648178898  0.43676122534619261  0.44116514239346810
  0.44563919988432971  0.45026956504328874  0.45495321923188792  0.45926411127985806
  0.46260394670725852  0.46601268435835441  0.46922904339045324  0.47260289583388593
  0.47631796409864730  0.48019089939442555  0.48390396727971297  0.48748703213309391
  0.49092265119341777  0.49434009047456706  0.49798739596775515  0.50183291387046547
  0.50588893996799877  0.50998903858712796  0.51391993933156221  0.51770027575703903
  0.52117997420454543  0.52473522588169197  0.52851685580718055  0.53228078312579541
  0.53608203481013306  0.53990838735501900  0.54385212977414610  0.54786954266222387
  0.55194380978486512  0.55615118106021433  0.56015533213804358  0.56418364778953201
  0.56829088792211835  0.57249340081396161  0.57702707199683823  0.58176364748990050
  0.58607380369895767  0.58994041915165030  0.59357815337506692  0.59726552171667735
  0.60149738543879727  0.60627504862853232  0.61144705426777102  0.61655353688001524
  0.62189538214037099  0.62727843007312467  0.63320187340060086  0.63871370100248892
  0.64442911840064532  0.65061738376079303  0.65776327220934694  0.66625080552885263
  0.67486634882820806  0.68316288781453050  0.69146350978477078  0.70001803957289499
  0.70943982671743266  0.72030957149871122  0.73559462590734470  0.75646424238087273
  0.77976397185541624  0.80907158830133630  0.86516351506495759  1.00000000000000000
 -0.00232975374968786  0.00963646114978049  0.01995681921877574  0.03097964190036143
  0.04232281621939591  0.05401931873209800  0.06634703469493555  0.07868993210153592
  0.09022127683426290  0.10218414105284426  0.11476011345725906  0.12749469653673803
  0.14001316560404845  0.15167963710148363  0.16290933677400518  0.17451255727893719
  0.18452172594345834  0.19369911253788619  0.20241686764857866  0.21164489229347963
  0.22086885672414394  0.23095008794336322  0.24103003244469082  0.25099328502639018
  0.26163966713769177  0.27220541707507229  0.28192711717172597  0.29077052659941222
  0.29969271237688705  0.30944625549774823  0.32008660108055986  0.33051222220385135
  0.34028693598191695  0.35048167981531908  0.36048275271981656  0.37065511353694303
  0.38170088004824720  0.39206583062625627  0.40208346798526462  0.41193113677668758
  0.42216690811492474  0.43312429391625090  0.44337855069678284  0.45261429510950740
  0.46126535282823977  0.47001080382677207  0.47915339842807370  0.48912385505028416
  0.49899181710094631  0.50911774743783667  0.51939093944579373  0.53020615740064636
  0.54068643443520814  0.55064402605229290  0.56001797680651200  0.56982170042506131
  0.58156088512668902  0.59352190271798422  0.60470907992911471  0.61559044857973333
  0.62655051016574692  0.63716476495943519  0.64801772322135298  0.65952675996672183
  0.67096559638834141  0.68341223023870823  0.69488792376464192  0.70729776691079760
  0.71954424657093430  0.73178122990378025  0.74334810664903750  0.75409611771864449
  0.76540463851355522  0.77641120898093463  0.78657069200904173  0.79657396887960474
  0.80655560115658009  0.81717374582041680  0.82826025214195820  0.83964916818620494
  0.85094804746991282  0.86277142874358437  0.87495973263272608  0.88727367402365853
  0.89862262186690556  0.90861508666902302  0.91829887138281818  0.92871093183738118
  0.93961190821308904  0.95056797912966540  0.96035821120375586  0.96855321772990188
  0.97670453269109669  0.98421195285760965  0.99174724922248159  1.00000000000000000
  0.08847766930139360  0.32799137548949886  0.38175309796847678  0.41545675117580205
  0.44454361940930692  0.46773327617758848  0.48833195625738623  0.50593103280712493
  0.51984284416346793  0.53141636860296670  0.54227968346759792  0.55335782271920708
  0.56368316945337893  0.57241548298638567  0.58023717479183312  0.58736208456748207
  0.59412806780938343  0.60104465515188821  0.60738153165602904  0.61284490179448980
  0.61761892475070945  0.62219685072300113  0.62672347974844056  0.63114164097741599
  0.63577599632497983  0.64091236283215136  0.64600522291436935  0.65093036977249918
  0.65545997662370159  0.65998316294166959  0.66441219413324071  0.66858422498941805
  0.67214612490415115  0.67528203557078970  0.67841312514211027  0.68150884638556242
  0.68466951827173328  0.68783670634399996  0.69099871890316822  0.69410430472702600
  0.69702077260681916  0.70003732724919010  0.70305643541582397  0.70592317527043469
  0.70879537785925961  0.71172787739890997  0.71476044890806933  0.71794763201967993
  0.72098470530191572  0.72394042113620127  0.72662260704085024  0.72935566052111334
  0.73230275001423506  0.73534989712269105  0.73859918416447856  0.74179563967522144
  0.74476273473965537  0.74775094805780340  0.75080019588688918  0.75375161904982679
  0.75648879956146997  0.75916486130063843  0.76209047193220147  0.76510905991913525
  0.76809044911731728  0.77125600184405385  0.77432503252202722  0.77738147068255681
  0.78037798871106412  0.78327710856921018  0.78601104282884704  0.78851419833937908
  0.79088735081288697  0.79326542360036223  0.79575026519186354  0.79842732858060850
  0.80130008093472949  0.80422782464428633  0.80725865631241944  0.81042290794340244
  0.81368129599539285  0.81709423237595202  0.82043255329965659  0.82385849545679990
  0.82736647732851343  0.83107703181043746  0.83529148114572815  0.84010306277533020
  0.84523854053151737  0.85067120573484289  0.85730384316082420  0.86572687216988331
  0.87607205185427972  0.88923817972505148  0.91162446504646344  1.00000000000000000
 -0.03085606442065392  0.15731800659793974  0.20439730463568617  0.23021824041095518
  0.24811486734282842  0.26332455588189585  0.27742968479806285  0.28964887157608699
  0.29955620211526751  0.30816156245351412  0.31669564569169140  0.32473025755205404
  0.33197529601114534  0.33813685470166849  0.34409755887958782  0.35057276473671556
  0.35631955977986263  0.36147031369773841  0.36605744061920159  0.37068012564283698
  0.37533665639090197  0.38046816733087546  0.38576373455760593  0.39090364310582032
  0.39558964366064497  0.39999642379092798  0.40433514511544738  0.40858924013218534
  0.41299376942240201  0.41744562364111559  0.42186420254447204  0.42606471615660718
  0.43017926817447266  0.43421550772125916  0.43805180710878699  0.44191829053340903
  0.44610570696242885  0.45020457979401374  0.45411660162941558  0.45784477311778643
  0.46167794575910637  0.46552666637272005  0.46953804808109639  0.47356058639246912
  0.47755708834491012  0.48174002639762115  0.48628796934686785  0.49102358235955690
  0.49574378227889099  0.50059915831408164  0.50538350210719174  0.50998016561001258
  0.51425472773967673  0.51828480726081028  0.52236318429582940  0.52631400035976161
  0.53009385987980551  0.53398385631460421  0.53805507114648521  0.54226899028090270
  0.54640237399465474  0.55047546821060500  0.55453348154580451  0.55843937983404501
  0.56269597609666600  0.56696812623470516  0.57139174327851661  0.57612621525362973
  0.58105908777481685  0.58637065414231215  0.59195508241949413  0.59764120080941485
  0.60330740977057884  0.60898947606881804  0.61496001454492633  0.62078310647186741
  0.62649883639019999  0.63224160084104752  0.63814025329507973  0.64454002687611911
  0.65123908841513622  0.65794874254451896  0.66476897648620470  0.67227329483865861
  0.68026326045564922  0.68862500308164443  0.69767706297296683  0.70774782733102903
  0.71899176005843568  0.73169069680912446  0.74642830599571364  0.76271342787279139
  0.78054480756037115  0.80602978056346941  0.84591679156005117  1.00000000000000000
   2.9966749352069199E-015  -1.0000000000000000     
 F F F F F F F F F F F F F F F F F F F F F F F F F F F F F F F F F F F F F F F F F F F F F F F F F F F F F F F F F F F F F F F F F F F F F F F F F F F F F F F F F F F F F F F F F F F F F F F F F F F F F F F F F F F F F F F F F F F F F F F F F F F F F F F F
  <DiscreteSampler_grid>
  grouped_processes
  1 # 1 for a reference and 2 for a running grid.
  10 # Attribute 'min_bin_probing_points' of the grid.
  1 # Attribute 'grid_mode' of the grid. 1=='default',2=='initialization'
  0.0000000000000000 # Attribute 'small_contrib_threshold' of the grid.
  0.5000000000000000 # Attribute 'damping_power' of the grid.
 # binID   n_entries weight   weight_sqr   abs_weight
    10   10   3.890582354552589E-002   1.321945866901538E-002   3.890582354552589E-002
    16   10   3.890582354552589E-002   1.321945866901538E-002   3.890582354552589E-002
  </DiscreteSampler_grid>
