  0.00098143922172762  0.00140094754310459  0.00197177932076891  0.00256539729166846
  0.00312464527199913  0.00359220718251677  0.00406020116666869  0.00452000422742545
  0.00496248077148555  0.00540564471783060  0.00584116616199711  0.00626145544461129
  0.00666163178798119  0.00690337009104590  0.00708021521290101  0.00729139917597557
  0.00750484105463900  0.00772805408711974  0.00799160767795048  0.00827626361249391
  0.00855749756767521  0.00884583798121712  0.00914130767779705  0.00944276363157123
  0.00974311421515348  0.01003854478845097  0.01033133904237946  0.01062462565781535
  0.01092479341232001  0.01123095228575484  0.01153747078519639  0.01184423869783557
  0.01215226853411802  0.01246326349286885  0.01277600217204189  0.01309126531885200
  0.01341293623563541  0.01373942143334415  0.01407362689459748  0.01441365261318608
  0.01476503696922816  0.01513417960398594  0.01550562074863635  0.01588351134139920
  0.01626500457670272  0.01665217049977277  0.01705420223371709  0.01747597971120479
  0.01790374961510692  0.01834930835372901  0.01880453392805904  0.01927445312785256
  0.01975989417264661  0.02025314832675414  0.02074529938205536  0.02124643477658342
  0.02176096916383077  0.02229908756439293  0.02285805641353691  0.02343419148449955
  0.02402914500492759  0.02465196629477037  0.02530730122552014  0.02601069733103089
  0.02674440782404613  0.02753369453436882  0.02836733001894388  0.02925090206781607
  0.03020678321164834  0.03122275233186104  0.03227835345440914  0.03338761665957220
  0.03455265706374989  0.03578358014234945  0.03710567204763742  0.03852612531799832
  0.04003708995119434  0.04165690720673956  0.04336742496962247  0.04520328901246607
  0.04717859511093316  0.04930032139903569  0.05156477609733120  0.05415880110543402
  0.05717471032017435  0.06073762945823729  0.06488684483170383  0.06963229924284443
  0.07496619817282872  0.08156854403506129  0.09017780870511845  0.10102932730227293
  0.11634283230571482  0.14337719960071765  0.82079976120523723  1.00000000000000000
 -0.00209409167621176  0.00832692637573398  0.01758695896333656  0.02721958600935709
  0.03752453155782255  0.04799613457845742  0.05859964124428643  0.06908791156690704
  0.07993732280007504  0.09096398324229271  0.10208165616114971  0.11260445123769106
  0.12283614149024649  0.13253090363833225  0.14204471622046100  0.15194700356401319
  0.16176470587273264  0.17149675869978503  0.18106130125714612  0.19095051018857703
  0.20156110206370109  0.21199465343269758  0.22176084847119490  0.23153159275407592
  0.24144206209936811  0.25184215856777820  0.26218473146256005  0.27237566921066569
  0.28302615441785672  0.29378484256848292  0.30465133606712647  0.31579416855515868
  0.32619495689476324  0.33652506952551264  0.34673155504180975  0.35753930005015955
  0.36851830376386430  0.37954363365976040  0.39027963308585539  0.40106127225998300
  0.41194884394159503  0.42302143997459235  0.43404693357834778  0.44488146667081363
  0.45589687718148159  0.46684129457740098  0.47781651317434481  0.48865033818325909
  0.49951464914644989  0.51038494114900623  0.52112718427430549  0.53176715393638296
  0.54261341004718078  0.55354918622392024  0.56492536754798039  0.57586836641048500
  0.58669703315624866  0.59728510529221468  0.60788551364327692  0.61851058716573493
  0.62915300470001034  0.63993923003568942  0.65059043153227480  0.66117283135581806
  0.67168225047394892  0.68219765044285230  0.69291568158376948  0.70358115133179988
  0.71437710061297288  0.72519557989825567  0.73565579660711911  0.74592837381592625
  0.75618958223066557  0.76601118181220129  0.77552562385304757  0.78511316032775091
  0.79525657674174854  0.80619901895723689  0.81724991533776148  0.82817424931985983
  0.83876553044160351  0.84928001363268169  0.85974283075655999  0.87056727826172153
  0.88174938861536900  0.89298865264642358  0.90423213700973937  0.91531055570830278
  0.92631294922111185  0.93704777370702252  0.94751212596136125  0.95776030493484299
  0.96795699963226201  0.97844426236432946  0.98909247290299662  1.00000000000000000
  0.05176163360658247  0.06157898346136455  0.07338078570561528  0.08375276013159480
  0.09243042591316240  0.10035429230980328  0.10790201077017327  0.11516715283147476
  0.12229954882538968  0.12924534015002104  0.13599949044663817  0.14265915092934617
  0.14912219022177109  0.15543182243132780  0.16157774906338118  0.16763992659694288
  0.17368246496096509  0.17972806435033961  0.18565973777995159  0.19135547383801424
  0.19682180353752526  0.20216402956924884  0.20745244902121662  0.21272110434477629
  0.21803017174311035  0.22341504955613969  0.22878367243801565  0.23405351819305317
  0.23927924783462162  0.24448641063988891  0.24961634066106217  0.25498127232910406
  0.26019914563116719  0.26543400401286976  0.27067010623874921  0.27591386444975824
  0.28126262009142017  0.28676592644894622  0.29223801356003298  0.29752297220927587
  0.30274735578598200  0.30797883930459868  0.31324558308312189  0.31850205759778372
  0.32370037212260849  0.32879583105936017  0.33396549975148015  0.33931338059288185
  0.34475542094342054  0.35017766183507593  0.35573849057676277  0.36147803136651541
  0.36722204439372064  0.37285625594047866  0.37844088493632194  0.38408448822644903
  0.38992252179000603  0.39593407350806475  0.40181266618977840  0.40771800918510337
  0.41357755839783877  0.41951740161406526  0.42553320089375196  0.43156966324519158
  0.43763994363202502  0.44401842081649756  0.45028166724453972  0.45648130118719693
  0.46342001045732018  0.47066080973882402  0.47813789435391285  0.48569133517686214
  0.49330324508256357  0.50110324338468426  0.50914676481096499  0.51747101433775999
  0.52590653369322116  0.53450517575300649  0.54325848268893528  0.55235838852172825
  0.56206846766675023  0.57247966811131901  0.58328965796533627  0.59447469466555725
  0.60606412251063624  0.61786409810316889  0.62957544408089305  0.64188222597281619
  0.65532357162494237  0.67074937431893600  0.68863879381646920  0.70900521126838567
  0.73311299409380837  0.76439036625530610  0.81309957543418854  1.00000000000000000
 -0.02302859422656217  0.13861171745997575  0.18167713572523095  0.20846439525240559
  0.22877306747475454  0.24547679171853826  0.25919286600857894  0.27088473194988011
  0.28179016750583075  0.29209122991837294  0.30147054536749046  0.31017478337918225
  0.31841272246549379  0.32631331723396201  0.33374079449864552  0.34054958665239549
  0.34688173671729666  0.35298024743336087  0.35890150359780831  0.36463262925516732
  0.37035211449066147  0.37586920453493572  0.38109827195047791  0.38619256467582880
  0.39135263521093322  0.39638700034285956  0.40119159738169397  0.40592564561614003
  0.41064569280387364  0.41538165552568934  0.41990371944807242  0.42424103558551846
  0.42846995458740172  0.43265077277529690  0.43687500004310775  0.44120075073458315
  0.44557438617998979  0.44990873233937140  0.45425850657731626  0.45853403570801038
  0.46296120722234796  0.46740248023804021  0.47180607460831320  0.47624136692292413
  0.48071843296699407  0.48524792680521694  0.48977918762689038  0.49425899302254056
  0.49868163340054278  0.50306747899838788  0.50751429337089748  0.51196907540156578
  0.51646182187113210  0.52094660771890522  0.52532536056291579  0.52970792305166992
  0.53412039734281747  0.53859777363662642  0.54319474640952026  0.54785586825409971
  0.55253655576466987  0.55728604418063721  0.56185331663761495  0.56645183659530218
  0.57102937227015227  0.57556934244805646  0.58022224995598159  0.58508861965435555
  0.59017478426530590  0.59537579732265955  0.60060392328127632  0.60593516702148176
  0.61140360967910989  0.61703329156947084  0.62284557290683840  0.62886170833863719
  0.63486635972482230  0.64091042164695644  0.64707292466218158  0.65339657623979031
  0.65985399509558473  0.66657344420347708  0.67379009449360705  0.68129713489936206
  0.68921586044240302  0.69780323656312793  0.70715126456022104  0.71753230987985184
  0.72870337188632206  0.74122033046465885  0.75533765017703902  0.77179062733012749
  0.79249722765636177  0.81904280459037870  0.86038115761222766  1.00000000000000000
   1.0257327319421980E-006  -1.0000000000000000     
 F T T F T T T T T T T T F T T F F F F F F F F F F F F F F F F F
  <DiscreteSampler_grid>
  grouped_processes
  1 # 1 for a reference and 2 for a running grid.
  10 # Attribute 'min_bin_probing_points' of the grid.
  1 # Attribute 'grid_mode' of the grid. 1=='default',2=='initialization'
  0.0000000000000000 # Attribute 'small_contrib_threshold' of the grid.
  0.5000000000000000 # Attribute 'damping_power' of the grid.
 # binID   n_entries weight   weight_sqr   abs_weight
    10   10   1.343469206899751E+008   2.343999870529702E+016   1.343469206899751E+008
    16   10   1.380231478467262E+008   2.491380415206641E+016   1.380231478467262E+008
  </DiscreteSampler_grid>
