  0.01400925768679295  0.01458181112244608  0.01503229610108764  0.01510768399840499
  0.01520215788050311  0.01530421878385654  0.01540483257533806  0.01550343259645854
  0.01559836312386324  0.01568899875120938  0.01577560045182794  0.01586319870286396
  0.01595259534579384  0.01604139865186148  0.01612800841427399  0.01621540644413259
  0.01630230822041786  0.01638628957408872  0.01646914929459983  0.01655098874538686
  0.01663639296872415  0.01672614278799825  0.01681619650105833  0.01690383242010577
  0.01698881956830204  0.01707415419389111  0.01716313050306412  0.01725676479419503
  0.01735409721748893  0.01745364547400306  0.01755415075978298  0.01765535501832970
  0.01776298167826601  0.01786967881438756  0.01797644348932343  0.01808342084177564
  0.01819360200894417  0.01830885768804644  0.01843324761788630  0.01856293612592622
  0.01869144853767620  0.01881919047036468  0.01894888615039393  0.01908419277519405
  0.01922625600044614  0.01937438538450522  0.01952745671946248  0.01968497017563694
  0.01984875669184891  0.02002235798795043  0.02021121975404737  0.02040616849865180
  0.02060554796034860  0.02081088933853378  0.02102065582641306  0.02123967343736678
  0.02145783160316935  0.02168956948659607  0.02193575879951009  0.02220091224290539
  0.02247072860745288  0.02275334881181312  0.02304228919903544  0.02336002350073746
  0.02369103685342146  0.02402081185711414  0.02436698222100309  0.02474033249330020
  0.02513890615087173  0.02557543609869074  0.02605278706311388  0.02655103322417935
  0.02705817666927262  0.02759897453434873  0.02819447653783620  0.02886216907803371
  0.02951334434177909  0.03025598664699995  0.03106571711448017  0.03196678527869164
  0.03300313899223851  0.03416284273861644  0.03546869252711209  0.03692226236059649
  0.03857936975557519  0.04050036592146330  0.04285831529033170  0.04571387067196748
  0.04922559879306600  0.05333692215165859  0.05834204234359573  0.06565548527392535
  0.07798442612118352  0.10633746979360099  0.67533039780159010  1.00000000000000000
  0.05985065984427158  0.06257487178672905  0.06464171914752963  0.06642893837292967
  0.06803367609012101  0.06956640311856539  0.07093687996249330  0.07219120821229082
  0.07338017642967462  0.07456297697060585  0.07572116686949919  0.07682467639442402
  0.07789036485779734  0.07893804411848490  0.07998989518214754  0.08106531290678688
  0.08211543052939686  0.08312206720415186  0.08412608724830631  0.08513904836773897
  0.08615478071210075  0.08716963820898954  0.08818532748111109  0.08922333246160764
  0.09026781202935545  0.09130498068668490  0.09232886455783153  0.09335690396339331
  0.09440344625982820  0.09545320000251273  0.09648562575421245  0.09750810934351616
  0.09854758882000991  0.09961206132559790  0.10070737226519259  0.10180537538052248
  0.10289304832012378  0.10395080566215673  0.10500494395142171  0.10608477376113416
  0.10716932766357144  0.10826169268505309  0.10938662076464477  0.11053706661475432
  0.11165673702546518  0.11273448011748546  0.11384491703735664  0.11501562358623703
  0.11626770402100881  0.11759749814906562  0.11894826078017243  0.12032992510990782
  0.12175698954134447  0.12323264388980265  0.12473414284065412  0.12620444171706860
  0.12768189252147191  0.12921546655999225  0.13080121286225785  0.13240415276732698
  0.13400733228665618  0.13561588894180210  0.13725772684780216  0.13895494276881792
  0.14068542498941528  0.14248627650084097  0.14443365830609919  0.14650174214317022
  0.14880447239692218  0.15121640564289215  0.15380366166089429  0.15653194217879285
  0.15927478749541474  0.16192381383372845  0.16450348034684095  0.16721733143145243
  0.17001811562303812  0.17301216025662491  0.17623014459175099  0.17973453553789559
  0.18360195192446041  0.18763663800339045  0.19184367358277413  0.19642385815728311
  0.20147427015673217  0.20714707820990075  0.21337884338951643  0.22043912652443087
  0.22762603640171786  0.23778449248039124  0.24935522932670279  0.26029107755812503
  0.26889569586462464  0.28445982946421777  0.32369100834780945  1.00000000000000000
  0.00020910964481918  0.00030586509763683  0.00034887213167558  0.00038436097418464
  0.00041863270585766  0.00045321832540456  0.00048481412259839  0.00051792117190338
  0.00054939432202759  0.00057971785930312  0.00060934531354593  0.00063788316605006
  0.00066599151452750  0.00069457080101612  0.00072415407487591  0.00075447345243183
  0.00078458963340484  0.00081547786797516  0.00084746134871778  0.00088091026236257
  0.00091631773923808  0.00095287953789778  0.00098994035386417  0.00102762854862194
  0.00106591139503227  0.00110607833305453  0.00114870530381912  0.00118896846304133
  0.00122821477970477  0.00126809461547815  0.00131014880058223  0.00135342234324951
  0.00140106342971424  0.00144829468034945  0.00149706630352378  0.00155267826901593
  0.00160543475530925  0.00166209200267368  0.00172115681662123  0.00178075710879471
  0.00184234913959046  0.00190702153694631  0.00197410140122456  0.00204314735165562
  0.00211505344555926  0.00218620012417043  0.00225970980664316  0.00233222876694885
  0.00241439961459513  0.00250296549135608  0.00259564022989348  0.00269151911048210
  0.00279022933407877  0.00289267500730918  0.00300010600279036  0.00310971675112820
  0.00321890895776482  0.00333109778430669  0.00344862641841845  0.00357523784470988
  0.00371281712464486  0.00385844404533265  0.00401850174713744  0.00419679701828208
  0.00438935273499741  0.00459657598223277  0.00481502605730659  0.00504744490221131
  0.00529466328024621  0.00555663704939047  0.00584815250448088  0.00617451317813382
  0.00654123179367934  0.00694810290597107  0.00738553628991720  0.00786040160886278
  0.00837119821108041  0.00892765164192435  0.00952460076351878  0.01016951872937244
  0.01090927290545984  0.01179122435804563  0.01280872460878418  0.01398282955442607
  0.01535695084030624  0.01706481370351169  0.01916561530127250  0.02160071453069783
  0.02448772931807740  0.02834927377619361  0.03398631501201931  0.04160112059096721
  0.05296177370246946  0.07690324887826516  0.28917284295517931  1.00000000000000000
 -0.00202979543575309  0.00775003778551932  0.01761976569509318  0.02709690322937138
  0.03641593881813755  0.04585294706814316  0.05529773247582286  0.06480832743073799
  0.07452804546574486  0.08419994425983245  0.09406288636688018  0.10417797517295520
  0.11413649291986382  0.12366268207681418  0.13274242747729276  0.14156858095567565
  0.15023433714412962  0.15910554538089330  0.16803532262274723  0.17685712931060102
  0.18535789979473971  0.19367899397712690  0.20181976060520429  0.21009031664292890
  0.21830986732623833  0.22643895823911719  0.23466466841038752  0.24281704367551782
  0.25122412208489880  0.26014776283400692  0.26898014632939760  0.27751484648683045
  0.28569277958357042  0.29384733857765255  0.30190685811661566  0.30995588680422687
  0.31837059488912367  0.32717832123694301  0.33656728028648064  0.34633722732031119
  0.35588475196836372  0.36594919008111065  0.37579367852858053  0.38517811487027021
  0.39402183533381174  0.40265004014200367  0.41128727568512607  0.41973569315745324
  0.42790780706388387  0.43634206264200548  0.44514552663889084  0.45371815529573045
  0.46205687776242171  0.47065281281405080  0.47914332566893364  0.48788283710707953
  0.49687748845666219  0.50645412184348770  0.51585396999330912  0.52514081911544153
  0.53475469753171156  0.54464332125973502  0.55473179224454283  0.56461304018858038
  0.57421675295400409  0.58366304194493612  0.59326606844151730  0.60323402380107438
  0.61277316166909646  0.62240370586001237  0.63272810202205132  0.64356486191272733
  0.65419250100419168  0.66497059139301484  0.67622385815435637  0.68840817185393355
  0.70073628949747047  0.71337127599298877  0.72638972829412485  0.74018379069507656
  0.75424623514875488  0.76774937373322050  0.78143211505837207  0.79530478144264405
  0.80966570379386682  0.82295788888202348  0.83621791060417328  0.84971882271066312
  0.86360122271423734  0.87814250959125995  0.89475182355264204  0.91285274759799706
  0.93273551081257466  0.95424697237593281  0.97675416143619442  1.00000000000000000
 -0.00327536379926673  0.01085957974009828  0.02327693699332017  0.03542238866866302
  0.04653814891599045  0.05696995188951927  0.06744819830766109  0.07799723662702562
  0.08817272239157492  0.09847434682610644  0.10868680825395553  0.11932372473440718
  0.12984162908642327  0.14079811618388638  0.15151987233760858  0.16211579935737785
  0.17309039728394351  0.18402034798886829  0.19466646044084254  0.20556642453440727
  0.21676901363536200  0.22768505578865539  0.23775403243952942  0.24782970789880368
  0.25865003400625330  0.26933919680058982  0.28018447356092324  0.29084872484061736
  0.30224467727862236  0.31337688914768347  0.32412780258577562  0.33472045255742949
  0.34524146140409895  0.35567735380964632  0.36611154106967225  0.37669777412175409
  0.38732782853681696  0.39805580647837407  0.40830073445669068  0.41843591462555924
  0.42782965546753438  0.43749746494832609  0.44714713147903112  0.45668581394006313
  0.46620963302218721  0.47551223593899472  0.48503280311198632  0.49481488743280883
  0.50537235327439833  0.51665340752093603  0.52772747996034075  0.53840697912882740
  0.54823409561975722  0.55853263577887735  0.56932607200257668  0.58040479859659400
  0.59107420989202009  0.60140154766235210  0.61071856458553719  0.62023131363489614
  0.62957072418272431  0.63864711314873934  0.64774108658782714  0.65728120726394546
  0.66708963264344934  0.67714134227279787  0.68707921956567297  0.69725693466715744
  0.70778384573923137  0.71822272793932107  0.72855272590863585  0.73875093057086227
  0.74880668045913812  0.75914550615005516  0.77033089515926190  0.78176463132050866
  0.79319281628571958  0.80451855275526918  0.81570466673151965  0.82672831756682219
  0.83766480112098884  0.84857763968089495  0.85993757801459747  0.87158536931655062
  0.88352545366726887  0.89501256623272052  0.90561979360743627  0.91581392103457426
  0.92611678176090195  0.93655940472969068  0.94652157441262785  0.95630958819200573
  0.96707606001195423  0.97842384530654358  0.98940044329068344  1.00000000000000000
 -0.00175169971826569  0.00616544567343000  0.01345788127900899  0.02107300549183772
  0.02883913943965264  0.03706082530677107  0.04552510814064611  0.05421470469488881
  0.06278089076407169  0.07105989263855085  0.07945731550312778  0.08846713967358781
  0.09801434147276485  0.10737723630314484  0.11612435913155363  0.12462059596666443
  0.13332657736768530  0.14237084999799121  0.15168428503544529  0.16133990033461418
  0.17129537701186132  0.18141952419029975  0.19137588634923502  0.20090461817099881
  0.21068635693176130  0.22029740265354164  0.23070331482579126  0.24030380304418908
  0.24964324797421644  0.25902113263852256  0.26846655957700849  0.27788419127308300
  0.28687581459245792  0.29660746305719199  0.30712173041879620  0.31738655752583689
  0.32756896257043200  0.33759644650967424  0.34775310658532527  0.35760627841799464
  0.36670303855382969  0.37621907352488959  0.38603301123656347  0.39627283602209978
  0.40727980472306574  0.41877515471394183  0.43028437364693295  0.44166964508115292
  0.45277486050152649  0.46466721570259345  0.47655152100069464  0.48779304680543967
  0.49886780837447137  0.51117161670437949  0.52402308767775907  0.53660677956331071
  0.54825696604877683  0.55895634886761825  0.56979913514379266  0.58067771538436508
  0.59162355166132274  0.60314836340132838  0.61576388073133825  0.62874947998491759
  0.64139612602690599  0.65319961761313339  0.66439318058582830  0.67524737090773335
  0.68626560175331652  0.69765401516562564  0.70979176277099032  0.72242130517147096
  0.73509899904301335  0.74801188595603807  0.76088601144764534  0.77394331131596283
  0.78698037682953381  0.79927692919033766  0.81149081894888053  0.82366988333019098
  0.83587229657687612  0.84733277254807182  0.85879634644114544  0.87016791435702412
  0.88123940342820140  0.89243573814589550  0.90418823712793661  0.91609337642098576
  0.92775777184975017  0.93909322548813667  0.95048511071801767  0.96125691149458736
  0.97139572036802935  0.98098443357669340  0.99058708064434497  1.00000000000000000
 -0.00210837938538775  0.00856069227867207  0.01797014137531832  0.02843640928100101
  0.03933508355694666  0.05026831098270401  0.06164252548444531  0.07341882454166085
  0.08477899916556136  0.09574101320567154  0.10681546121494470  0.11783636359063189
  0.12930569381054177  0.14065843327470617  0.15224310154700565  0.16388222486390869
  0.17558783135684500  0.18705494083760940  0.19811635736574112  0.20896629559959767
  0.21962833035218862  0.23005652358907322  0.24047741731576822  0.25118828135963311
  0.26219755799771266  0.27344307687934077  0.28458892121763357  0.29503136881096698
  0.30475939964636017  0.31456429701568811  0.32494154892334137  0.33550255774702487
  0.34594632052175195  0.35684961107212443  0.36837993855466039  0.37990939798150514
  0.39087818375809708  0.40092995518336189  0.41046332597468133  0.42000599451717513
  0.42940196124380769  0.43874075114789213  0.44819281450029919  0.45728921239525905
  0.46783301395956289  0.47832587023437945  0.48763125877349200  0.49677361762626382
  0.50601787631456174  0.51572107624145791  0.52593736457587692  0.53633841000166660
  0.54661568502632707  0.55701115136581547  0.56739548412104168  0.57750038246269353
  0.58702353163457566  0.59614377721594447  0.60531379555580556  0.61483437916895189
  0.62473168439537707  0.63446222146187559  0.64409699686542665  0.65397883698083570
  0.66376461763603944  0.67413041806239915  0.68429035121078419  0.69403229223602902
  0.70382221309814186  0.71402884800174049  0.72459415496139723  0.73556186956919589
  0.74602644890154457  0.75669553665962253  0.76733933526642284  0.77839620941721632
  0.78972178677936244  0.80095716255411353  0.81240531575761965  0.82394654495981867
  0.83513464465409926  0.84555593205399548  0.85640204696103195  0.86781032449663531
  0.87921445242764107  0.89046373372860455  0.90184798177558234  0.91358191645864051
  0.92513367983742445  0.93668158318440298  0.94839639301257195  0.95981355192653228
  0.97029007617418195  0.98053269684632571  0.99030268254878373  1.00000000000000000
 -0.00211163004350639  0.00893938378576393  0.01780767433511320  0.02756550687512320
  0.03687739533864208  0.04616593406068210  0.05547870273882497  0.06548265782970229
  0.07597818261913614  0.08655136577980330  0.09721657357199315  0.10784367018187135
  0.11832639283861647  0.12869541117466959  0.13920590472097064  0.15022282204865664
  0.16116877217906456  0.17167931343678663  0.18180413898853509  0.19205220741869261
  0.20259179260973093  0.21298414047775149  0.22316841198855847  0.23324470268894049
  0.24331931078538110  0.25329468406998162  0.26346879127794648  0.27399993315960935
  0.28472360182372913  0.29518147792991822  0.30530849544902583  0.31518950021295411
  0.32499856552708789  0.33521138895935770  0.34576180304113080  0.35633278956611247
  0.36687155234005375  0.37755914885708608  0.38841303868391991  0.39951286460955293
  0.41095581814341170  0.42273779352520108  0.43459004031897497  0.44641016444274895
  0.45821512316212715  0.46951676469543757  0.48085708973683333  0.49230877649367377
  0.50384531835563195  0.51537764005636788  0.52642816956858052  0.53745169985518260
  0.54796273993964861  0.55828268723852958  0.56830242725056823  0.57810654983953857
  0.58829411467543313  0.59795407445205073  0.60765502198190735  0.61770421694783606
  0.62831928989425889  0.63936592228933586  0.65010264806488494  0.66028755724901989
  0.67013791304726422  0.67968874350478659  0.68938585777400840  0.69934838925381659
  0.71038930244545906  0.72245350013793685  0.73492991039457689  0.74672479468621944
  0.75838285409312900  0.76992159721398123  0.78096550776319207  0.79168875520043225
  0.80181129048216349  0.81222198543331381  0.82284003493217417  0.83422164096807938
  0.84566944863911064  0.85666158100799639  0.86693059298116260  0.87735874803028380
  0.88816824317835308  0.89896697561656425  0.90877232811371744  0.91872258306439536
  0.92879482482375308  0.93896896442551236  0.94868589204592579  0.95817337307049211
  0.96854983688237162  0.97878882391396049  0.98926596689860991  1.00000000000000000
  0.11878186373894452  0.16621582154030753  0.19139521600581599  0.21024669367610135
  0.22702197406228439  0.24159015816122900  0.25474813239763633  0.26645447786040916
  0.27662125279299116  0.28548007714264123  0.29330039305257316  0.30087089884572432
  0.30832768070841632  0.31620130688425996  0.32421354135144004  0.33206617128953658
  0.33964268002373865  0.34705936473475330  0.35413470179257411  0.36058246584411252
  0.36672121437925903  0.37287749270492976  0.37901988310113582  0.38527149031584346
  0.39134802514197087  0.39765287961294282  0.40365785981598451  0.40953183616649708
  0.41520912522678965  0.42067915559763602  0.42603702925999354  0.43111744981416744
  0.43628169338608364  0.44135348384339157  0.44651428422288414  0.45182451730688894
  0.45707292047614562  0.46213804437621903  0.46704814632445463  0.47185237772607186
  0.47649433375179440  0.48093464340627168  0.48523133380800099  0.48949745141711126
  0.49393020126430776  0.49838694799900002  0.50277280746710917  0.50718388972756179
  0.51165265557865514  0.51613266983737638  0.52053806981561579  0.52493388761326554
  0.52932055982613180  0.53394615929418487  0.53852751474003802  0.54317478713418621
  0.54799403566774230  0.55288196469408812  0.55791417271702415  0.56300219522089745
  0.56795450716497142  0.57281149952865418  0.57759676913409008  0.58229261970793533
  0.58709994955155376  0.59199400077339759  0.59697366927049322  0.60206007375235915
  0.60725502182059476  0.61254672198066573  0.61790389201518803  0.62361634152970935
  0.62950868546713856  0.63538943063224484  0.64104311127748892  0.64661945473024374
  0.65238643972885735  0.65833587894982792  0.66446586618333447  0.67089807514162325
  0.67797548834918209  0.68525081119563636  0.69285829856859105  0.70055322347413607
  0.70853725379638788  0.71720839254899749  0.72615240370927203  0.73519361742518086
  0.74450321240956596  0.75422632579030857  0.76555153612592575  0.77867061522064329
  0.79539478375714023  0.81677907068820155  0.85086210449642574  1.00000000000000000
 -0.03105721407749709  0.15599127279006400  0.20014971734004228  0.22725075375297793
  0.24690239427852834  0.26169342842150273  0.27470760796892951  0.28659427904728585
  0.29736154760639155  0.30709981825055027  0.31588249388902229  0.32388836101580515
  0.33138914656846846  0.33848802233990871  0.34531422512931226  0.35175820191329060
  0.35776496076302650  0.36347906422316373  0.36922263024144714  0.37496466024543618
  0.38039749473697204  0.38560803401597715  0.39070267967780242  0.39566013013162599
  0.40034312291647062  0.40486939730476085  0.40944472257343556  0.41419547723118627
  0.41893396408386502  0.42335676599263905  0.42768973552949918  0.43183142632873461
  0.43607129539795020  0.44048720974853023  0.44493676500833501  0.44941955952365165
  0.45373820516097174  0.45788139206014156  0.46194124156134597  0.46593650073693427
  0.46993808424014316  0.47394338421946280  0.47799501679086132  0.48197324159925192
  0.48585101920966900  0.48962065760125656  0.49331182484281327  0.49695154093184518
  0.50067057983320251  0.50461350861149434  0.50859113724805205  0.51271344892783677
  0.51673812429410559  0.52083013360534758  0.52498472344714120  0.52916622092129029
  0.53337865500572978  0.53763742358321054  0.54190438595980983  0.54617092532378708
  0.55044980862393000  0.55472942468578923  0.55903053793005397  0.56322885087641161
  0.56728963542824540  0.57156798033957146  0.57593520269458942  0.58027866342126877
  0.58473856450261286  0.58934049432865721  0.59407847469666653  0.59872757194230253
  0.60336221173068194  0.60798121634923696  0.61291606686841171  0.61789945066354413
  0.62308896410555326  0.62858023727866452  0.63437708151286343  0.64054437988804824
  0.64670616923946989  0.65303791565777802  0.65968220188989091  0.66690006617917985
  0.67469470173201163  0.68283436315193358  0.69133179441422132  0.69997862346562856
  0.70935692698983610  0.72075940393167537  0.73462265622327472  0.75083442413223822
  0.76906289475391520  0.79488309947163949  0.84020303360038917  1.00000000000000000
   4.2847830607417705E-010  -1.0000000000000000     
 T T T T T T T T T T T T T T T T T T T T T T T T T T T T T T T T T T T T T T T T T T T T T T T T T T T T T T T T T T T T T T T T F F F F F F F F F F F F F F F F F F F F F F F F F F F F F F F F F F F F F F F F F F F F F F F F F F F F F F F F F F F F F F F F
  <DiscreteSampler_grid>
  grouped_processes
  1 # 1 for a reference and 2 for a running grid.
  10 # Attribute 'min_bin_probing_points' of the grid.
  1 # Attribute 'grid_mode' of the grid. 1=='default',2=='initialization'
  0.0000000000000000 # Attribute 'small_contrib_threshold' of the grid.
  0.5000000000000000 # Attribute 'damping_power' of the grid.
 # binID   n_entries weight   weight_sqr   abs_weight
    10   10   8.571000332560563E+001   4.409134527939993E+004   8.571000332560563E+001
    16   10   8.571000332560564E+001   4.409134527939994E+004   8.571000332560564E+001
    22   10   8.571000332560563E+001   4.409134527939993E+004   8.571000332560563E+001
    28   10   8.571000332560564E+001   4.409134527939993E+004   8.571000332560564E+001
  </DiscreteSampler_grid>
