  0.00005055546886674  0.00005280130028392  0.00005518665980569  0.00005815312934856
  0.00006150156211473  0.00006548562819865  0.00006964376366377  0.00007302430064788
  0.00007617880192664  0.00007931680032030  0.00008235742546575  0.00008526387110476
  0.00008838069152427  0.00009186786833664  0.00009549346419695  0.00009896628449986
  0.00010398444340922  0.00011077173118508  0.00011759100936151  0.00012410273365229
  0.00013017464431235  0.00013612894198905  0.00014236297101126  0.00014962079726431
  0.00015764694801015  0.00016585956451243  0.00017408078745414  0.00018220262440163
  0.00019033044237204  0.00019856672586789  0.00020657587734664  0.00021494228593919
  0.00022362054713834  0.00023306562837530  0.00024266993106609  0.00025214373705856
  0.00026167264320271  0.00027128209580025  0.00028176625732176  0.00029402606122223
  0.00030736634397358  0.00032062570539474  0.00033336840484674  0.00034570242300853
  0.00035864606450639  0.00037247505375540  0.00038610620741617  0.00039992003837075
  0.00041396435400794  0.00042847760669711  0.00044343200777165  0.00045938325440506
  0.00047655898630721  0.00049368803427540  0.00051152048996592  0.00053231115835813
  0.00055503411030932  0.00057862183487659  0.00060385660002763  0.00063062819766783
  0.00066090759809361  0.00069401329774239  0.00072706264196328  0.00075955535231127
  0.00079161349573562  0.00082503943155980  0.00086006368823626  0.00089595669132937
  0.00093193961441383  0.00096925405437347  0.00100942737868755  0.00105111001662352
  0.00109945168728403  0.00115083242434158  0.00120850185600339  0.00127587092834592
  0.00135483299066914  0.00144523119190660  0.00154319352334860  0.00163841850539697
  0.00173308672758393  0.00184071774930634  0.00195869757541487  0.00208432709558683
  0.00222421393905589  0.00239230866542061  0.00260426552696455  0.00287315796237629
  0.00319366201298094  0.00358873900075252  0.00407701113053678  0.00475516176686307
  0.00593280681745089  0.00807406044095999  0.01375379234506108  1.00000000000000000
  0.01653844242242077  0.01686258217691214  0.01718672193140352  0.01747825189614835
  0.01755428646281576  0.01763032102948317  0.01778329044754843  0.01795731955610759
  0.01811610051141861  0.01826620442557593  0.01842159312896374  0.01858571715774348
  0.01874547945898892  0.01891820867788895  0.01909170234696103  0.01926685109238339
  0.01944234098082257  0.01960451294052105  0.01977182537584658  0.01993758000522025
  0.02009931558631395  0.02025635475635932  0.02041155438921909  0.02056881454351982
  0.02072035676347874  0.02086124140976973  0.02099399735654931  0.02112373505029856
  0.02125489116516494  0.02139428909582591  0.02154617180735005  0.02170011429154389
  0.02184936118977807  0.02200110014632119  0.02216086939808370  0.02232689828329405
  0.02249842406054909  0.02271610829204182  0.02291783209265807  0.02311575883935819
  0.02330553750610616  0.02350813443006672  0.02370825823018739  0.02392222675562397
  0.02414719999208691  0.02438922328603084  0.02464446513416479  0.02493649175145875
  0.02526760070225892  0.02560420806378231  0.02592817253351896  0.02623070990914832
  0.02651583510824477  0.02681416361099086  0.02712959554443059  0.02745114850567200
  0.02778550611989741  0.02812209715372255  0.02847768601146453  0.02885094476323493
  0.02924991289494141  0.02966030486369292  0.03005135437961749  0.03051730138235710
  0.03102747592014979  0.03156764654757763  0.03214252302203114  0.03273105864253042
  0.03336557501716260  0.03407119259996581  0.03480511727429081  0.03557312279271027
  0.03633636137702397  0.03714413259754151  0.03796478747843068  0.03882629784657733
  0.03974253652241346  0.04070694166610729  0.04185963283042440  0.04305595035017515
  0.04436830460705789  0.04575122632149117  0.04719990299763190  0.04874501124442790
  0.05046495825563932  0.05244679365405017  0.05489726190232250  0.05782352838782701
  0.06109506406551748  0.06487508292765690  0.07004474139986863  0.07674864973820036
  0.08466713475028212  0.09897360893479475  0.13609697315799313  1.00000000000000000
 -0.00425473774561924  0.01167344583131303  0.02521654657769764  0.03551892411273956
  0.04146795136231857  0.04610264996980693  0.05097797343861493  0.05507872372338200
  0.05918976919606214  0.06393629496333175  0.06846608244366457  0.07341360645417037
  0.07801213369346814  0.08309668473572188  0.08908894427941642  0.09493315020780654
  0.10067313487074761  0.10648333944054349  0.11222923457228336  0.11833695341528926
  0.12503304167881749  0.13310585853029963  0.14192086465528073  0.14983180284981104
  0.15814262619781047  0.16566025613050284  0.17228734460017028  0.17892256325063985
  0.18735556021067254  0.19712495616742126  0.20678705300925124  0.21577412440072202
  0.22548786577163579  0.23648397546703084  0.24777719997197514  0.25938374271378828
  0.27095830106780933  0.28275963763027834  0.29442345426164235  0.30663066531424127
  0.31838267293118372  0.32803843694817419  0.33710962462638738  0.34606469346313090
  0.35653630679856602  0.36736995583007798  0.37624176469228243  0.38482444621967904
  0.39392107110611385  0.40380171018829075  0.41506081610499601  0.42718816250345032
  0.43936347246719959  0.45198271921333444  0.46586292043525623  0.48023548496520679
  0.49377290199422330  0.50588804690738998  0.51714993620319438  0.52760749383586070
  0.53889290938055878  0.55011274933755716  0.56100605897962830  0.57367454555993513
  0.58782236728527937  0.60004240478276161  0.61140563159008998  0.62199395603494345
  0.63275360422584848  0.64445343948105804  0.65692967003747116  0.67044908755713239
  0.68501654490886721  0.69903087384232099  0.71103713410125036  0.72278928452931190
  0.73488691809092066  0.74748812285022270  0.76131239778560811  0.77622120217304535
  0.79237420692795757  0.80905278028845062  0.82503873312803699  0.84089041481029370
  0.85638788611364736  0.87235964454794046  0.88872448569476914  0.90402815434712447
  0.91849569241007045  0.93194924892365016  0.94437172337553976  0.95600063035439287
  0.96760547155468679  0.97887446182067728  0.98953770206222591  1.00000000000000000
 -0.00324818374840627  0.01258727283130323  0.02534575475751565  0.03752615437021629
  0.04948736858616450  0.06087857340061735  0.07082475709826747  0.07963855009425094
  0.08877130506678380  0.09795513047416914  0.10754169369053222  0.11735342566310220
  0.12835026154800480  0.14113198085259074  0.15365675749379501  0.16617168014218903
  0.17860723894324249  0.18993283647430312  0.20036510658577131  0.21074214616925363
  0.22130677439986352  0.23196009692227251  0.24231129492671985  0.25267712008597232
  0.26389731698397428  0.27530598734262401  0.28685097998735931  0.29806709578494378
  0.30903731200647383  0.32083853600939299  0.33307727101087742  0.34539237906308645
  0.35773944828060311  0.36997257051997684  0.38167093686159048  0.39255827061207310
  0.40265249275363679  0.41262315799213667  0.42209501505735336  0.43102534184837454
  0.44033647951738819  0.45061406679679145  0.46102453684972244  0.47146232051468584
  0.48143909040952781  0.49232558344920369  0.50253885967644352  0.51240902010506428
  0.52289856442678850  0.53373037851028615  0.54417378788470117  0.55465243671923736
  0.56461397980534633  0.57359886613201116  0.58231264213005640  0.59090275951575877
  0.59936747448438688  0.60789209196482152  0.61625094901463118  0.62479184054099324
  0.63365422400671367  0.64310022438336445  0.65238234566355269  0.66130288207767418
  0.66998064611185504  0.67831835928154605  0.68699456221759791  0.69719009843329771
  0.70831417578860156  0.71997221477589624  0.73154013134300533  0.74268933119203095
  0.75348813234139245  0.76287367607805601  0.77312296527827196  0.78251967886989671
  0.79202594073663546  0.80116154784376747  0.81035841982145862  0.82004666498924261
  0.83055163710321911  0.84197868065298898  0.85366708112040268  0.86511118922506081
  0.87647982362511301  0.88802743062971268  0.89911703148578215  0.90950614470551372
  0.91943487039841132  0.92951117396418359  0.94037797552370372  0.95125816170739930
  0.96201356905856106  0.97342215200370596  0.98564993874839446  1.00000000000000000
 -0.00520234899018765  0.02918829760772501  0.05012881121004286  0.06950637941725271
  0.08935806680466649  0.11224876582828863  0.13478574944540520  0.15603958302323984
  0.17550680293732132  0.19256893469201702  0.20912576701286573  0.22359419069277842
  0.23787740608605082  0.25073581154716285  0.26139889110492615  0.27049282820163123
  0.27887389130161477  0.28682391208784680  0.29483171583444440  0.30265208341849287
  0.31007197459312191  0.31733609787208050  0.32455073261669853  0.33206703722069303
  0.34034085366169864  0.34905259639017261  0.35759054544539626  0.36594910959753790
  0.37410278543312153  0.38282953423552218  0.39139086430968190  0.39961445458180422
  0.40759485443447696  0.41532645365771464  0.42275514405779296  0.42993865127935349
  0.43689755507224554  0.44245413241910514  0.44801451507066259  0.45380550167107092
  0.45941771640892215  0.46437470191391417  0.46918639907404647  0.47399477456004174
  0.47927306118110968  0.48492886331752139  0.49057439048205664  0.49608755096299656
  0.50166799050453603  0.50744537810105228  0.51300979632943200  0.51829959307413731
  0.52388263467026608  0.52963486001359805  0.53542662855057710  0.54131513348945726
  0.54713680708963597  0.55289480945218927  0.55878268766998784  0.56473734807271725
  0.57106145575803280  0.57776042903589497  0.58460207221092486  0.59158370325288556
  0.59826637752089828  0.60532230436148027  0.61255966296323527  0.61991699458260008
  0.62705143592234169  0.63392180635032513  0.64091674741100257  0.64832025047048070
  0.65554075887237240  0.66244497754097131  0.66947637593573239  0.67691541871958461
  0.68505883051206973  0.69442777579648551  0.70496033158846261  0.71631886794439492
  0.72836262682878106  0.74092911010389917  0.75362756839821732  0.76613185218169588
  0.77848987440486506  0.79117478171942890  0.80463063204614016  0.82042181760873256
  0.83664686589601112  0.85355930774990252  0.87263293718501156  0.89554937485125685
  0.91689679036878113  0.93986312334379696  0.96718948005461491  1.00000000000000000
 -0.00322773938213825  0.01072936107486319  0.02286453524743003  0.03511927767192490
  0.04753806215054099  0.06006393581613506  0.07259370848940813  0.08550078211901087
  0.09920643532070179  0.11274054917100293  0.12566387758842501  0.13938232402252790
  0.15164626632316869  0.16474481458676679  0.17781059940627278  0.19062359045995445
  0.20260515893931119  0.21341770100952701  0.22382748753958059  0.23337583799526584
  0.24234471588738998  0.25155943725511393  0.26080375103171571  0.27032910711447405
  0.27987363202281068  0.28962210269211902  0.29990460677212544  0.31051597010755255
  0.32132986071168973  0.33274166630766511  0.34480860819611348  0.35721062027498784
  0.36884659262846464  0.37934123538895670  0.38907445849793137  0.39831111040217448
  0.40752470394193380  0.41724847648990421  0.42709810104439511  0.43666928622969703
  0.44627022871529270  0.45610633772461578  0.46623595665106204  0.47612339870095099
  0.48601656322093456  0.49627214242787715  0.50629113586221430  0.51576145111347416
  0.52525653369492920  0.53519718356195656  0.54614482115849539  0.55751049881343639
  0.56835416692760410  0.57870191957544381  0.58879045900443994  0.59943042671430269
  0.60958630887410470  0.61949608393850786  0.62950066362211410  0.63946846613255215
  0.64944305685015469  0.65855930045941458  0.66684729940578225  0.67436984534228794
  0.68188943858846540  0.68991292734211018  0.69840226637466207  0.70733135799297708
  0.71728364267369460  0.72789893866955546  0.73889618508343669  0.75004249543384105
  0.76035815262166395  0.77094168422581244  0.78061545912308139  0.78961690680945285
  0.79803666927127348  0.80627776615745350  0.81497512552099582  0.82428476555949026
  0.83445136347941629  0.84596308695367672  0.85832451791315723  0.87021994093827193
  0.88159280118422878  0.89257463750903143  0.90325634118515308  0.91400611779420060
  0.92541779838167726  0.93719419607016985  0.94824855262374119  0.95842169949943290
  0.96825922775524564  0.97861629469163935  0.98915898390347268  1.00000000000000000
 -0.00824923155635870  0.05756648130059240  0.10755768374716811  0.14559452740551149
  0.17239830250692284  0.19485381184734410  0.21326682963579463  0.22865495679833900
  0.24244218125380421  0.25540362392710791  0.26717722316310799  0.27795699811815283
  0.28802897141297207  0.29795460872935520  0.30737420140874666  0.31594994413104371
  0.32369452730875653  0.33128100862858523  0.33895733935032424  0.34686971052550580
  0.35437115178406109  0.36120783177967158  0.36787363631849057  0.37422919104304231
  0.38009856361996985  0.38568317745364239  0.39123923115866249  0.39675219501543885
  0.40179520571637295  0.40662408616770090  0.41139970209316790  0.41575976517458241
  0.42007173352491906  0.42419037529846021  0.42832976957590957  0.43264518542492236
  0.43727172071186471  0.44229425957948704  0.44729200322490958  0.45215421049504695
  0.45698538751958107  0.46203130766973100  0.46766303384910113  0.47344101319179432
  0.47912417521744882  0.48476428492000312  0.49030695980595784  0.49620350393344520
  0.50148849483265900  0.50638485321677518  0.51148219830398922  0.51664397375818638
  0.52153622464462468  0.52562322147359841  0.52970589260029410  0.53394755270202743
  0.53828561869148739  0.54260800006533516  0.54684474091919955  0.55106975899615684
  0.55534264542451894  0.55961691370036060  0.56410676155998229  0.56885526152455357
  0.57364906126734028  0.57814963389887408  0.58243137655295163  0.58705750124790790
  0.59244492678082261  0.59785085416709982  0.60336799236192717  0.60897123174351986
  0.61464066426195729  0.62055104957555374  0.62704645393495850  0.63449022171498048
  0.64254752242397295  0.65082502364393391  0.65906982259595293  0.66770900952474554
  0.67705022028167794  0.68681931429381948  0.69666846051279874  0.70658241405443856
  0.71699376342311294  0.72820265132608120  0.73937839163881480  0.75144486878532124
  0.76557168336207415  0.78123501303826481  0.79844619897506619  0.81830141653524435
  0.84838718727131179  0.88511958952166681  0.93335598963981070  1.00000000000000000
 -0.00291855619817472  0.01112586036288214  0.02277774254455624  0.03411669189345332
  0.04473495183603562  0.05478855651770560  0.06476237164763923  0.07472929761932785
  0.08482459771128834  0.09520949328890402  0.10664696242500935  0.11936373474995651
  0.13237503311371776  0.14485182836598487  0.15677225924927049  0.16841646287298656
  0.18014438315437395  0.19128809880271466  0.20136742424457194  0.21122977431275208
  0.22111231382537841  0.23100983511115233  0.24075296793788545  0.25116348619041962
  0.26282284404694189  0.27631275362100427  0.28938075179820461  0.29879597926476342
  0.30667451238267801  0.31562419141564502  0.32504678679459037  0.33432272478284991
  0.34320048186650443  0.35232841683982902  0.36430015547928746  0.37742169975601819
  0.38978043310341925  0.40155972134647711  0.41312283202958960  0.42431782645449795
  0.43534351739055682  0.44645005407501820  0.45759817229437710  0.46647242323957533
  0.47560932645025178  0.48527197120564874  0.49370893511986996  0.50211890098820655
  0.51079969594168362  0.52043012968734204  0.53092165573427352  0.54046748182816484
  0.55033826824257892  0.55972142553033644  0.56949080734602087  0.57916543220480388
  0.58909071472491137  0.59962895611461731  0.60980380468295170  0.62005416056732099
  0.63047842113096930  0.64155967740999653  0.65190967318405935  0.66218680442199829
  0.67262160023008521  0.68264654222953558  0.69255428897155469  0.70236206394071987
  0.71279151401443652  0.72304114270670883  0.73283308456004592  0.74153096105050031
  0.75055233476174121  0.75978130866436466  0.76935556782510084  0.77914905458773986
  0.78907466549038396  0.79997173454141424  0.81152088801172984  0.82272427500672218
  0.83355177457190377  0.84356442774473939  0.85423526003519346  0.86552048498672995
  0.87684667068318645  0.88803298759799842  0.89966269354379180  0.91276737300268751
  0.92514662306274353  0.93674560254168771  0.94836895905027241  0.95996227861964445
  0.97039283159058287  0.98094408120867160  0.99066575182193728  1.00000000000000000
  0.10498406368118095  0.15037625630170270  0.18072386143790711  0.20168146306156026
  0.21972600006186557  0.23643124726606646  0.25267792180038229  0.26574104513580671
  0.27601902154847802  0.28470185731366732  0.29376648188935012  0.30263686352602448
  0.31126940496551136  0.31961895305912613  0.32726916122708949  0.33492751357989708
  0.34344213290324965  0.35177517106279216  0.35963951192270749  0.36756979893978348
  0.37542967361354151  0.38315049942140567  0.39081153040068495  0.39789196001208083
  0.40440697620268673  0.41111797725353927  0.41775465783949894  0.42430462154210291
  0.43098016953886942  0.43731853735482801  0.44290416742067035  0.44810115675748691
  0.45308772733789632  0.45809365893834697  0.46344093019077864  0.46913774132081820
  0.47489296325970720  0.48045432854571946  0.48592579559245919  0.49127138165264950
  0.49645460066035907  0.50182463901835184  0.50732702814283792  0.51276979941168122
  0.51828671959816441  0.52385797424344571  0.52940519671223041  0.53511291016639517
  0.54046455365260648  0.54561325045814357  0.55067493210785678  0.55575370511698607
  0.56089725884685993  0.56597872425772022  0.57086095282339022  0.57573704714899454
  0.58039190985971034  0.58518213303383315  0.58984062653655511  0.59456899923139883
  0.59927383565615489  0.60401085574337876  0.60872536419118262  0.61339055040964896
  0.61820234490271220  0.62342236111879468  0.62858198623987771  0.63386153676349122
  0.63899709079591205  0.64382561224406731  0.64861618798740606  0.65357277025943472
  0.65860195838721436  0.66374930754840977  0.66887427008608080  0.67401958120697036
  0.67955005351804298  0.68577995696815286  0.69280895093272077  0.70016829065248842
  0.70703976487266074  0.71358605019181820  0.72043681111534741  0.72743557969050676
  0.73483141353153947  0.74272546822904284  0.75109024459065210  0.75992830933445643
  0.76923950255546369  0.77938896405682567  0.79094725774427332  0.80448630687885903
  0.82052314481380673  0.84098182817280542  0.87304816047674638  1.00000000000000000
 -0.02384234852830175  0.13997082180055051  0.17667924554318618  0.20119515990559583
  0.22282657159565003  0.24141071229957425  0.25773516196866758  0.27266167829935944
  0.28607834013872357  0.29869590896573983  0.30988610782050285  0.31804471423900010
  0.32425117519695951  0.33040354696063856  0.33652365040769172  0.34274164851286321
  0.34876975647456482  0.35455122720995458  0.36009366945665000  0.36556934464441210
  0.37096803811396190  0.37635141049652066  0.38182710946975856  0.38740337106096379
  0.39284079808697536  0.39799203717627274  0.40314437565494698  0.40788328628973902
  0.41274531102866557  0.41745917031308094  0.42217621604742039  0.42698514845828550
  0.43165552940580199  0.43627912722319123  0.44088970132904076  0.44535482237835161
  0.44979406070451744  0.45442654895503082  0.45868799339404359  0.46258010530096760
  0.46626550560521246  0.46990645510105356  0.47368706851196607  0.47745575299050014
  0.48130934649818879  0.48515938124036417  0.48900850401403195  0.49299336160673146
  0.49704198894109497  0.50092738724097408  0.50472497042554298  0.50843419322952832
  0.51217296658704969  0.51614824876098186  0.52040897782307782  0.52486754752667242
  0.52937810493933823  0.53381505210343061  0.53815580547814079  0.54239267879168052
  0.54659263324994412  0.55087726008478988  0.55513757967094857  0.55956575139845444
  0.56420526414537808  0.56901931307510834  0.57409872121829808  0.57937643503845881
  0.58471834654551824  0.59022044118697892  0.59602687378308983  0.60189480571189447
  0.60809641361431499  0.61457397341976217  0.62081478187848949  0.62701582037292414
  0.63331934940136769  0.63993055485798034  0.64712918048515677  0.65478230115343461
  0.66230163073432879  0.67002091868713365  0.67801564216413901  0.68649223368166035
  0.69530449643544290  0.70427615271067212  0.71368380027676481  0.72323001859418456
  0.73396833958734942  0.74630241466311975  0.76015821922937565  0.77569188301387071
  0.79411495571736923  0.81898276028240602  0.86254869964789982  1.00000000000000000
   1.0526288422114918E-012  -1.0000000000000000     
 F F F F F F F F F F F F F F F F F F F F F F F F F F F F F F F F F F F F F F F F F F F F F F F F F F F F F F F F F F F F F F F F F F F F F F F F F F F F F F F F F F F F F F F F F F F F F F F F F F F F F F F F F F F F F F F F F F F F F F F F F F F F F F F F
  <DiscreteSampler_grid>
  grouped_processes
  1 # 1 for a reference and 2 for a running grid.
  10 # Attribute 'min_bin_probing_points' of the grid.
  1 # Attribute 'grid_mode' of the grid. 1=='default',2=='initialization'
  0.0000000000000000 # Attribute 'small_contrib_threshold' of the grid.
  0.5000000000000000 # Attribute 'damping_power' of the grid.
 # binID   n_entries weight   weight_sqr   abs_weight
    10   10   3.295441424611848E-002   6.920300539631224E-003   3.295441424611848E-002
    16   10   3.295441424611846E-002   6.920300539631219E-003   3.295441424611846E-002
  </DiscreteSampler_grid>
