  0.00608660065171861  0.00874690862139623  0.01382458521858810  0.01898958489582469
  0.02438855092538642  0.02998148762088861  0.03560138024234615  0.04124283598138644
  0.04694454643010171  0.05269834565670293  0.05848105697885558  0.06432179797467585
  0.07022473946720344  0.07618780050281426  0.08218453035596487  0.08828470680852865
  0.09443277984572365  0.10062471179759513  0.10688691957024649  0.11322055307434642
  0.11960846619025697  0.12605792644422473  0.13258850144189710  0.13918591515558060
  0.14581886028465132  0.15259481276749834  0.15940300954151082  0.16628334112995660
  0.17325359081928066  0.18030097226261826  0.18742799214885100  0.19465721344865120
  0.20196602477468767  0.20934895114561988  0.21684438002106610  0.22443251634800140
  0.23211903443550050  0.23992997984535908  0.24780421433175684  0.25582255164223922
  0.26393512665794122  0.27216581992268080  0.28052546684916702  0.28900097779163736
  0.29760053164675493  0.30633217394386897  0.31519027100621932  0.32421698366072699
  0.33336374547816211  0.34270101355740534  0.35215014560952979  0.36179357796127248
  0.37157159564992165  0.38156615130384014  0.39171793429757307  0.40208240742882467
  0.41261402341970232  0.42337899727349315  0.43433217681624503  0.44553616263825219
  0.45693270989883650  0.46860540443033782  0.48047679308349867  0.49265351845244848
  0.50506544374117912  0.51777737099531040  0.53074861042164767  0.54401177318596050
  0.55755724488222946  0.57141879769425830  0.58556047338100015  0.60002983312869207
  0.61479295768444164  0.62990752451749576  0.64534293139863652  0.66109727174888122
  0.67713549045919774  0.69348541584772716  0.71010954251909508  0.72703251011716874
  0.74414393803242207  0.76143349321433029  0.77887593542313305  0.79643022338437852
  0.81405256485426614  0.83167949276698883  0.84927180859398288  0.86679001448813642
  0.88419908354298027  0.90145108829194642  0.91847584008551242  0.93526521784678862
  0.95180681939374978  0.96809333576907730  0.98412360827887635  1.00000000000000000
 -0.00242115430427447  0.00954486932337366  0.01984264568318923  0.03052788940269537
  0.04117851022198900  0.05158517652167831  0.06203773096277571  0.07231888525613045
  0.08258275667106775  0.09274225191685963  0.10289939933951947  0.11324090999213812
  0.12357127932058960  0.13395637274912073  0.14419599812448675  0.15449106983832078
  0.16485177062988324  0.17528681495483620  0.18572755415780540  0.19634238035617962
  0.20689710388217281  0.21753191273816877  0.22815757290936914  0.23883528627101600
  0.24948632527418091  0.26017565672069226  0.27086371034704604  0.28144850203068433
  0.29200799982843850  0.30252837727319581  0.31302610220280930  0.32348260037874449
  0.33382674917869737  0.34410866771171317  0.35430641865961049  0.36462089973941902
  0.37502141431241925  0.38553657721026263  0.39617628957388584  0.40689595656218919
  0.41752860957330001  0.42830062427254095  0.43895245357287388  0.44968769188481539
  0.46038116114141292  0.47109724749359799  0.48199701681637702  0.49288875426107748
  0.50376687405317566  0.51447745995187255  0.52509764177617213  0.53590420910313807
  0.54657594986262104  0.55721490574515353  0.56777179174357129  0.57816945825982180
  0.58867937208610932  0.59898861763759303  0.60945501029729421  0.61985469401696291
  0.63036190693141314  0.64085894082979777  0.65137272893625353  0.66190411864061727
  0.67234861419823710  0.68280609025759897  0.69329292275052634  0.70390966868975169
  0.71444197245274232  0.72494675452915336  0.73569217639633022  0.74650393859251840
  0.75729138072666435  0.76786252575605340  0.77847781139907135  0.78915185609943661
  0.79977898339133946  0.81048511395609213  0.82122208578210465  0.83182786536245124
  0.84227735714787444  0.85272986712130172  0.86329586386111368  0.87383458794064095
  0.88416494115633193  0.89457540167373728  0.90510308305871068  0.91573889734720726
  0.92627028801350098  0.93683009656642713  0.94744056207274430  0.95805354438386103
  0.96861406747112222  0.97906686621971295  0.98948508557635650  1.00000000000000000
   1.8109988070024316E-007  -1.0000000000000000     
 F F F F F F F F F F F F F F F F F F F F F F F F F F F F F F F F
  <DiscreteSampler_grid>
  grouped_processes
  1 # 1 for a reference and 2 for a running grid.
  10 # Attribute 'min_bin_probing_points' of the grid.
  1 # Attribute 'grid_mode' of the grid. 1=='default',2=='initialization'
  0.0000000000000000 # Attribute 'small_contrib_threshold' of the grid.
  0.5000000000000000 # Attribute 'damping_power' of the grid.
 # binID   n_entries weight   weight_sqr   abs_weight
    10   10   2.644818248943596E+006   1.092111155834846E+013   2.644818248943596E+006
  </DiscreteSampler_grid>
