  0.01409851493777129  0.01484267011520929  0.01525649035893454  0.01561851569500703
  0.01591847073045180  0.01620443228418838  0.01647233540820463  0.01673806701040556
  0.01699412393218231  0.01724648424644371  0.01749264625233291  0.01773033039342587
  0.01797823790110281  0.01821914274732753  0.01844934875323889  0.01867558537292470
  0.01890055605873842  0.01913601541187641  0.01938438164086314  0.01962500290495698
  0.01986449146152701  0.02011102785143039  0.02035836210744925  0.02060026232284773
  0.02083381583700765  0.02105579897264340  0.02126856988045491  0.02147753562796985
  0.02169031366734655  0.02190599966896102  0.02213442510075581  0.02236730421919072
  0.02261578101242719  0.02287220073528642  0.02312388081115857  0.02337897043527566
  0.02363286814521318  0.02388624811963303  0.02414243488303418  0.02441296184772043
  0.02471786145096733  0.02505477183776691  0.02540041901293912  0.02573987016559746
  0.02607152029069145  0.02639617478155811  0.02671830390664083  0.02703116749132971
  0.02736937518412258  0.02773144209140510  0.02809852620216803  0.02846899764878105
  0.02885616131133506  0.02925610462273032  0.02967351614713438  0.03011602334542058
  0.03058867292475094  0.03107648161700084  0.03156657362322008  0.03205188117182026
  0.03252674353195463  0.03299921742371670  0.03348536715694855  0.03399978917114655
  0.03454655159424649  0.03511154864722121  0.03567619385959856  0.03626066423249803
  0.03689183450255472  0.03756734069625738  0.03826264750612834  0.03898241336802046
  0.03974855531719584  0.04056715742052035  0.04145683778130623  0.04242499815544737
  0.04347888983912347  0.04460988456991752  0.04583159742989023  0.04715953457280901
  0.04858447325136006  0.05015586659025882  0.05196501690461042  0.05380497750604665
  0.05571455791957596  0.05780178701800563  0.06018123974647399  0.06282372105746040
  0.06603983887219940  0.07033974079910199  0.07595568221786742  0.08357066210686989
  0.09436661128002721  0.11077966931618588  0.17318042623534041  1.00000000000000000
  0.01389020621905985  0.01478378025092600  0.01543554287307069  0.01578315567855608
  0.01614204415829115  0.01648137826623186  0.01681434659879493  0.01716041326587391
  0.01749651961897796  0.01783358898505220  0.01815542826239957  0.01846404857291027
  0.01876763677746440  0.01906893802578600  0.01936947271050975  0.01967003765701816
  0.01996988298733805  0.02027923925064006  0.02058847026029114  0.02089128147892285
  0.02118337111926073  0.02146151294202256  0.02173273110958861  0.02200832170036961
  0.02230004011691037  0.02259431691206839  0.02288577515106218  0.02318296847501956
  0.02346772412056813  0.02377057000291800  0.02407643461702405  0.02439284993720402
  0.02471112709885655  0.02502654015454416  0.02533852738350344  0.02564101099205533
  0.02593254676520309  0.02624669489808393  0.02657576508724616  0.02690563526670333
  0.02725269013630359  0.02761370292762206  0.02799336331776405  0.02840687028995334
  0.02883719582965507  0.02926697052377005  0.02970211442460751  0.03014334056633336
  0.03059126403490959  0.03105383803012737  0.03153697325831636  0.03203906054959569
  0.03256758235144423  0.03311788678658539  0.03368687670174100  0.03426860671881989
  0.03487139718035408  0.03548521322904516  0.03606769931847983  0.03663928664136264
  0.03723802815642381  0.03787661577086576  0.03854855376180839  0.03923542612563390
  0.03994231306145007  0.04067470868287940  0.04147192993900298  0.04230705617961009
  0.04315809024382804  0.04403037210411274  0.04502608329908148  0.04603663562459168
  0.04700817690537075  0.04794908827440696  0.04895471210707419  0.05003498355927621
  0.05117337535341150  0.05243729235704577  0.05371109312905077  0.05545931506659455
  0.05763157329117502  0.05985732626612326  0.06198569880116799  0.06412422102036860
  0.06637481587882277  0.06892505172334323  0.07199839303982504  0.07573202130441326
  0.08044284104025699  0.08604693988705724  0.09340335905062488  0.10406462031037073
  0.11836502601538079  0.16915304499440054  0.58567942771599402  1.00000000000000000
  0.00167255862373335  0.00924453925363312  0.01166711621485602  0.01348884715997551
  0.01492331242361576  0.01615002894721034  0.01730178693010877  0.01836229951424768
  0.01934138579979986  0.02030459386141967  0.02125706743982470  0.02219449912704770
  0.02309322398097337  0.02396747961795593  0.02482901405490932  0.02566714029546827
  0.02648857800569461  0.02731922152050932  0.02814284723688326  0.02891766773615886
  0.02965266569085127  0.03038881219126541  0.03114870395919509  0.03193971653911181
  0.03275583629829325  0.03358513642949935  0.03443192186831689  0.03529850284283947
  0.03617396550432060  0.03704473044214424  0.03787130444688977  0.03858653134115505
  0.03936061323061684  0.04007016555320084  0.04080695694120906  0.04153731912886820
  0.04223484734293610  0.04292898051837725  0.04364161801921072  0.04436841767656316
  0.04511982830837635  0.04590614314309630  0.04674743068563539  0.04760608320839198
  0.04836819015659460  0.04913828370580109  0.04993417271370931  0.05077914921231148
  0.05163997347949778  0.05253260859095031  0.05346702293190966  0.05441685923082627
  0.05537583556759954  0.05631312913733585  0.05723724997762360  0.05819492322677976
  0.05917234889258316  0.06016455258682905  0.06115032192765246  0.06219890652057456
  0.06326816948013535  0.06437326512078745  0.06553874638379147  0.06672807181745891
  0.06791241762527128  0.06906756623468856  0.07030199888130090  0.07160364654315662
  0.07291443476663710  0.07416110989794987  0.07536227315868725  0.07666605585913547
  0.07807030191073390  0.07959336573926851  0.08113045428074064  0.08273067431165902
  0.08463640056591731  0.08678804001290791  0.08908395343527432  0.09148269507277275
  0.09402343445138792  0.09685126295969985  0.09993585088827911  0.10314531312826720
  0.10657228846680973  0.11045190223737884  0.11513318102744971  0.12117916927954886
  0.12834258256205863  0.13634084785267966  0.14457814698884555  0.15950404035684834
  0.18809758377791033  0.30333616749151415  0.81530367922319280  1.00000000000000000
 -0.00978068928649642  0.04881396376043139  0.08618573596736731  0.11985857399260608
  0.14713811146410885  0.16831546388171548  0.18753798660663423  0.20660095668170181
  0.22505342998175359  0.24074344649750329  0.25308279606798889  0.26448457875941717
  0.27564338771372698  0.28656981984427021  0.29640331879204268  0.30553247096790831
  0.31420990503640556  0.32254695515264703  0.33046450099876085  0.33799280599988230
  0.34518716361859247  0.35233233853563700  0.35999136084298383  0.36790321901665307
  0.37531573479498032  0.38214113029113722  0.38862911053813493  0.39538704954047010
  0.40179653796985920  0.40795569303369511  0.41386843428397152  0.41969723819182675
  0.42549095863460890  0.43121797087564162  0.43711223583693659  0.44349288068000642
  0.44991774816759544  0.45622973258630045  0.46258587223059672  0.46878075870411295
  0.47476373909240471  0.48070709882802753  0.48651437704679140  0.49202518446424909
  0.49749729426424977  0.50324513096080659  0.50898342073277958  0.51493963392635445
  0.52090571565146215  0.52696877911893847  0.53323706339044485  0.53943714562657097
  0.54535095319172544  0.55113050560731758  0.55697025305848802  0.56278569367760767
  0.56865021589035225  0.57452846935931334  0.58039796305582980  0.58620532711477069
  0.59191473559630003  0.59765050788770024  0.60354442565273780  0.60961501752369174
  0.61590132603875913  0.62245755684322002  0.62906032561534475  0.63581204837876926
  0.64308420222691443  0.65036372880756421  0.65785541587130358  0.66497581635085201
  0.67198578450231472  0.67897448681105854  0.68611343527059909  0.69308215030189035
  0.70005527012531632  0.70744889321816229  0.71527616543788675  0.72332252264799168
  0.73119945109447804  0.73921157452412278  0.74821330841425249  0.75871517404189259
  0.76975942252557805  0.78019500327236557  0.79145672639879450  0.80377418513480159
  0.81614523387101956  0.82914133622260811  0.84492119293600143  0.86462715936307710
  0.88881066852884827  0.91712228103032123  0.95067487416291263  1.00000000000000000
 -0.00174678529089600  0.00781092169149897  0.01778580103323023  0.02797994823993412
  0.03836004763804484  0.04878889973614045  0.05896313935015497  0.06914962061428083
  0.07957589565408248  0.09044003098419853  0.10125759616932510  0.11168611806059554
  0.12201931737476808  0.13218828428880616  0.14184553543773473  0.15131143710159992
  0.16018187407004833  0.16939255510329795  0.17982499335781596  0.19094833087447471
  0.20227224977702693  0.21316695631951568  0.22363489775416387  0.23353412783799085
  0.24310718766280415  0.25245516895695386  0.26254682862866696  0.27336342283332793
  0.28449397326836107  0.29547233302000880  0.30558087230504821  0.31551830281159893
  0.32592750491690531  0.33704245468188437  0.34841575183961210  0.36028896162443902
  0.37275084074584913  0.38417900406260613  0.39472176392472164  0.40506448913858017
  0.41530768285723335  0.42539545543028651  0.43520563918872501  0.44503940311235501
  0.45494361791599552  0.46478735820834816  0.47455262041542368  0.48475026564709778
  0.49520840598991978  0.50544856283752737  0.51577824779013437  0.52618360015951848
  0.53651690683481890  0.54667583717908175  0.55670357772615964  0.56641925700039164
  0.57642046208287046  0.58711576297364521  0.59857868073713860  0.61047365402771847
  0.62233586177917977  0.63417249736613990  0.64584464797450525  0.65716757533925318
  0.66826984575993242  0.67940867926986981  0.69049150629505340  0.70113881981510184
  0.71141009172592218  0.72223051034433916  0.73358411505508592  0.74530109053267768
  0.75702925075609850  0.76862891141574541  0.78015412095015624  0.79142593952088369
  0.80142015836019354  0.81074946396121639  0.82017360380967785  0.82964380824550255
  0.83876376206468972  0.84778522388334399  0.85692300930276066  0.86696402977235620
  0.87743789569546138  0.88819516868253390  0.89879925515047310  0.91011648115543864
  0.92183294558454720  0.93410354450124045  0.94555033664457677  0.95610946590912393
  0.96594209906976491  0.97654437424868135  0.98828730150907385  1.00000000000000000
 -0.00873595483418263  0.04149639173765225  0.07658237347834625  0.10403791106638091
  0.12655070353038700  0.14566284415997041  0.16323714463454364  0.17987129451295508
  0.19550417037973811  0.20996867702664571  0.22309017177268708  0.23474177212239816
  0.24560209366325797  0.25587136529704219  0.26593119272325444  0.27559423649817982
  0.28452528205703909  0.29337939435498805  0.30234406573149852  0.31115804967000016
  0.31936566119849952  0.32693993745726641  0.33392434184348962  0.34074629650764754
  0.34771664002222780  0.35478276885436416  0.36146695548823954  0.36768345888285642
  0.37343335076865408  0.37881672143241879  0.38440735447597962  0.39052979618463840
  0.39691352103513755  0.40290393906515559  0.40864634337512101  0.41383829835071267
  0.41900854398867421  0.42427812768768935  0.42955619349494140  0.43487864287553468
  0.44034347270793134  0.44600369398738876  0.45178244140046347  0.45755103545709208
  0.46326799579452416  0.46879590901343221  0.47444984276449526  0.47981817232062668
  0.48516083469885568  0.49042913523155618  0.49556891198055580  0.50075138080276438
  0.50614329927338619  0.51170082233703862  0.51748299839108702  0.52342459810172803
  0.52968676741344378  0.53610940565775622  0.54238693405051486  0.54838267649141892
  0.55414031021901933  0.55994660034335320  0.56601870499848661  0.57253001149414862
  0.57920445205152382  0.58553475844933711  0.59175760011193790  0.59794686103704198
  0.60429926685301294  0.61083370424032302  0.61737232410679355  0.62415745619338348
  0.63163073262126401  0.63958644349763227  0.64793632808300428  0.65659368156303000
  0.66546100072342729  0.67420019640210616  0.68303346356293626  0.69165726528017690
  0.70030223994886831  0.70935110281240144  0.71875273576827636  0.72875017028186473
  0.73917362943023157  0.75048098351515857  0.76423459833732021  0.77818931133690339
  0.79230364540961051  0.80944610651903681  0.82837915652637284  0.84988680177800024
  0.87509336157967210  0.90594376197048665  0.94069954274057566  1.00000000000000000
 -0.00266853092770994  0.00957576720860521  0.01961555608048552  0.03005240368453844
  0.04096313485586605  0.05285806148298027  0.06364476220262211  0.07255090461506702
  0.08153356074911076  0.09140598847816742  0.10173597978327098  0.11181973241885809
  0.12190036968756868  0.13214845045176307  0.14174709444184969  0.15092410444639151
  0.16025534818469075  0.17031964253688389  0.18064517772885852  0.19190027797653134
  0.20390968637755397  0.21559677479041550  0.22727810454082351  0.23841563011804209
  0.24919686109693620  0.26008162951390468  0.27115583558837902  0.28206404281937164
  0.29291805309975438  0.30416571053500940  0.31518641121956920  0.32576300223798699
  0.33598059310108908  0.34655328466611424  0.35779285289219237  0.36944134001738088
  0.38122488708492880  0.39260025964501877  0.40380686280405403  0.41477588752963440
  0.42531786374977376  0.43603767331345072  0.44679920503986570  0.45712722022604435
  0.46681612504303249  0.47611425266209034  0.48532049168755381  0.49442701203353168
  0.50368020658774915  0.51351618080509964  0.52425604566300132  0.53495013138729552
  0.54464044258057909  0.55421618461572741  0.56454660664826117  0.57608907233647044
  0.58724524339353878  0.59757692747716007  0.60785074072138789  0.61870009225140132
  0.62964077275788921  0.64040900485114705  0.65055223030425036  0.66093223544850810
  0.67187614014759411  0.68293948062116228  0.69371515883230195  0.70395148245934480
  0.71418188927938842  0.72459084461079093  0.73547096698589887  0.74585644833225984
  0.75695160428880315  0.76793927150832209  0.77919416994313206  0.79041721096451045
  0.80204485298448169  0.81342802496321331  0.82430444698980310  0.83503334869241974
  0.84521416493616819  0.85562009222757041  0.86613837275707273  0.87583609251136574
  0.88499888713491470  0.89484754146544421  0.90486354162605864  0.91506755156874442
  0.92494850526028172  0.93533526992357507  0.94659697026488721  0.95789088325529692
  0.96866184899337715  0.97902399947724938  0.98913939358972625  1.00000000000000000
 -0.00263263503367554  0.00964663654517510  0.02006889024607510  0.03087570225154619
  0.04144868150229910  0.05112677221451372  0.06155504493732503  0.07105782986688751
  0.07992503948040577  0.08924563133406224  0.09965959692692387  0.11101034656807049
  0.12220662951636677  0.13273450417527163  0.14380636458308246  0.15476658583430264
  0.16571932438166370  0.17582122785223128  0.18570420647259547  0.19498922930536275
  0.20422937226572643  0.21364988512393174  0.22309144350744828  0.23304158023572577
  0.24417021152726781  0.25582156255811850  0.26726258856549961  0.27839645230983051
  0.28950121543939256  0.30090495275776402  0.31242257521082228  0.32353104465885218
  0.33420953755957905  0.34519762961597550  0.35640467489719146  0.36728551445576768
  0.37792718534376796  0.38821111769149397  0.39893517009508200  0.40988959138422643
  0.42117409436949976  0.43286094913733858  0.44373281196338304  0.45449188703094706
  0.46485033150867949  0.47562858788357443  0.48745766291716791  0.49923384221857087
  0.51110600864392131  0.52278706406412856  0.53444465510558514  0.54584930764397355
  0.55633788294819986  0.56642470119667743  0.57642388185080962  0.58660996786438502
  0.59631589325945589  0.60533860725135502  0.61466432131630766  0.62490068957646028
  0.63515129301874773  0.64452783659985013  0.65340286515007440  0.66231589511263333
  0.67161366712367210  0.68139357729769368  0.69151262113889378  0.70207910587902500
  0.71287388036402832  0.72381067940960675  0.73503505961557536  0.74627350798585002
  0.75697893914030367  0.76730818163961323  0.77811936709877128  0.78971107163862431
  0.80134392229526674  0.81270226443613536  0.82365507383516834  0.83415617202764414
  0.84449341591354521  0.85473229969505726  0.86517554046044265  0.87572257395748954
  0.88618744298347740  0.89630431098849650  0.90579105785006131  0.91562165947071927
  0.92525593232057468  0.93558034021742287  0.94629948199481340  0.95723031895323685
  0.96777634214576336  0.97822492327432020  0.98849349547471810  1.00000000000000000
  0.07237129171536261  0.30155765178214722  0.36721396996368943  0.40254675208365476
  0.42549268530428380  0.44507047238636255  0.46197839576907646  0.47576824537599088
  0.48692220265088310  0.49709621005789201  0.50705951962587670  0.51653593801150655
  0.52484604903239562  0.53249695901597072  0.54045966064726869  0.54872589226967572
  0.55576605741744245  0.56237529387587681  0.56880717721845608  0.57521840831961202
  0.58163691738496115  0.58765447794650683  0.59330441696210512  0.59873566316157956
  0.60396065610488880  0.60898902665478094  0.61377126114759528  0.61823129559513601
  0.62242588972646207  0.62657550029419418  0.63066568166266512  0.63478928336616292
  0.63880873182392961  0.64266985022149214  0.64644235566518238  0.65010902059257025
  0.65373480378224436  0.65739505661719455  0.66106276201246572  0.66469766899728067
  0.66822490212862895  0.67166952401275248  0.67506306662748672  0.67837410215049554
  0.68159533780814130  0.68473636128747306  0.68783213640584884  0.69091227400873290
  0.69382234975110024  0.69661578006377434  0.69970646309784423  0.70282129128364523
  0.70588912161437178  0.70891748456796944  0.71188327691424280  0.71481131773364848
  0.71774579378530601  0.72055331822719604  0.72332663058850188  0.72610490768873148
  0.72891809083784909  0.73170470958868150  0.73446628623302368  0.73725618785510905
  0.74008184303006053  0.74294194180170614  0.74584518447938031  0.74881431573775015
  0.75189456096429275  0.75514762620487186  0.75849958731020750  0.76181912281964104
  0.76510069158414806  0.76835304430168239  0.77163599226637725  0.77492807537189401
  0.77832460380321145  0.78176636250782650  0.78534133866751366  0.78888822570286588
  0.79276666645881566  0.79676507399192587  0.80100402717376706  0.80521579984501868
  0.80948955261437983  0.81381931621867232  0.81838741416286520  0.82324115733564340
  0.82852855509833490  0.83462416795166661  0.84166147595184482  0.84977388829609068
  0.85957686919824527  0.87294818399532847  0.89723006042234354  1.00000000000000000
 -0.03851394755278520  0.17105609765407803  0.21171885631927490  0.23609058771309693
  0.25422878610301669  0.26913125583477127  0.28219537316141452  0.29365632254785767
  0.30337702316234932  0.31214710656504674  0.31958457407470287  0.32653409907097353
  0.33323699715169447  0.33984549736750702  0.34636193772217710  0.35252472379478850
  0.35797546720651902  0.36325503764591005  0.36868706379971694  0.37393049893383151
  0.37896040856521124  0.38357547824324761  0.38809334905057663  0.39236663397254040
  0.39687684333686613  0.40154413236755288  0.40620624434717145  0.41074372039639212
  0.41520997957845712  0.41985153238692474  0.42478828204889646  0.42909480998570404
  0.43345782617479262  0.43752983060260114  0.44154826292097921  0.44570729516233681
  0.45001027905498409  0.45433238446571089  0.45870518188363391  0.46311382507342042
  0.46741942024624172  0.47151198118467030  0.47544980301581063  0.47941586346459208
  0.48347220904109273  0.48773623232833208  0.49202604450420750  0.49614712751382295
  0.50032204707043448  0.50461845296066998  0.50901554677733729  0.51337867664279158
  0.51757973303188076  0.52166994215190732  0.52569031585977344  0.52972740011414965
  0.53398350532772365  0.53818327870033789  0.54222555017873120  0.54609501748247435
  0.55006632486435680  0.55423059430995358  0.55867946625715803  0.56339665367877911
  0.56824256430135134  0.57298661956827246  0.57739013060033983  0.58169023297029132
  0.58610860108168683  0.59053690938300096  0.59507138990399644  0.59959232705931365
  0.60432162938451905  0.60922527332280230  0.61427941904529859  0.61935455727772293
  0.62454407175534321  0.62935153764504781  0.63453943754541076  0.63987005109280726
  0.64593907221648128  0.65254740860970584  0.65967731226052950  0.66691459739921144
  0.67455856795814229  0.68256724898037868  0.69099686789552961  0.70016621583275673
  0.70988104627611048  0.72071049973720125  0.73378456518243595  0.74865587422735103
  0.76613420042634084  0.78940817504587013  0.83081059580907002  1.00000000000000000
   3.8861811117055625E-013  -1.0000000000000000     
 F F F F F F F F F F F F F F F F F F F F F F F F F F F F F F F F F F F F F F F F F F F F F F F F F F F F F F F F F F F F F F F F F F F F F F F F F F F F F F F F F F F F F F F F F F F F F F F F F F F F F F F F F F F F F F F F F F F F F F F F F F F F F F F F
  <DiscreteSampler_grid>
  grouped_processes
  1 # 1 for a reference and 2 for a running grid.
  10 # Attribute 'min_bin_probing_points' of the grid.
  1 # Attribute 'grid_mode' of the grid. 1=='default',2=='initialization'
  0.0000000000000000 # Attribute 'small_contrib_threshold' of the grid.
  0.5000000000000000 # Attribute 'damping_power' of the grid.
 # binID   n_entries weight   weight_sqr   abs_weight
    10   10   2.478257802246043E-002   4.734974846731022E-003   2.478257802246043E-002
    16   10   2.478257802246043E-002   4.734974846731017E-003   2.478257802246043E-002
    22   10   2.478257802246043E-002   4.734974846731020E-003   2.478257802246043E-002
    28   10   2.478257802246043E-002   4.734974846731022E-003   2.478257802246043E-002
  </DiscreteSampler_grid>
