  0.00000285010297892  0.00000794440977075  0.00001437802471825  0.00002021949139201
  0.00002569615025320  0.00003105823110676  0.00003643856956827  0.00004186041809878
  0.00004733006779369  0.00005283567497226  0.00005840744448805  0.00006406445704522
  0.00006984284285486  0.00007579407822184  0.00008185843050563  0.00008804803376542
  0.00009432866197087  0.00010070062439147  0.00010717870441967  0.00011377274632518
  0.00012047145423546  0.00012725897422608  0.00013414885065520  0.00014115806620679
  0.00014829772093940  0.00015554284442868  0.00016291696152164  0.00017041737076974
  0.00017805677541910  0.00018582682071011  0.00019375074235715  0.00020207230664995
  0.00021063841253991  0.00021958850632005  0.00022879105301809  0.00023840206155332
  0.00024857540571837  0.00025897892353735  0.00026980797123094  0.00028079337470539
  0.00029222730779224  0.00030417613114736  0.00031654478637666  0.00032948652114090
  0.00034300425517968  0.00035722448941135  0.00037245031082224  0.00038815208399843
  0.00040464263765226  0.00042167060898570  0.00043943428199268  0.00045842342245331
  0.00047799634421614  0.00049900466807456  0.00052050400054317  0.00054382454765808
  0.00056873382429441  0.00059496090681532  0.00062233978229256  0.00065092510746499
  0.00068129653975210  0.00071341195521415  0.00074795132266564  0.00078395719794343
  0.00082448292495310  0.00086622269012887  0.00091322581774817  0.00096132513233904
  0.00101596341990486  0.00107533948206546  0.00113947485494576  0.00120982372775857
  0.00128697225059759  0.00137355870426923  0.00146895753961008  0.00157312380707535
  0.00168817165471275  0.00181381045528849  0.00195198340963201  0.00210749710189148
  0.00228091316364468  0.00247675022298765  0.00269537585062374  0.00295007002270948
  0.00328407331134048  0.00368040368627264  0.00414131398621202  0.00470330052958178
  0.00540445181143543  0.00636946760943299  0.00769419947656806  0.00971959250857050
  0.01374490091191261  0.02330901297410356  0.12958494906948836  1.00000000000000000
 -0.00247135091380030  0.00952036121519370  0.01978967162334114  0.03042101310241585
  0.04115518933117659  0.05183451526625876  0.06226247417693888  0.07281890123206416
  0.08336863570037084  0.09398092974203448  0.10451754696548221  0.11511623501462014
  0.12596786433784096  0.13688016837283357  0.14777156708684203  0.15857412968677631
  0.16930315165720378  0.18004965186246835  0.19082881501742746  0.20152560764790575
  0.21226270666372329  0.22280138728014229  0.23332069721760781  0.24388017709771573
  0.25439315023047471  0.26487710004092146  0.27541322894006781  0.28585304954552199
  0.29632481664273780  0.30662471476845221  0.31722718893198226  0.32798809354107233
  0.33887379642323245  0.34971153442046937  0.36061654777758062  0.37155530174913642
  0.38245467657906618  0.39320333229745497  0.40364401636585345  0.41423603992060143
  0.42486563358252971  0.43557969253677037  0.44617949577728755  0.45675005303969551
  0.46735641221848517  0.47793805373941745  0.48849654923643404  0.49912598949991765
  0.50983694557068004  0.52055279353549111  0.53128571861646412  0.54206038823443325
  0.55294351138521436  0.56370885076743205  0.57440770867311064  0.58513552499788657
  0.59585344222526326  0.60657210116047544  0.61697600130969488  0.62735390048204964
  0.63759283895956631  0.64786842521760390  0.65812857084606313  0.66860510455605793
  0.67931797661174420  0.69006974050596581  0.70070033261640752  0.71121153942655557
  0.72162732378885575  0.73209517123726375  0.74257457259242377  0.75319017780333597
  0.76390741949642360  0.77465482402145402  0.78533180015031623  0.79588396027492647
  0.80639320410826276  0.81686168730304054  0.82717561838257758  0.83753329812684330
  0.84796827497718175  0.85822920341751252  0.86827934695324882  0.87830185835375785
  0.88818717029459449  0.89800857155145841  0.90778387583695563  0.91772572036030398
  0.92808023038202736  0.93850785784054658  0.94916685635032372  0.95978321430852920
  0.96996491007131158  0.98007295498434266  0.98995241105747722  1.00000000000000000
 -0.00419677060143419  0.02641461591520070  0.04820777662541864  0.06661983346118702
  0.08315147872261622  0.09849342282896675  0.11286882648507454  0.12647393568385992
  0.13945809743590573  0.15188285256156273  0.16396712444340053  0.17597038931923864
  0.18767426081333655  0.19884755516998268  0.20955337964477819  0.21995421085777328
  0.23009762498809458  0.24014084635762656  0.25012972975777492  0.26018815312055255
  0.27005572829125180  0.27971797404633020  0.28923626897500976  0.29851396316647666
  0.30760184678592639  0.31664022674096259  0.32575574576015981  0.33490773208355784
  0.34401901552362729  0.35288776993300647  0.36143214757158126  0.36993635667837649
  0.37854520066782416  0.38722576842256662  0.39571972913191894  0.40400674417824634
  0.41219358093272757  0.42045752201387343  0.42876180442510275  0.43696890520096726
  0.44504378231539832  0.45301949164502409  0.46099466290180519  0.46900511393156774
  0.47707156644583498  0.48513389715755523  0.49328218396213491  0.50139493303147020
  0.50962736440170564  0.51792682067552143  0.52597595291090382  0.53389818924149657
  0.54173565184209371  0.54955995928368273  0.55744135749401880  0.56530561479391372
  0.57314618281751561  0.58096479294836290  0.58891084463242482  0.59695279973517146
  0.60502121070283366  0.61309730731217826  0.62108756998397907  0.62909777198200567
  0.63713063081305410  0.64521525466667462  0.65330234919650687  0.66139775866251649
  0.66950296256158970  0.67763188349304149  0.68585949133092450  0.69414507897862476
  0.70258986428945536  0.71103074508158171  0.71980987928602902  0.72851869069073261
  0.73743833229014422  0.74652355476035503  0.75576150698108280  0.76501391981753264
  0.77439765735003685  0.78390249448352545  0.79358752187748682  0.80342416022220853
  0.81350761649187853  0.82399301597831098  0.83471002650943804  0.84590361680602399
  0.85760832040758761  0.87028343179521472  0.88352071321100756  0.89766695926727658
  0.91351440784840365  0.93242811388548463  0.95826360651220677  1.00000000000000000
 -0.01874920318975967  0.10665721081822933  0.14257988060410590  0.16476352477524225
  0.18206093234741871  0.19660075203738905  0.20960413834971148  0.22156504548347836
  0.23264781114983346  0.24300638759291684  0.25286149791836543  0.26223462433941475
  0.27120158948101486  0.27986987288342891  0.28828779409797078  0.29640573475303839
  0.30427399704978580  0.31207944707735896  0.31964299985017136  0.32712193310313165
  0.33441315050335396  0.34141819050023392  0.34828162668833174  0.35499214703794368
  0.36159381476445679  0.36810706381241742  0.37452177890384231  0.38088054645015890
  0.38719333718211807  0.39343077077994931  0.39954082144633762  0.40553371036587726
  0.41152656021130984  0.41752594484733058  0.42355207075747420  0.42957650194672331
  0.43559855565278605  0.44152637251135785  0.44728619545042647  0.45297652256418952
  0.45860597423962640  0.46423227638589848  0.46987571790512178  0.47549853450760904
  0.48113355139968567  0.48684278351743282  0.49253921897054587  0.49823030078170988
  0.50398997540218693  0.50967977670826792  0.51534088500129871  0.52100375314918279
  0.52658989483610763  0.53220808193383962  0.53788956123778342  0.54360494160246298
  0.54934502241393113  0.55510865975034485  0.56086808001433086  0.56658190240031736
  0.57225656622609522  0.57798082435180820  0.58375880980173700  0.58967492194951121
  0.59560611632588623  0.60157790556546953  0.60767757349871876  0.61386654342337821
  0.62005942485480381  0.62630652985224233  0.63272606019753219  0.63929899901493537
  0.64603776585414119  0.65298549144837981  0.66003587956918264  0.66710075504957433
  0.67424488985195274  0.68146848990010855  0.68891682911448271  0.69661181557419327
  0.70446496811388415  0.71250975591725829  0.72075163763273775  0.72929364035005217
  0.73830335519245427  0.74775571798121232  0.75776249701666365  0.76835354154339564
  0.77956100856853050  0.79158101567308092  0.80466046251530965  0.81931513412599322
  0.83664325600745648  0.85853102324951969  0.89368429993431120  1.00000000000000000
   3.4091538283229222E-003  -1.0000000000000000     
 F F F F F F F F F F F F F F F F F F F F F F F F F F F F F F F F
