  0.00003933522898155  0.00005675515711885  0.00006883178308591  0.00007976472665803
  0.00009182192199640  0.00010470718457559  0.00011718860936302  0.00012839591593793
  0.00013830216843844  0.00014766349999986  0.00015712553999890  0.00016711607563417
  0.00017731165084440  0.00018753736704771  0.00019821255574789  0.00020940954095644
  0.00022104306494838  0.00023230105222731  0.00024344969253788  0.00025511417458676
  0.00026709881890508  0.00027946935463160  0.00029224201911925  0.00030561050539821
  0.00032027339163188  0.00033593453993396  0.00035187685097765  0.00036842211765106
  0.00038426582854599  0.00040078776655644  0.00041805130568045  0.00043588115204310
  0.00045483141450849  0.00047499015934477  0.00049621335265249  0.00051797552557697
  0.00053973300187893  0.00056171661441277  0.00058423399745909  0.00060783852122146
  0.00063254258926220  0.00065817386697265  0.00068545293469676  0.00071345436247324
  0.00074144536395881  0.00076973050105218  0.00079835748158839  0.00082883421393694
  0.00086328003507160  0.00090084009603449  0.00093988711704934  0.00098033547728332
  0.00102409123824938  0.00106681987674544  0.00111445312517922  0.00116147416743280
  0.00120938006207121  0.00126018879231998  0.00131512056430703  0.00137098812054628
  0.00143156080880107  0.00149546853844994  0.00156470586380906  0.00163687530275598
  0.00171115435612510  0.00179050833732999  0.00187486995965348  0.00196422778069985
  0.00205943740964232  0.00216003943090206  0.00226596270351170  0.00237527487636988
  0.00248726004020327  0.00260935970695837  0.00274635900885551  0.00289873763922806
  0.00306126244753380  0.00322658637758920  0.00342551604238100  0.00365449899250195
  0.00389735516620531  0.00416834667075376  0.00447662029804340  0.00484203720249288
  0.00523407388913735  0.00568164926431359  0.00620165827120425  0.00685090492429919
  0.00769457425490793  0.00881580421885006  0.01041177274405427  0.01258406598605138
  0.01659599378057017  0.02646921066867885  0.55123647959503608  1.00000000000000000
  0.05302036601028558  0.05367913873837057  0.05426681131847520  0.05473163204859402
  0.05512677042149934  0.05548562452856895  0.05582643067447509  0.05615967185997526
  0.05649555998193415  0.05684512189543565  0.05717631518908762  0.05750141557505078
  0.05782221676518696  0.05814359752335928  0.05846793806586519  0.05878864260988523
  0.05910811003081671  0.05942444884428698  0.05973958814391479  0.06005951242243718
  0.06038132072220270  0.06070533447227587  0.06103244177413535  0.06135432273458714
  0.06168210288818917  0.06200455236531994  0.06233277018464426  0.06266327026065170
  0.06301170039861002  0.06337459919220294  0.06374220024648021  0.06411216311096918
  0.06449117045340579  0.06487459626348156  0.06525161650551790  0.06563406431327701
  0.06602397592897494  0.06641407585720034  0.06681993187667883  0.06722971029494278
  0.06763931762844842  0.06804802055918843  0.06846753540968467  0.06890365624888731
  0.06932766325209454  0.06978693654522414  0.07028665281943412  0.07080436386838468
  0.07132487287221301  0.07184641933078095  0.07237046048885554  0.07294007455698805
  0.07352445374951386  0.07411808925004668  0.07470662917093816  0.07532839857440084
  0.07597384917178238  0.07665711680730770  0.07736833863221376  0.07810547082295048
  0.07887437628780666  0.07963588557805887  0.08039994399322252  0.08116208719383471
  0.08194043810681775  0.08273703362570484  0.08368180744843080  0.08470121149832137
  0.08574795787951474  0.08681642020190705  0.08788499532651127  0.08911598816223637
  0.09051108557183732  0.09202203814900915  0.09363819401868330  0.09530918803626762
  0.09697771129501438  0.09867166948253975  0.10041230997512800  0.10213810119848944
  0.10393199372313584  0.10603465670093817  0.10841919056326223  0.11087649124219413
  0.11357234848334744  0.11670403484101748  0.12015513227509843  0.12429886054340031
  0.12919503762002535  0.13551739384659067  0.14299115203194199  0.15317525882194777
  0.17068597319308701  0.20557939595796798  0.74288513296220338  1.00000000000000000
 -0.00335898093320680  0.01082966555161748  0.02474306153291001  0.03578805461710648
  0.04265828284848998  0.04956537732657192  0.05673577546552433  0.06365123721215060
  0.07020653869955981  0.07609566347032169  0.08281186301324527  0.08965142346305821
  0.09715987209479097  0.10430357164892030  0.11154848836024578  0.11930923531821450
  0.12732508896896169  0.13585128005231373  0.14397473236930375  0.15164633128824490
  0.15947177344690480  0.16678857181304640  0.17362812801904101  0.18143780547027469
  0.19027790961738705  0.19980256530056520  0.20990055534515203  0.21911504776731158
  0.22782160693896578  0.23683455766233419  0.24625502853991135  0.25653452187091719
  0.26769123031682496  0.27877297872696866  0.28948170390085814  0.29984650733805335
  0.31044898071931071  0.32088508735557569  0.33093284049527244  0.34142755894928595
  0.35136579347272617  0.36093901894552305  0.37058976957930517  0.38024240947445975
  0.39028665579817901  0.40091001591873632  0.41161772880906644  0.42228217815370828
  0.43353863855759495  0.44494701538843279  0.45600484181467571  0.46685328222141864
  0.47782973928390438  0.48886409998101465  0.49957423288994535  0.51032365600554719
  0.52079540453266127  0.53118508189129487  0.54153955144743460  0.55206293306925347
  0.56300179813335693  0.57401311525336152  0.58442272780305471  0.59611969363421968
  0.60784340441690698  0.61917094510525250  0.63018189013661752  0.64097026861798323
  0.65173135334146326  0.66273620032898228  0.67397681433025125  0.68539914811988245
  0.69699024140132804  0.70881231416991797  0.72042181951962270  0.73280322506743711
  0.74575530065147599  0.75929822713598316  0.77336415225118660  0.78781364331894588
  0.80249799578515446  0.81728289877169591  0.83211791345687014  0.84671021662306256
  0.86041864629456843  0.87362414090604301  0.88660927814150603  0.89949219894363053
  0.91180922354325888  0.92337540139008289  0.93517075627459856  0.94699921641158247
  0.95909717620341572  0.97177060071293142  0.98548949353988058  1.00000000000000000
 -0.00230977400781644  0.00855393392680972  0.01930189240666675  0.03004553879206796
  0.04080815639550717  0.05112859021832529  0.06145631382711353  0.07222589949803732
  0.08327408505270727  0.09421775397537586  0.10502787674393649  0.11594120931855711
  0.12649891564866211  0.13679912141290682  0.14709484036279219  0.15768923858949385
  0.16798339861104813  0.17827017112060653  0.18941137006174760  0.20108313829383298
  0.21213814167878256  0.22236813780232897  0.23240988649667843  0.24266452914555292
  0.25289915396251245  0.26281941580896528  0.27262784814385105  0.28267313927305499
  0.29363872929463508  0.30527416493393456  0.31669028628048096  0.32773813096094190
  0.33863570213000793  0.34954853357313165  0.36002639678221016  0.37045910231531159
  0.38055243427380353  0.38990518410353059  0.39842404376489282  0.40708212435917013
  0.41612622336956173  0.42592570152686771  0.43618068401936250  0.44767115092734455
  0.45895387478530114  0.46915968919617806  0.47904481333577520  0.48949466900231148
  0.49987637463998613  0.51020765184514005  0.52066091542748894  0.53115373965475354
  0.54111347802040421  0.55104754492087571  0.56137258770226284  0.57258141759295467
  0.58422870707049990  0.59593856066218487  0.60712866279516609  0.61801224491261453
  0.62913508585048372  0.64035971308330308  0.65136808820839098  0.66206195133159540
  0.67262085885227596  0.68380929183804517  0.69553756856619087  0.70757145468339822
  0.71772603015083258  0.72836886126741929  0.73837117315237566  0.74927158451674847
  0.75888282416417496  0.76846508256968704  0.77792374000605202  0.78774305567891201
  0.79796418837729399  0.80806414505315882  0.81819226440375981  0.82851789518165730
  0.83915073998858036  0.84987188845570083  0.86012095775611486  0.87023482987616019
  0.88053766736391403  0.89130725087082618  0.90238746061084008  0.91351189476650152
  0.92453476338712293  0.93563824005492657  0.94683926911353222  0.95769138446455548
  0.96795055156381227  0.97846362264456499  0.98931605915351117  1.00000000000000000
 -0.00580548873670808  0.02907794724681305  0.05866423481911840  0.08517611810378517
  0.10867947198724581  0.12858235068376933  0.14648825593068901  0.16411494269504726
  0.18101987747581794  0.19590890607455955  0.20967332408641401  0.22200244738197031
  0.23347808279925741  0.24461643858630894  0.25534649420725447  0.26530186577789777
  0.27510439053013858  0.28437821226419024  0.29338834562858551  0.30222131657055262
  0.31106693722180651  0.31985709983520472  0.32842335180423732  0.33671009599510038
  0.34462769287592165  0.35218898270761645  0.35950534781138754  0.36679407665235292
  0.37433356699308318  0.38171851609002261  0.38879454882947628  0.39572506885625619
  0.40229851607298672  0.40874811609543288  0.41490109192677899  0.42081388745525589
  0.42665569647281082  0.43264688353631570  0.43901085455094013  0.44569430050286479
  0.45230055329224267  0.45863123026546287  0.46473173205373264  0.47066613400204010
  0.47656886876711024  0.48258669675350990  0.48869770303465848  0.49487240413078676
  0.50112856259353589  0.50751435646409926  0.51396509927232437  0.52012728891094173
  0.52613740572676171  0.53220043814504348  0.53829607817419700  0.54419974997857468
  0.55004531082601038  0.55585225105621050  0.56152941872561679  0.56713221895948629
  0.57289272659217205  0.57904213006676486  0.58545197014656725  0.59184731830470372
  0.59816829367233793  0.60466204999543760  0.61140700930053338  0.61817692831029392
  0.62496650942147347  0.63205860547072845  0.63958495293641471  0.64728123197110654
  0.65519000955672524  0.66287893028004008  0.67102666237873931  0.67943252176672186
  0.68842946601094701  0.69758377490458545  0.70730512213039864  0.71765700849151637
  0.72866269595537547  0.73979529123524201  0.75165626740200386  0.76422228845919282
  0.77720888983016545  0.79005216550367319  0.80385416969009782  0.81904414623537691
  0.83546162402113822  0.85326870005604116  0.87149639799371403  0.89051583874227735
  0.91195924860592881  0.93896841286229726  0.96958113916289879  1.00000000000000000
 -0.00304698946257002  0.01016720475966223  0.02175861784757717  0.03275670433761906
  0.04340037034208269  0.05388479567332108  0.06465680882059197  0.07554417576312536
  0.08608216898638048  0.09668646233989804  0.10756408642204209  0.11840907031328263
  0.12869170799645252  0.13865587680106789  0.14914779975288908  0.15982530029587441
  0.17076402071863020  0.18176436031317966  0.19363625355246047  0.20580722470866247
  0.21713731808019016  0.22800159771141187  0.23920260503907675  0.25036293654223091
  0.26201809309098956  0.27325601256896087  0.28419358532320205  0.29516177464565529
  0.30618051339621205  0.31657852509955475  0.32621339561824070  0.33600255795084910
  0.34687418681356036  0.35713592351250234  0.36671956453538596  0.37636400995441072
  0.38720126499111246  0.39791893347093776  0.40803980344023338  0.41822634360277333
  0.42924845804171413  0.44037376046855370  0.45213211071173454  0.46301112984344828
  0.47286853503413506  0.48239319556028826  0.49198225508624438  0.50175974624264330
  0.51108865705858597  0.52076573708209495  0.53118276182282642  0.54183015138862323
  0.55239358582781772  0.56324054262805312  0.57467531213517620  0.58645998405187461
  0.59740536089954455  0.60778702306037502  0.61732193237867061  0.62668890043116876
  0.63640808281562633  0.64622686302044230  0.65640568433257906  0.66673093568727015
  0.67773586457482737  0.68881690793420269  0.69935390466782266  0.71001906160237382
  0.72058793227028106  0.73130132585273588  0.74145182130969989  0.75149264573327912
  0.76107419523146358  0.77034424615534514  0.78010377879265147  0.79040056049677254
  0.80076819967788093  0.81094863245840176  0.82104870647431949  0.83128816792259286
  0.84165462410285763  0.85258882738604980  0.86362080047489576  0.87479948672890129
  0.88527804534875154  0.89591668982473771  0.90677976819862116  0.91749117859450791
  0.92778214833019201  0.93826253071374510  0.94884237860512599  0.95911128454344363
  0.96867245639170263  0.97839374553860603  0.98912936573545340  1.00000000000000000
 -0.01741813373290182  0.10520997925841978  0.16040948235144725  0.19293195067313246
  0.21714668752181693  0.23788790413544253  0.25484584588860404  0.26855779013978204
  0.28046209306484532  0.29140974310781664  0.30131150218828545  0.31031713813879591
  0.31846189064112163  0.32593324198953200  0.33300948649332529  0.33986664131104249
  0.34682569473975033  0.35347361506239783  0.35949905656387532  0.36516230709088554
  0.37078123305581917  0.37647812493750954  0.38229859304826203  0.38815612565102031
  0.39379140489679060  0.39878711234755865  0.40345118915921813  0.40803773445986563
  0.41253178607106888  0.41702413891245249  0.42149701682154350  0.42593389586847141
  0.43037862759495438  0.43483137210105138  0.43930224233771531  0.44378862766272326
  0.44823008431795197  0.45256658155908108  0.45678683320006530  0.46120558534384337
  0.46587411075830387  0.47054311498324664  0.47518342410625414  0.47965429840452811
  0.48408026820061784  0.48853500753474433  0.49299190836794826  0.49733296910741170
  0.50146291546470145  0.50550605489797340  0.50963651381117392  0.51389154655986458
  0.51810798010350401  0.52234738896286859  0.52657196560911557  0.53081052595496891
  0.53521979140760456  0.53983600726729153  0.54435041728011457  0.54888198158654644
  0.55335876913667270  0.55786935493275347  0.56239106948351503  0.56692821630564394
  0.57157035007907664  0.57625646954476739  0.58099126094465348  0.58556638434067099
  0.59007146545126021  0.59469641122409678  0.59944769842986600  0.60431549498427384
  0.60936941875698414  0.61463925492594718  0.62007148718524474  0.62572319955651479
  0.63159424819997345  0.63765452428324021  0.64394143305685569  0.65045343029156566
  0.65736081407076663  0.66458287498480517  0.67215847802937856  0.67999216246883543
  0.68849052156583579  0.69796323349199862  0.70825423543246657  0.71959803589725679
  0.73216575315591337  0.74624035449222781  0.76229745296430607  0.78115437921861730
  0.80599388506166980  0.83909975167493311  0.89468210494056266  1.00000000000000000
 -0.00212372961083593  0.00868827277095106  0.01775730723243241  0.02760362573640786
  0.03767129213559599  0.04763508828965501  0.05761962783239910  0.06784217611751427
  0.07856663042176752  0.08912426482524001  0.09938290611958876  0.10984338218029902
  0.12060140823178145  0.13163689397124284  0.14208715832841920  0.15272780006555847
  0.16335531369655010  0.17371055754108397  0.18379092566712166  0.19404082862876179
  0.20472449093771955  0.21573288175829264  0.22744092417974268  0.23939351798211769
  0.25121816363173777  0.26130674872592619  0.27182997184724850  0.28184074433457784
  0.29286531431798096  0.30151175718462392  0.31056879602648435  0.31954392680555116
  0.32844936833103977  0.33741066252587371  0.34677507870049390  0.35650809614419288
  0.36668778849726602  0.37712980807382224  0.38750468153060563  0.39748214920638053
  0.40668250779161852  0.41588939538395647  0.42606600484569646  0.43706409747102964
  0.44811091486419208  0.45890098702769744  0.46938509753351587  0.47972515336160332
  0.49015388746403488  0.50112361466391808  0.51269474524299419  0.52445020485100391
  0.53617858331117219  0.54739659675386099  0.55812828680137694  0.56846834320454309
  0.57825383687916343  0.58844950715586664  0.59875413849934234  0.60892858139290140
  0.61886648703180180  0.62899958544211587  0.63972259445896307  0.65048948528445394
  0.66069830304562471  0.67083261781171810  0.68094545724709199  0.69101860525031511
  0.70112155323390257  0.71182731610820604  0.72335117477289124  0.73526567592042369
  0.74716261739377432  0.75903406467670087  0.77089720823268482  0.78256855477413967
  0.79458028533197012  0.80647425087189262  0.81794460455673346  0.82886713467249828
  0.84018011155465688  0.85133507377778639  0.86208486268115003  0.87273633375317805
  0.88371345589689354  0.89450623401207829  0.90469174139829689  0.91478713140596557
  0.92499921945242847  0.93485319760417662  0.94451928711390098  0.95439991985448935
  0.96479075962565597  0.97585511524988999  0.98740588661212281  1.00000000000000000
  0.06521224987235354  0.17505037069045296  0.22032728489676573  0.25130429787557307
  0.27616389080015113  0.29720515630659505  0.31472102475889507  0.32856394210976669
  0.34112770634904049  0.35339846602020797  0.36495865405254091  0.37533152754344101
  0.38553665002123272  0.39462942489102026  0.40331181061615601  0.41154049454572761
  0.41990587822252418  0.42830264697472736  0.43642982509964123  0.44442240964384688
  0.45220574706778621  0.45996841174005920  0.46637661004523873  0.47248901413021177
  0.47857081866670825  0.48458903913736268  0.49066964170526256  0.49653054036280986
  0.50213347589133561  0.50751516583334877  0.51260980130315892  0.51750008753317567
  0.52241676436961337  0.52734582494104298  0.53231868551069961  0.53727385793990057
  0.54202969716840477  0.54645808711226096  0.55067799329677170  0.55497391297693921
  0.55922878553389355  0.56345757540605246  0.56761128670693761  0.57172428754320015
  0.57574913848905740  0.57974227928324029  0.58387465014406592  0.58833051392578473
  0.59283927220954735  0.59708328270301347  0.60113456652621156  0.60532730971099358
  0.60974610376146221  0.61426110802642442  0.61879622861676253  0.62332373137345309
  0.62774921460334632  0.63204109895926575  0.63642099348504166  0.64075324709121950
  0.64506736125047848  0.64938221190122880  0.65360543933433268  0.65814279461646330
  0.66287182696194902  0.66777992452163570  0.67267720267955722  0.67750813849321567
  0.68224538268125223  0.68697316396861141  0.69186756573878005  0.69692455431191103
  0.70200151080254025  0.70691452790616627  0.71180760372321039  0.71685142727479889
  0.72196552846217465  0.72720069946948496  0.73257282551369585  0.73818574685445637
  0.74385866941818024  0.74958369431292837  0.75541915172206031  0.76147019032054897
  0.76785409256774895  0.77457847082371822  0.78149399131607489  0.78887804055392063
  0.79701427684049875  0.80579749242182086  0.81537472637152442  0.82671572035173657
  0.84129709212071624  0.86084749730848775  0.89169132287897446  1.00000000000000000
 -0.03234470847850149  0.15850041670363726  0.20102038191966085  0.22688803425091134
  0.24587188237832014  0.26166425893157791  0.27574906954215150  0.28772186054676036
  0.29787384747955953  0.30691743398214977  0.31520174389711164  0.32276769818344420
  0.32973729925950807  0.33635408813708406  0.34288109761980989  0.34946456990541502
  0.35556752915612000  0.36135433855875493  0.36696638395306669  0.37226674910604257
  0.37746019238637002  0.38272414475103039  0.38790003521445876  0.39317349924997474
  0.39847847754053140  0.40362857798977997  0.40861897997576485  0.41350167644769736
  0.41824300243307255  0.42290106518658455  0.42753013027125619  0.43207235371237301
  0.43640817357535139  0.44072507540728584  0.44502488698550846  0.44928758842064570
  0.45348791650159842  0.45759833707546299  0.46160335968356953  0.46563207248910593
  0.46972945336002658  0.47385823837164864  0.47809059963861295  0.48231768216208876
  0.48648640548267591  0.49051099903823875  0.49456442578657278  0.49861237088381916
  0.50257310948281164  0.50630845623127496  0.51001295049201478  0.51372045480989348
  0.51740456203493701  0.52116824186873489  0.52505165526213204  0.52901172776322880
  0.53310298252686250  0.53714295066828033  0.54115116597756963  0.54513121702925826
  0.54910272013203154  0.55303126071597719  0.55689509400249848  0.56085249883155019
  0.56502049611076455  0.56933441999752243  0.57375321785141697  0.57822665655773142
  0.58280058919423272  0.58759399773968779  0.59250872179157488  0.59746331959031695
  0.60261275138570269  0.60771095556447752  0.61268031819477253  0.61760128924876267
  0.62258371389796185  0.62778436548537131  0.63323738509962546  0.63893417903290728
  0.64508729238084372  0.65187570004970541  0.65916462988015911  0.66672988686317147
  0.67458343260044573  0.68299927732109411  0.69227024154027605  0.70228662448921864
  0.71288402412581786  0.72434148541393928  0.73733500930208584  0.75296404950271956
  0.77285155126762062  0.79761573738467062  0.83891779852861259  1.00000000000000000
   2.0762839602823906E-014  -1.0000000000000000     
 T T T T T T T T T T T T T T T T T T T T T T T T T T T T T T T T T T T T T T T T T T T T T T T T T T T T T T T T T T T T T T T T F F F F F F F F F F F F F F F F F F F F F F F F F F F F F F F F F F F F F F F F F F F F F F F F F F F F F F F F F F F F F F F F
  <DiscreteSampler_grid>
  grouped_processes
  1 # 1 for a reference and 2 for a running grid.
  10 # Attribute 'min_bin_probing_points' of the grid.
  1 # Attribute 'grid_mode' of the grid. 1=='default',2=='initialization'
  0.0000000000000000 # Attribute 'small_contrib_threshold' of the grid.
  0.5000000000000000 # Attribute 'damping_power' of the grid.
 # binID   n_entries weight   weight_sqr   abs_weight
    10   10   4.214418633040038E-002   6.223304272075074E-003   4.214418633040038E-002
  </DiscreteSampler_grid>
