  0.01400998019446988  0.01476938694760278  0.01522661500780538  0.01557817872375207
  0.01588797241772584  0.01615236492860964  0.01638641416924176  0.01660862387340865
  0.01682211068769093  0.01703034715287078  0.01723499313217718  0.01743592907557708
  0.01762989318616952  0.01781340031319591  0.01798977609029005  0.01817277185851985
  0.01835409200665880  0.01853373798540738  0.01871701199044198  0.01889759409624531
  0.01906850664595680  0.01923134548299266  0.01939026858526762  0.01955001214322275
  0.01971348068082101  0.01988144605987166  0.02005359471240675  0.02022936291532110
  0.02040765762993466  0.02058500986730026  0.02076199610737015  0.02093975101625219
  0.02111520780200633  0.02128742954858166  0.02145933315193092  0.02163742890043139
  0.02182403570148576  0.02202190279492732  0.02224161645059157  0.02246445979668159
  0.02267668109804390  0.02289202917713566  0.02310376882261437  0.02331764737969030
  0.02354227195510919  0.02377537513248675  0.02401484543217114  0.02425492078971445
  0.02449215759417287  0.02473061144567883  0.02498699409827459  0.02526367424797259
  0.02555108881121719  0.02583766374000726  0.02612562773599288  0.02642235791645024
  0.02672794723092510  0.02703675505491082  0.02734089890495374  0.02764906842848023
  0.02797041485976656  0.02830695237145870  0.02865337352453509  0.02900895867846311
  0.02938076453455997  0.02978163366379230  0.03020235209946652  0.03062644182251463
  0.03105496610760040  0.03150515795410309  0.03198218980866439  0.03248546555756147
  0.03302066215072164  0.03362912102960747  0.03430042626014528  0.03498876847122093
  0.03571778452330618  0.03648025635611878  0.03726253402090202  0.03808455082612570
  0.03894108488996490  0.03983553201254544  0.04085206145544506  0.04197964186695409
  0.04337015802094271  0.04508789095929498  0.04715455279317733  0.04958194624341460
  0.05244904812545936  0.05588750580357490  0.06110195593412225  0.06904185132874557
  0.08725593991775361  0.18188412961030398  0.69559338310401464  1.00000000000000000
  0.01398762255290632  0.01467552474760510  0.01517537417630246  0.01554468260233361
  0.01585249031498091  0.01613127673657087  0.01639923954237687  0.01666250119554264
  0.01691485198056798  0.01715352660060281  0.01737698060166479  0.01758970064791188
  0.01779798599193255  0.01801500962048403  0.01823452475673770  0.01845101605852843
  0.01866102718221525  0.01886598442051408  0.01906966679945747  0.01927297677581301
  0.01947420790399114  0.01967622281700727  0.01986634037912359  0.02006467099735175
  0.02026948156566620  0.02047756088344207  0.02068616756503521  0.02089372508502987
  0.02110307236855557  0.02131960925454399  0.02154185138173534  0.02176272489019884
  0.02198111755252113  0.02220342780918138  0.02242735243626596  0.02265000694591817
  0.02287822251138501  0.02309931423093975  0.02330287468537807  0.02350516885485332
  0.02371523950740840  0.02392976384674342  0.02415031378429977  0.02438199858531278
  0.02462259005929082  0.02486994039230061  0.02511942082033478  0.02536812108934930
  0.02561508856988091  0.02585271144511892  0.02608393643576971  0.02631678848339917
  0.02655801590392256  0.02681033801247774  0.02709483128858661  0.02741245444104540
  0.02775261924318412  0.02809733972815800  0.02843669637863739  0.02877869738239268
  0.02913307344187220  0.02951205216363068  0.02991908080438837  0.03034406432843076
  0.03076400538922680  0.03117154769020682  0.03158943129058003  0.03202303718490791
  0.03248165710290928  0.03298294479510874  0.03352370467966129  0.03406238936923739
  0.03466932052610840  0.03529174336642580  0.03594796470370181  0.03664286875007414
  0.03736875031695402  0.03816807354775780  0.03908424714190035  0.04005217434982444
  0.04101771528610769  0.04200077424433667  0.04307849048329486  0.04428133820833103
  0.04554599344661232  0.04691606603879329  0.04857431564726977  0.05056570160402477
  0.05277863501715783  0.05543692351867797  0.05899704476599476  0.06383740740646673
  0.07159443942953360  0.08669871514771788  0.19598816269352870  1.00000000000000000
 -0.01122378750107392  0.04948859473677776  0.07254402132448792  0.09561696923092526
  0.11587919787120721  0.13248217075718682  0.14759268968069614  0.16355965530445543
  0.17792444770754112  0.19152899735606083  0.20501488470822277  0.21795995327204359
  0.22951954231085586  0.23967429029472342  0.24985676987012828  0.26071230660211003
  0.27121861076581144  0.28088518415694053  0.29020807648853991  0.29944210392763077
  0.30834507207696787  0.31692972646920203  0.32486701048182060  0.33232232681480184
  0.33960945221630218  0.34691900235796586  0.35416955174264536  0.36129943060281061
  0.36845236039167867  0.37546948039733880  0.38243442975168723  0.38923575165852892
  0.39597857101204326  0.40262550175507494  0.40935457940195402  0.41595157914448555
  0.42234238374431243  0.42857988347094217  0.43466879788075613  0.44052609766343154
  0.44608553700591691  0.45140064482177161  0.45674380825623512  0.46228446343601426
  0.46789470531408039  0.47338623871447932  0.47866053424061816  0.48362308272383320
  0.48869010221981596  0.49464883216560146  0.50092680800746325  0.50691533447241544
  0.51262225657132421  0.51841039660338506  0.52424812815807975  0.53023544094353514
  0.53639138678947329  0.54279327826953694  0.54880138373961040  0.55514217884614436
  0.56176544982045862  0.56863882043323244  0.57570346577061049  0.58277495128525791
  0.58974974380184153  0.59653303541277691  0.60288204650199717  0.60873208445237137
  0.61467133140683350  0.62107578477572312  0.62769785948108636  0.63450610422091924
  0.64132043850370346  0.64796972415636755  0.65445503595504251  0.66135722862895707
  0.66931928734910429  0.67749891631435599  0.68605944259369378  0.69554012519196073
  0.70554281656695683  0.71546705528407062  0.72531265166473013  0.73550064651256497
  0.74635230488960147  0.75799461859268868  0.77037209300540921  0.78365411010416886
  0.79759879666566191  0.81220500630525205  0.82996735416893486  0.84898953902421215
  0.87145519104256475  0.89752436981085815  0.93244314808281559  1.00000000000000000
 -0.00212534452622808  0.00871338328042389  0.01780304519729876  0.02727074020083140
  0.03684035145352369  0.04649294476783255  0.05568118419921475  0.06526408719402894
  0.07558405044828277  0.08606940187416291  0.09617620751089782  0.10599825050450114
  0.11558403257490228  0.12550552969595982  0.13570594815194265  0.14610818211071197
  0.15717245997730153  0.16860832114146815  0.17954298648236056  0.18962032139783822
  0.19949504524817263  0.20947747506397174  0.22019700176563831  0.23147165500473499
  0.24250659396660451  0.25318582984753607  0.26367712409101679  0.27414908408263872
  0.28450006348625306  0.29487358991282525  0.30565080462590738  0.31612984745885414
  0.32579537560083560  0.33537106117865884  0.34512308508520595  0.35501150062601039
  0.36462824107333708  0.37379724522857588  0.38280412935986274  0.39158613661966790
  0.40071521682270544  0.40959664703342225  0.41896785218587318  0.42970109513588456
  0.44088899614867227  0.45188671336456271  0.46251590248702590  0.47274560173855285
  0.48253666815581897  0.49206449401546837  0.50231342945479152  0.51213825991684192
  0.52380308897654615  0.53614851946654041  0.54785987518112922  0.55895888535582161
  0.56987739581989127  0.58071318332054467  0.59143490132826937  0.60243953207839662
  0.61365509577432409  0.62488533126726453  0.63565549478021810  0.64601971432239824
  0.65638311142424022  0.66709329551635843  0.67794319463606589  0.68851438874813076
  0.69906300105049812  0.70961810293173688  0.72035971043884117  0.73121671418256762
  0.74207343047498175  0.75326171835929123  0.76477432397352085  0.77630946512537002
  0.78774019958366315  0.79945444713750213  0.81126813795745800  0.82313728483942772
  0.83491887161414979  0.84642970983930543  0.85750436935725716  0.86815263770385553
  0.87871085622152800  0.88928245294454233  0.89995174257530719  0.91083489703997988
  0.92178389784766113  0.93280046339482781  0.94405998342166475  0.95544303410229559
  0.96647977119206652  0.97730636374328161  0.98912504513158772  1.00000000000000000
 -0.00929601119038896  0.04407158495208650  0.08062796102249337  0.11001775165277738
  0.13459791961590206  0.15602459539581115  0.17514396133685575  0.19306775422053812
  0.20917877137056645  0.22324652796561895  0.23468090080959539  0.24539249978097760
  0.25581827733606732  0.26586597693890834  0.27548806445939455  0.28449656363505649
  0.29312081031616050  0.30154097974724242  0.30986593076244878  0.31816109876283921
  0.32629805677755030  0.33423288693638004  0.34228706703856693  0.35046910168323919
  0.35837736519317276  0.36611318630414835  0.37321877989797048  0.37976544578328841
  0.38599710294442935  0.39264601667393889  0.39899619124934954  0.40540108122484997
  0.41158389618917735  0.41777170525244367  0.42363082999543950  0.42956619540051028
  0.43540432327212003  0.44127968345659113  0.44705684080408703  0.45279685008407977
  0.45864748827760277  0.46456127991959706  0.47039066932709911  0.47621704502619427
  0.48197394567525270  0.48792276241844595  0.49401869724814007  0.49997045700991549
  0.50586636961023068  0.51194176306460526  0.51787029904423232  0.52384458850551685
  0.52989713922034110  0.53618279995835760  0.54260605584043398  0.54907332770846795
  0.55542250287395500  0.56157447962661822  0.56781821815358813  0.57443266298741280
  0.58113442454180986  0.58722845464822448  0.59256144803145483  0.59812614481455961
  0.60409233352433578  0.61023073687868135  0.61657993336647809  0.62292093118794123
  0.62938285269864003  0.63593861388485684  0.64227765410243143  0.64883108239354692
  0.65608385660658142  0.66388756631961310  0.67212038246887318  0.68072871264998369
  0.68957292373166013  0.69862949519440065  0.70787062508185850  0.71709629692126797
  0.72681708316841565  0.73693412661588475  0.74609946342493549  0.75455965119641266
  0.76388642967572407  0.77496500399729318  0.78716372074809604  0.80016755871189682
  0.81435674174228723  0.83011435907651587  0.84734056348399867  0.86585765259775660
  0.88663580406932674  0.91210130306781712  0.94839172611306899  1.00000000000000000
 -0.00222035997833030  0.00900261298074125  0.01873682220217044  0.02888884730039235
  0.03901186991950582  0.04958196883957215  0.06084534815023296  0.07200836926431356
  0.08238444744483196  0.09273960223696710  0.10284394020938152  0.11346222802710612
  0.12419876580253723  0.13537167600320982  0.14705842804037686  0.15721558543095959
  0.16796003571896129  0.17826315132427961  0.18974334540429080  0.20042414539774814
  0.21083820992511637  0.22184058132448470  0.23291694050406886  0.24451388110995292
  0.25601035486929374  0.26728881406780741  0.27895379347896770  0.29054317208093117
  0.30137577072088817  0.31193816429238991  0.32286427158460912  0.33416535539347508
  0.34588961919097999  0.35740821233768516  0.36846173784783970  0.37923034212849172
  0.38963607851093629  0.40006314709444529  0.41078577883577855  0.42109051172558121
  0.43100671139039837  0.44079995837639568  0.45051781071194730  0.46062160315952039
  0.47093329148504265  0.48175490709336544  0.49270526934176651  0.50363958544450604
  0.51446350078213754  0.52516983603406842  0.53599122031674717  0.54646152212639898
  0.55655817867097446  0.56628057841130153  0.57594771472977235  0.58648653317604937
  0.59799299670077155  0.60903507338156815  0.61911223385874181  0.62926015161848814
  0.63965865878127359  0.64989118514656641  0.65988135842649376  0.66977709756527404
  0.67971099064962714  0.68966488641057688  0.69993680792916280  0.70990112797178639
  0.71905571418733905  0.72818805859250646  0.73749882321100746  0.74672164636682814
  0.75511538071654760  0.76348395481637021  0.77273765777717229  0.78339718021447613
  0.79424721589832903  0.80480516066526198  0.81510724470473650  0.82535214563811954
  0.83565578864442658  0.84651120121875256  0.85801013276681060  0.86944357891283608
  0.88027552691194222  0.89098648809050107  0.90117311224797503  0.91175206203785153
  0.92206430383152760  0.93339248371816796  0.94517696667100404  0.95714389363203922
  0.96895396153788327  0.97946448723676305  0.98980063269019236  1.00000000000000000
 -0.03640516604012764  0.16342907296708942  0.21832119244548537  0.24646096950110832
  0.26552099943089247  0.28101489545909730  0.29398998388833297  0.30535995867796611
  0.31487118488748045  0.32330339499785643  0.33104201523227095  0.33833971768753018
  0.34531125391861023  0.35219431098581200  0.35891627619630145  0.36526165903541508
  0.37132508104810963  0.37706878086994922  0.38262020489778581  0.38807061995363407
  0.39336540516677077  0.39845862440745644  0.40343871036462442  0.40829919232906198
  0.41301471331437289  0.41757782823508838  0.42196976767750849  0.42620749194426899
  0.43032949876188631  0.43438638328956808  0.43848183902821580  0.44261592801891514
  0.44673734023688305  0.45083947749257630  0.45487231782093651  0.45860785876387772
  0.46234755377983233  0.46587806234093815  0.46938815191580224  0.47295542216197040
  0.47652510125671066  0.48009891397771259  0.48365111841407127  0.48716982072562132
  0.49074563820506534  0.49435938668985513  0.49798112247018961  0.50158693333582360
  0.50519052472111303  0.50880879390180478  0.51239241494746934  0.51592351941518522
  0.51939546948269244  0.52281731309494139  0.52624981192862630  0.52964784502715623
  0.53323050337562072  0.53689070600393363  0.54055082494115148  0.54414527910804267
  0.54764281089317723  0.55126285743886172  0.55495117298479757  0.55871967689107171
  0.56237936419239065  0.56613422653887313  0.57021332520523860  0.57436398332779581
  0.57856822375780825  0.58297113356603947  0.58747072125642941  0.59210761941071133
  0.59695392192750285  0.60194359236441408  0.60654847681835611  0.61088887736719499
  0.61522567297791164  0.61988838635682542  0.62465285530682935  0.62943105238104058
  0.63444290022626559  0.63955425760589202  0.64491676660403341  0.65085842677008920
  0.65740455539891551  0.66437318561764180  0.67237181565983639  0.68167946305479632
  0.69099550146294575  0.70079729031769489  0.71230085475529825  0.72715045217979224
  0.74756634678078704  0.77732209997731816  0.83772631186793500  1.00000000000000000
 -0.00229136109199823  0.00931241451799341  0.02052320331644730  0.03117425082587640
  0.04217297671285254  0.05286198325561316  0.06402957513981798  0.07421722833208645
  0.08411095479599472  0.09437246265057775  0.10394140510636196  0.11462821668941887
  0.12482247946773498  0.13572455977473849  0.14702244203559586  0.15766799526557712
  0.16829762746211799  0.17906911590409894  0.19028926877889982  0.20178017099511955
  0.21275677156923634  0.22280988990058495  0.23210877791059975  0.24108065265414172
  0.25072384034778616  0.26102699505088545  0.27174777803717920  0.28247727220184499
  0.29352825062053511  0.30486259534516574  0.31586287715303651  0.32623615029419012
  0.33687302364392624  0.34803152407720772  0.35757687878220190  0.36634779282326457
  0.37552197041722352  0.38477887642847725  0.39386802241204738  0.40259258100489825
  0.41093231545238129  0.42022831607009814  0.43133000623343837  0.44243820169747167
  0.45297886045698371  0.46374069909241683  0.47481642757442810  0.48595814158985701
  0.49649050799305744  0.50621236864276331  0.51574597798733568  0.52509763195263981
  0.53525324577653166  0.54639081554808266  0.55703532266274269  0.56778565676574422
  0.57935130854152672  0.59111312265047766  0.60307208072703733  0.61470066962638947
  0.62576674193700965  0.63632566730056972  0.64663455926880531  0.65654561105868259
  0.66644496168766953  0.67699741425513449  0.68780171771136589  0.69870434497058154
  0.70956392879406105  0.71993324062897834  0.73017249980350363  0.74066892228695069
  0.75181555939423683  0.76374609276658645  0.77601830474273792  0.78802528728117327
  0.79974181418455870  0.81118928276422342  0.82282980751607504  0.83467448174702974
  0.84485339163206996  0.85488187036222030  0.86515355757859680  0.87583356570677096
  0.88648753283209414  0.89716936965576266  0.90785156913661880  0.91897419323705443
  0.92989001558128614  0.94043699517716695  0.95067485935070817  0.96083561138598572
  0.97091496912188124  0.98063436214562916  0.99031266766790693  1.00000000000000000
  0.04330022865993212  0.36375925527234504  0.43093876083023192  0.46213343826320269
  0.48786750087787600  0.50892394916241224  0.52559751224055351  0.53929634336640142
  0.54966407595024225  0.55964208841587038  0.56886181423077853  0.57699753882173055
  0.58456990547540588  0.59168271239498182  0.59840328320616765  0.60485403835313911
  0.61115565213572320  0.61692169036962319  0.62217985675841370  0.62724372485725000
  0.63227990453463156  0.63707835118380574  0.64179649658402793  0.64624580772569318
  0.65047306522133652  0.65450722228388136  0.65833394347926977  0.66212589478810380
  0.66605174500201636  0.67003776983437724  0.67395224335689008  0.67778344143228031
  0.68147559116097300  0.68508967039060908  0.68857038976916751  0.69187595916911815
  0.69511561049765502  0.69838802179716641  0.70170533962764148  0.70503636012018922
  0.70833863823282317  0.71157152931462497  0.71469506152325557  0.71765263908123422
  0.72042069796537278  0.72323804596149166  0.72615658321442178  0.72888983240592975
  0.73151700111417584  0.73412826571292089  0.73673823566129415  0.73936084806755076
  0.74190113675958502  0.74427758305568814  0.74649925503644532  0.74875937177718899
  0.75103223577878941  0.75335452148193138  0.75572586312291357  0.75811744221570521
  0.76048861979926152  0.76290593219620007  0.76535708481294229  0.76784792547400527
  0.77034147518500218  0.77280474807663058  0.77526512683973281  0.77773081543777012
  0.78022865122781548  0.78275528550890416  0.78537587855156155  0.78801059649831207
  0.79066539881034403  0.79333024538710517  0.79602370139612089  0.79876980140124243
  0.80169962747067636  0.80478965795942836  0.80780253896372867  0.81070833724858338
  0.81369015728315153  0.81686022839399119  0.82030185475309003  0.82387804621577809
  0.82750165620491312  0.83118205482754504  0.83508209129750421  0.83928956583362535
  0.84376663801608232  0.84849346610092646  0.85376322071277633  0.86046743201804798
  0.86895569674076745  0.87956069673987269  0.90022989238624462  1.00000000000000000
 -0.04187545293782075  0.17720932875817430  0.21962533399488904  0.24202335101808031
  0.25916244725878107  0.27405646178810755  0.28632446600487094  0.29688310394889134
  0.30640721924564079  0.31484892129670072  0.32249040648970878  0.32986203493883381
  0.33672999985460300  0.34335071716134608  0.34949869393507499  0.35538038729372029
  0.36079395547588367  0.36618794451840259  0.37158508422139525  0.37702015328287464
  0.38248750224628453  0.38763483603277676  0.39245954980615011  0.39741371285121241
  0.40270115257115507  0.40832145878329851  0.41367147833257201  0.41864950670298989
  0.42338231203316118  0.42782559496088562  0.43202522350682643  0.43614280547309092
  0.44020591860962005  0.44410103098326403  0.44796696314747964  0.45201993295129256
  0.45608074736886467  0.45980377168347564  0.46318320140744307  0.46655072436383932
  0.47004053731604029  0.47349930286084868  0.47687002238515908  0.48024219229474346
  0.48365773310180760  0.48701721498250072  0.49030827439766167  0.49355499782587198
  0.49682593351851212  0.50016314684206087  0.50356143691039090  0.50695733556620826
  0.51033580159962089  0.51375100811151386  0.51706136925839186  0.52058578831395630
  0.52464747055969552  0.52880416788917051  0.53294884686759969  0.53697278171994522
  0.54097914965454807  0.54503030605618985  0.54918859592392477  0.55350818916063893
  0.55794769894838070  0.56248388653313697  0.56701472203032066  0.57152468019075819
  0.57594567899123161  0.58056354988855119  0.58537171421690293  0.59039919523321605
  0.59555355670191246  0.60092649146506483  0.60645552403989444  0.61198437229638980
  0.61748917134575687  0.62299130780117640  0.62870358085081990  0.63484880219333650
  0.64134596885336770  0.64811638618676559  0.65521438836306334  0.66262120151143389
  0.67037648597167598  0.67851165545259651  0.68703181007378999  0.69597424043925715
  0.70560544508643908  0.71596494263744759  0.72721192265142909  0.74040886948745854
  0.75804765195359824  0.78273310533766594  0.82491200098768702  1.00000000000000000
   7.3684848574602774E-016  -1.0000000000000000     
 T T T T T T T T T T T T T T T T T T T T T T T T T T T T T T T T T T T T T T T T T T T T T T T T T T T T T T T T T T T T T T T T F F F F F F F F F F F F F F F F F F F F F F F F F F F F F F F F F F F F F F F F F F F F F F F F F F F F F F F F F F F F F F F F
  <DiscreteSampler_grid>
  grouped_processes
  1 # 1 for a reference and 2 for a running grid.
  10 # Attribute 'min_bin_probing_points' of the grid.
  1 # Attribute 'grid_mode' of the grid. 1=='default',2=='initialization'
  0.0000000000000000 # Attribute 'small_contrib_threshold' of the grid.
  0.5000000000000000 # Attribute 'damping_power' of the grid.
 # binID   n_entries weight   weight_sqr   abs_weight
    10   10   9.853721333806173E-004   5.281753849709284E-006   9.853721333806173E-004
    16   10   9.853721333806175E-004   5.281753849709287E-006   9.853721333806175E-004
  </DiscreteSampler_grid>
