  0.00016882409679620  0.00032225211894474  0.00038027575030183  0.00043024627236192
  0.00048092761561163  0.00052687983394010  0.00056855170322901  0.00060969149509968
  0.00065274762936250  0.00069672177215559  0.00074282333833718  0.00079093895632246
  0.00084040602385463  0.00089033657282560  0.00094013859329962  0.00099069961486221
  0.00104266151800389  0.00109541464617893  0.00114825212690895  0.00120196715986025
  0.00125424569365511  0.00130872235968702  0.00136433592740967  0.00141831967657343
  0.00147211323125273  0.00152582683470455  0.00158048140574271  0.00163574067811150
  0.00169468963136346  0.00175547716912972  0.00181820244023007  0.00188232678057850
  0.00194820467660405  0.00201500254099458  0.00208540272950537  0.00215621585149227
  0.00222898792832498  0.00230329643899234  0.00237854392739585  0.00245450689689695
  0.00253141099721057  0.00261075965787080  0.00269298795685945  0.00278022056027849
  0.00287329441416948  0.00297117255494534  0.00307375064512990  0.00318109638769899
  0.00329204581390074  0.00340639490105873  0.00352770365954024  0.00364778486678690
  0.00377154360226923  0.00390107484343812  0.00403663545857359  0.00417984639344779
  0.00432554093108682  0.00447462165040171  0.00462659403985827  0.00478387195395565
  0.00494408360585337  0.00511467151686984  0.00529336273389854  0.00548987395096127
  0.00569968534166207  0.00592172186116737  0.00615616443714018  0.00639932510612223
  0.00665271755610637  0.00692016745104257  0.00720342689003105  0.00750151350633953
  0.00781716464073910  0.00815165436847205  0.00851096630857076  0.00889777247914030
  0.00933575381777246  0.00981862325944052  0.01032713128965029  0.01086432544838803
  0.01146754374758173  0.01214631188158452  0.01290337400049865  0.01380518034905375
  0.01489010104654033  0.01618197479108605  0.01766983680048032  0.01939351217068069
  0.02139494214043495  0.02391456432578182  0.02743723240339678  0.03244219425407889
  0.03930754190860850  0.05046882785975523  0.58956820357471118  1.00000000000000000
  0.00299731781094257  0.00371909742308247  0.00428596667873496  0.00485510012082115
  0.00542802557455464  0.00596697823866195  0.00647203109490012  0.00683648726639521
  0.00719337862384883  0.00753069751346731  0.00788180158349176  0.00824380996239776
  0.00861072770719463  0.00897250778464773  0.00934320094818663  0.00971537892651414
  0.01007851762584882  0.01045725530803111  0.01085858776957935  0.01128679367725551
  0.01175228572503286  0.01223362848738005  0.01272319996276621  0.01322497413353146
  0.01373667036337916  0.01425470767886029  0.01476921015220663  0.01528801840214865
  0.01588113097469098  0.01652394980432265  0.01722906158407116  0.01793983406572239
  0.01868742033263224  0.01949741644849669  0.02031320057292710  0.02111176627923287
  0.02192419259890520  0.02273080038193611  0.02356459242775319  0.02442778611573235
  0.02531768530361293  0.02623255026988826  0.02719424481602220  0.02816962983291828
  0.02914385487434530  0.03011060415710273  0.03108024641454332  0.03205948367687785
  0.03305769572402781  0.03407935709852230  0.03515238690224531  0.03627357312105755
  0.03742774838144962  0.03860640342742548  0.03980775756443088  0.04104865700099935
  0.04234101993075289  0.04370101751875503  0.04508695219435727  0.04646094323887569
  0.04782923186454373  0.04926712120533568  0.05066469543651131  0.05211640131611964
  0.05355831019493970  0.05505551568253982  0.05665988695794284  0.05836282266362298
  0.06027759498469490  0.06224480032411971  0.06406782802439855  0.06583601385105542
  0.06759440806890711  0.06934064079468731  0.07118711517314259  0.07330399462878599
  0.07558209116465239  0.07792749253518005  0.08047188924033330  0.08320073489609069
  0.08603542217171882  0.08938735984082292  0.09299902245527372  0.09670975468221345
  0.10028014897169463  0.10352641169931558  0.10735275336093986  0.11132962719234009
  0.11630302076465616  0.12185911758478729  0.12593052736057397  0.13000193713636066
  0.25104676121588937  0.39341700606672819  0.55197548782725814  1.00000000000000000
  0.00020377935869326  0.00027361000475750  0.00033081316704062  0.00036550591606691
  0.00037692729722689  0.00039375815784913  0.00042122782314101  0.00045012049534855
  0.00048035821280202  0.00051263608859016  0.00054570484642768  0.00057618221773857
  0.00060934488192004  0.00063839052560548  0.00067048272398470  0.00070260918534021
  0.00073729805473188  0.00077385381502637  0.00081331487506909  0.00085527007289182
  0.00089859406704826  0.00094495465246113  0.00099388465579321  0.00104340307729234
  0.00109479126567852  0.00114829636905999  0.00120351767355195  0.00125935032917131
  0.00131664834978098  0.00137644558087266  0.00143661118288535  0.00149819288142666
  0.00156221467072734  0.00162974682531814  0.00170074217169311  0.00177360770812185
  0.00184978676360567  0.00192868253669370  0.00201002519863483  0.00209447443544404
  0.00218206756439395  0.00227361156396736  0.00236768993080471  0.00246405425140370
  0.00256234124957211  0.00266236982904513  0.00277392394068287  0.00288540326558884
  0.00300214952839728  0.00312387644572500  0.00325034196225735  0.00339182384015237
  0.00354573014172792  0.00371015922604438  0.00388046364020433  0.00405245895999831
  0.00422516575753538  0.00440398716280762  0.00459364450203788  0.00479488558944751
  0.00501205576125894  0.00524270682020315  0.00548544210384923  0.00574389197285037
  0.00602367948598115  0.00632796730351402  0.00664875606561242  0.00696931760460274
  0.00729075043229981  0.00764151779312305  0.00803196900709592  0.00847024180402636
  0.00895595022627473  0.00948026695978849  0.01004720861431174  0.01064967839719656
  0.01128495259508509  0.01196503822630108  0.01269476868531798  0.01350490769419915
  0.01443831301343194  0.01548707903050222  0.01667213748385566  0.01801458793169996
  0.01953613542733315  0.02129035215028481  0.02331580432689870  0.02572041421579970
  0.02857544838423888  0.03199748908867645  0.03600154508325917  0.04131606683254228
  0.04765041742024078  0.05544820472486732  0.52625744695207244  1.00000000000000000
 -0.00213582083079388  0.00899858092466241  0.01846031397335485  0.02789635976077122
  0.03776919394626875  0.04799230378466351  0.05861761113462172  0.06901454239535867
  0.07931026823452489  0.08970710129775668  0.10055875320073643  0.11135644661836649
  0.12206901208328109  0.13213397077101438  0.14214335459123745  0.15232582503869455
  0.16255938680595067  0.17293396247638954  0.18345721650199415  0.19398253954014202
  0.20455603118784133  0.21440062154473233  0.22431881963978037  0.23452123290088239
  0.24532685347352576  0.25638951466043020  0.26720285688259099  0.27807304297133162
  0.28882571292750392  0.29983617603788221  0.31123896769827253  0.32281229640854375
  0.33405617234914237  0.34500438067052225  0.35593479054845922  0.36667106374966996
  0.37704151938452624  0.38719595441984606  0.39739259088107831  0.40814506452681470
  0.41892640122981517  0.42939641843534299  0.43982678776093792  0.45039638753755334
  0.46108556530471945  0.47157502244125787  0.48200101041749521  0.49251108306794578
  0.50298630695555968  0.51349144218954723  0.52393107145661932  0.53461598887934758
  0.54555139140725484  0.55713247637160379  0.56873235889269935  0.58008640571754067
  0.59149095189885670  0.60263148143712897  0.61275954745640704  0.62257776767357076
  0.63219583838741944  0.64235270227027297  0.65182792048893878  0.66080152300387207
  0.67004495643211637  0.67958522642910291  0.68953198642664315  0.69954715130450773
  0.70923103625484296  0.71917840871108707  0.72959410456697371  0.74006213317481018
  0.75061630519699740  0.76137990530418187  0.77254295747617774  0.78377146940711551
  0.79483987335904216  0.80589378664448030  0.81658057479768509  0.82718813102924227
  0.83806763190870015  0.84906679891304981  0.85972507719119662  0.86993032128964565
  0.88024670502721247  0.89090257147410989  0.90189495051714219  0.91288647251473432
  0.92414573066074168  0.93594224221321676  0.94764373322394879  0.95864239882273772
  0.96907302806440265  0.97964468184734277  0.98984965879941811  1.00000000000000000
  0.05820955411122340  0.06191802230004585  0.06475883788189586  0.06756324058130839
  0.06984770172123060  0.07187547741740727  0.07374718513546520  0.07549789990224584
  0.07713262477447756  0.07869825962073071  0.08020459827973787  0.08167098107151514
  0.08308907183077618  0.08443445016018192  0.08574395300866700  0.08704238400665447
  0.08833935060506233  0.08963823533648323  0.09090165227772604  0.09214611274127904
  0.09337867606141408  0.09462050093704442  0.09587427982265465  0.09715576340349152
  0.09841400638078390  0.09964197207841453  0.10084942827708886  0.10205074085670206
  0.10324137358300278  0.10444136116567232  0.10570209264937154  0.10698628287511096
  0.10832055295735676  0.10963000952073233  0.11090987914753252  0.11216128012418025
  0.11341138098557997  0.11467886194911105  0.11595364440808513  0.11725685254720085
  0.11860102655937971  0.11998980261441401  0.12137411793477433  0.12270537549610548
  0.12399932956058174  0.12532788866490946  0.12673817971932319  0.12823397209964474
  0.12979344274393112  0.13135870170825475  0.13291022172284359  0.13451176114340785
  0.13618877593843895  0.13788810449969968  0.13957549334486158  0.14124776590577015
  0.14296501932369682  0.14483213909929801  0.14693353777183280  0.14915808518346074
  0.15136982037056546  0.15356991142594728  0.15583545810418628  0.15811179011162682
  0.16025640093817248  0.16243142195399099  0.16461896600889783  0.16690672064638112
  0.16941177452870962  0.17211878442443784  0.17515497767180199  0.17840264382132265
  0.18156923693547092  0.18460254105123014  0.18772855604956684  0.19097728139234288
  0.19472345700702090  0.19866395321471686  0.20265592453981171  0.20711740178635762
  0.21201541560352952  0.21766427078671671  0.22352923070673883  0.22958295272999660
  0.23580283904252664  0.24205332053152831  0.24884021517074242  0.25893584086851418
  0.27418804844571498  0.29826650751018541  0.32918996563996372  0.35513805054601105
  0.46735856988430163  0.68711160619187150  0.90686464249942500  1.00000000000000000
 -0.00214779883677433  0.00827005928512420  0.01763377742107453  0.02779222849096354
  0.03820631637462573  0.04813812869901452  0.05779865342999559  0.06763173171219375
  0.07800055544654691  0.08844103511467037  0.09858198856250634  0.10858629311247962
  0.11832688303562855  0.12785766404950957  0.13710092350083422  0.14659925353422637
  0.15659741021251380  0.16710624485803285  0.17757775529277836  0.18775320552714950
  0.19816516841961501  0.20862522093135413  0.21882186579948087  0.22885023772866797
  0.23894450439918680  0.24927107814603300  0.25985463486863214  0.27097655633183060
  0.28261839733559324  0.29403621806159613  0.30511953064080716  0.31573248692841099
  0.32620519972561107  0.33687829935154656  0.34757504526087452  0.35835862054155448
  0.36919882986540775  0.38069160099871124  0.39226363587064705  0.40329300172195043
  0.41366764270225975  0.42413465237943021  0.43465105026526063  0.44558583034046567
  0.45643021202151873  0.46823050248888548  0.48023155779391313  0.49135934040927698
  0.50206418241251161  0.51249060398989044  0.52379280887079216  0.53483080312416786
  0.54555241593057380  0.55650557332707185  0.56808742031390602  0.57978529668537060
  0.59114861871874214  0.60232022069223679  0.61331571300142229  0.62384758043652222
  0.63411832963884240  0.64447885959509765  0.65503299781078617  0.66565992218519543
  0.67611431768524866  0.68666382589453634  0.69734068722180376  0.70822029478296755
  0.71925270948192666  0.73023018164916575  0.74108498588526528  0.75185608551926930
  0.76262391998913459  0.77327461165185174  0.78309458602280591  0.79235234659342990
  0.80168572291659768  0.81166532884753428  0.82196757304275181  0.83231554934516672
  0.84289821365865780  0.85366045284992675  0.86433434322804414  0.87490646795511806
  0.88542029894333341  0.89591812632355461  0.90657238843377386  0.91734645588344221
  0.92811532486804971  0.93868775234647506  0.94897796733814321  0.95909545799231766
  0.96927870737511634  0.97950387885009205  0.98982454585637403  1.00000000000000000
  0.01459912617136719  0.01496739350026217  0.01526560091306460  0.01550808317627246
  0.01572987309416312  0.01595360735882020  0.01618924052329362  0.01644235955442444
  0.01670764096830251  0.01698363579996007  0.01726817061172709  0.01756599523446058
  0.01787015573628926  0.01816339998525163  0.01845267974656191  0.01874492812873384
  0.01904132051323550  0.01934284616080588  0.01964702672321080  0.01995607273530720
  0.02027049180062152  0.02058525861746724  0.02092106170431455  0.02134422552114502
  0.02183829229586573  0.02231852751339247  0.02280674689861880  0.02331173995841829
  0.02382837065623046  0.02436307153350684  0.02491832358859827  0.02549850816399296
  0.02609440702140773  0.02669790577907222  0.02730593338062608  0.02791593890180443
  0.02853365298262064  0.02917127876674217  0.02982160168208869  0.03048312153810412
  0.03114993541387463  0.03183096381767458  0.03252100958136433  0.03322125636918436
  0.03395358232667648  0.03474015403311809  0.03558460592437319  0.03640231323507299
  0.03722808007252528  0.03806840084472192  0.03893657689686032  0.03981990572182100
  0.04072330121893220  0.04164367192852410  0.04261862305798132  0.04363416373862879
  0.04466353274110270  0.04574771990584452  0.04690010709362967  0.04809021368423010
  0.04934079334037592  0.05058963039646319  0.05178250152695775  0.05295404409767994
  0.05414929426642382  0.05538634975755582  0.05672043298372921  0.05812498769112225
  0.05947850609807207  0.06086980846318706  0.06235490097584352  0.06399243460302320
  0.06594205489572469  0.06806910253373707  0.07018783957549229  0.07222176322876714
  0.07413940554233391  0.07597359058360757  0.07785941922770388  0.07962173952663924
  0.08110359903274095  0.08259726738635693  0.08437433684849928  0.08646966307889960
  0.08944362309905203  0.09322519364369464  0.09676013756967763  0.09982972111205880
  0.10235825040863553  0.10535529451032175  0.10790580607055615  0.11050556426241816
  0.11381570168226951  0.11685518380338784  0.59237080892099092  1.00000000000000000
 -0.00201783160065829  0.00698497347403921  0.01613512654227197  0.02540310911864857
  0.03491096514295553  0.04431607048518559  0.05347883974474957  0.06252837521600493
  0.07158268136367547  0.08073012760346936  0.08993143893472304  0.09897065796995518
  0.10783511871876159  0.11669034664984941  0.12557819878732332  0.13472812912527185
  0.14401507354928061  0.15379532424324863  0.16410340770345208  0.17418872416388806
  0.18420940862367732  0.19375421409200572  0.20368832933198552  0.21374078074300748
  0.22391398432863605  0.23411649142373989  0.24441892553277483  0.25480865743378289
  0.26520948628905960  0.27548578971975696  0.28563757143498647  0.29595408104111359
  0.30694958268717126  0.31841689853171889  0.33075243113790886  0.34247206854226764
  0.35458765009184673  0.36651423745650635  0.37860200558292095  0.39034612457314749
  0.40200239094903761  0.41383832063469778  0.42572922740078512  0.43767898565641206
  0.44946521448765087  0.46140390648395574  0.47361158267563142  0.48620606857258702
  0.49916005205010966  0.51164314707028147  0.52364558336670874  0.53532911952362705
  0.54657161219263606  0.55755595257934021  0.56917555702526734  0.58107009610252491
  0.59265092566048683  0.60423380152510797  0.61640443004587686  0.62814347101396295
  0.63908306581634466  0.64991425370766198  0.66077339706216487  0.67184491750670705
  0.68328692055180240  0.69548256944632836  0.70781409133260575  0.71945963932474055
  0.73041256414234890  0.74076769418680977  0.75098902354802866  0.76104811950968443
  0.77099803591634042  0.78106562032298554  0.79118041054031207  0.80126433175889633
  0.81133592049405123  0.82171884686163776  0.83253498783558511  0.84341669716828227
  0.85424128362887242  0.86516505297803703  0.87596939593634671  0.88634384855201498
  0.89645695138089199  0.90613768072421574  0.91560585931729732  0.92477835234634231
  0.93433644280924655  0.94414717001000825  0.95377864543102198  0.96310004486379941
  0.97204356433651418  0.98104224034126208  0.99046253734353673  1.00000000000000000
  0.07763012453319565  0.13729751998616238  0.15825236254600497  0.16520832361124121
  0.17193900848706295  0.17625747951132889  0.18549105008440206  0.19547348541468199
  0.20522465640402224  0.21377198631873845  0.22128351119152961  0.22839581311714915
  0.23566366765858504  0.24306501988422086  0.25036634976649363  0.25726849886345721
  0.26387657435504780  0.27027801571602927  0.27656363571957554  0.28275757802977625
  0.28892034480325046  0.29505868538246038  0.30107059666618119  0.30685011243484100
  0.31251679047871256  0.31832213884658145  0.32419720349096598  0.33000852056244673
  0.33579106801730740  0.34133129968743314  0.34682094714510142  0.35215402077020108
  0.35734682750173147  0.36256024803395515  0.36782235504137967  0.37310697308376750
  0.37828334043864992  0.38352662888144562  0.38863337780614138  0.39379358389114116
  0.39895023394915063  0.40404483563822163  0.40904694024276300  0.41405562880794661
  0.41897254163580910  0.42394158081092076  0.42902321743017285  0.43411340008665611
  0.43916873409446083  0.44420855409103693  0.44923021978338246  0.45423957245861984
  0.45931909188515285  0.46441786994524392  0.46964783659425829  0.47485207866749030
  0.48008439038134015  0.48522555682168439  0.49029697953945051  0.49530250221585731
  0.50038513163897558  0.50571563250790819  0.51115841278229468  0.51642725316610116
  0.52182167498735432  0.52724291443830851  0.53280635738632387  0.53834733265341372
  0.54390325096320458  0.54973201298644336  0.55570197280756484  0.56186439576228830
  0.56811855965713276  0.57425854761795636  0.58043611717509869  0.58691302919927535
  0.59372799235190854  0.60082629961931888  0.60806591508992447  0.61542349460267121
  0.62295332791965263  0.63094965006690373  0.63950944909810492  0.64847656669861287
  0.65794502772272845  0.66802871374108064  0.67869867478377666  0.68993334935392214
  0.70108389238470925  0.71342046616144783  0.72732060158473377  0.74395177119145717
  0.76393649679821840  0.78962204912822687  0.83182013827048196  1.00000000000000000
 -0.03216147724968612  0.15946637675938741  0.20344430333816235  0.22961193024849227
  0.24831461664506230  0.26395520724141008  0.27689337942603104  0.28803398425195881
  0.29804750985910072  0.30702718124980327  0.31514240537447852  0.32274455595152141
  0.33009871252550244  0.33724680326076839  0.34424129363402772  0.35116984701090881
  0.35762417610888059  0.36355678967456551  0.36923685721313620  0.37480898758611741
  0.38032169141572564  0.38562913169136465  0.39067763367821490  0.39557350309058303
  0.40039818828264490  0.40522614292246595  0.41003894646020272  0.41471494340303344
  0.41929280562876009  0.42379426283946742  0.42831735282938838  0.43264459887541507
  0.43699909843225215  0.44133021401085881  0.44566670679616560  0.44986049995789584
  0.45407614769708921  0.45828184850451781  0.46250224852951349  0.46675002426188256
  0.47097150670620452  0.47518072806722750  0.47931019429823501  0.48330749523673655
  0.48728787812934787  0.49127836728285801  0.49532909291357202  0.49922632328991684
  0.50308138645644052  0.50690907445402811  0.51088434685873674  0.51486887088954625
  0.51879234449674783  0.52264148262624888  0.52655264527682843  0.53051041804615295
  0.53447110947845144  0.53848359379444144  0.54255369552577837  0.54667725135926382
  0.55082008204473198  0.55494017918499139  0.55905294858815247  0.56317669566957396
  0.56745411554773129  0.57184356589449892  0.57630475939444270  0.58081876552102540
  0.58537609295826409  0.58989517328752128  0.59440640745757722  0.59898744354895717
  0.60374675295640767  0.60829244734972798  0.61321145041094738  0.61835073828582376
  0.62373882200424446  0.62938475824685203  0.63521324372694554  0.64118521278472285
  0.64742337097861491  0.65385282645784992  0.66039949496799022  0.66760323823555334
  0.67566392357120697  0.68427342702442773  0.69342174806509416  0.70327372193096727
  0.71385093047766279  0.72531178118862871  0.73819704109064677  0.75284092274163605
  0.77090755283130130  0.79601681003369595  0.83874606714922439  1.00000000000000000
   6.8496478063946880E-009  -1.0000000000000000     
 T T T T T T T T T T T T T T T T T T T T T T T T T T T T T T T T T T T T T T T T T T T T T T T T T T T T T T T T T T T T T T T T F F F F F F F F F F F F F F F F F F F F F F F F F F F F F F F F F F F F F F F F F F F F F F F F F F F F F F F F F F F F F F F F
  <DiscreteSampler_grid>
  grouped_processes
  1 # 1 for a reference and 2 for a running grid.
  10 # Attribute 'min_bin_probing_points' of the grid.
  1 # Attribute 'grid_mode' of the grid. 1=='default',2=='initialization'
  0.0000000000000000 # Attribute 'small_contrib_threshold' of the grid.
  0.5000000000000000 # Attribute 'damping_power' of the grid.
 # binID   n_entries weight   weight_sqr   abs_weight
    10   10   7.117069221430431E+003   8.426825907792255E+007   7.117069221430431E+003
    16   10   7.117069221430431E+003   8.426825907792261E+007   7.117069221430431E+003
    22   10   7.117069221430427E+003   8.426825907792254E+007   7.117069221430427E+003
    28   10   7.117069221430431E+003   8.426825907792261E+007   7.117069221430431E+003
  </DiscreteSampler_grid>
