  0.00004148918507596  0.00004693752735857  0.00005215484944012  0.00005653539686015
  0.00005922964061926  0.00006094934686595  0.00006314064406296  0.00006533160548855
  0.00006725417266597  0.00006906871148441  0.00007094938138869  0.00007285890933821
  0.00007490570135200  0.00007752174449677  0.00008044049636369  0.00008323542638976
  0.00008576699881017  0.00008847677310500  0.00009139809405246  0.00009449405306151
  0.00009794032389813  0.00010168156591800  0.00010551234293079  0.00010944196627869
  0.00011362930186048  0.00011801916395076  0.00012241097462814  0.00012689745889939
  0.00013156388656896  0.00013634337797849  0.00014108922799207  0.00014569732169372
  0.00015019579640977  0.00015475754289741  0.00015944057501877  0.00016415195376902
  0.00016908896125169  0.00017415469215876  0.00017928085411660  0.00018435326020775
  0.00018954114427992  0.00019510238386586  0.00020093596063875  0.00020675343938544
  0.00021291927962109  0.00021939420545917  0.00022537435635602  0.00023176249857926
  0.00023817096808083  0.00024487283191011  0.00025249606524234  0.00026049277238568
  0.00026860233837837  0.00027711000069712  0.00028630328382512  0.00029586297206999
  0.00030562016356346  0.00031638456246660  0.00032784715577722  0.00034007311869142
  0.00035280876315087  0.00036691926076411  0.00038115739521120  0.00039656675448186
  0.00041339237249459  0.00043122106182623  0.00045046599415641  0.00047143546922443
  0.00049373057760458  0.00051700785961962  0.00054138188839333  0.00056741066607822
  0.00059619240718843  0.00062679543507154  0.00065984455481869  0.00069713523192410
  0.00073774216645075  0.00078685258420128  0.00083855530486136  0.00089781996132614
  0.00096642486926246  0.00105251935459249  0.00115980115148939  0.00128762274424275
  0.00143384932688066  0.00160908426691292  0.00182894087055295  0.00211685733181551
  0.00249077981202198  0.00300222711510340  0.00374698963051566  0.00489220827860272
  0.00704755776633428  0.01255150101857773  0.55340718645693554  1.00000000000000000
  0.05304119803754939  0.05361168177525784  0.05462615812945245  0.05522814338542423
  0.05573817943531378  0.05623230197514419  0.05670839608948960  0.05715807867081459
  0.05758846294709652  0.05800982590364312  0.05842638687227571  0.05884188462556879
  0.05925142182178399  0.05964758560422365  0.06005005123962253  0.06044909799058719
  0.06084840961325106  0.06124498144691993  0.06164012756727395  0.06203553816942424
  0.06242977885873633  0.06282818246714450  0.06322419835500845  0.06361181376076332
  0.06399721615048480  0.06438077040543541  0.06476833635515028  0.06516701156337586
  0.06556495972241229  0.06597098565941904  0.06638024947166135  0.06679207905152398
  0.06721150964787632  0.06763845999839571  0.06807410093877116  0.06852062063995479
  0.06896868929860853  0.06941094530844484  0.06983634888244079  0.07028684380006471
  0.07073007673544381  0.07117606530423810  0.07163846837589602  0.07212811375807004
  0.07264699685524861  0.07316446288899335  0.07367949082699472  0.07420235930539772
  0.07474562106186459  0.07532703082598989  0.07595506634831693  0.07658890243966146
  0.07725140824232279  0.07795507214474072  0.07866664291656505  0.07938853566592070
  0.08011282662995355  0.08086473190474262  0.08161028554707550  0.08238637644565172
  0.08319694544426261  0.08411854312378141  0.08506772810719110  0.08603539981830284
  0.08702334105883723  0.08804029495437926  0.08915761824623339  0.09035197250969593
  0.09159628965491805  0.09281374415212609  0.09413323037838321  0.09567459110578873
  0.09724621083761739  0.09885560820048386  0.10042661334477479  0.10205002054540363
  0.10363956320945185  0.10553742085745940  0.10752058203718495  0.10949384716195322
  0.11142112753529756  0.11352752130186158  0.11595225827836106  0.11876714508278920
  0.12186589968172380  0.12543446712372486  0.12926632147274819  0.13372239545283046
  0.13936984772889702  0.14780493202496586  0.15757356690110699  0.16734347124136378
  0.18769917616192755  0.22205575738941444  0.74440493430801402  1.00000000000000000
 -0.00208214294872453  0.00754533651698912  0.01851451459347046  0.02956264591935888
  0.03823107858894191  0.04294035726443950  0.04893874788311716  0.05458571456412060
  0.06000631813632941  0.06586401784837886  0.07194420049642707  0.07867673956373931
  0.08570268208852153  0.09245873689973635  0.09896016797533408  0.10525739133177023
  0.11285583193357129  0.12013559801480790  0.12700493060671045  0.13427969000892723
  0.14175837250608564  0.14898372324182729  0.15625990370140427  0.16371230066484124
  0.17134624248848127  0.17922429551473723  0.18788228161256326  0.19682563547117740
  0.20567012371152377  0.21469850334527449  0.22382017103971824  0.23339919240475820
  0.24383006679312105  0.25453790190083220  0.26463606910378856  0.27448882642100392
  0.28470704551362380  0.29457425138487320  0.30389766480727398  0.31298396767429010
  0.32258047287891140  0.33405387545305792  0.34550823604876590  0.35625356049851986
  0.36660456119036777  0.37732151637845668  0.38870204086360660  0.40039023632367354
  0.41196414231950929  0.42342510324369514  0.43499007475365653  0.44689040501099764
  0.45935915315666498  0.47210539603389812  0.48554836804525076  0.49978454054487531
  0.51223012325357475  0.52448331721468289  0.53686210792956768  0.54910391588172691
  0.56086397022142032  0.57241962714593997  0.58381324396327938  0.59515159945883944
  0.60657151941632037  0.61825372474174245  0.63014580873842341  0.64264023352876187
  0.65543953643229169  0.66871695813527710  0.68240621846090788  0.69549663487043756
  0.70765645148571110  0.72025975515340679  0.73272180695217226  0.74514905616424887
  0.75787327354030143  0.77124614121184099  0.78501843137198080  0.79923922715253159
  0.81345252795861012  0.82719034765529986  0.84058018275820268  0.85396646413204469
  0.86725796335422778  0.88006263192120882  0.89243005242363560  0.90470481706630534
  0.91667337429688267  0.92868249672088699  0.94080798479538652  0.95288129636533025
  0.96482389712837002  0.97661743591909800  0.98837620715362995  1.00000000000000000
 -0.00254752355414869  0.00961816402819058  0.02055397418699252  0.03172369854555704
  0.04254758598924632  0.05313120973704817  0.06409269516528401  0.07597148402218394
  0.08782983501368695  0.09915636520079336  0.11001074703989225  0.12063092376175769
  0.13059183899732232  0.14036982168203943  0.14998395136479986  0.15910546548318047
  0.16823367567343336  0.17682066412833289  0.18583266583490313  0.19568700950763590
  0.20623200999664845  0.21595480526953315  0.22572335688332182  0.23571533607717929
  0.24574714861617306  0.25574124352971361  0.26553976581108674  0.27594957495308003
  0.28710393505128301  0.29823818677782415  0.30920729147964426  0.31976202450864311
  0.33022056953137774  0.34097551278195576  0.35174117588634540  0.36154851684277128
  0.37055961728874226  0.37931598348254397  0.38800253140725005  0.39745451587384850
  0.40702214339428849  0.41645990898947005  0.42608495173285721  0.43610528509637803
  0.44626480621384346  0.45737373397884390  0.46788251393229652  0.47782171080627373
  0.48786398336768649  0.49849051187724752  0.50993120471761422  0.52140982477447828
  0.53277622014383252  0.54434059051659700  0.55605422939380200  0.56775316309391555
  0.57936000389155073  0.59090036018195347  0.60269431428696818  0.61498641853424219
  0.62755005074189196  0.63982594011216265  0.65140878425903104  0.66224179246113957
  0.67294421305447338  0.68364692790382764  0.69435415315644278  0.70490120940872103
  0.71559922607081294  0.72624970751873230  0.73644806900294157  0.74623205138438442
  0.75571874027320396  0.76531122382901651  0.77564451455179961  0.78642833073972951
  0.79716043694282335  0.80744505578316061  0.81743396003157565  0.82732265111456960
  0.83796478229813887  0.84885815903810191  0.85914199209337083  0.86884790427714809
  0.87868830638616113  0.88914333454853123  0.90006128150065834  0.91104600186533269
  0.92251911930576147  0.93431233168997718  0.94577683765940135  0.95663485195984965
  0.96738173534912963  0.97791123985808903  0.98873619866138707  1.00000000000000000
 -0.00246216569350835  0.00978005943902431  0.02187136352039069  0.03397659041556709
  0.04586349609510099  0.05681608294729883  0.06712560511984735  0.07675435917164525
  0.08586403450163869  0.09517009951568008  0.10456055698822525  0.11587848358024455
  0.12704386771730142  0.13847943005408636  0.14969570327121287  0.16048720599093008
  0.17117975611644159  0.18170250975671878  0.19201738306168004  0.20218536323833597
  0.21243434061914479  0.22213960502219632  0.23152667984992956  0.24139110250668744
  0.25196702646214569  0.26369651458058119  0.27516518843671423  0.28619186024051851
  0.29680020587631739  0.30782355599335159  0.31888727692041313  0.33005106320117722
  0.34085543657350348  0.35154709507955501  0.36231441520724378  0.37323528243257126
  0.38518295876281278  0.39665914109843103  0.40775897782300885  0.41841469386476615
  0.42776228351534096  0.43725228920042786  0.44663702700794650  0.45631425087195482
  0.46615321123799958  0.47582694424318561  0.48666701167237447  0.49862703460325553
  0.51097062197534437  0.52285016155581399  0.53448655464625883  0.54488740386829815
  0.55507784112169478  0.56517589462507922  0.57517142094505935  0.58484672684073613
  0.59395106179791701  0.60278376222443664  0.61190621667393441  0.62138252743368394
  0.63100127065129996  0.64097861470309636  0.65170694546657337  0.66332524137431570
  0.67553998605869325  0.68771921038499650  0.69924340931056983  0.71082832477242397
  0.72226945544369014  0.73275285992584205  0.74201450766430010  0.75125954979587306
  0.76108858206542251  0.77057912306511100  0.78031779611885765  0.78957595458021768
  0.80054920994583567  0.81168696636204352  0.82205133798044860  0.83255998211793059
  0.84347918949456391  0.85501101865161033  0.86679564246757046  0.87796687659021633
  0.88928739514766175  0.89974698445767487  0.90971996911918729  0.91937382895470521
  0.92877616398924012  0.93925454111273532  0.95030070875811978  0.96083997039579649
  0.97073669482092939  0.98017517531652032  0.99012583382397756  1.00000000000000000
 -0.00183042465536968  0.00741181302840263  0.01707135587382597  0.02703933716260855
  0.03804670346777562  0.04904587779005470  0.06012769426474376  0.07042705492277040
  0.07991747328009000  0.08937060982167053  0.09889794094329644  0.10892219428036005
  0.11893829815630148  0.12946842300723124  0.14015093158136957  0.15027297510022489
  0.16018510508027567  0.17052451376831346  0.18177962342125673  0.19346210100823594
  0.20500364929580353  0.21620348969740594  0.22737852562233563  0.23847243464549650
  0.24902944787806042  0.25953892209783069  0.27002475470478232  0.28037152551664030
  0.29091440286593345  0.30197890000804117  0.31312165384145479  0.32418664510096479
  0.33487731312944946  0.34587176959601623  0.35650154670837625  0.36668081505568262
  0.37635139732831119  0.38534959586780809  0.39445372796685191  0.40379301734776640
  0.41333540219977755  0.42309394895941754  0.43299720380498868  0.44344178987417798
  0.45439813040644444  0.46493862757723764  0.47528190448190177  0.48555428109891663
  0.49608693682414662  0.50731150818702520  0.51848275521759313  0.53018907810623450
  0.54171995172500598  0.55298996514507992  0.56434952042353737  0.57581184546455810
  0.58716516731873103  0.59855515896686107  0.60947858604763183  0.61996558613075248
  0.63078508249911514  0.64142333992543976  0.65224664229149498  0.66275727385120919
  0.67381727519219203  0.68464229831388423  0.69554707721400111  0.70613009529653670
  0.71674448629675613  0.72712674815861289  0.73744280403301110  0.74752097247851179
  0.75884648744060179  0.76959335476568880  0.78065061980565609  0.79128864219481265
  0.80309278277741680  0.81379724682545840  0.82383012999032312  0.83321361999629118
  0.84339027333521133  0.85352666188069104  0.86469217751969507  0.87567505301976301
  0.88706849910043917  0.89809877710154240  0.90929591059826187  0.91996368568931453
  0.93000596306462258  0.93987246953161441  0.94991292589070864  0.96022506820301157
  0.96995364530034633  0.97935755392071666  0.98967905194942607  1.00000000000000000
 -0.00689116419740903  0.03425763238516800  0.05820670113680924  0.07722705926638887
  0.09391257479722301  0.10886659216948985  0.12184927903450031  0.13285356103044660
  0.14321981419905513  0.15437257671538207  0.16558987087256635  0.17593883038538066
  0.18652667681761034  0.19752272796372730  0.20814085453829803  0.21826520421448969
  0.22748332748069841  0.23595676987742659  0.24452140028191732  0.25306196514385937
  0.26220852369124387  0.27120523299125154  0.27975633666261679  0.28844188377377517
  0.29730977406242137  0.30655173836693084  0.31574512373924307  0.32442018221862556
  0.33316526002230673  0.34214860985029011  0.35129642224913166  0.35995961987877256
  0.36826281895644247  0.37670221460374220  0.38513179171154166  0.39339750761001735
  0.40146940625626620  0.40949798719363700  0.41759964856862719  0.42584543346850451
  0.43442744481841461  0.44324584229596620  0.45235773353003195  0.46124435325595597
  0.46956063583546565  0.47807105199882671  0.48670578846633683  0.49535010038197985
  0.50397233153074972  0.51247222480230981  0.52110300593767911  0.52998396968310080
  0.53855101301553510  0.54649168315440710  0.55427799998129712  0.56207414815064016
  0.57010773651858304  0.57802774852269734  0.58609927991753741  0.59368135702445168
  0.60159806835447349  0.61003377897198130  0.61896133306051104  0.62765647703775140
  0.63543388993883942  0.64304434558131074  0.65095256332990936  0.65932430680550169
  0.66778200656970654  0.67585231431365833  0.68395025338791016  0.69271036767789507
  0.70235194940126078  0.71214690676823811  0.72153394621223121  0.73159573381660148
  0.73993899905888139  0.74871023080891941  0.75742235194087015  0.76681267747348703
  0.77657051883002171  0.78606800703757340  0.79566670751181112  0.80593166454640319
  0.81657467794308203  0.82712589152144367  0.83737167377293487  0.84796884280257789
  0.85991004343284883  0.87345389892487790  0.88737451424720704  0.90179727150228273
  0.91768345096006454  0.93588463469037941  0.95956823467965224  1.00000000000000000
 -0.00201650583026490  0.00892469982234497  0.01800010401910523  0.02676853642493252
  0.03548835739017085  0.04492906405816874  0.05577138827200725  0.06698074232696702
  0.07761398087851064  0.08792034675247057  0.09804694489678865  0.10876157152023182
  0.12046979167556379  0.13241986398109151  0.14400761117754793  0.15426105478916130
  0.16377782140318753  0.17299853232048154  0.18253752924732175  0.19274165014812936
  0.20272095893173506  0.21288147578849154  0.22325865539202600  0.23378420367279926
  0.24410389552224504  0.25416924010724551  0.26422289454574405  0.27458033284496391
  0.28470409410550723  0.29438949273268183  0.30345114145045987  0.31259648015808167
  0.32363761577548428  0.33436437862398616  0.34523317343668281  0.35602504498868448
  0.36652498143001044  0.37671471246231469  0.38732986686266618  0.39772209318157575
  0.40811796543019824  0.41792497522537803  0.43016687648254331  0.44146808444938684
  0.45266851739188563  0.46416183093634422  0.47564325413489883  0.48667671257461298
  0.49751023758137625  0.50843605711367779  0.51906609152447458  0.52926026743147347
  0.53962647546425524  0.55028854268594607  0.56100106827680085  0.57125718230107059
  0.58132650018472443  0.59167984338724677  0.60204254609315377  0.61171456471401553
  0.62068906000751345  0.62970367440968589  0.63920317790330738  0.64928685054171464
  0.65990002230447786  0.67103268114730630  0.68247524160710182  0.69424403678222313
  0.70619028677204398  0.71834218777437608  0.73008109093597728  0.74119934473075355
  0.75203078142967383  0.76407936160759549  0.77546558740012972  0.78557335363342418
  0.79591271082786585  0.80674074497754489  0.81752636165996617  0.82792878248344615
  0.83881216008304316  0.84995088004031005  0.86112541879586335  0.87159076835750682
  0.88216318703820029  0.89288211142622242  0.90386566818325653  0.91506847057288720
  0.92606634193095760  0.93662678794670573  0.94673821861335683  0.95678016390816334
  0.96767766718081405  0.97813032241690201  0.98918477231263902  1.00000000000000000
  0.05994522143803477  0.14848540614133063  0.19023407362964329  0.21320762276070904
  0.23747715006225445  0.26013558855158975  0.27942771217560480  0.29539253419178207
  0.30735186895058930  0.31790189838467608  0.32723471835778545  0.33582538619086977
  0.34459027979687235  0.35345357190772242  0.36236381826010233  0.37067865191821414
  0.37879150163725661  0.38665244819059341  0.39443481895577243  0.40193095596527717
  0.40906553064444717  0.41596226071602843  0.42269429398984676  0.42937485792656466
  0.43603442962993272  0.44224135205400450  0.44857944951998546  0.45508541356804078
  0.46136795021637378  0.46737002151459989  0.47334090412775537  0.47930956329700997
  0.48497534620399912  0.49033352065578040  0.49551104547705616  0.50059624800559321
  0.50562456142385459  0.51058213124129648  0.51557754921628429  0.52052094989214259
  0.52528831270568832  0.52996267326363822  0.53464964065269205  0.53934123950479174
  0.54394027078122487  0.54841445220922569  0.55282319735300045  0.55719069090570594
  0.56146926645887252  0.56567415385119968  0.56980612384027629  0.57390000590280477
  0.57785067781683275  0.58170782980637992  0.58567379075255488  0.58978852743827404
  0.59385433321212611  0.59778497206873649  0.60175138800241923  0.60591034524942322
  0.61041394411958172  0.61519384862180049  0.62001120450649783  0.62491755986212794
  0.62983368827362574  0.63485549199227465  0.63989693233576217  0.64486429182371441
  0.64974494702926411  0.65456615868397927  0.65948788817428428  0.66455617694369074
  0.66967460866422879  0.67498344787786924  0.68048565040654008  0.68618413917227872
  0.69205259615063974  0.69806238888196448  0.70405691807373394  0.71014950477771910
  0.71632957473316317  0.72255933141232431  0.72885342697484834  0.73514122224959966
  0.74160764104880694  0.74846933560152018  0.75575404074856156  0.76340548912646000
  0.77178351056185523  0.78110321616303757  0.79150060477717010  0.80388085640392526
  0.81892930478582249  0.83918624063410052  0.87504386289889380  1.00000000000000000
 -0.03179900886139064  0.15922386138652278  0.20113605353121533  0.22671150018014891
  0.24736861476201796  0.26422100086045930  0.27814472085516889  0.29029443875945354
  0.30101701591641117  0.31030869192917104  0.31832609057374567  0.32564182859986412
  0.33279051510075047  0.33981437271410098  0.34662739022727013  0.35311201511927520
  0.35921217764558133  0.36503554233493640  0.37062479186133468  0.37585801990294265
  0.38083103872205726  0.38569703163643121  0.39057213433050014  0.39538200771893911
  0.40000686537256730  0.40450089147847196  0.40904824134252094  0.41349135848654173
  0.41800732865897444  0.42218485868250560  0.42654657003259439  0.43080237765316676
  0.43483464707800940  0.43877370379719094  0.44275625444563610  0.44694292035953154
  0.45126662870018452  0.45567531546979628  0.45993345614300540  0.46402738000118754
  0.46795262731002979  0.47166589202099596  0.47520905322065954  0.47890392736042192
  0.48270680631614071  0.48637284504912248  0.48998389289462713  0.49356611342587797
  0.49710675570611956  0.50077166057900291  0.50465419053857119  0.50868257654412774
  0.51282475688612394  0.51722477600902161  0.52182255165730851  0.52643013570634556
  0.53091293063387490  0.53523332266246648  0.53945979666983146  0.54372171437812233
  0.54795645098940193  0.55207242490994424  0.55615227801613654  0.56031398137975397
  0.56482750483962429  0.56944324176422445  0.57414301930723866  0.57894014703168428
  0.58382758363635112  0.58855146493127353  0.59333304812396148  0.59819008208872160
  0.60311250065390665  0.60796638237370171  0.61280826330000493  0.61776429419306245
  0.62289779162931858  0.62820494037143126  0.63351343725184139  0.63890954627069996
  0.64463051515587566  0.65086212748573880  0.65755406311860609  0.66471262036020085
  0.67254966820041728  0.68101360229802177  0.69006690096978807  0.69984938483904346
  0.71066453070426516  0.72269888226441892  0.73600155111957144  0.75107146571228889
  0.77072458983096181  0.79796594026120582  0.84303452352326114  1.00000000000000000
   4.8068307878748329E-012  -1.0000000000000000     
 T T T T T T T T T T T T T T T T T T T T T T T T T T T T T T T T T T T T T T T T T T T T T T T T T T T T T T T T T T T T T T T T F F F F F F F F F F F F F F F F F F F F F F F F F F F F F F F F F F F F F F F F F F F F F F F F F F F F F F F F F F F F F F F F
  <DiscreteSampler_grid>
  grouped_processes
  1 # 1 for a reference and 2 for a running grid.
  10 # Attribute 'min_bin_probing_points' of the grid.
  1 # Attribute 'grid_mode' of the grid. 1=='default',2=='initialization'
  0.0000000000000000 # Attribute 'small_contrib_threshold' of the grid.
  0.5000000000000000 # Attribute 'damping_power' of the grid.
 # binID   n_entries weight   weight_sqr   abs_weight
    10   10   1.623654578671241E+001   2.153624547133525E+003   1.623654578671241E+001
  </DiscreteSampler_grid>
