  0.00004210133167949  0.00004453164359421  0.00004634513060230  0.00004798348800975
  0.00004977612089355  0.00005155986249919  0.00005327917253681  0.00005518948521126
  0.00005714532350218  0.00005919406929610  0.00006153501793505  0.00006323740100099
  0.00006484194500363  0.00006650850223257  0.00006827990585140  0.00007010990166991
  0.00007195776231065  0.00007380563782741  0.00007564728664678  0.00007760734355400
  0.00007964730091347  0.00008162619442592  0.00008363453285493  0.00008564828626276
  0.00008762725425764  0.00008989809861283  0.00009278415965246  0.00009573723626976
  0.00009882864482916  0.00010218321256948  0.00010585713930998  0.00010966347083647
  0.00011340401750057  0.00011720930840392  0.00012108892483459  0.00012487193448280
  0.00012901881595011  0.00013311355074808  0.00013740314432646  0.00014184321399404
  0.00014633112764382  0.00015100612562080  0.00015598738570519  0.00016101972266712
  0.00016676646762147  0.00017343873241997  0.00018039827962011  0.00018734409757578
  0.00019433507263489  0.00020142027969681  0.00020876700300623  0.00021657530773794
  0.00022483700771824  0.00023337435370704  0.00024180824266135  0.00025063044946893
  0.00025953330789881  0.00026912730494476  0.00027963938173395  0.00029095021718970
  0.00030222768806704  0.00031480457017456  0.00032817831059258  0.00034144016520212
  0.00035585325453574  0.00037181985946906  0.00038897109766689  0.00040743458632382
  0.00042704972755703  0.00044736062912261  0.00046880556248466  0.00049199737975983
  0.00051707330378751  0.00054586901941344  0.00057697964845674  0.00061214549018634
  0.00064998251272556  0.00069269425103711  0.00073974446310852  0.00079242581493665
  0.00085180617521760  0.00092098791034617  0.00099937348519007  0.00108690464056211
  0.00118762127276930  0.00130815480275144  0.00146336996800870  0.00165667654680680
  0.00190291940748767  0.00223460994960730  0.00272797026148040  0.00347149237676861
  0.00471358852876955  0.00727674813594634  0.01601594152031361  1.00000000000000000
  0.01653427686056919  0.01750484448248256  0.01787777314174470  0.01821178096092846
  0.01851376713275839  0.01877343590117332  0.01901317478290843  0.01923790488880307
  0.01946832374835427  0.01970064503739045  0.01993900879825178  0.02018037785150066
  0.02044619213666593  0.02072128823178753  0.02099458324967715  0.02127556960811867
  0.02157196754508503  0.02188178010054387  0.02218094383995427  0.02245447101172248
  0.02271571323182965  0.02297694073285284  0.02323550554434327  0.02350883274026959
  0.02379201877740337  0.02407917201339095  0.02437733439218465  0.02468161198293200
  0.02497963178584223  0.02529020527389581  0.02560420643003751  0.02593693114051156
  0.02628856529081013  0.02663923226069839  0.02699300062745612  0.02735792729835333
  0.02774275962141323  0.02814450038434282  0.02855123586164125  0.02896356076225640
  0.02938464897190537  0.02980808198049502  0.03025784453653847  0.03073444630679856
  0.03123316947260101  0.03174252739697671  0.03227941548479166  0.03283247720259830
  0.03337845187787718  0.03392438788912690  0.03448643811802689  0.03508185400292785
  0.03572079009431478  0.03636720104228804  0.03702073803258327  0.03771613790336761
  0.03842058899958646  0.03916358807874646  0.03994383987212531  0.04075921809306156
  0.04157319841544826  0.04241543707980895  0.04327743061840900  0.04415289666998735
  0.04505294349698848  0.04599768804790362  0.04700803718357329  0.04812087039470055
  0.04928125699900468  0.05044610035440631  0.05160767423465822  0.05287821034869898
  0.05423171000091606  0.05567409465490968  0.05719709293020280  0.05880961174768536
  0.06046545976604678  0.06213369732493902  0.06388567971749287  0.06573429418147783
  0.06776830999092323  0.07005489358404630  0.07257155847725026  0.07518387072336558
  0.07785897032508572  0.08059698891738756  0.08418802860737412  0.08809307715701706
  0.09304841980601845  0.09913504437914349  0.10723121014039200  0.11828729237360461
  0.13396782041485178  0.15573145912322511  0.21764976750789916  1.00000000000000000
  0.00364014830001806  0.00407987193965369  0.00454837189319415  0.00500839413912063
  0.00544815732882148  0.00587579825389510  0.00630202406215369  0.00665285051381582
  0.00691738452062363  0.00716644767754758  0.00745904089561271  0.00776435806907587
  0.00803615762108102  0.00829985060445858  0.00857400159262279  0.00886292329594421
  0.00918969403043648  0.00952579387848206  0.00986503469454325  0.01021475186586450
  0.01058619245768835  0.01096975178477112  0.01134901398654498  0.01171460861468452
  0.01205058658759645  0.01236756255594169  0.01268117294819780  0.01298164307131219
  0.01329835421429038  0.01362903957973815  0.01398270829749105  0.01437791143119724
  0.01479592173167101  0.01523224712135521  0.01570378730191547  0.01620843146664702
  0.01671993218270470  0.01723144335160881  0.01777087861450325  0.01832606741758899
  0.01890870055257082  0.01949780275752422  0.02010001180988433  0.02071224629485559
  0.02134931014907739  0.02199817801461318  0.02272093948478675  0.02348640625975023
  0.02428929805454582  0.02509674616095355  0.02592190662452521  0.02681816536628467
  0.02777571934561685  0.02883595634332674  0.02991756498249201  0.03085722780884482
  0.03182366244760165  0.03284230905486529  0.03387192188097904  0.03500967423811122
  0.03627071413777379  0.03752268603296296  0.03879226088275869  0.04007796601804563
  0.04131354903167090  0.04254715602225442  0.04371889248277370  0.04503361463148647
  0.04639750957701373  0.04793960606068061  0.04950542121597380  0.05123298097546002
  0.05307200988575581  0.05498406387928555  0.05698761009937647  0.05920364316124766
  0.06145195150690521  0.06373735926704312  0.06632380287475811  0.06897443625983044
  0.07203183759832735  0.07504271615475887  0.07817421334924074  0.08166147704214941
  0.08578630817359893  0.09059675547696773  0.09613847002648079  0.10255955682972499
  0.10948088727694054  0.11695699542189339  0.12615288873235353  0.13664501205839352
  0.14897295084922238  0.16999389121762756  0.77883926473042564  1.00000000000000000
 -0.00182955722812320  0.00631224482851318  0.01328936531717422  0.02096529984929879
  0.02914293380449848  0.03719963873546579  0.04565589782575923  0.05408561978783228
  0.06236947748477940  0.07071993971011412  0.07901868923314813  0.08760924066674669
  0.09640074348468571  0.10493610962749840  0.11328589648408822  0.12132134178273588
  0.12993735083482610  0.13924929444610348  0.14882748337472768  0.15812448965096093
  0.16780027586404037  0.17906781166167485  0.19120331161561460  0.20308118741240461
  0.21378510487056038  0.22414066329799742  0.23516937691235384  0.24735729755059460
  0.25862053663034040  0.26844940633814529  0.27800963817647484  0.28821838371142117
  0.29892454371804250  0.30920605114616806  0.31983781310516540  0.33131379909101527
  0.34305915751604826  0.35528326982670633  0.36726571550174880  0.37947309749736724
  0.39240633131827490  0.40604657767706448  0.41980872351782400  0.43228999664707046
  0.44496728249151779  0.45738468959686496  0.47015060715001067  0.48249808746251721
  0.49447863593588309  0.50600228097494060  0.51737791659053722  0.52943038836461431
  0.54178241890321044  0.55393903021849467  0.56606752451028974  0.57803545185044247
  0.59043413904349018  0.60315014387449850  0.61640676770840519  0.62994596312396689
  0.64272780863102796  0.65513023135832904  0.66729101752143938  0.68106228801236524
  0.69438822535169220  0.70748096546654726  0.72027014989474514  0.73278166691937341
  0.74484156585910355  0.75645084865145862  0.76788273546687824  0.77949714124676261
  0.79128221910790031  0.80299994220491366  0.81482706330662902  0.82679979085916322
  0.83860391168971860  0.84982481538320453  0.86031903838797674  0.87014615400789896
  0.87951386809108878  0.88861106234997489  0.89766295432486154  0.90665794855087967
  0.91553613658945898  0.92382595970928416  0.93185913439438695  0.93944359122532650
  0.94689474926852146  0.95459577940195661  0.96228528287289450  0.96986595228243011
  0.97733384409347235  0.98494625390940826  0.99263031668101465  1.00000000000000000
 -0.00244939874508896  0.00888824381714691  0.01896597212451711  0.02908137117790875
  0.03913564452207263  0.04958973707030712  0.06030851023681893  0.07139335698563265
  0.08277198403763103  0.09380313036124306  0.10428474579238081  0.11446249263786414
  0.12485552335290244  0.13520235100029993  0.14516016577759533  0.15505167998895006
  0.16513958875694923  0.17570490868339192  0.18622574660970526  0.19485167081786903
  0.20319968320313220  0.21214774760367200  0.22135131753685769  0.23030762692357859
  0.23919478194592692  0.24856376282061635  0.25880007604419786  0.26918959005000082
  0.27906778185404607  0.28835977940911345  0.29773736240363263  0.30716172520149093
  0.31723729147591057  0.32788512134933734  0.33777153444380681  0.34750380974883133
  0.35710137696741240  0.36674931449307979  0.37768027687794620  0.38965780944902262
  0.40140579671480942  0.41243597567424023  0.42323945409418179  0.43412663173754457
  0.44528825055945292  0.45672110575469460  0.46740073357073908  0.47753353342629462
  0.48796026311681412  0.49915836153586546  0.51122038689242444  0.52314457373486456
  0.53398028524900965  0.54426176609776156  0.55443891725531325  0.56503554022920932
  0.57573392741939100  0.58660547172366972  0.59806220821389211  0.60944488407885555
  0.62023713414580317  0.63083949582833920  0.64146830343267547  0.65208117295525725
  0.66202897745386247  0.67190420878500101  0.68208151362733993  0.69257285643693844
  0.70289531285711127  0.71282025015088735  0.72274100842622613  0.73337052816737791
  0.74424735918636531  0.75430022487139670  0.76373103272994936  0.77388890317977799
  0.78503627978951340  0.79648276314493849  0.80722637242492634  0.81868729538163909
  0.83031760792439324  0.84214099615378624  0.85350459743548834  0.86407323946069126
  0.87445362394970227  0.88523696017944609  0.89617568344592191  0.90657404351156734
  0.91694765180613036  0.92806831344169061  0.94007298491367108  0.95247475192028674
  0.96489873367764234  0.97721455944671864  0.98894252042228137  1.00000000000000000
 -0.00459406582043258  0.02349458056712935  0.04322501693171054  0.06208657397833848
  0.08068043362946124  0.09799840460617006  0.11291407712011015  0.12612402179151311
  0.13910710350934158  0.15243437261302012  0.16538460984455461  0.17849043833228770
  0.19171481026666226  0.20441171052428944  0.21649152453629561  0.22791729921777615
  0.23929468122417499  0.25041540512935734  0.26117715566383903  0.27183414944961176
  0.28268279744918096  0.29355443759511246  0.30448054383905465  0.31533116239363607
  0.32577731555924816  0.33536807836599208  0.34448679198478932  0.35349866538899199
  0.36253444181069744  0.37183082370913467  0.38046582590394107  0.38853785222180781
  0.39658802610190347  0.40483675919384599  0.41337400687534154  0.42189803910692386
  0.42989209066784462  0.43761084193386662  0.44577874296175352  0.45449224420283979
  0.46358997933301049  0.47333130065241558  0.48333679100721494  0.49287236600807688
  0.50186550323794110  0.51012157676711289  0.51819543562278869  0.52595403127412899
  0.53318886979290414  0.54042030521825513  0.54770543225105839  0.55488819816524859
  0.56235914808569221  0.56991695447810653  0.57781654273409566  0.58599650474212728
  0.59490301413486335  0.60352975869619085  0.61194590196335219  0.62009341629640813
  0.62825812051432695  0.63676707563414969  0.64566069716598240  0.65387819343131104
  0.66204642776525235  0.67032319263491758  0.67895679282508514  0.68753121104635895
  0.69579626239688341  0.70412068998935573  0.71298546940648877  0.72270687212245366
  0.73313337268878997  0.74355681872521984  0.75420879965760401  0.76394664558362624
  0.77387242720625848  0.78327203234129428  0.79301333820057229  0.80300858871633385
  0.81309757132006644  0.82330408038849268  0.83340128499249555  0.84340038708144716
  0.85348872869062442  0.86385704679125863  0.87450137459889354  0.88480942412489305
  0.89544056002167438  0.90648526059564438  0.91744670929824124  0.92844217308042609
  0.94116204445934382  0.95777756333603625  0.97741939038346204  1.00000000000000000
 -0.00238796625317878  0.00860131903636293  0.01820736186880394  0.02778299339270478
  0.03817684516857029  0.04848287323844227  0.05908881344379771  0.06941217662997756
  0.07990407526137075  0.09072299642742077  0.10140264536197748  0.11176704179743943
  0.12207034554885597  0.13269937174715041  0.14332343290495636  0.15417926783072594
  0.16515698984392999  0.17662397573235009  0.18837777285387197  0.19992700110854456
  0.21115398470489277  0.22218697539118470  0.23289703401317033  0.24306805941243539
  0.25299947074015400  0.26309699596962710  0.27336142544414238  0.28376318022850000
  0.29412235239481560  0.30455999839778758  0.31526839130603129  0.32614118017459559
  0.33698706488437696  0.34762168190658493  0.35841417061250491  0.36878643017092994
  0.37862878565208186  0.38836788159797908  0.39788471190323421  0.40719527654950766
  0.41723614327393765  0.42729924134091840  0.43689889618388894  0.44595699401230088
  0.45530983374936745  0.46601370430032990  0.47743441057551517  0.48830964542038247
  0.49896534575071144  0.51042928335386428  0.52138486564036046  0.53192625431687890
  0.54250217481042295  0.55372359733282028  0.56524473814306064  0.57571101535868652
  0.58548311574927381  0.59550073964631878  0.60579523412633740  0.61706816778344209
  0.62868203703150904  0.64058090444177984  0.65186273612363976  0.66236135045059064
  0.67248833625745796  0.68238277616263687  0.69246852122558133  0.70273307536420659
  0.71351442513149599  0.72456855095737949  0.73438571627921923  0.74282155706607578
  0.75202490948996159  0.76116175474726444  0.77078797175720504  0.78014018632524551
  0.78990022005969973  0.79992815912168047  0.80993473450909248  0.81961880188479941
  0.82965739588754928  0.84037118626136220  0.85122129099201815  0.86245373017637983
  0.87377829099213555  0.88487954158593563  0.89603972837801171  0.90748708308662585
  0.91940945591447720  0.93129175864185798  0.94274673846975776  0.95411335448220735
  0.96481878699219814  0.97617765921863853  0.98797150707228742  1.00000000000000000
 -0.00251392862072772  0.00962789712500976  0.01954120412300068  0.02939163951603066
  0.03907881432516449  0.04828279155122087  0.05760209479538033  0.06800991269999618
  0.07835004509606826  0.08811717800116579  0.09713196611786951  0.10679054587604753
  0.11794685762134714  0.12912307575145726  0.13956491776723140  0.14955908964104553
  0.15946975480471023  0.16941577714246156  0.17940254876116996  0.18964320394709677
  0.20091527673135892  0.21255660512580243  0.22434804498834418  0.23599551777109742
  0.24634355806566258  0.25665615624357274  0.26646942574686128  0.27660657734000715
  0.28678678972057614  0.29705275509242529  0.30825817721953658  0.31961381163897407
  0.33123331795584471  0.34192023520680337  0.35232089377565723  0.36258308730151473
  0.37281149384189466  0.38364626906355465  0.39455100656436703  0.40547278901841383
  0.41616326065221532  0.42669261960532129  0.43706513400787267  0.44732995436668638
  0.45780047103375104  0.46892975179213198  0.48061784179238204  0.49225114732675224
  0.50345230065720126  0.51410242532123940  0.52472108143215346  0.53507916358400021
  0.54555347720479652  0.55588289163956561  0.56612955737398174  0.57623395985093762
  0.58706342942892009  0.59934194805913532  0.61242728998477403  0.62471552004172015
  0.63574926673499921  0.64608046980895428  0.65634666515130047  0.66642393986162851
  0.67674317075768986  0.68660329539238807  0.69749251231148990  0.70863439507801074
  0.72022968582020419  0.73086134299914252  0.74115229151018647  0.75205574463994307
  0.76347392787545665  0.77432213981771369  0.78427207296382384  0.79407829509446759
  0.80379454708102371  0.81342575533717065  0.82298643776441671  0.83230043864840164
  0.84229130164779087  0.85267933175357025  0.86295116958710250  0.87305399349876722
  0.88274092051280884  0.89244745532408354  0.90236313919423150  0.91233814303486349
  0.92302877856508492  0.93403456106057758  0.94486173522317873  0.95570976890264447
  0.96755453301122019  0.97899165747140637  0.98973880837356920  1.00000000000000000
  0.08957161973041347  0.13590994943197435  0.16644368863374628  0.18719073692423846
  0.20567410818511536  0.22238126088741189  0.23842166537402937  0.25294304821463903
  0.26534463300001671  0.27652253981387959  0.28721050268430548  0.29655163152685088
  0.30513763483717382  0.31359012143711573  0.32182748818888418  0.32979481915191960
  0.33692911600055675  0.34369971164141461  0.35032968853186125  0.35689598395194411
  0.36329552919594116  0.36959701118636368  0.37557785601610605  0.38120969320198778
  0.38685623188153478  0.39214596388389877  0.39780339155406391  0.40380217921085204
  0.40993600217069770  0.41589135773843400  0.42157927196440204  0.42722183239052131
  0.43301682501485916  0.43907863927803742  0.44518530133244094  0.45073105583354067
  0.45622499461009641  0.46180502412741542  0.46750124200287574  0.47295091049057525
  0.47822601860167441  0.48342492590323960  0.48866117497547618  0.49397271190905867
  0.49908107539170748  0.50375115829559747  0.50826572650328294  0.51280594531715828
  0.51749199136965229  0.52239325702086759  0.52690457404302404  0.53133333280741224
  0.53570328674382350  0.53996847949803450  0.54429293265879375  0.54856863087424679
  0.55289358317868165  0.55722559639896718  0.56167543812208998  0.56633214347098237
  0.57098873538661987  0.57566334695008570  0.58043206747908627  0.58528417883964923
  0.59021158835479748  0.59511955569396302  0.60013940322388637  0.60512092330546619
  0.61008701204133720  0.61504281851715970  0.62008070733892318  0.62523581556030672
  0.63045314825664533  0.63573204791338678  0.64114776123813988  0.64670463572486891
  0.65233761858640837  0.65791015653725593  0.66355920653361344  0.66947335347071868
  0.67594244187724228  0.68276765524137484  0.68969180462826762  0.69699314545100766
  0.70437820236406368  0.71282950918084687  0.72194288167810028  0.73152067626617989
  0.74161663009421452  0.75239932851785474  0.76365996249478318  0.77727629146150090
  0.79567514141922946  0.81829417959470485  0.85420156401717695  1.00000000000000000
 -0.02194484152674246  0.13872196395061850  0.17871066944280473  0.20537456162234916
  0.22562313613242044  0.24194638120770776  0.25611322615170579  0.26897505442128100
  0.28048048582507307  0.29066427142180618  0.29952499637129887  0.30821740378658696
  0.31685243844576594  0.32490712343382278  0.33273388149933714  0.33962891624086194
  0.34593642221565463  0.35207092188404315  0.35805442005979887  0.36419377741992026
  0.37027127948412042  0.37606678162658086  0.38168612751997605  0.38732299257003577
  0.39283743901282747  0.39807854380351487  0.40307272687026474  0.40788566264646586
  0.41252809018673914  0.41702320583441022  0.42133597970711356  0.42581982434634308
  0.43040402914335280  0.43487585593993966  0.43897918589610080  0.44307643309241929
  0.44720201957433936  0.45148167928913413  0.45597084067684368  0.46070549294278890
  0.46542234554584289  0.46983428537028432  0.47425800583311423  0.47865946685114991
  0.48302166827346626  0.48745502743840152  0.49192255826776932  0.49639788305745353
  0.50077965236819755  0.50503747706474700  0.50930458684382618  0.51350540902196284
  0.51784078368862707  0.52223423104783417  0.52666705470629949  0.53114950368819902
  0.53557026603116376  0.53984668816384274  0.54414074620529451  0.54856158777390929
  0.55326691713660636  0.55811680607320879  0.56293883988852234  0.56760540188885800
  0.57212653648687684  0.57660916106627735  0.58117024973955600  0.58587638494240257
  0.59052591519143882  0.59520946591255519  0.60012654340826910  0.60502895757998476
  0.61007272550993985  0.61507356353940090  0.62016890574390227  0.62532734756550856
  0.63068870359280171  0.63615084899859808  0.64177112790157009  0.64794355679765836
  0.65480299503140493  0.66173551859948065  0.66877153826288438  0.67631367144309051
  0.68450582321068099  0.69359946397535877  0.70341762484498027  0.71394285454850415
  0.72531785115912117  0.73842917862842183  0.75288911401586822  0.76990507708112477
  0.79089458406468061  0.81746162606681272  0.85752994723998477  1.00000000000000000
   3.7818026162487410E-010  -1.0000000000000000     
 T T T T T T T T T T T T T T T T T T T T T T T T T T T T T T T T T T T T T T T T T T T T T T T T T T T T T T T T T T T T T T T T F F F F F F F F F F F F F F F F F F F F F F F F F F F F F F F F F F F F F F F F F F F F F F F F F F F F F F F F F F F F F F F F
  <DiscreteSampler_grid>
  grouped_processes
  1 # 1 for a reference and 2 for a running grid.
  10 # Attribute 'min_bin_probing_points' of the grid.
  1 # Attribute 'grid_mode' of the grid. 1=='default',2=='initialization'
  0.0000000000000000 # Attribute 'small_contrib_threshold' of the grid.
  0.5000000000000000 # Attribute 'damping_power' of the grid.
 # binID   n_entries weight   weight_sqr   abs_weight
    10   10   4.077299608713654E+001   9.429473622955355E+003   4.077299608713654E+001
    16   10   4.077299608713654E+001   9.429473622955349E+003   4.077299608713654E+001
  </DiscreteSampler_grid>
