 -0.00017582142416272  0.00150617710485540  0.00381689142327740  0.00677406597184997
  0.01035328745612303  0.01442217641110126  0.01886448816890409  0.02372969356350785
  0.02901078285089981  0.03460277311172198  0.04037893909932728  0.04652238873754863
  0.05313767700285586  0.05996847875575063  0.06692903329663100  0.07407633885679643
  0.08138677304493816  0.08892237614035658  0.09660121326738379  0.10446170157638257
  0.11247856094323277  0.12075759287797733  0.12922978544487909  0.13796078180166069
  0.14676876976741562  0.15564336553075159  0.16469687757994475  0.17394650745964868
  0.18339263765954031  0.19301420831487984  0.20284808163108195  0.21280913820931394
  0.22285557532659439  0.23301891796635196  0.24335353933182283  0.25381522840097392
  0.26435733744380030  0.27498302300706595  0.28587141924248327  0.29691126573960896
  0.30809955727241017  0.31961553988899655  0.33118434053795509  0.34307650054035177
  0.35516027908692055  0.36730957701921063  0.37945087474180689  0.39157473495072564
  0.40391159622714218  0.41626306925176842  0.42871157102753737  0.44131124228141178
  0.45398490858704527  0.46677195309504371  0.47975316459424933  0.49285306943009316
  0.50584762268614869  0.51865811736299405  0.53158989573214621  0.54471284419161581
  0.55785849550939770  0.57135473360750610  0.58487577541866198  0.59816682636674312
  0.61128157148016771  0.62436419379773522  0.63747006005799667  0.65071556262676489
  0.66391539635393371  0.67701693880623226  0.69012951371654463  0.70317443446829198
  0.71627063724757389  0.72928145795559474  0.74206633351202722  0.75468630441969975
  0.76729447485768831  0.77994831892032712  0.79273937581884124  0.80576685298889450
  0.81860701618119724  0.83131274313629289  0.84378999463192705  0.85608283156625620
  0.86826635244989447  0.88042706093765633  0.89264268699405580  0.90475692222688575
  0.91685758416586949  0.92897673984437446  0.94103460020527818  0.95301097962791215
  0.96487644604207201  0.97664044660012983  0.98835914456085749  1.00000000000000000
 -0.00228806982812539  0.00914910468442734  0.01915703385839039  0.02929994119181858
  0.03950901387932959  0.04985073849403250  0.06027862591287102  0.07058689181100407
  0.08104488503863873  0.09177976618383546  0.10277820239390185  0.11338184700809967
  0.12382019515106052  0.13425769478030192  0.14444499767493268  0.15456361650310407
  0.16462507840265250  0.17528190464280358  0.18626711901214749  0.19758130149931158
  0.20890830648063927  0.22001222274670185  0.23100188170499797  0.24196800979696090
  0.25285629744503113  0.26384240311662116  0.27534799577093211  0.28727686262541879
  0.29909078308274634  0.31060634092448153  0.32196628038908381  0.33329752603981611
  0.34467091461535260  0.35594533285538105  0.36680697719290078  0.37728725707358512
  0.38758360680213411  0.39779705614377947  0.40804196599462234  0.41844918708665813
  0.42904656161070864  0.43959997385527927  0.44996170186215573  0.46032607948653609
  0.47069788992159350  0.48104828827161850  0.49148493206572341  0.50201244184613825
  0.51283206880528709  0.52361803719719247  0.53425106640190145  0.54485266126464538
  0.55552203400148015  0.56610808414132452  0.57649253733251238  0.58681004551204152
  0.59712731977178823  0.60732685150497223  0.61727601015642952  0.62718254625505487
  0.63703237649521083  0.64687568173863241  0.65668877706453810  0.66651558508909792
  0.67664800825604998  0.68676039438042746  0.69674084097328814  0.70651987272476535
  0.71660204044996190  0.72655718522141965  0.73667480267522412  0.74689284601925876
  0.75718548280549336  0.76738973787121645  0.77777543992438836  0.78810749885155018
  0.79837080098519742  0.80830712339618371  0.81842506827202210  0.82847181067687325
  0.83854454006910495  0.84858906507520937  0.85854314452861147  0.86926044848248341
  0.87992476802256170  0.89071951449465425  0.90123876958456428  0.91182996690989315
  0.92249721905976345  0.93343536600420907  0.94447579486178113  0.95556339391561584
  0.96671338276399787  0.97794588003612437  0.98898157187559499  1.00000000000000000
 -0.00332392658122898  0.01917451732635148  0.03589915312085273  0.04999639813360958
  0.06280029814794297  0.07501658851730417  0.08689897664229171  0.09815372352429148
  0.10906870001906634  0.11879609298619406  0.12856568716494007  0.13777257708217011
  0.14697711926424439  0.15598209832904300  0.16478457325156332  0.17389950281308003
  0.18306937297700873  0.19206010302635831  0.20079809661405917  0.20951437767526779
  0.21761309082944028  0.22576506425218634  0.23369623992925220  0.24188615578092593
  0.25001659245374314  0.25805359298413449  0.26591704296865781  0.27380832378358516
  0.28182015960513590  0.28976873104409356  0.29755706232387197  0.30531377143406541
  0.31320740948240355  0.32123979546965403  0.32928833229998838  0.33725381716553826
  0.34510839777105928  0.35285150793963616  0.36055157274866717  0.36831136845600831
  0.37610653286280837  0.38394728965869940  0.39186052359722512  0.39993086394308186
  0.40805989673114285  0.41611532451461042  0.42395168336024308  0.43175759044327228
  0.43947189462734237  0.44701093952142346  0.45469227471540430  0.46260332533629767
  0.47065713250915225  0.47858965934067466  0.48660397146163303  0.49462053623249830
  0.50268820112560308  0.51068264029483557  0.51859305850547610  0.52660214184550636
  0.53467851521525744  0.54294050235651126  0.55131263507529860  0.55974780991272310
  0.56818141218305451  0.57669285835010820  0.58535672915264458  0.59434477872881830
  0.60362715171504988  0.61293604643171939  0.62210419811608431  0.63133287489130963
  0.64078650434516582  0.65038142412022604  0.66013167569256281  0.66986429859070584
  0.67986996921461307  0.69041123431390528  0.70124677267026259  0.71222814331179451
  0.72321210127373892  0.73506723145915587  0.74750253130224042  0.75977318656666193
  0.77189643868011404  0.78474248674590130  0.79819611789135680  0.81237627869928575
  0.82741245401494556  0.84319596243246109  0.85924422982387527  0.87630379546142145
  0.89512826812523627  0.91669163887466032  0.94622080302777378  1.00000000000000000
 -0.02996024950550651  0.15106964168824163  0.20081398764385153  0.23289971809039306
  0.25761771055323957  0.27814873307945054  0.29612656818501959  0.31230541852696586
  0.32722444502840020  0.34136712526295121  0.35475788786750867  0.36738333224913677
  0.37923422887244662  0.39050674183608136  0.40135799204699396  0.41179786049723072
  0.42195703465036771  0.43190869948340821  0.44157874829548355  0.45077455898330177
  0.45943979869749957  0.46771698786990784  0.47595213514321250  0.48400675650275565
  0.49166124297733810  0.49903819650160303  0.50614621696305517  0.51311021586500249
  0.52017994176211457  0.52688949283113951  0.53361325325750675  0.53999620453868447
  0.54644324909064523  0.55266763415306208  0.55887313151313656  0.56506708977058240
  0.57125262818864198  0.57740133567397467  0.58341511587697570  0.58923251114675801
  0.59497980280059770  0.60069171320771442  0.60639635543211046  0.61212642335215950
  0.61779871859248958  0.62337846429572707  0.62892107964197741  0.63438668306539281
  0.63977613093542096  0.64517316318999951  0.65060485932890022  0.65596919447393409
  0.66125805028303253  0.66638507279039227  0.67137252192387942  0.67635154298965738
  0.68141215889325579  0.68658480056127502  0.69180365641349584  0.69707107103001786
  0.70233512120852282  0.70754296406055794  0.71268833521990493  0.71776938718195205
  0.72279298931932812  0.72778291352492475  0.73274137279015261  0.73771536674124816
  0.74276687384009632  0.74781143456972010  0.75293757022855545  0.75801323778491569
  0.76311863233316790  0.76821868525956349  0.77333809112702812  0.77851780400434512
  0.78374562005982795  0.78902010860990079  0.79441885056242989  0.80000657648556328
  0.80575974598534683  0.81166230779081450  0.81774029505428902  0.82396501317993431
  0.83029884871976123  0.83682323855229035  0.84361397740661970  0.85070748272346475
  0.85824815590433634  0.86644845537438431  0.87536690876991907  0.88547838638584397
  0.89721508012178519  0.91245915169882219  0.93712006134482995  1.00000000000000000
   3.2430480543378605E-004  -1.0000000000000000     
 F F F F F F F F F F F F F F F F F F F F F F F F F F F F F F F F
