  0.05286199647223153  0.05357364020521315  0.05458305028784869  0.05528088893494779
  0.05596382184487416  0.05660941746527191  0.05721633454551165  0.05780016759287297
  0.05837213318227405  0.05893084592544411  0.05948245019381411  0.06003128244440707
  0.06058143327392134  0.06113592551222800  0.06169210521531068  0.06224986246051201
  0.06281794813570989  0.06340142389698651  0.06398803652160455  0.06457520643713791
  0.06516319695840896  0.06575874812748791  0.06636724853915572  0.06696414338161542
  0.06756062816881141  0.06816569244196662  0.06877965290803444  0.06939627276420693
  0.07001359762160794  0.07063745896850387  0.07126202856832427  0.07188049398509974
  0.07250111941835698  0.07317927427974379  0.07384601580058867  0.07453540915508178
  0.07524949594705793  0.07597838125559242  0.07671091916230990  0.07745353189522175
  0.07822220645661870  0.07901398721254672  0.07980960151162306  0.08058912366084978
  0.08133454038798697  0.08206595780862121  0.08283034505575100  0.08363002984123823
  0.08444928862844628  0.08527907048342233  0.08610631941780296  0.08694883746975897
  0.08781253868410661  0.08869151402339844  0.08962516125583705  0.09057486300085649
  0.09154292908902788  0.09255939626209518  0.09362349881122259  0.09474903965819574
  0.09592951112178466  0.09714611828925787  0.09839005736066028  0.09964058146451854
  0.10092305877414469  0.10223026008092770  0.10358218059122799  0.10491652088842658
  0.10627413931864071  0.10764883329012888  0.10917797512279635  0.11080281532880273
  0.11244692090840411  0.11411965448313308  0.11590353917110249  0.11788792966761361
  0.12011014006189658  0.12253406752799197  0.12513591621977538  0.12794351781262570
  0.13083565491756000  0.13381184764683379  0.13701080408747862  0.14062959941257239
  0.14483456412189552  0.14940702004570366  0.15410593783957652  0.15924048934212298
  0.16474904056831516  0.17071262262658846  0.17836575376258074  0.18928299847323415
  0.20364660083008182  0.22335130423714183  0.26298817564289156  1.00000000000000000
  0.00024140817085942  0.00031535700922724  0.00036648656027488  0.00040799696682380
  0.00044242254094516  0.00047691481743080  0.00051451185865764  0.00055276822807468
  0.00058930110192185  0.00062632196104131  0.00066419903875859  0.00070227353893594
  0.00074359913598789  0.00078650484717115  0.00082876817600836  0.00087095298592135
  0.00091487801205284  0.00096040576623790  0.00100577978312506  0.00105163113182489
  0.00109903515547859  0.00115104376496855  0.00120271315578804  0.00125341288817764
  0.00130489618190047  0.00135914637554936  0.00141606296927599  0.00147655980909966
  0.00154006502712538  0.00160685011918290  0.00167573542323636  0.00174587574915333
  0.00181809957479011  0.00189159795097585  0.00196686689656374  0.00204274425326150
  0.00212066759788147  0.00220188169124568  0.00228525660150206  0.00237114895203347
  0.00246094679991795  0.00255501424247624  0.00265285140768656  0.00275522313230536
  0.00286257185504062  0.00296999430934756  0.00308754277917391  0.00320357088332088
  0.00333145952518074  0.00346614076325830  0.00360578153674061  0.00375290376898112
  0.00390497456554204  0.00405591932098348  0.00421736774167899  0.00437866748610666
  0.00454898538426921  0.00473053957599096  0.00491229489653482  0.00511203294439084
  0.00531573317894090  0.00553831960535325  0.00577025832438562  0.00601185718476368
  0.00626646704507677  0.00652982759634039  0.00681132039421490  0.00712099089849617
  0.00745458888636835  0.00781701470672726  0.00818020742931644  0.00856582932659198
  0.00896273408150321  0.00942132740647560  0.00989003479363356  0.01042587119341165
  0.01098448015459780  0.01167321419814331  0.01239113676343991  0.01317484957010814
  0.01405297955434963  0.01499999402330776  0.01601421924164121  0.01718523596324348
  0.01853141452883974  0.02009145139650979  0.02186012286332704  0.02383057315557818
  0.02618153687129797  0.02918899965655800  0.03308979541125880  0.03815511257663625
  0.04580958617833767  0.05898599008555511  0.08142302996367232  1.00000000000000000
  0.00018358888257701  0.00028451349086166  0.00034895083673927  0.00038523345029322
  0.00043112800635915  0.00047285330746642  0.00051470945836994  0.00055382110022652
  0.00059532833130848  0.00063994328350345  0.00068185187908504  0.00072288919999166
  0.00076316346368636  0.00080241421333119  0.00084287537086544  0.00088485788120725
  0.00093073587035566  0.00097863136262428  0.00102750653515513  0.00107793918900202
  0.00112954850504154  0.00117954778117421  0.00123120149355227  0.00128214135139331
  0.00133905136855573  0.00139730189416179  0.00145614992391282  0.00151541598391609
  0.00157671202591316  0.00164113694272642  0.00171063435237634  0.00178173317309948
  0.00185607633142964  0.00193284944358224  0.00201069256578095  0.00209127653569198
  0.00217338220268115  0.00226066414046755  0.00235305100673851  0.00244965321027417
  0.00255047609210007  0.00265330602269079  0.00275906963670201  0.00286793407588774
  0.00298007980652926  0.00309452459341533  0.00320824172347436  0.00332440164094978
  0.00344564114105107  0.00357761621181019  0.00372317008245687  0.00387483726759820
  0.00403020771245064  0.00419100908408888  0.00435923229568985  0.00453926163929525
  0.00472816795815501  0.00492545552590490  0.00514019234022938  0.00536628234847261
  0.00561012921892018  0.00586125554396211  0.00612162630930447  0.00639689731321198
  0.00668485389984759  0.00700498183728179  0.00734112319543211  0.00770639715799983
  0.00810578107011838  0.00852249147735383  0.00897443017182850  0.00947334322730746
  0.01000966043816888  0.01057156960601337  0.01117069580786541  0.01181260301784294
  0.01249670563988027  0.01323520454544503  0.01404141872431677  0.01494784956481707
  0.01595469598159152  0.01712254302997667  0.01847688850092172  0.02000437438929774
  0.02171038365444894  0.02368915811094569  0.02595035373249940  0.02868688081773164
  0.03193633992400276  0.03598156007862400  0.04155935835073055  0.04912264420787480
  0.05858593518043031  0.07398851062546066  0.69581519063730612  1.00000000000000000
 -0.00253295076881670  0.00865079301048220  0.01866854476347058  0.02874947661175532
  0.03881270999994541  0.04856669267588073  0.05830429901482737  0.06835070664001869
  0.07868509386383860  0.08915533018709032  0.09922288926152947  0.10923162225585073
  0.11913315813716450  0.12892193522469203  0.13871100464947650  0.14854930618017503
  0.15853905672290913  0.16848699811218321  0.17847254428023568  0.18872534234138980
  0.19966449533313685  0.21118271496737090  0.22298131786307404  0.23424962256034823
  0.24505742142180295  0.25571731162671746  0.26642476465345311  0.27699865334570328
  0.28757164505444738  0.29811484210790545  0.30858699595009292  0.31892575978478027
  0.32939969096158234  0.33994017397807202  0.35069080838615463  0.36134843947585110
  0.37236139667020668  0.38380923133060935  0.39550204566274588  0.40709691596441333
  0.41883903468812095  0.43058000134465246  0.44191438061127863  0.45269073181942532
  0.46365280273956505  0.47469704047848055  0.48548353355240825  0.49621526059089144
  0.50707539541923863  0.51797785090333659  0.52893017175974355  0.53951438353805514
  0.55072377272693496  0.56135445317739419  0.57213660366240593  0.58262888156888426
  0.59389703945003669  0.60496801957441793  0.61604231391299791  0.62719317075580294
  0.63878511389853132  0.65026763563220757  0.66136123743708541  0.67212139998547493
  0.68240891686109717  0.69283591633018415  0.70340005399032091  0.71483914417229943
  0.72632848853757492  0.73779072997419837  0.74917491686374182  0.76075432377916541
  0.77201917555843302  0.78303766873819991  0.79412097893324862  0.80546662448632200
  0.81667940474241707  0.82749457901729118  0.83804449190888608  0.84854011954248565
  0.85886596978015028  0.86852817036946894  0.87773402546004664  0.88670066672477710
  0.89566396669066850  0.90467662178042185  0.91395872470694295  0.92358483725176599
  0.93324855248854621  0.94271929966943790  0.95235885494245254  0.96178396192039495
  0.97134514323541610  0.98090945886697078  0.99060133884945190  1.00000000000000000
 -0.00213178321644205  0.00862207168915818  0.01808768354903426  0.02740194944253561
  0.03692827335213827  0.04689373622814512  0.05689792994463394  0.06703920813734285
  0.07716905742117547  0.08787288293742880  0.09912304002172981  0.11058283186938270
  0.12201967565729863  0.13354100551180592  0.14466576478194101  0.15499546807103481
  0.16505844273648018  0.17554802149852278  0.18585603591790226  0.19587576998945411
  0.20592931657997893  0.21678427735151140  0.22768603476098881  0.23823384120714819
  0.24866598702727005  0.25946541057699157  0.27007579075461913  0.28123996047330135
  0.29220987793923719  0.30351461446393158  0.31466807482587500  0.32564131920526773
  0.33674893518952570  0.34771447243415404  0.35847644897136682  0.36872525432839204
  0.37958830729184573  0.39093833038719522  0.40246316835330653  0.41380215889664701
  0.42506982536520693  0.43608690848351600  0.44628310104610741  0.45672913882710797
  0.46718245749847431  0.47756627376965782  0.48763920224071156  0.49769273063827191
  0.50803876535246439  0.51866731259761145  0.52915827550828543  0.53974250047140448
  0.55039637374966544  0.56053990609026094  0.57083824467122435  0.58098885298009695
  0.59126187278038855  0.60224127078423340  0.61296550729930677  0.62367655990668314
  0.63332863470232648  0.64333188225863869  0.65357494594690801  0.66390275006831345
  0.67411819073944412  0.68383907512098074  0.69387421385244674  0.70425420658988602
  0.71494994718066929  0.72554784658948557  0.73588386169720010  0.74612604314096154
  0.75625120920531785  0.76665949666654576  0.77732536110818240  0.78784172932949348
  0.79771953187832578  0.80730963722864713  0.81694880722651431  0.82674844116773949
  0.83687733039401357  0.84726466767864739  0.85790045195496223  0.86895624374326141
  0.88036695338703552  0.89221361023414580  0.90380743831796273  0.91517085961570666
  0.92608339828164143  0.93685302551781502  0.94774316840629991  0.95863487917235946
  0.96932010174140193  0.97970085109118210  0.98990737014330421  1.00000000000000000
 -0.00230161609917488  0.00872902636297590  0.01865421005441372  0.02914210651992166
  0.04024148014179244  0.05127026674514745  0.06165750747969119  0.07168230672796859
  0.08159136567340174  0.09162940561832628  0.10208740251125628  0.11273365018821671
  0.12357878206690691  0.13416834545269896  0.14471913802174413  0.15570174225864325
  0.16683204549435807  0.17824014801302773  0.18969541493883255  0.20130961953835699
  0.21275300101326508  0.22395653128215245  0.23549453240205770  0.24693572114434742
  0.25784808525774716  0.26846901588440936  0.27914584717434859  0.28966894861868558
  0.29961782820038485  0.30938412386225006  0.31914688271542457  0.32889436356000207
  0.33888341392328380  0.34878883387778592  0.35943199513198792  0.37047934345386713
  0.38153761330549280  0.39242681260606049  0.40290015161663562  0.41346905398036887
  0.42383422949966248  0.43404039952408424  0.44402956486842399  0.45390297161146387
  0.46408821083070528  0.47484038958339037  0.48594670398971435  0.49684705755041586
  0.50764016756066299  0.51846498011992126  0.52964937529404887  0.54113851019200776
  0.55255192951134080  0.56383932721877894  0.57500199351600279  0.58567750064974267
  0.59575170007611700  0.60581672660777330  0.61613003118591181  0.62637553959424919
  0.63615326916936166  0.64566442786403100  0.65541424619124278  0.66548710506518138
  0.67584998388642281  0.68643722833010101  0.69738568839624437  0.70823057722779736
  0.71902918005802152  0.72943998441085367  0.73953295462769908  0.74958509498847459
  0.76013897318967194  0.77076846891547457  0.78121316645188921  0.79144536056658521
  0.80197375038587670  0.81254939848128460  0.82282933555757465  0.83286524441927146
  0.84273201790224006  0.85265418121527659  0.86273094627883129  0.87321402857439179
  0.88424055523497824  0.89541780803888682  0.90603109878642929  0.91649808465901383
  0.92730921230263819  0.93817072318738826  0.94868709795434514  0.95871924103158601
  0.96869181336805832  0.97879492121827483  0.98907938079189195  1.00000000000000000
  0.06003035568862224  0.06047679303402484  0.06103395576086650  0.06166285926845078
  0.06220793354235756  0.06303840934580157  0.06405596076902093  0.06507556219271009
  0.06607726293712318  0.06707335037583304  0.06806436920672972  0.06904673870900474
  0.07002676555189294  0.07100724015019318  0.07198535687132518  0.07296197079756915
  0.07393529041182108  0.07491294422483609  0.07590571912211048  0.07689769131504888
  0.07787745594095352  0.07887303511393101  0.07988045455386451  0.08091943465383986
  0.08198877405534970  0.08304939404484216  0.08408940635453643  0.08511892105260765
  0.08614246782278109  0.08716218237547539  0.08816890828628796  0.08916882457969073
  0.09017952870126050  0.09121624371273918  0.09227907176839066  0.09334201133193760
  0.09442942092273042  0.09550143866325413  0.09656887965578950  0.09765198044754143
  0.09875920325923787  0.09988499770838281  0.10103392963992007  0.10220773868247592
  0.10338632069018994  0.10461406908090666  0.10597607878922921  0.10731677227939278
  0.10868048126793413  0.11007028109054537  0.11148023052409195  0.11290755669423612
  0.11434870616750496  0.11580871832584164  0.11730820983762735  0.11881296066011446
  0.12034333863661124  0.12187870639651906  0.12340802284618006  0.12508479917051518
  0.12686094859714056  0.12877336002316489  0.13069097470291310  0.13264296706552067
  0.13459484110204312  0.13662573800872055  0.13877050297578242  0.14108515099471294
  0.14339450017391023  0.14572013014652671  0.14810164497107384  0.15058300919906581
  0.15316350818194402  0.15591842971958911  0.15884732115476535  0.16189766171793379
  0.16512033959775593  0.16863483262191054  0.17244877611552434  0.17647351667474337
  0.18067854433185473  0.18518911378495581  0.18997808359843155  0.19564631649038283
  0.20161360243017512  0.20798260127551649  0.21504390667714759  0.22253248254247618
  0.23126357865278033  0.24161082081736845  0.25364615589038175  0.26870846087505135
  0.28972446572686250  0.31917670822339805  0.36558910859546112  1.00000000000000000
 -0.00237504126521268  0.00866486299924342  0.01770449502215407  0.02766647983540975
  0.03751148067585709  0.04682192995230689  0.05582824468810817  0.06517129218064292
  0.07495178231469309  0.08478468431015267  0.09465172921448302  0.10418231077559771
  0.11429482604102671  0.12447829635927884  0.13495060690081231  0.14530847087574972
  0.15551545297771913  0.16567102191102148  0.17576623426548263  0.18599948003949826
  0.19641995023370082  0.20712623861710605  0.21808442507600156  0.22893654479628309
  0.23968376654479270  0.25035650151697214  0.26080188660528797  0.27109611155832908
  0.28112166924358112  0.29126283217357513  0.30153774827422436  0.31191115979083889
  0.32267526095612126  0.33379462688431494  0.34554857620531987  0.35712526528442823
  0.36845650759999654  0.37971325423988339  0.39077391481580620  0.40190284090778167
  0.41305229344335459  0.42440447720758984  0.43564624648353995  0.44681514780333925
  0.45820178702505882  0.46995990923397463  0.48160693328162379  0.49294926509111520
  0.50405936004276375  0.51509286899088069  0.52606800427812950  0.53714778990148571
  0.54849682266087485  0.55988152248711265  0.57106215339098154  0.58231003790401781
  0.59321465815477936  0.60408301715408219  0.61488959280000366  0.62567130808204274
  0.63714878351605253  0.64896862478540385  0.66107896995619697  0.67233715576449005
  0.68332262666397647  0.69395189065964669  0.70419106006312027  0.71455264680570640
  0.72517294495541573  0.73583503651654636  0.74641596412414113  0.75699520231959483
  0.76764729787484987  0.77861226163420671  0.78972447176324845  0.80127465206643034
  0.81236260415129335  0.82359147970698221  0.83445158530800256  0.84445473302418861
  0.85437507039793514  0.86413940848758908  0.87391662653407165  0.88338925825029901
  0.89256211750414860  0.90201266088240906  0.91149714557095241  0.92149777609530514
  0.93170329046846079  0.94183360150936446  0.95174249911584841  0.96154172931089443
  0.97169639185735335  0.98131975245713299  0.99090326406726048  1.00000000000000000
  0.15610904708256704  0.16154834738438376  0.16890643696315186  0.17643248947661777
  0.18341021175094652  0.19012562449884593  0.19740549901970214  0.20465442128208566
  0.21162212539044525  0.21818750941718687  0.22470578101090918  0.23050476420219743
  0.23623265770526691  0.24207482495506763  0.24823243883525009  0.25405747061072004
  0.25948320691812055  0.26492094842812391  0.27025440696220215  0.27552158639227969
  0.28063254782817237  0.28569489960531597  0.29072315936211884  0.29565220012811266
  0.30035378622389625  0.30505233297163997  0.30977136324967414  0.31464541317853728
  0.31958788885097827  0.32443369300856073  0.32933736446328687  0.33415786332815484
  0.33887967037360239  0.34360180131477802  0.34834446836132160  0.35323835539800175
  0.35846449137125508  0.36386915295332978  0.36917450659995243  0.37440549853790556
  0.37956988173948175  0.38463376565055107  0.38984940396003848  0.39492977583259886
  0.40047253065502714  0.40583598610439786  0.41110502898396334  0.41634225396979224
  0.42159062962743282  0.42690952744185023  0.43234093555862380  0.43809927060660336
  0.44385590061649449  0.44963277962383641  0.45555621709547678  0.46123675021998239
  0.46684890270794660  0.47247818598875929  0.47809735774212009  0.48376229516402530
  0.48948531442654963  0.49521938166432222  0.50104883211361195  0.50697459241648579
  0.51294426730056275  0.51894685601107504  0.52493124921205303  0.53109468892338485
  0.53717120498774840  0.54347677124881066  0.54973308854744418  0.55603887846100020
  0.56237579134037385  0.56914727429616829  0.57607905379011692  0.58320186130725959
  0.59051070519523197  0.59800351661454287  0.60567989789721222  0.61367345861578881
  0.62191323156287559  0.63026311177110339  0.63891362991126799  0.64801767892703566
  0.65822558413193577  0.66871469011377505  0.67973636857998143  0.69146372542044532
  0.70405766218094346  0.71789710335231383  0.73370308725973965  0.75143115601994326
  0.77335267683919373  0.80113827782859126  0.84305178166303096  1.00000000000000000
 -0.02100404266439995  0.13732090036001571  0.18179129214788919  0.20899887695833722
  0.22957692507433322  0.24567267882885457  0.25909505426345197  0.27099365697909727
  0.28184943212738361  0.29187635757000285  0.30105394498893340  0.30968115814239677
  0.31759887381606572  0.32506197719422025  0.33235802829760214  0.33952363559440352
  0.34646969733482308  0.35302234738541927  0.35913031407159957  0.36496876225769798
  0.37071128448814172  0.37620918439247342  0.38146176764264772  0.38675975817291119
  0.39196492524927695  0.39700816612605405  0.40178281551050710  0.40650482931320858
  0.41129580947846844  0.41612767113858429  0.42071872250115971  0.42516506504054052
  0.42954610410288996  0.43384852128737195  0.43811362302645424  0.44245131019835926
  0.44687358420036755  0.45133585335038179  0.45581441201246942  0.46022959502671185
  0.46448568159918685  0.46870979430070986  0.47298185780265445  0.47731924698446565
  0.48163250067878882  0.48588532807491885  0.49009918158277094  0.49430220471699116
  0.49855050314164295  0.50276612442460922  0.50698668297585137  0.51116467061039828
  0.51528684215484677  0.51937980352673507  0.52353627525872637  0.52785885365695828
  0.53215505709510280  0.53645736975930292  0.54076762339471141  0.54520419950926957
  0.54979369033510672  0.55448057878949930  0.55923170363192209  0.56400303401179153
  0.56872620432824117  0.57340701092927093  0.57812889474375095  0.58291551708344491
  0.58782588292067650  0.59285663188764715  0.59785377914336224  0.60282997205544187
  0.60772163657027489  0.61271266394174617  0.61781062343711302  0.62315491266473788
  0.62892853044661856  0.63496955476175687  0.64106953764313657  0.64745461112334157
  0.65440162737484586  0.66194082389296216  0.66993372105911575  0.67850399315843624
  0.68731247430228248  0.69652664732163239  0.70630899985373530  0.71695178176916319
  0.72844733563815434  0.74063198862450863  0.75412359588793243  0.77010256716530379
  0.79003258421728040  0.81652666581510958  0.85881505430527272  1.00000000000000000
   7.5799269590646717E-009  -1.0000000000000000     
 T T T T T T T T T T T T T T T T T T T T T T T T T T T T T T T T T T T T T T T T T T T T T T T T T T T T T T T T T T T T T T T T F F F F F F F F F F F F F F F F F F F F F F F F F F F F F F F F F F F F F F F F F F F F F F F F F F F F F F F F F F F F F F F F
  <DiscreteSampler_grid>
  grouped_processes
  1 # 1 for a reference and 2 for a running grid.
  10 # Attribute 'min_bin_probing_points' of the grid.
  1 # Attribute 'grid_mode' of the grid. 1=='default',2=='initialization'
  0.0000000000000000 # Attribute 'small_contrib_threshold' of the grid.
  0.5000000000000000 # Attribute 'damping_power' of the grid.
 # binID   n_entries weight   weight_sqr   abs_weight
    10   10   5.248616166770854E+004   2.665219566894246E+010   5.248616166770854E+004
    16   10   5.248616166770854E+004   2.665219566894245E+010   5.248616166770854E+004
  </DiscreteSampler_grid>
