  0.01400592346951446  0.01479996835703925  0.01500164365176150  0.01517640513208619
  0.01534736277169381  0.01551496737065011  0.01567844821506017  0.01583276878117046
  0.01598134849392935  0.01612746814065509  0.01628494116931410  0.01646418491190232
  0.01664187526846422  0.01681142281722625  0.01697506162193970  0.01713779345366089
  0.01730010765368465  0.01746021932294685  0.01761606860434436  0.01776862346116494
  0.01791939837719328  0.01806895517961473  0.01820503820108478  0.01834345142716387
  0.01848817860310661  0.01863422199836243  0.01877956847232334  0.01892830951919419
  0.01907916989534583  0.01923613899175328  0.01939711274150041  0.01956294211154888
  0.01973745885278174  0.01991499803924991  0.02009416536994839  0.02027796326407323
  0.02046064186667253  0.02063530807184214  0.02080776178674277  0.02099331824408468
  0.02118703669140940  0.02138524410148464  0.02158180886596915  0.02178065187951730
  0.02198967768087578  0.02220962291377614  0.02244236092325180  0.02268893997909186
  0.02292300091440068  0.02315262859238003  0.02340565700089040  0.02367645593636475
  0.02394369775445607  0.02421052388720202  0.02448385375293154  0.02476020248601480
  0.02505428024338117  0.02536147812685647  0.02566637714949121  0.02596650920433434
  0.02625934261532793  0.02654905372527669  0.02684996955215810  0.02716544925506665
  0.02748494791050427  0.02780183762878239  0.02811101955086328  0.02844497670418799
  0.02878586089458177  0.02913968880660914  0.02949520564434830  0.02990472617794769
  0.03040392015748731  0.03095477643431323  0.03150991598430424  0.03205609085334934
  0.03261595602961172  0.03322907227655793  0.03386852971083480  0.03454195321760603
  0.03525449060355221  0.03604552454264127  0.03702792418781964  0.03819544999824867
  0.03949006802600629  0.04088581150730804  0.04251191409007459  0.04432221988508881
  0.04659566120022612  0.04941950136907506  0.05315747749279959  0.05807952111715370
  0.06396954795758709  0.07160743011820636  0.09507559322475342  1.00000000000000000
  0.01798624091662079  0.02465303328384858  0.02740583534935844  0.02944522079353267
  0.03076548496070138  0.03186325248661600  0.03297477391447707  0.03394113762023673
  0.03488821535425109  0.03595053692498305  0.03705591567970820  0.03812727032636147
  0.03918754320816518  0.04018874342001727  0.04115632959468501  0.04210191243887922
  0.04311100900740583  0.04410889764865513  0.04510567576346658  0.04611521254069668
  0.04715938914430294  0.04819953040725206  0.04919417718513984  0.05016701293780099
  0.05107375024274328  0.05194904867714500  0.05286424947969868  0.05383450002213923
  0.05478972160865412  0.05569971487256387  0.05662482652073990  0.05756257708705180
  0.05852904760955191  0.05948208830164368  0.06040372192656853  0.06135020762012817
  0.06232332091160475  0.06327313673075291  0.06435731977260099  0.06545667563521249
  0.06655466283837212  0.06762612088424182  0.06870546097001162  0.06985579781375466
  0.07102332604901875  0.07214868938676082  0.07324392809662032  0.07433027374843403
  0.07546146553007801  0.07666828132305054  0.07780617322553444  0.07889498616422938
  0.07998690186914655  0.08110910599141408  0.08225994777700113  0.08339111964073526
  0.08450391705279321  0.08568037212601078  0.08700422320082543  0.08842834088534622
  0.08990871241700686  0.09145926060613058  0.09297204383203382  0.09437736783654566
  0.09574271573341013  0.09719823180376279  0.09883866354523679  0.10036795044930499
  0.10175951920049933  0.10313868613094899  0.10451087391510563  0.10593878067978202
  0.10748743139583508  0.10901569330020623  0.11051713132186421  0.11203840514403310
  0.11367942729323620  0.11544089589022737  0.11741714021268410  0.11940012007304752
  0.12165332431334692  0.12461579643599889  0.12860248996233639  0.13371781920016537
  0.13996009329296213  0.14606605303987505  0.15158055783269000  0.15656114840615673
  0.16183582288042711  0.16757606855873047  0.17443115953878532  0.18430046400607733
  0.19665411052496726  0.21455606534397956  0.25274089607518885  1.00000000000000000
  0.00126575772527889  0.00769621620263605  0.00884863358771608  0.00967327441893106
  0.01041514993981465  0.01121182151543158  0.01192343867848366  0.01252520880485922
  0.01315466650977084  0.01376173983544264  0.01430841639228750  0.01480447316314963
  0.01523018656474513  0.01566231361885850  0.01612755897683337  0.01661070931638251
  0.01710196536026543  0.01756359888247069  0.01800062556281098  0.01843304665869352
  0.01888766695787416  0.01937125983347633  0.01985859320225761  0.02032903805639025
  0.02077342340458072  0.02119867842001222  0.02161572498821406  0.02202877107397174
  0.02244146045207056  0.02285864086585756  0.02327209709270414  0.02367251213888620
  0.02406702812742354  0.02447981145264895  0.02494293365996549  0.02543393429486529
  0.02594392277735253  0.02645525356933309  0.02697045125218098  0.02748139446579018
  0.02798261627708279  0.02847470408535668  0.02896614589874462  0.02946246879937110
  0.03002097848105016  0.03060836560513810  0.03121024837674150  0.03184716844412907
  0.03252559726224475  0.03317342403353157  0.03389254941826774  0.03459568864076139
  0.03529064412954777  0.03600931182267351  0.03671794948685561  0.03738421596115951
  0.03802340990142820  0.03867778630003380  0.03933083250035304  0.04003908240250315
  0.04087882588950446  0.04186177782671134  0.04286873990888591  0.04390803830944447
  0.04484783787364820  0.04561500050062012  0.04640565760042004  0.04722034489088994
  0.04804457441981008  0.04889037186843394  0.04982774069016848  0.05079379609900596
  0.05197107695664665  0.05349111151424253  0.05499889804066043  0.05644644802000552
  0.05800771061400022  0.05992595485972289  0.06208003167246024  0.06450212696559154
  0.06700144219631049  0.06954646564364786  0.07243577242859761  0.07536639507420083
  0.07869682335919524  0.08218952861910436  0.08605234690625245  0.09062244288573222
  0.09626262861263199  0.10226667155424678  0.10788420229150615  0.11529298165518904
  0.12563454547175654  0.14038945126096103  0.16628256956678394  1.00000000000000000
 -0.00804234327650899  0.04706817277590980  0.08262196515334611  0.10992329280919083
  0.13022764802246525  0.14903918727844537  0.16596232764956431  0.18100336040846812
  0.19514848193112672  0.20873700645603543  0.22147067987317523  0.23335111210560028
  0.24422308651715960  0.25419886093008542  0.26290192722235228  0.27101694239185603
  0.27883552034410258  0.28707862823112684  0.29505329116850909  0.30237095595823760
  0.30934449430412342  0.31662875288551096  0.32479241710728896  0.33278205098397673
  0.34065331839626484  0.34880006219122606  0.35696624056920617  0.36458306049748196
  0.37256934220955334  0.38031720571289546  0.38765029937915618  0.39470868157209571
  0.40156403578168187  0.40828144400487265  0.41485473919611693  0.42115428122759696
  0.42748087392220019  0.43389879286097915  0.43980164178850290  0.44527119786966901
  0.45085592318947837  0.45663562478406156  0.46215398788697376  0.46793584028015950
  0.47311120853510086  0.47802527622868796  0.48257263343122858  0.48717290587521017
  0.49206651718470357  0.49783359667160021  0.50457098628637609  0.51125657184894391
  0.51752788546452944  0.52394512985378483  0.53064715394210515  0.53749650834741747
  0.54413258903964656  0.55025530646634979  0.55641581062751511  0.56240622007334728
  0.56838566538680380  0.57441175745659034  0.58089103026963274  0.58762979553009143
  0.59377016976111785  0.59968079695697385  0.60580050623092030  0.61239994389379060
  0.61966827566261362  0.62694428669255309  0.63537567885509105  0.64304838994383862
  0.65028326716075135  0.65670910352870859  0.66323281631962450  0.66968075792745552
  0.67663349230088121  0.68422443592512239  0.69150276784318088  0.69888938215720864
  0.70692275724675491  0.71688735124887448  0.72721025588678434  0.73716179935171533
  0.74827966349428310  0.76188910693119094  0.77695155638959545  0.79185242264469746
  0.80713747091428645  0.82261427741064930  0.83948352399578763  0.86022459608985991
  0.88684970241278271  0.91789113025312274  0.95475390062129817  1.00000000000000000
 -0.00234668035312605  0.00798220879577952  0.01770180899292547  0.02810741203178894
  0.03939927161457833  0.05033728407553545  0.06107764468231570  0.07188517154383380
  0.08322853148196967  0.09621501227622994  0.11091742235534373  0.12420885946696415
  0.13504392235655316  0.14456160493269665  0.15585471647578131  0.16765319474863019
  0.17853281195160875  0.18855862897772427  0.19880458366484191  0.20960131848169769
  0.22178359068803782  0.23380483082946169  0.24495325455012879  0.25614215356010234
  0.26690208540032984  0.27593872953613363  0.28400094625587008  0.29241501960994914
  0.30236678539439632  0.31340840562221817  0.32431210322116311  0.33498739639430902
  0.34469635590295922  0.35378545967775471  0.36337981362822763  0.37412931643548486
  0.38566394485017186  0.39839679591760740  0.40916465591673890  0.42033266979198142
  0.43213061028559069  0.44403021453024982  0.45539959078602149  0.46679150033619310
  0.47888307524539953  0.49093080645421627  0.50338505518602317  0.51512225824035807
  0.52683001343815539  0.53892263086491921  0.55092337992586726  0.56283469071224046
  0.57427344715133266  0.58532310816030719  0.59573097061047897  0.60607765771164179
  0.61434422228332641  0.62225255263502788  0.63043421973270741  0.63910606428447325
  0.64833892701994422  0.65848496676177359  0.66942545545824428  0.68105561584924701
  0.69178676032348607  0.70175097853893176  0.71237497725811383  0.72467448596763517
  0.73578214628770489  0.74581181914879802  0.75398718563702138  0.76143731037160156
  0.76916898575473380  0.77695440605662558  0.78497559999601130  0.79287715409027537
  0.80155873684445389  0.81024099771361069  0.82206325700885019  0.83521375824640143
  0.84765892046150892  0.85836057556813339  0.86769408949738214  0.87692690232052284
  0.88638034432746959  0.89630654772096174  0.90641656187302744  0.91655133562272972
  0.92729163442100648  0.93820941072804054  0.94858901750265245  0.95880430662349003
  0.96961077826054720  0.98030733296414230  0.99019244267257611  1.00000000000000000
 -0.00960168515377936  0.06623655909793157  0.11820290884947286  0.15319446471183737
  0.18161450197067297  0.20099686184476404  0.21686226090726146  0.23163389603924442
  0.24548064027458094  0.25762436841399083  0.26791817725489370  0.27741090815474595
  0.28677307795841689  0.29608707116887295  0.30501613923286203  0.31367546666685409
  0.32245701590430781  0.33102564829339032  0.33931136084339208  0.34686241148936631
  0.35401264484570560  0.36083953524729168  0.36710133116498195  0.37307043225847397
  0.37884838549601468  0.38429825304152004  0.39023149378425892  0.39634825072416074
  0.40257171802535641  0.40895515969163088  0.41517759213636740  0.42145566489545383
  0.42807407712096507  0.43488844004853328  0.44149684520036103  0.44758039272444600
  0.45318268914590026  0.45827071977570061  0.46289635227103015  0.46723950911536377
  0.47159588814382514  0.47599082833087375  0.48018753218725563  0.48445146337112599
  0.48884307630719664  0.49312673781029043  0.49731319498303583  0.50178192388774401
  0.50663292719234654  0.51171812986686560  0.51665924996661616  0.52144752630671343
  0.52644115600071972  0.53128910119914663  0.53630459800428931  0.54134191528923137
  0.54676547977928591  0.55239812715432879  0.55804964908596366  0.56361595733317826
  0.56939426067350274  0.57528659384889647  0.58107886443382950  0.58663408990160881
  0.59222880032140857  0.59820593081444629  0.60435120236803896  0.61071617761832031
  0.61691595057501847  0.62296355117580571  0.62872979170522725  0.63434790936806684
  0.63993175487308662  0.64536867103807849  0.65084113201561333  0.65661633986247214
  0.66261743892008240  0.66885462616336322  0.67552113149980342  0.68260021264339987
  0.69016816809755288  0.69896955523950388  0.70829140918058009  0.71893032677670587
  0.73020719820023949  0.74256218569085020  0.75583485089595215  0.76946976342814899
  0.78369073859581040  0.79898272113165225  0.81615834294142675  0.83673690329563677
  0.86293274427481348  0.89368524026926421  0.94018917492141063  1.00000000000000000
 -0.00409435153312430  0.01263290472324633  0.02558930813035073  0.03751168491373175
  0.04928730029016808  0.06128741215752737  0.07417830349628232  0.08677006401200969
  0.09819064236524730  0.10858096383453951  0.11875207023193614  0.12901059053408101
  0.13922552511377864  0.14890498957960613  0.15879902554619707  0.16899134988349965
  0.17943481729663208  0.18913457873922468  0.19741265118719667  0.20549293768532628
  0.21408545207738167  0.22313176765786458  0.23202644845700590  0.24085870433374679
  0.25000595566649536  0.25975871290733105  0.26826024842589896  0.27626638356682570
  0.28467903324890181  0.29313918960212115  0.30194347945504008  0.31044801825323115
  0.31993291840041249  0.32993945921847312  0.34012812406584364  0.35068555190697248
  0.36152318566683322  0.37224809694386685  0.38342125933883164  0.39485081549334350
  0.40725932060976311  0.41943483824257438  0.42913671000976700  0.43909584337183266
  0.44856377020346827  0.45826912350048460  0.46803806200413611  0.47740178459071608
  0.48756039478807045  0.49863739927500034  0.51029089711779507  0.52213128590479330
  0.53440104314332926  0.54650290505344690  0.55804445828743632  0.56871435829016004
  0.57836863831029395  0.58890762808561414  0.59961180387337609  0.61026985760276609
  0.62102541885110518  0.63235276226434611  0.64451680349023466  0.65729436434419652
  0.66962598522134176  0.68188600124377763  0.69277854011742523  0.70376610827491781
  0.71489850580258441  0.72709297295147202  0.74099655672731957  0.75493285181653391
  0.76815470570513167  0.78066542790340954  0.79267255483340393  0.80498506578004414
  0.81569763838024412  0.82434980559370419  0.83339274602653690  0.84248025855988362
  0.85194946234011537  0.86164614221102664  0.87213003359367613  0.88462504931089148
  0.89785534491168995  0.91021479464567878  0.92127192141635128  0.93178168181104959
  0.94192257409989377  0.95070664819717110  0.95870609021553443  0.96614528112596187
  0.97423171293717148  0.98223285455304687  0.99092794927504690  1.00000000000000000
 -0.00204193802471446  0.00766692570277261  0.01724494189766764  0.02707906456880548
  0.03777598822988230  0.04749853976184134  0.05731711558347499  0.06722860194445403
  0.07748301686183842  0.08775737439264343  0.09846833179769897  0.10964893314952576
  0.12117294696555264  0.13336552457800016  0.14474683992006696  0.15549076724443897
  0.16517543675585825  0.17390532145095799  0.18346864609345981  0.19295674905337293
  0.20268254031361976  0.21289210540649378  0.22331016072644336  0.23414130611642733
  0.24545981838364572  0.25676243078228828  0.26834997495315122  0.27970406907573742
  0.29032786694000545  0.29991563234000573  0.30903871223999441  0.31862371854748900
  0.32868924539747996  0.33872176941136756  0.34866758863124259  0.35924424122806603
  0.37071996585079026  0.38204159514402514  0.39316666486131063  0.40459615308415298
  0.41573403013957816  0.42582556780597336  0.43461219449658789  0.44353224707186900
  0.45306985338969974  0.46377810486982596  0.47445953206896008  0.48639192403803583
  0.49876307283127541  0.50969289431690556  0.52066732137951521  0.53119111387270190
  0.54104824324340972  0.55073363033691458  0.55979477650243115  0.56959567100331654
  0.57964415963740623  0.59082495381239775  0.60286269416580840  0.61579681064314173
  0.62876346857009147  0.64108464323364800  0.65184269733091471  0.66187314714979106
  0.67248654806854291  0.68275764759533542  0.69244118710136515  0.70195846296288711
  0.71226323583190576  0.72374691725908524  0.73599812032727241  0.74843678594761631
  0.76070451703517350  0.77274409902007535  0.78503636314904224  0.79604234880072311
  0.80651045023149648  0.81568661877295146  0.82456764693394657  0.83383535053489255
  0.84417269308190657  0.85361550709787493  0.86244799084758894  0.87112119698974633
  0.88177207313999550  0.89347942738802211  0.90517597346619982  0.91596785586570184
  0.92710359084326399  0.93781654544539339  0.94805304617539998  0.95812426390553451
  0.96831479101959461  0.97886237747543126  0.98949439071287570  1.00000000000000000
  0.12861008552370562  0.24809777414935982  0.29811435719835366  0.33129334599313087
  0.35906625402869574  0.37777153175607414  0.39440933323121108  0.40867298402492003
  0.42122580192488113  0.43345000529793987  0.44503741169990380  0.45612828483790002
  0.46667668465377649  0.47723073474704519  0.48557360293108393  0.49374259675569276
  0.50162312216204596  0.50882247703576511  0.51574944147109514  0.52229331294493686
  0.52836793903050061  0.53417469544164486  0.53972587907804115  0.54537863803296249
  0.55143908366179628  0.55778141388035074  0.56421458671900437  0.57065719177236451
  0.57641054367424815  0.58239980109362410  0.58807400986564717  0.59357044943965787
  0.59900890904079107  0.60408537054249911  0.60867922950024578  0.61296460353551419
  0.61713939417619001  0.62117982017837903  0.62497240006385379  0.62873278289820766
  0.63253067775465555  0.63644103270950081  0.64025827657555401  0.64415652130254564
  0.64803811935778521  0.65165580316305405  0.65515833513348909  0.65842760632481268
  0.66170075491236191  0.66502010598880379  0.66844504823074569  0.67194331908691896
  0.67547390912290206  0.67902613756465169  0.68261148266048077  0.68633087938403170
  0.68973600557970283  0.69299019324767408  0.69618045767324610  0.69945286437227017
  0.70300153986966618  0.70688287155778617  0.71094920519706273  0.71463164030684989
  0.71788335079812526  0.72095923466996947  0.72410637145729373  0.72734411523415043
  0.73070394444097453  0.73425661251945995  0.73789000131448934  0.74158475110820121
  0.74526938216262562  0.74898485045250240  0.75311814795718990  0.75723011604619872
  0.76123786664434945  0.76511176585116814  0.76904331834092376  0.77316514593029506
  0.77754238189588487  0.78211125373529322  0.78674397044534761  0.79165474912231559
  0.79733764240005411  0.80340117668404654  0.80962174305711632  0.81636639010488865
  0.82428499240712483  0.83242889273303999  0.84167992253621615  0.85155517889227361
  0.86486840532627096  0.88251909445074872  0.90944013096272003  1.00000000000000000
 -0.02189821781876655  0.13879394762447086  0.18250754321391799  0.20811482465588671
  0.22757280232897520  0.24250874812128398  0.25548175650925070  0.26709254266980959
  0.27708069463237739  0.28666749650165546  0.29662640205658425  0.30596736377379680
  0.31405645090069395  0.32192003753885484  0.32999532991666330  0.33867110518622812
  0.34724873298389985  0.35497959539026119  0.36188422612875931  0.36812757243123473
  0.37504148540408433  0.38077804428964040  0.38635141394756611  0.39198824109972763
  0.39720507887760947  0.40200621776755890  0.40671988601627740  0.41130272016402758
  0.41563694756165320  0.41972232776999630  0.42360621887023236  0.42760668573260263
  0.43161254251808157  0.43571814760983263  0.43986158996189462  0.44430114101470081
  0.44863944616474932  0.45302472544956596  0.45750896291920490  0.46230129972327227
  0.46714941619359324  0.47185890080005555  0.47652712300517586  0.48137781594618545
  0.48637667864289580  0.49114887661522078  0.49574356487580368  0.50018620580026929
  0.50500629219200843  0.50991407445685277  0.51484213591330164  0.51962529121778211
  0.52392695151045321  0.52749626016756823  0.53103990622532837  0.53469956704638211
  0.53845012683884674  0.54292025902499053  0.54776543805183453  0.55277108582569146
  0.55754351196066754  0.56191595908945113  0.56591362742424189  0.56978949465778927
  0.57371592132473148  0.57782410883039070  0.58238902385463287  0.58748943029663603
  0.59285517469907667  0.59786662848858030  0.60287102945193760  0.60800711542334951
  0.61290538217818791  0.61798529332010410  0.62289347300961895  0.62877043161376533
  0.63483470505446926  0.64038797309708773  0.64612113190968667  0.65216989554192395
  0.65865136338195207  0.66552510114177432  0.67242399318616575  0.67930397446732482
  0.68733195657599377  0.69630506854739538  0.70577573064762056  0.71589420668186332
  0.72685368810447981  0.74055093888528645  0.75622499441780200  0.77397604625578209
  0.79402627734151499  0.81843225427962518  0.85830890876009025  1.00000000000000000
   2.2804782583988092E-013  -1.0000000000000000     
 T T T T T T T T T T T T T T T T T T T T T T T T T T T T T T T T T T T T T T T T T T T T T T T T T T T T T T T T T T T T T T T T F F F F F F F F F F F F F F F F F F F F F F F F F F F F F F F F F F F F F F F F F F F F F F F F F F F F F F F F F F F F F F F F
  <DiscreteSampler_grid>
  grouped_processes
  1 # 1 for a reference and 2 for a running grid.
  10 # Attribute 'min_bin_probing_points' of the grid.
  1 # Attribute 'grid_mode' of the grid. 1=='default',2=='initialization'
  0.0000000000000000 # Attribute 'small_contrib_threshold' of the grid.
  0.5000000000000000 # Attribute 'damping_power' of the grid.
 # binID   n_entries weight   weight_sqr   abs_weight
    10   10   3.204272217967626E-002   5.957761298875907E-003   3.204272217967626E-002
    16   10   3.204272217967626E-002   5.957761298875907E-003   3.204272217967626E-002
    22   10   3.204272217967627E-002   5.957761298875909E-003   3.204272217967627E-002
    28   10   3.204272217967626E-002   5.957761298875907E-003   3.204272217967626E-002
  </DiscreteSampler_grid>
