  0.01400220881150045  0.01470564286680669  0.01503349852066620  0.01526001827834709
  0.01545820075891537  0.01563542907941954  0.01579793647179592  0.01594983302687292
  0.01609455791963553  0.01623835804798714  0.01638546274290901  0.01653361571938044
  0.01667978458753052  0.01682212990597762  0.01695989023997353  0.01709359140542862
  0.01722484164926585  0.01735574802072494  0.01748376591101490  0.01760781788813892
  0.01773270532866957  0.01785849596034419  0.01798539227809971  0.01811231678404336
  0.01823868418970807  0.01836205192223645  0.01848813533135244  0.01861669899892268
  0.01874798652413797  0.01888090336673888  0.01901361678400749  0.01914661893380024
  0.01927884717089373  0.01941493198379919  0.01955153424956968  0.01968739608810453
  0.01982906899095041  0.01997473062752395  0.02012416672988160  0.02027543053972480
  0.02042662765183216  0.02057839991421606  0.02072890116255108  0.02088110528902142
  0.02103719944866646  0.02120355133331750  0.02137188897460518  0.02154122141297945
  0.02171480911532118  0.02188970972687244  0.02206740402402666  0.02224969133501142
  0.02243502195536744  0.02262570394047208  0.02282206341861226  0.02302119922554830
  0.02322565502525844  0.02343780832839667  0.02365693505269314  0.02387762401600825
  0.02409660791854498  0.02431924952461866  0.02454520405659362  0.02477937784617222
  0.02503270166073037  0.02530615833918094  0.02559000596705498  0.02588627490418443
  0.02620183515207273  0.02653039362633642  0.02687717422226581  0.02724826068900619
  0.02764262831337088  0.02805382194879844  0.02849489894793480  0.02896475447300023
  0.02944751473832072  0.02994979458931524  0.03049117179193370  0.03108026469364820
  0.03171782180749321  0.03241385851131389  0.03318724388313608  0.03403282565355758
  0.03497420496666602  0.03599379163651060  0.03719332835375780  0.03872121585634897
  0.04060227386203773  0.04292265586679930  0.04628570181491517  0.05122442939992614
  0.05939854461102460  0.07815520586665076  0.64569214853416212  1.00000000000000000
  0.01498725310442127  0.02733374229791772  0.03109110411431922  0.03359002145572503
  0.03564241300966151  0.03726797160403493  0.03878893348348552  0.04022648417822410
  0.04155034854103318  0.04285407316233509  0.04417805807318921  0.04545795521960126
  0.04668426829534384  0.04785360879927710  0.04897844159926024  0.05006539024330555
  0.05116494723591030  0.05226886886690011  0.05336618671271049  0.05444697265542076
  0.05549643702584353  0.05651078342245961  0.05748344048463154  0.05846666864128187
  0.05945683502009212  0.06052505066826502  0.06159023675559604  0.06265733508145310
  0.06377784972208049  0.06494167286689437  0.06608294278862528  0.06718711590133956
  0.06832057548880754  0.06944031402129131  0.07055580919002027  0.07168577483643103
  0.07279687008979929  0.07388809160680045  0.07500076627896153  0.07614984110656320
  0.07733234466837191  0.07852881186661209  0.07972386295033614  0.08090465011603590
  0.08207669226828564  0.08325589420990505  0.08446976111487328  0.08571952097890537
  0.08696890688091832  0.08821514675622852  0.08950228958718712  0.09082789435909264
  0.09218593987911512  0.09355490310866013  0.09490457789364097  0.09625266786285956
  0.09762334920113810  0.09902439499838338  0.10046718912727751  0.10198438277053011
  0.10357984684698897  0.10518182871068996  0.10673725843661497  0.10826302189875851
  0.10983083030012611  0.11150476727292954  0.11329215999343875  0.11518381849195865
  0.11718019907116346  0.11925451117640233  0.12142521206482935  0.12363270799012482
  0.12591987134012916  0.12832989361216049  0.13091397729342327  0.13374442414502158
  0.13666671688654414  0.13969203696719384  0.14277134572520675  0.14618155792308024
  0.14998074170077769  0.15380740978006943  0.15784885616023295  0.16217071997072777
  0.16684981114858852  0.17207232533388098  0.17782887926380564  0.18382287323520524
  0.19006347686519381  0.19763822201105377  0.20650560563050246  0.21629604510344208
  0.25107556695043964  0.37033724980138011  0.75525367099866725  1.00000000000000000
  0.00106234106133845  0.00747504079936592  0.00891921340536972  0.01011761916850128
  0.01108136123929930  0.01192188411549352  0.01266355485588818  0.01333901681617698
  0.01397437691865421  0.01458187755947885  0.01515738251741959  0.01570500323291499
  0.01623528934657896  0.01676111379068896  0.01730229959615303  0.01785614504809319
  0.01838730386002064  0.01887662050647753  0.01934410213580201  0.01979212155126741
  0.02023421656426751  0.02067844080475804  0.02112501065179502  0.02157673154536549
  0.02201960400744573  0.02247586167966653  0.02294532495033841  0.02341651144602329
  0.02387497379935721  0.02431651255656314  0.02475242078738929  0.02518851886697671
  0.02562816654275894  0.02606789968480022  0.02650914914352891  0.02696437380293520
  0.02742903582871464  0.02789056548901716  0.02834873208396079  0.02880849606234490
  0.02927602601562085  0.02976123166766226  0.03026508978429850  0.03078860836561980
  0.03130273184642463  0.03182319243053466  0.03235969134858396  0.03289733334339676
  0.03343237168772819  0.03397016993263114  0.03450268859437035  0.03501637023353302
  0.03552216409876834  0.03604811137957403  0.03660674446596189  0.03720242692315059
  0.03781470417530870  0.03844741185856908  0.03910489511296038  0.03978653591559134
  0.04049163360333106  0.04122323073723677  0.04198641886985233  0.04279901641690433
  0.04364791381603716  0.04452620708850281  0.04545495588374359  0.04643847052711929
  0.04750374917535491  0.04860170228649612  0.04965503869474036  0.05065349009293216
  0.05169614374275591  0.05282985596033642  0.05408874255604871  0.05543527913882099
  0.05671960505388882  0.05817446401682674  0.05988232567305285  0.06161837328522109
  0.06338577231198300  0.06531537520732819  0.06759186720517694  0.07017091200364516
  0.07281556154553703  0.07558531645783693  0.07890335394753484  0.08308469951527411
  0.08791171141149923  0.09343321205983275  0.10003014703597828  0.10835309878168144
  0.11962673796619805  0.14675120349635870  0.75026957643135128  1.00000000000000000
 -0.01283101800031322  0.05701873978686193  0.09791361925666980  0.12727183771925105
  0.15103548064326688  0.17136185509788440  0.18856057438450105  0.20382076842108063
  0.21782812735521340  0.23113636434616039  0.24390613549404533  0.25611847642081381
  0.26798237581102557  0.27947636731880487  0.29037269297276619  0.30051088944346444
  0.31006914360236010  0.31929624255988964  0.32824437609828744  0.33687383753163169
  0.34500092256348053  0.35253173381234043  0.35959766199999704  0.36646859403045579
  0.37328949503307240  0.38012893086849153  0.38680866351312215  0.39335159012628684
  0.39961498499638554  0.40568095377791186  0.41166285600668395  0.41777095635402195
  0.42390004455777375  0.42982509641761901  0.43558543107918046  0.44126675285029904
  0.44707410950496790  0.45278419243257295  0.45882899016414913  0.46497420390763022
  0.47113492235179733  0.47721862023262651  0.48323905652004573  0.48912835144169148
  0.49487984193884160  0.50059632244194940  0.50627124070866081  0.51194153619828686
  0.51754505941266782  0.52311365720154990  0.52864026608506010  0.53434862985706144
  0.54014845838364600  0.54603658326776472  0.55194823929555681  0.55792024310494248
  0.56386275631060867  0.56963997008954204  0.57533785639807755  0.58108616425556292
  0.58693524954978771  0.59290093966052615  0.59892698367695862  0.60496381795361709
  0.61101266411609034  0.61706251646272903  0.62317908360468954  0.62940690856325388
  0.63567904505609552  0.64193247165620981  0.64809682107755284  0.65428434911250777
  0.66066496794017904  0.66740609995131273  0.67451885537935985  0.68179618724079960
  0.68913473658642188  0.69667851794728552  0.70435373323432937  0.71208535397557948
  0.72016706933968899  0.72837321908370301  0.73661880325777096  0.74491972419528751
  0.75492595666735418  0.76647801360114121  0.77841030624680285  0.79081632783057554
  0.80459627527568278  0.81995745951481913  0.83752169459718140  0.85743179119409829
  0.87953745219685686  0.90484469233280795  0.94480838266008338  1.00000000000000000
 -0.00235496371362163  0.00908797661678034  0.01954245186359663  0.03027367858367825
  0.04132459297397802  0.05261930703282023  0.06448519054561655  0.07657288130413518
  0.08823067500171074  0.09926948871670264  0.11008130043316966  0.12078120606188533
  0.13134492608070811  0.14204373681624713  0.15311131408255876  0.16423202516420196
  0.17523367509440690  0.18596597371698817  0.19620887143541532  0.20595305904103775
  0.21554110806622878  0.22551428446721009  0.23575793930147568  0.24574598085715346
  0.25571817743404762  0.26550151469766631  0.27533969690012750  0.28539462748623490
  0.29557903922886591  0.30528184152803978  0.31439806524256425  0.32344131874946341
  0.33276099564923367  0.34264438374128037  0.35267402331045716  0.36227007003070472
  0.37168272661873375  0.38143625905395356  0.39134526040747925  0.40123043697550526
  0.41126769403280444  0.42116932403531360  0.43116984666964764  0.44168210482138226
  0.45325082538559097  0.46373533200924016  0.47341062858256500  0.48305774569771776
  0.49296177265987062  0.50334722522117847  0.51375952660486790  0.52405281780497892
  0.53466127140344533  0.54533779191905796  0.55584987064009295  0.56642941136655167
  0.57691353442011306  0.58719275644354496  0.59751202768427281  0.60820848859089760
  0.61924446490908336  0.63025561694109800  0.64119235338187452  0.65167776822928403
  0.66207501194749951  0.67252440081108977  0.68310317633369944  0.69379892534191800
  0.70479795084768293  0.71622291228262103  0.72793159365003890  0.73941074279967001
  0.75042653222133526  0.76127722070428450  0.77198437115218410  0.78275006935267899
  0.79370698637749415  0.80483121737555541  0.81607226541752576  0.82729585229664804
  0.83847957042891741  0.84984273418537115  0.86123465878213945  0.87252328341062813
  0.88364754053986949  0.89448814570076807  0.90501484553840816  0.91526888651105986
  0.92562339519372216  0.93661388284375091  0.94759258217505538  0.95857001140145048
  0.96941148316142589  0.98000458456755923  0.99036286716198962  1.00000000000000000
 -0.02232957505594743  0.09843585927277401  0.15019382669054931  0.18395973580164418
  0.20840971351609061  0.22701867980199331  0.24340656751917603  0.25751195583938552
  0.26985719433818806  0.28137002154349477  0.29215852181451685  0.30198838479757167
  0.31071148480570937  0.31884504412804093  0.32649851235664590  0.33391565534468143
  0.34089297443884314  0.34763416583822010  0.35416166828169443  0.36037248608365879
  0.36623205475237525  0.37185702882710109  0.37738817783066991  0.38291926889451194
  0.38850630147176757  0.39410113899004323  0.39955108053662053  0.40473410649142244
  0.40971668749630852  0.41459187290738525  0.41933870141543206  0.42396567022804821
  0.42853032115031131  0.43304535778457171  0.43743848926751289  0.44175678391035600
  0.44606732645561642  0.45041127129321884  0.45481797035773175  0.45912232564815175
  0.46329555831036795  0.46738395681007905  0.47144492864200638  0.47555944610303302
  0.47967806449883982  0.48381625772188275  0.48798269899144536  0.49211598485162822
  0.49626761438749167  0.50047584227218211  0.50458066589916128  0.50861797092215377
  0.51252324165882190  0.51640020464587288  0.52051066156470660  0.52501100120244537
  0.52956115540615500  0.53388605981717652  0.53817680644413624  0.54242048547192190
  0.54668874390762190  0.55103375691966405  0.55555236610271275  0.56016168894443152
  0.56472972742013439  0.56919801398204817  0.57366010726881522  0.57816370896392466
  0.58276563505797252  0.58752732386617212  0.59255394409952478  0.59768385002256175
  0.60272152753413932  0.60778406806173402  0.61294278546874514  0.61803016576114422
  0.62323616930030012  0.62904031959522388  0.63538526308218901  0.64195839581508207
  0.64866576329998993  0.65555346946168958  0.66267801720768660  0.67026819574735907
  0.67856422645756065  0.68755377470065060  0.69712649875782196  0.70726068740350878
  0.71840362254789081  0.73103273092245480  0.74523127378930554  0.76156002466705386
  0.78235894488877067  0.81308840124412207  0.86722355444651322  1.00000000000000000
 -0.00224761107352846  0.00942450089453184  0.01843435173443481  0.02791952766497564
  0.03800039624541506  0.04788512018578858  0.05780796479635143  0.06772308490375412
  0.07846559380308632  0.08915209831591281  0.09963977469483823  0.11033622625843396
  0.12119281709451839  0.13203144099988279  0.14260647215321767  0.15301408167569475
  0.16352555684729872  0.17402010195678530  0.18463652898061647  0.19534596247367697
  0.20613748393361325  0.21700035092046790  0.22797362096900628  0.23919428075151963
  0.25031099994565087  0.26077781239902609  0.27062001213296116  0.28053660420912480
  0.29060919890980269  0.30106158771111924  0.31170725113172831  0.32252190786593199
  0.33336361421224814  0.34432164514764324  0.35510749890370585  0.36591068520598896
  0.37705340883747956  0.38872228856423063  0.40038322918001662  0.41159405974564861
  0.42203606731059301  0.43212306909293824  0.44244259244230594  0.45290628877287908
  0.46362974479426727  0.47452950851030307  0.48583471800462386  0.49704379464150406
  0.50812123358242534  0.51854027754543774  0.52910333606529891  0.54007567931021905
  0.55129073698883513  0.56267064576213510  0.57428616832727430  0.58591656431052075
  0.59667742255714107  0.60695384031904420  0.61701982438452230  0.62761979743038565
  0.63850164148359767  0.64951063841557066  0.66087777763852862  0.67260764687335595
  0.68412868988848152  0.69428650361011790  0.70339903363513367  0.71268875420605138
  0.72263507952016515  0.73280686611292456  0.74238526924263759  0.75213134629914358
  0.76262806818594797  0.77316671681621107  0.78292513309624401  0.79244848399882273
  0.80199304845765984  0.81183784733819186  0.82195984382201948  0.83225456041296064
  0.84254686460087780  0.85291045105433516  0.86344873265625788  0.87382347835659357
  0.88373290317881137  0.89363630264567206  0.90391943707149192  0.91432167934126729
  0.92558168227709470  0.93599986072318708  0.94624619861473303  0.95641674705847346
  0.96718762411483505  0.97840867912842033  0.98953525330214753  1.00000000000000000
 -0.00256822657670108  0.00942466162629786  0.02070851020085887  0.03199638824273969
  0.04296249369792009  0.05371984185837342  0.06424838930034188  0.07465628873223203
  0.08531456182111097  0.09629672446575366  0.10736699162078155  0.11815515579330135
  0.12894101542960421  0.14005644939947146  0.15106230043162422  0.16190225556578855
  0.17296160351056855  0.18424840898772224  0.19541360089309853  0.20631683637501044
  0.21695804602899885  0.22723356979629464  0.23731379828078400  0.24740919980407072
  0.25763248565491381  0.26809012945087946  0.27871810874516739  0.28937500790585158
  0.30005949416697342  0.31080143681609984  0.32146044539492419  0.33191515368683061
  0.34233365734550292  0.35300530793820667  0.36403154945040073  0.37523737912957023
  0.38627954234144612  0.39683743739278515  0.40699340262044853  0.41705173579460431
  0.42724378077882991  0.43778028074808695  0.44853996338295071  0.45897469663980234
  0.46885969788785620  0.47857291839633681  0.48834848100627620  0.49807890851038428
  0.50784805313204262  0.51764643147217937  0.52802056506296879  0.53884039540086515
  0.54878698758665556  0.55884159779259601  0.56903044221933152  0.57938729548796719
  0.58944014363672048  0.59929580808289562  0.60939465880609012  0.62004070872208761
  0.63057111798986842  0.64055969572195870  0.65085502869516854  0.66193291120356212
  0.67264872068334725  0.68273797919284707  0.69295552430679141  0.70339338607947632
  0.71364298978331409  0.72393556182476049  0.73452484821566999  0.74518961222217517
  0.75574585515275461  0.76720529932462100  0.77870778945844621  0.78983040257711479
  0.80062133304416960  0.81140088562626922  0.82207129591176731  0.83316215807487448
  0.84432740943187068  0.85524670372934652  0.86600284254273840  0.87692905651135444
  0.88797947640932018  0.89872409299727007  0.90901530959332777  0.91908195358021394
  0.92925584631157010  0.93926946888028084  0.94896606247621540  0.95875233701604656
  0.96895010903483736  0.97888441290733264  0.98935481227737965  1.00000000000000000
  0.04732424225673121  0.30505836509467515  0.36688334946149165  0.39927711229436824
  0.42218335149982600  0.44156741228853441  0.45783147452120504  0.47099441980604539
  0.48207856903123614  0.49191113136838771  0.50106577925651907  0.50950911849456348
  0.51746065385624040  0.52472451503256057  0.53177664847802331  0.53849182351995373
  0.54515607235657360  0.55168661848641709  0.55797404495250014  0.56381582028316746
  0.56917593560793034  0.57429045508784204  0.57931724052044764  0.58408709215175325
  0.58847138653425235  0.59259968988919809  0.59667536570004098  0.60062471520164662
  0.60447188229192206  0.60825584540857724  0.61200486133114063  0.61572446304671236
  0.61937737424407002  0.62303150900690918  0.62670331360407461  0.63032957686357560
  0.63388711633010719  0.63739507791013983  0.64082510899725564  0.64422937911254130
  0.64767500303778081  0.65108615803981895  0.65445817254803984  0.65778902058508271
  0.66105117770311905  0.66426545803385251  0.66742992063906770  0.67051195374826811
  0.67354209249449104  0.67656827880074599  0.67968314978477817  0.68279665732063843
  0.68589746092378023  0.68896376127163939  0.69199889792370117  0.69503049644719950
  0.69812604401799028  0.70111724204040560  0.70412954636348946  0.70724140780155398
  0.71049843298776993  0.71386162198815084  0.71724956856183175  0.72060792830728904
  0.72391673540908841  0.72721496891447335  0.73048426823387946  0.73374158591674066
  0.73706516294408619  0.74045884377119919  0.74391389084489412  0.74746960844004962
  0.75109518357708838  0.75468909037182241  0.75829797983175318  0.76194263847377297
  0.76569827834855009  0.76948622175363501  0.77314432939648003  0.77681167808781737
  0.78075283064029444  0.78486070005022002  0.78900890799750512  0.79318530033711954
  0.79755046061876500  0.80215136741235016  0.80694840246962274  0.81205699038080148
  0.81776635780846874  0.82411637816909511  0.83102162184531692  0.83938683208067610
  0.84949465338346453  0.86238992384225022  0.88813929941380454  1.00000000000000000
 -0.04064689977940103  0.17657842038352012  0.21942747000118012  0.24322156415860127
  0.26083489837839252  0.27523356553106465  0.28737622530117524  0.29824472299903027
  0.30805913432704563  0.31683511290276217  0.32472141190032588  0.33200907490428211
  0.33881128576473374  0.34531074106415716  0.35162566323382050  0.35789190541779015
  0.36418212162602515  0.37027776324152012  0.37623331930147330  0.38209402734425379
  0.38774651091043283  0.39317879580019327  0.39840013091819781  0.40340759502953183
  0.40832291474861465  0.41311861812045464  0.41770231656465140  0.42218197988623513
  0.42654698864129553  0.43088033213618959  0.43507975087003409  0.43909539506681705
  0.44285186937428672  0.44654637538739200  0.45032702139643321  0.45431853387548043
  0.45838164266399684  0.46233253170549549  0.46615882424380289  0.46992965786739699
  0.47364398766333621  0.47732981249074952  0.48105320342968910  0.48481786535452709
  0.48858595305551639  0.49223806202275283  0.49597300938621214  0.49985903312225966
  0.50386711390234762  0.50779898095378406  0.51173450885869942  0.51571477117059861
  0.51967739796477075  0.52361756729407349  0.52747895034039916  0.53122384556805968
  0.53492293088969678  0.53865672922854790  0.54246096382766507  0.54640229760944969
  0.55044741823360710  0.55452156862167268  0.55861043858840176  0.56256545868715158
  0.56640479430924962  0.57028486878790896  0.57430067828140430  0.57838179931429390
  0.58249476135212042  0.58662386511599518  0.59083294387629781  0.59511894242613417
  0.59960049097334456  0.60429883824732944  0.60917579638996577  0.61411195754670711
  0.61908779987485874  0.62427829123966139  0.62973406635447637  0.63550660207903820
  0.64151554773722752  0.64778116270934583  0.65424463578862002  0.66100402387804247
  0.66805311723605332  0.67546445993655746  0.68330678052909377  0.69188106144356121
  0.70155836467503718  0.71253723250113210  0.72505552721069644  0.73938050193156313
  0.75629074734210211  0.77898793222679041  0.82082858988179064  1.00000000000000000
   2.9172880596945381E-014  -1.0000000000000000     
 T T T T T T T T T T T T T T T T T T T T T T T T T T T T T T T T T T T T T T T T T T T T T T T T T T T T T T T T T T T T T T T T F F F F F F F F F F F F F F F F F F F F F F F F F F F F F F F F F F F F F F F F F F F F F F F F F F F F F F F F F F F F F F F F
  <DiscreteSampler_grid>
  grouped_processes
  1 # 1 for a reference and 2 for a running grid.
  10 # Attribute 'min_bin_probing_points' of the grid.
  1 # Attribute 'grid_mode' of the grid. 1=='default',2=='initialization'
  0.0000000000000000 # Attribute 'small_contrib_threshold' of the grid.
  0.5000000000000000 # Attribute 'damping_power' of the grid.
 # binID   n_entries weight   weight_sqr   abs_weight
    10   10   7.936236060015341E-002   5.535188501056056E-002   7.936236060015341E-002
    16   10   7.936236060015348E-002   5.535188501056065E-002   7.936236060015348E-002
    22   10   7.936236060015339E-002   5.535188501056056E-002   7.936236060015339E-002
    28   10   7.936236060015346E-002   5.535188501056065E-002   7.936236060015346E-002
  </DiscreteSampler_grid>
