  0.01388971785692621  0.01468703205114781  0.01502066321638701  0.01527390747316849
  0.01548081241292498  0.01565920884386758  0.01582502883986065  0.01598610295828755
  0.01614104197545447  0.01629028734102179  0.01643469694682654  0.01657506511464588
  0.01671547041651775  0.01685853705695641  0.01700039100666978  0.01713392733208599
  0.01724705616424260  0.01736130578362771  0.01747884697673200  0.01759827366180180
  0.01771952978370286  0.01783957869309653  0.01795973335978460  0.01808009268198184
  0.01819738688107474  0.01831290297494269  0.01842927188759129  0.01854702907667351
  0.01866473510844866  0.01878152377749271  0.01889905430883369  0.01901964749012907
  0.01914525421100898  0.01927113712892101  0.01939439642270703  0.01951811384479964
  0.01963783775330066  0.01975773515386331  0.01988068350312985  0.02001943792671077
  0.02016432093868606  0.02030935142070159  0.02045649572058988  0.02060135662655487
  0.02074137174768518  0.02088691439054833  0.02103753080649854  0.02118562867195458
  0.02133514977433722  0.02148039238803060  0.02163822773242368  0.02180291191756744
  0.02197054157183741  0.02214283735175805  0.02232231953393813  0.02250676485654132
  0.02269629297060175  0.02289013443824497  0.02308244442422150  0.02328211601412599
  0.02348516440125422  0.02369913786079966  0.02392243796479951  0.02415455456571310
  0.02438960519188114  0.02463404943233528  0.02488557984019647  0.02514670757533820
  0.02541395406325497  0.02569206929490693  0.02597498941084266  0.02626928800455261
  0.02657130121400390  0.02689673503514734  0.02725224067172630  0.02762506766499508
  0.02800106348367373  0.02839385733569823  0.02881258944654555  0.02926341840425249
  0.02974156031455008  0.03028085864208037  0.03088364067023584  0.03153129546013301
  0.03221988415514992  0.03297511023087565  0.03385413671010731  0.03488549324169172
  0.03615493650399065  0.03771828786227586  0.03954134241146546  0.04191740197972100
  0.04539453583818589  0.05118601942042852  0.06656728957964410  1.00000000000000000
  0.01592215254773321  0.02349198836792062  0.02605276130870667  0.02778974465088752
  0.02921113712534271  0.03046638644140462  0.03153204345473804  0.03246119298754359
  0.03332869190457282  0.03420559776400310  0.03501527354127656  0.03577559603421888
  0.03653828250338077  0.03734084406057071  0.03815963192917422  0.03897159027139942
  0.03974538940962696  0.04049140523116203  0.04122612349619666  0.04194174946867103
  0.04261230140741050  0.04328342766698341  0.04394169896948634  0.04457237850520992
  0.04519523097550302  0.04584740021737524  0.04653426273853645  0.04724992014464068
  0.04795246247969739  0.04864267222991445  0.04931972564130434  0.04997033479789362
  0.05059252637407646  0.05120051177831405  0.05184415907327532  0.05253469456743393
  0.05325668374026830  0.05397541171651193  0.05468141097459620  0.05540100840638180
  0.05613530946790148  0.05689203566037834  0.05766682812699502  0.05844365526480266
  0.05921294003239396  0.06000267281217479  0.06079915916989762  0.06158275878501274
  0.06236756980626810  0.06317368718466453  0.06399350712562384  0.06481152047530157
  0.06561394930217181  0.06642398623844425  0.06725240595410867  0.06811880725049564
  0.06902912349825509  0.06994989047055315  0.07087852972766179  0.07183129276907640
  0.07281139660712051  0.07381018543328186  0.07481595567354649  0.07583363722685812
  0.07689526814566203  0.07803611473671188  0.07923094374178910  0.08038720268772313
  0.08149909096313415  0.08265346513452645  0.08385987499043253  0.08522174014604582
  0.08684843640794110  0.08865850246765365  0.09050393653723708  0.09233702125909600
  0.09423810524602715  0.09630802197574184  0.09863461526823283  0.10078764503140906
  0.10318515297942915  0.10570113772547311  0.10838134659013671  0.11124101115172340
  0.11428228219455105  0.11737701125270190  0.12057216946001718  0.12413422381697095
  0.12805793380273425  0.13292691894486916  0.13986045448803472  0.14979804669246310
  0.16262670679563540  0.17627407871758941  0.35171717261283120  1.00000000000000000
 -0.01114871880469646  0.04698509962835860  0.06751960599416781  0.08837361085379156
  0.10729753282254277  0.12467408294851338  0.14134314213342378  0.15830106964249363
  0.17321418294305319  0.18527465053287184  0.19847704101896091  0.21101419284477851
  0.22232470263134227  0.23329170585198283  0.24430042563891083  0.25593627928623175
  0.26758847202169667  0.27858250438402182  0.28824294854178567  0.29726562916949734
  0.30559901371832771  0.31404235962264232  0.32190404836061626  0.32955411986826305
  0.33721423781848381  0.34533951131162993  0.35304258975422848  0.36015300046109672
  0.36708738955129566  0.37372932921672108  0.38019244444948058  0.38651742060424693
  0.39275435772679601  0.39889381951010855  0.40524949122892051  0.41175846869216537
  0.41815001524290968  0.42399611736075532  0.43037611486199695  0.43713574344650469
  0.44381346285648454  0.45037359347255279  0.45691494665214782  0.46328828066959887
  0.46971798452335173  0.47587971605643747  0.48175016827673572  0.48769410094286281
  0.49333466503363016  0.49906075657814558  0.50513517551604181  0.51105850915767892
  0.51674135760519002  0.52213245854316859  0.52750778801696097  0.53310510725488480
  0.53882934517566672  0.54483114038629166  0.55118138248871951  0.55764168668094027
  0.56391889898795633  0.56990292038775381  0.57590118761756182  0.58179099585331762
  0.58778105845984063  0.59418487797780584  0.60070627289505696  0.60713034367488883
  0.61369480751688199  0.62073557897212350  0.62838319597365833  0.63655314791248574
  0.64454583839262169  0.65208886651275799  0.65965639641929552  0.66757697946476580
  0.67543976578319709  0.68338484621774986  0.69161335451117090  0.70036570531476094
  0.70959863246380461  0.71927194992682864  0.72957059341765640  0.74047711085226364
  0.75361044744795502  0.76591158680019678  0.77780509635778527  0.79073487338617598
  0.80507026028996975  0.82028268089907508  0.83681486916815484  0.85675078088131729
  0.88154148298256219  0.91082281874904014  0.94810732971485512  1.00000000000000000
 -0.00244275444399065  0.00929833266372503  0.02017403652826842  0.03109920423001775
  0.04255173923909337  0.05300972061936941  0.06544110697068918  0.07809878012180110
  0.08979324042260370  0.10083823237261370  0.11181675141185304  0.12257409605318538
  0.13250714614113979  0.14198536693776423  0.15173149964053703  0.16210319034759541
  0.17252825465603788  0.18210766263173320  0.19162254726002578  0.20163592131427308
  0.21197773204924886  0.22286768085158662  0.23413659897605540  0.24609862941844327
  0.25816861073703934  0.26982893875916131  0.28088364610027544  0.29115407623123701
  0.30084889942625798  0.31110830641519444  0.32165728943064559  0.33185274187660807
  0.34115089482433392  0.35055841477799865  0.36038426734477924  0.37041907719288303
  0.38027073956291885  0.38958803153664212  0.39873748012099136  0.40874098470179593
  0.41946822063485040  0.42995567000068274  0.43993703518867283  0.45022236873231186
  0.46073278041951521  0.47111792867724417  0.48141008298000970  0.49204286768162891
  0.50290475763545650  0.51400447415727035  0.52468614267301983  0.53483947089920381
  0.54445300934698093  0.55379220768173598  0.56345824048075466  0.57371541935092807
  0.58396854607429893  0.59411648500313818  0.60473762800651565  0.61595686414209450
  0.62688747740272732  0.63668783339689183  0.64617655988342626  0.65577476535674040
  0.66602631224915987  0.67618156660369977  0.68672325554168867  0.69829870970045216
  0.71076167638704468  0.72271815646435222  0.73393427713164527  0.74456606909167256
  0.75513639946973909  0.76578225803285105  0.77664709743138571  0.78724061280459579
  0.79795155153726993  0.80896607238923857  0.82047729778224421  0.83196369797342895
  0.84302769688056867  0.85361373164035192  0.86369391933600770  0.87300836753293820
  0.88222790657814498  0.89136035633788491  0.90068801550517985  0.91055978296653783
  0.92102154623552723  0.93174958555413867  0.94259095752927535  0.95300593687452484
  0.96343262598022106  0.97459809145999110  0.98598182164312154  1.00000000000000000
 -0.01153479804716267  0.06665487319141321  0.12270977539645053  0.16088576652733302
  0.18874635036456827  0.21188120237616101  0.23216056487921929  0.24944473161520198
  0.26395044582667371  0.27735149384633706  0.28994193747962804  0.30142584078711565
  0.31156896970117415  0.32021016051629858  0.32810076712494191  0.33517251546714266
  0.34172124986776004  0.34818837582842538  0.35463446661535131  0.36088781270396819
  0.36689886678312428  0.37264497596187163  0.37854435970728784  0.38452226529623257
  0.39015706856325749  0.39540479658018118  0.40023417857062188  0.40489903378653896
  0.40972230203329146  0.41475872289924393  0.41992321747214884  0.42506473962143515
  0.43006503427701698  0.43510592315426916  0.43988869458940316  0.44450617408294829
  0.44910377277954305  0.45365388970588927  0.45818634852798734  0.46273932074954671
  0.46730284731235672  0.47178068967874681  0.47606587892282004  0.48018223112494651
  0.48435727892685621  0.48873207364735549  0.49304735805321209  0.49743611131115245
  0.50178072310167710  0.50607472192123015  0.51023082515378237  0.51420082716954973
  0.51815298379234209  0.52236872950484381  0.52681730716940534  0.53126293357183141
  0.53572405495226283  0.54007820291821707  0.54443466561238785  0.54878917248962333
  0.55331529039809113  0.55800194018182503  0.56269996626680907  0.56745885617265257
  0.57218836657039041  0.57698949985676928  0.58192386712367405  0.58702940348388866
  0.59224381111420232  0.59754866837750220  0.60301469456764278  0.60872040766819091
  0.61471906698062173  0.62084350521923148  0.62696286377090160  0.63302273840810985
  0.63908043740135811  0.64500917757288079  0.65104617489794392  0.65735095340609273
  0.66409274615977032  0.67131861677649574  0.67873305889898050  0.68672201272424516
  0.69551280924844494  0.70535546977007091  0.71654516571730387  0.72999675075835990
  0.74626954813615565  0.76459258452236123  0.78384754711036542  0.80501033458286608
  0.82856578223629140  0.86467765924802820  0.92411660062780643  1.00000000000000000
 -0.00281962919518503  0.01057651409204560  0.02151891969834058  0.03124218621885255
  0.04106604295974612  0.05021660502637179  0.05938692689882545  0.06844589642873090
  0.07727398314283594  0.08617627127130910  0.09495010425759051  0.10443559504999977
  0.11531230488010669  0.12685823421829537  0.13846686035440903  0.14988640703772704
  0.16126033409734533  0.17311567190093766  0.18519047315450538  0.19705684385957012
  0.20811303691418839  0.21916022355483422  0.22985879652377539  0.24030350345480192
  0.25095034399314192  0.26172615838639124  0.27207578119205011  0.28234145246134063
  0.29295219651780408  0.30373760364303598  0.31396681692518968  0.32513497543414144
  0.33429658353205788  0.34356150240964667  0.35262412428954321  0.36243611219676508
  0.37360650782709248  0.38481128727828601  0.39608512856270173  0.40732911322911464
  0.41817898895151917  0.42876547989772928  0.43924180008798619  0.44957875374410167
  0.45964106644071206  0.46958429046043271  0.47983445972537553  0.49076774458424571
  0.50191282231477563  0.51340928722738743  0.52498397799368590  0.53645515427810164
  0.54825581441581239  0.55992014814978130  0.57099765035951811  0.58111547786559858
  0.59082621870565921  0.60111429303590913  0.61208284134596613  0.62405227857030043
  0.63569228392926436  0.64674138885753574  0.65693317106111515  0.66693872963538803
  0.67734592979153652  0.68815067682292441  0.69950929468907752  0.71101177478783750
  0.72380710755418298  0.73467095492791934  0.74476412079957233  0.75442066595945367
  0.76387471489014547  0.77338945581115703  0.78294080906364238  0.79240458593615049
  0.80196401774934190  0.81162033264268985  0.82189088009765654  0.83196677313332512
  0.84129276752571946  0.85012845256942104  0.85957168979939436  0.86920973359112841
  0.87891740482869540  0.88859808446721056  0.89841614541493831  0.90930340650375163
  0.92038725440900138  0.93201022931530819  0.94404288235787204  0.95557067423154973
  0.96674528261568660  0.97786200470804518  0.98860408635734132  1.00000000000000000
 -0.01829247556801540  0.08587153874108605  0.13500739197609424  0.16905032877286383
  0.19482398229959305  0.21527771370168741  0.23119857160340532  0.24492284004263210
  0.25840761883641999  0.27054657182439545  0.28218702861825229  0.29267397882295820
  0.30246793389697668  0.31164052812305404  0.32009203278043269  0.32793794056266984
  0.33525309651292079  0.34265936327831542  0.34994360302351180  0.35729224312121655
  0.36447532057363002  0.37124906073101688  0.37775500698454323  0.38398401195324078
  0.38980343030113623  0.39514678232817230  0.40006477756722181  0.40496533529329409
  0.40969355348340153  0.41463130903642242  0.41929136871253364  0.42334874089203750
  0.42820288649231386  0.43296545560872834  0.43766022335610472  0.44222569038676368
  0.44658636627361326  0.45094524742624548  0.45538919766921276  0.46026032335303396
  0.46510522510958868  0.46958529341872923  0.47386874867106721  0.47812335088015667
  0.48239935261812222  0.48682162255229894  0.49141397367904061  0.49600943357387817
  0.50093051253118503  0.50597111993314758  0.51101633101002364  0.51591124594310411
  0.52062497303164890  0.52524154944544099  0.52991424585968183  0.53472197634436514
  0.53970171374266052  0.54486342111187047  0.55010858954659059  0.55528972137542221
  0.56024914003201498  0.56530538043706269  0.57035673157160283  0.57512877164983633
  0.57988586116397456  0.58465573442392627  0.58953789019987202  0.59475505343207513
  0.60012575909636456  0.60514087542822115  0.60991239986689183  0.61463589314834632
  0.61955432924423004  0.62478170059982185  0.63045380680231522  0.63648642880207462
  0.64255922593645987  0.64894393724512711  0.65580162623700178  0.66288216084408869
  0.67070207536163251  0.67962107635698843  0.68890271881360521  0.69826554761595061
  0.70818046530375811  0.71778724909771785  0.72845058991045841  0.74104361695857446
  0.75360324982866000  0.76584051819127497  0.78167304603234600  0.80132612258816138
  0.82618090099085062  0.86419770519110362  0.91792543046681052  1.00000000000000000
 -0.00199571715659358  0.00803870776128300  0.01697857218190021  0.02749642203364859
  0.03766781165867499  0.04788445076199387  0.05800443274648574  0.06853447894579308
  0.07951681854912826  0.09058146437284384  0.10181225634063684  0.11309543823270743
  0.12411457707790421  0.13422616244833604  0.14546406289745104  0.15764354370875172
  0.17024829245288078  0.18276939573488116  0.19519262509278193  0.20714416869001898
  0.21849658164948671  0.22942965203987870  0.24038670617171246  0.25164245081958470
  0.26291680155399533  0.27422677501575426  0.28544007792466691  0.29618971888121426
  0.30670544933020172  0.31742733959455388  0.32872785087602097  0.34068073012475647
  0.35319696526548333  0.36598928250738416  0.37748653768056595  0.38768681882471068
  0.39760076989572712  0.40766492554110284  0.41808643871894857  0.42786228675989496
  0.43726177759433993  0.44786656616773979  0.45879599236155338  0.46976533623988070
  0.48038859295558978  0.49068971700163438  0.50127279507453271  0.51131112462975070
  0.52112017457508619  0.53075564557050892  0.54082144084710793  0.55140785142201165
  0.56218476564792108  0.57250385290718664  0.58217402028135323  0.59182099412125400
  0.60159816047711345  0.61090780559778590  0.61967571147302691  0.62871293183486321
  0.63796585129704497  0.64702121569283633  0.65599071950292531  0.66514741226080976
  0.67529077472884125  0.68585523801650439  0.69675211073485266  0.70744341791988175
  0.71719081440487475  0.72659929671825452  0.73577345977955222  0.74529594466633653
  0.75550120670201037  0.76561618658029673  0.77648106495696878  0.78687040000410358
  0.79712834254599085  0.80794229141599616  0.81846525667668624  0.82891138094257855
  0.83976050858506035  0.85069899502702229  0.86144793930386698  0.87241272274675652
  0.88484115274209640  0.89670808059287344  0.90765727907915927  0.91820348871799051
  0.92846883974080174  0.93858913349062600  0.94827487953714740  0.95810593495721696
  0.96873653235314006  0.97925186668455033  0.98953639935787618  1.00000000000000000
  0.06412334084225364  0.29331057759133755  0.35839450837418990  0.39085634411122988
  0.41414120381602160  0.43239876737681765  0.44841025218716285  0.46371852458195290
  0.47764407493630667  0.48912801471933010  0.49926859757204012  0.50878068878404636
  0.51760030517907041  0.52541159634948253  0.53248879462054532  0.53967885099760315
  0.54676427499189428  0.55340196809603370  0.55946829228271910  0.56496613194677470
  0.57035188367648892  0.57594117215190088  0.58138578155046861  0.58622147718714412
  0.59058201501152474  0.59483990166512801  0.59891550702417118  0.60265243752635267
  0.60620403571201087  0.60977599116887649  0.61381920317008865  0.61810098876047903
  0.62203517636768557  0.62537328028220551  0.62886186960457435  0.63229732171231490
  0.63583821066798385  0.63955147679995283  0.64310410678629315  0.64674022717377400
  0.65091629192984346  0.65488474819753839  0.65850346900094692  0.66197836226842721
  0.66528213472269193  0.66863658982283980  0.67203221586237449  0.67538173947956248
  0.67871968740097155  0.68212202073182582  0.68561498950546340  0.68907119508963222
  0.69228423450929077  0.69547131504116888  0.69862954608587502  0.70169604679642494
  0.70472456208162604  0.70779604837726906  0.71079082508308622  0.71382143732960468
  0.71682615979741038  0.71980039711629296  0.72284970110917546  0.72591717959646562
  0.72894991396216458  0.73204184303559072  0.73528951427545020  0.73857873927706308
  0.74207162787884506  0.74535287638635916  0.74849150596580383  0.75194174768926059
  0.75551437840232427  0.75914785670299256  0.76283656095111319  0.76657273693889227
  0.77031155727388245  0.77399321920959263  0.77760635261586653  0.78139639746091238
  0.78541514183348660  0.78981254783228039  0.79412364198858132  0.79856379045498849
  0.80319415582899567  0.80800078405222298  0.81305046668774306  0.81829912876738831
  0.82401618555591882  0.83067934857076453  0.83849410779861766  0.84744519935098539
  0.85806283042561748  0.87193480622660713  0.89643910446703867  1.00000000000000000
 -0.03872664648362664  0.17131478726697061  0.21328063676780856  0.23789770904392371
  0.25541188348016397  0.26980356323462595  0.28256690673714729  0.29417723917265531
  0.30450565222847148  0.31396988631173778  0.32179137498889487  0.32972128143911367
  0.33706988110392816  0.34356895247237396  0.34958860834436950  0.35547207719172286
  0.36136196238939006  0.36703026616067275  0.37243429458843269  0.37806329947393552
  0.38378721939760924  0.38958657408035408  0.39520584896353983  0.40052191528013159
  0.40558796333472552  0.41049184135379696  0.41525323876397208  0.41988697815091325
  0.42437005550101831  0.42869525728719260  0.43294842353569563  0.43716046159447464
  0.44135496461167539  0.44553759632117979  0.44979939127911739  0.45405713756837812
  0.45858496249712755  0.46304519882633510  0.46748294352732545  0.47196985258911911
  0.47632218401076543  0.48031305625430204  0.48416543463025369  0.48817837348264670
  0.49219920234407710  0.49614591294119964  0.49988353247004286  0.50351413873785089
  0.50715513681247315  0.51114570687708150  0.51538158637485088  0.51958538058406545
  0.52354707637036968  0.52731669817047466  0.53096404775358497  0.53464053819651902
  0.53843256453759702  0.54229211475996653  0.54624197460936630  0.55027208526542692
  0.55436950105731653  0.55853502565831059  0.56270609638626135  0.56677151744743559
  0.57071803117399866  0.57460698977228764  0.57850117309862648  0.58243470464243297
  0.58644497313947996  0.59058395403926633  0.59485285202102267  0.59921204056848798
  0.60379397061651952  0.60864156373225931  0.61359990403593900  0.61854868456801027
  0.62348755443100823  0.62870463416477040  0.63429575326053766  0.64014699905426076
  0.64682277234346885  0.65394506496929639  0.66136030162092452  0.66888644349176662
  0.67691099400560739  0.68541351629920133  0.69380430314341368  0.70288695972521942
  0.71257204316222567  0.72312916010694683  0.73465324327915971  0.74790568445755701
  0.76517950057426054  0.78929892558235382  0.82916060393175972  1.00000000000000000
   1.6543216176989453E-016  -1.0000000000000000     
 F F F F F F F F F F F F F F F F F F F F F F F F F F F F F F F F F F F F F F F F F F F F F F F F F F F F F F F F F F F F F F F F F F F F F F F F F F F F F F F F F F F F F F F F F F F F F F F F F F F F F F F F F F F F F F F F F F F F F F F F F F F F F F F F
  <DiscreteSampler_grid>
  grouped_processes
  1 # 1 for a reference and 2 for a running grid.
  10 # Attribute 'min_bin_probing_points' of the grid.
  1 # Attribute 'grid_mode' of the grid. 1=='default',2=='initialization'
  0.0000000000000000 # Attribute 'small_contrib_threshold' of the grid.
  0.5000000000000000 # Attribute 'damping_power' of the grid.
 # binID   n_entries weight   weight_sqr   abs_weight
    10   10   3.267827242718674E-005   6.180499464880939E-009   3.267827242718674E-005
    16   10   3.267827242718674E-005   6.180499464880939E-009   3.267827242718674E-005
    22   10   3.267827242718674E-005   6.180499464880936E-009   3.267827242718674E-005
    28   10   3.267827242718674E-005   6.180499464880936E-009   3.267827242718674E-005
  </DiscreteSampler_grid>
