  0.00004168168934729  0.00004977124825995  0.00005654262262784  0.00006261129874287
  0.00006804145428926  0.00007358328449679  0.00007897735133155  0.00008382543608662
  0.00008864370180449  0.00009287914707301  0.00009701312334814  0.00010165371814914
  0.00010730257461834  0.00011382810945017  0.00011973799680353  0.00012520374947277
  0.00013094424812520  0.00013736987760306  0.00014433031193578  0.00015121284799407
  0.00015766638424342  0.00016400924964879  0.00017119271585377  0.00017869144820261
  0.00018644794971594  0.00019427168758467  0.00020241216353926  0.00021068757918947
  0.00022002149607701  0.00023019024456211  0.00024057189609488  0.00025037733938637
  0.00025965433036353  0.00026907295439661  0.00027959553755968  0.00029134879288966
  0.00030373789214905  0.00031669593982101  0.00033000940956044  0.00034338409749345
  0.00035744999437492  0.00037312853467329  0.00038955151255302  0.00040561787345741
  0.00042209826028696  0.00043972533635864  0.00045890443552148  0.00047904231359536
  0.00049929727258609  0.00051909866557170  0.00053883441628281  0.00055903619796709
  0.00058061950263272  0.00060431451762650  0.00062928351787292  0.00065463635443169
  0.00068103948047939  0.00070857441171582  0.00073735734271484  0.00076777856820530
  0.00080066949963880  0.00083522714549314  0.00087249768146978  0.00091332123219941
  0.00095626979056572  0.00100164803834797  0.00104819281195178  0.00109351961131478
  0.00113963607748801  0.00118769147110915  0.00124050084184098  0.00129805692628184
  0.00135846465315776  0.00142486212049972  0.00149783702631357  0.00157786610235329
  0.00166770080026734  0.00176749783129247  0.00187394816169714  0.00198623466473187
  0.00212102791667502  0.00226850829064053  0.00244445889918366  0.00265409263326728
  0.00290643034513140  0.00319536004159942  0.00353199006631597  0.00397247943895269
  0.00457439922321825  0.00535737772805415  0.00647365778272928  0.00857237625707840
  0.01301225732448154  0.02540654135350909  0.55368954212744259  1.00000000000000000
  0.00032502990836136  0.00217131811947233  0.00291184620375300  0.00326501461629685
  0.00353902434049804  0.00375973735873790  0.00393549154884480  0.00409942132032925
  0.00427508153197350  0.00444572692504696  0.00461097336728786  0.00481467438879003
  0.00499022952426817  0.00511368375935326  0.00523434888838922  0.00534771447309441
  0.00545465785009157  0.00554652098686139  0.00563032098034399  0.00571347649947529
  0.00581030495591744  0.00592166977112830  0.00602676637483442  0.00612932969372504
  0.00623102308195792  0.00633591756981708  0.00645157193282700  0.00657262228355001
  0.00670253465027850  0.00684068953865902  0.00697987558567293  0.00712273872720245
  0.00726840098993698  0.00741180972295564  0.00754616255217489  0.00767238586901331
  0.00780500202341421  0.00793923038820558  0.00807294371212199  0.00819931004231560
  0.00833402701124845  0.00847358414222871  0.00861018864436017  0.00874570021253325
  0.00888412149489073  0.00902853308283499  0.00918306815770264  0.00934535769256150
  0.00951356820251897  0.00968667977796773  0.00986569472905100  0.01005156112998424
  0.01024172829804896  0.01043429810802845  0.01062938737111824  0.01082468693237652
  0.01102037722707530  0.01122137682942937  0.01142967695049830  0.01164374368947548
  0.01186741403512448  0.01209998004088768  0.01233658081457880  0.01258923650607243
  0.01285908255018249  0.01314383783451287  0.01343417108502293  0.01374535939862393
  0.01407461721534313  0.01441073681623578  0.01476560127181133  0.01515377101979409
  0.01557339962008833  0.01601850838247439  0.01648768835988645  0.01698777770379780
  0.01753121204796089  0.01813637517449073  0.01879347529308037  0.01952947468238466
  0.02034651201870505  0.02126670607811349  0.02229728149762045  0.02347235108668948
  0.02482004634351522  0.02637566217593898  0.02822309835735564  0.03038499478920718
  0.03306890750983035  0.03650940537813448  0.04079833176353339  0.04702355552177735
  0.05713669136246470  0.08185772662493775  0.60799576975830860  1.00000000000000000
  0.00180275741680933  0.00262513288843877  0.00324380875314586  0.00371344449051380
  0.00405729274340536  0.00432575129881935  0.00458975526920638  0.00482121916680250
  0.00505449905114511  0.00528713178731420  0.00551129626190321  0.00573907954776953
  0.00596437410350093  0.00619465114842503  0.00641030006059034  0.00660027870594851
  0.00677124946223084  0.00690484885911350  0.00702754482344386  0.00716601852131966
  0.00729707953230352  0.00741951564194350  0.00754084744512737  0.00766873709435685
  0.00781768673346417  0.00798108718421340  0.00814802767847808  0.00831342925574164
  0.00847642721376237  0.00864403082184084  0.00881634825795239  0.00899033995591544
  0.00915759150014530  0.00932661445415557  0.00949686601175647  0.00967157585174651
  0.00985766845116754  0.01004968410797301  0.01024516193397117  0.01044855376729394
  0.01065689001567369  0.01087065448036169  0.01108775916963881  0.01130462011682615
  0.01152054730672461  0.01173894239054651  0.01196393223076624  0.01218615028931111
  0.01241356028979712  0.01265493673086249  0.01290854161087514  0.01316275966526871
  0.01341862134831807  0.01367855973238039  0.01393899137240124  0.01422463956033291
  0.01451884859935517  0.01482191430234966  0.01513173423933310  0.01544536178265959
  0.01577767027492587  0.01613564958081625  0.01652259070422751  0.01691264328170218
  0.01731168117213597  0.01772512170169820  0.01816192754376306  0.01862154513231587
  0.01910108375219945  0.01960178611174811  0.02012907848480193  0.02069771772039633
  0.02131867358852269  0.02199005996603889  0.02269849688619379  0.02343989006456705
  0.02423858981390616  0.02506695506726963  0.02594081214605201  0.02685377795526981
  0.02782111617064792  0.02889094736903756  0.03015331786527159  0.03157236394396634
  0.03306468607197422  0.03476627944492114  0.03687178263088851  0.03936314865398480
  0.04213761854326247  0.04515216013159868  0.04890139657348538  0.05418386116701117
  0.06213347527219906  0.07929687549694284  0.60748685052515428  1.00000000000000000
 -0.00189254564018757  0.00729244943673607  0.01451850655416211  0.02216072400492551
  0.03013106931267585  0.03855809268297038  0.04734758441804016  0.05662917339766597
  0.06678061009211926  0.07813611552155626  0.08937549855243147  0.09973452367705134
  0.10940578435104187  0.11886964908315846  0.12855493588915767  0.13773333667879317
  0.14707882968392352  0.15708843791138968  0.16734652877058198  0.17717367570749262
  0.18695231282391742  0.19711933031001053  0.20752419880273271  0.21786477214694508
  0.22859489194263244  0.23994013647842269  0.25150522116672963  0.26317409248314427
  0.27478207378050107  0.28643928504021954  0.29789144961438757  0.30897647553246693
  0.32016489036371665  0.33178251412293558  0.34388243328909812  0.35602955646161705
  0.36764664104084521  0.37840779699131627  0.38856827546521289  0.39906358736742814
  0.40983342200486300  0.42053026251555725  0.43110606323056955  0.44198682885258250
  0.45336667350811649  0.46485248257425360  0.47634539158530531  0.48775045870602635
  0.49892990930081921  0.50949012961322060  0.51982367426507625  0.53008747973752079
  0.54041446535335358  0.55044832872244609  0.56051615809242605  0.57066549226676400
  0.58075699139626102  0.59087764710709212  0.60130551336186355  0.61194732896289428
  0.62305589810870787  0.63440675423739379  0.64569131921345302  0.65640788162905106
  0.66684830191879529  0.67752068466799087  0.68802457579693854  0.69782385402142677
  0.70774780145034411  0.71796633575579794  0.72892165586393098  0.74090489032100570
  0.75302980400103137  0.76603457568201272  0.77882262716615591  0.79150579258884268
  0.80377575510836374  0.81587829816297375  0.82830372426794452  0.84001883918501008
  0.85120393417508911  0.86291246778650810  0.87442873885442562  0.88459555638275478
  0.89439272442058748  0.90420537253552624  0.91426108376959414  0.92402007232351346
  0.93346258122008419  0.94282478145924298  0.95257804217166475  0.96229101509389070
  0.97194517258693480  0.98136491250773861  0.99051539746779294  1.00000000000000000
 -0.00228785504444542  0.00915258644048012  0.01827570792088620  0.02805992996006988
  0.03778228145526550  0.04842036119123450  0.05941460512860484  0.06992968411614012
  0.07991271489408432  0.08956368081372235  0.09898969532926838  0.10853215934163470
  0.11857703712442630  0.12916887145064276  0.14103407136422233  0.15162204719377975
  0.16246811692335794  0.17446227919217847  0.18647718168327279  0.19781435241856551
  0.20875243853572653  0.21961015285050067  0.22974862917262989  0.23899466817510390
  0.24856474568383033  0.25816842000173673  0.26766148239872750  0.27731489411385218
  0.28722811683678678  0.29805262078064371  0.30967118584272513  0.32034788773824652
  0.33053963777740586  0.34013798125627426  0.34980072251653876  0.35991878144890865
  0.37045125003781382  0.38137310504641786  0.39287910288963673  0.40462585399273687
  0.41680422075790502  0.42892051155748262  0.44075867968230120  0.45180378107119734
  0.46222982754654962  0.47283689656833644  0.48397319081176143  0.49561855697094243
  0.50759767984071325  0.51928471206003368  0.53050552616036317  0.54113229112239891
  0.55114041803805636  0.56065173673580659  0.57022558000451951  0.58030169711377821
  0.59062933549610663  0.60074009380831284  0.61070405860519572  0.62104565212095153
  0.63145694026954735  0.64137761793545678  0.65079073826611611  0.66015803086649250
  0.67022908683763660  0.68135112044974966  0.69301063843644251  0.70509474893700008
  0.71626978188582346  0.72686355768211608  0.73754377576418928  0.74830435283557184
  0.75940933571515445  0.77090077562900550  0.78289982998567809  0.79510318263364221
  0.80712532521035751  0.81888901844199202  0.82977981735351847  0.83969911789092189
  0.84901677545188825  0.85875736449357021  0.86864039269794080  0.87870176329198102
  0.88897222610034377  0.89919389535535177  0.90934759165099377  0.91937728166234589
  0.92964024387281730  0.93973676405744266  0.94938633143754914  0.95905901230638846
  0.96926896318744227  0.97950037083714203  0.98950145956643487  1.00000000000000000
 -0.00231149745074813  0.00910874407215945  0.01901601056446769  0.02916255713047998
  0.04007357558691163  0.05102666559114948  0.06172621397625832  0.07264358607677207
  0.08353732993236229  0.09447479750201790  0.10518874961509793  0.11567490976094544
  0.12629889000217429  0.13689843069952887  0.14748980326404049  0.15836056686985189
  0.16940603060326270  0.18052628563976797  0.19105836795362532  0.20133400441811722
  0.21169438293362072  0.22217573474665950  0.23227778466215165  0.24178266425576242
  0.25115113210911932  0.26067043917408517  0.27022282244376061  0.27988207271744597
  0.28966430002264759  0.29956247811395903  0.30978535263397761  0.32062382622008184
  0.33213208586479964  0.34320168313195576  0.35433585948917456  0.36602886366424120
  0.37781679013208158  0.38885086479254871  0.39956097811371877  0.41008052950472840
  0.42009235778273907  0.42973535436549343  0.43980879337766254  0.45028719971138331
  0.46037915280836700  0.46976110528187065  0.47903612210385016  0.48847038577038249
  0.49751828656704672  0.50641070582389547  0.51572745586346924  0.52608524250598143
  0.53695876661939124  0.54806402188147907  0.55933561797483389  0.57044831489482328
  0.58132361215743156  0.59200761479660635  0.60252055301686192  0.61271732127990142
  0.62286964927143296  0.63318585673309180  0.64381047844515626  0.65451450269764233
  0.66483783461225487  0.67463526823645970  0.68455454020387585  0.69430966657021986
  0.70371777822049930  0.71312265720296597  0.72251300929368567  0.73189414275663167
  0.74146062222510056  0.75222768858084332  0.76410169682161455  0.77580827936331853
  0.78706090408143325  0.79841148403155426  0.81040750905202164  0.82298785495301197
  0.83560788327220559  0.84780758053515248  0.85950820679415629  0.87089540978407398
  0.88186934604700384  0.89252817921962191  0.90403497027664814  0.91594877076186099
  0.92620298523861089  0.93610402859152242  0.94643779719789634  0.95773901764505032
  0.96887547154085718  0.97965515119977542  0.99015198521647385  1.00000000000000000
  0.01784574501666450  0.01871991367381288  0.01938482558440236  0.01996161102734039
  0.02041503429480705  0.02083551718310368  0.02133995161361488  0.02180976073786687
  0.02227960350956954  0.02275777565479225  0.02323247511119585  0.02371306038992688
  0.02418865373982876  0.02465514399059916  0.02512164195687649  0.02558470735272875
  0.02604377640118566  0.02652053470064618  0.02701062627372032  0.02750430681015170
  0.02799040681702270  0.02848665242196981  0.02899599240841017  0.02951680697824928
  0.03004386009294648  0.03058514523525267  0.03113983751618616  0.03170458044435492
  0.03227636420682126  0.03286035232320308  0.03345895244493985  0.03406959372830588
  0.03468911773047324  0.03531599727290721  0.03594581311487342  0.03657119406491503
  0.03718862865252053  0.03780788775786058  0.03845204060470890  0.03912804372211812
  0.03981829972811117  0.04051753548132709  0.04122580873463648  0.04194988865249711
  0.04269574308851159  0.04346099641802240  0.04424938961936132  0.04505696967278033
  0.04589688988589086  0.04677973840145531  0.04766754616546360  0.04855343711870447
  0.04942318891097200  0.05030699930834093  0.05122068059510242  0.05214963713996430
  0.05309868784068800  0.05406495430594434  0.05506195954458923  0.05608007031170972
  0.05711119553468474  0.05817802774728736  0.05930437836823616  0.06045766620144172
  0.06161143203060810  0.06279837862259188  0.06414595937130568  0.06557261225968107
  0.06707213263217032  0.06864555567729881  0.07029038364845502  0.07206187057291662
  0.07389777965807326  0.07582974395517501  0.07780749376060880  0.07978002111405920
  0.08179857216134509  0.08388189057668656  0.08626797402780347  0.08896635937732357
  0.09204741269519999  0.09535259277729516  0.09876341095096017  0.10271194918835860
  0.10804147114855940  0.11417303445815358  0.12076159461853869  0.12873565386059738
  0.13476404319561125  0.14081689486194543  0.14762879962030290  0.16132620793629460
  0.17913623686969429  0.21770388548431543  0.75108578421668781  1.00000000000000000
 -0.00358726637095137  0.01440263510822688  0.02877792185061525  0.04238923621890350
  0.05577353296669179  0.06914250008699406  0.08223885351047366  0.09512268440787759
  0.10754230005041672  0.11884716352540467  0.12989416801576129  0.14095941398190881
  0.15281036031365475  0.16443613209823921  0.17569208057201904  0.18645929394432542
  0.19734112130964218  0.20847559057427426  0.21914753487115857  0.22933642961998202
  0.23934619120701262  0.24933012400392471  0.25926463168093994  0.26916358941964563
  0.27921566262242437  0.28938599663943604  0.29894118309377166  0.30820979238170687
  0.31738462598235706  0.32674845365993421  0.33675060954242908  0.34654554220798395
  0.35573822142667905  0.36468398064460966  0.37349521064156688  0.38211452709780175
  0.39080859166284831  0.39897563667260377  0.40647984903665380  0.41402590726104493
  0.42178278802715424  0.42966328088487082  0.43769033712061778  0.44606249815151083
  0.45440084951607118  0.46330068895230447  0.47285637284400972  0.48192084270089403
  0.49072457715704038  0.49953130439838134  0.50835243198126046  0.51722563904651797
  0.52632542678849792  0.53552459622271664  0.54442776873432497  0.55311027614993957
  0.56197178085291444  0.57167815318627779  0.58202513672793477  0.59245772602613211
  0.60292742858029591  0.61352662523748414  0.62412560341635814  0.63444616422658706
  0.64442927777818648  0.65406214723458611  0.66331789546707587  0.67256751098524648
  0.68161726376146148  0.69083203495012091  0.70037437687025061  0.71034336812788923
  0.72132780856808232  0.73238416753821045  0.74350014086771621  0.75484999932210495
  0.76635240120601411  0.77896367548838785  0.79127798927184478  0.80327221634216128
  0.81488909675940957  0.82633014274106498  0.83761413834854404  0.84859289328886023
  0.86026641651682545  0.87241682337918425  0.88579280573693142  0.89828625795010009
  0.90994346264871173  0.92185592785258297  0.93391406622857120  0.94622427948108756
  0.95892714754310115  0.97390337364821500  0.98729646769628754  1.00000000000000000
  0.06088474687220954  0.16090102050281380  0.20308738271793389  0.22805283201677934
  0.24882191086589131  0.26422553773480184  0.27770634055946919  0.29006169641377250
  0.30127126245347696  0.31166354359757042  0.32219917785498425  0.33247690014843129
  0.34174463743893818  0.35022955440190850  0.35815006944807370  0.36534041102807524
  0.37211174820362686  0.37857401256090506  0.38464764722806988  0.39069656985401074
  0.39654892577713824  0.40242736601682799  0.40815531867136828  0.41379301043557892
  0.41894040379120961  0.42365813349031789  0.42839369332328031  0.43294111318973383
  0.43754465057958369  0.44213353616316908  0.44683990226768244  0.45178704800208097
  0.45699317824798341  0.46193193702471314  0.46658395973373668  0.47118247708252081
  0.47570263232745008  0.47997142024400513  0.48416211283878663  0.48840869104852580
  0.49259295835936873  0.49702662728892555  0.50109197549877671  0.50501502165788448
  0.50900110071723859  0.51309783411767818  0.51734245486698738  0.52149408713962953
  0.52570272495020376  0.52992295453714866  0.53403669738375648  0.53817531032929733
  0.54229689542750292  0.54647293233135319  0.55069070488230965  0.55486062336566111
  0.55905288302607326  0.56335182709717990  0.56762015500448426  0.57183678264140769
  0.57595689398074290  0.58019569270461802  0.58459645602971644  0.58911352455755639
  0.59378691602865197  0.59823550147567839  0.60294264202487735  0.60779659769495298
  0.61272139949356252  0.61760258407308821  0.62255039110484400  0.62754787221954578
  0.63255805519342145  0.63757232669774289  0.64266488256600585  0.64797423199193660
  0.65351660657828481  0.65914357065335272  0.66482145487710442  0.67065149281402470
  0.67677669773789784  0.68305617444480515  0.68988919240922275  0.69722541230756296
  0.70435231216064853  0.71183780392236051  0.72006856631540583  0.72913082032460896
  0.73802150258260024  0.74767194375917712  0.75936359827347832  0.77345584871194761
  0.79037361412651919  0.81295445349796158  0.85200686070123255  1.00000000000000000
 -0.03221797405502370  0.15714834099058073  0.20316375414385299  0.22964020889371212
  0.24882766496197484  0.26362883087782146  0.27638138915914379  0.28802207244662559
  0.29867580463934307  0.30787043199340830  0.31578321158993805  0.32283702503626122
  0.32962828287771495  0.33649369179270677  0.34330231648599380  0.34990399257312499
  0.35622478869161739  0.36226675386178947  0.36806348608029688  0.37368504560011867
  0.37930039447990882  0.38495375705516216  0.39053929672249438  0.39584749552371945
  0.40071717588802741  0.40540653762858658  0.41017922995238548  0.41473488157440891
  0.41918346892469643  0.42347072808725689  0.42783330681208714  0.43223349033588288
  0.43649301389581957  0.44064589467084603  0.44459896860260822  0.44848394337533498
  0.45242740150465488  0.45625402169889073  0.46023512568247515  0.46449040597498387
  0.46869517969048752  0.47278305425755207  0.47681616318303238  0.48072592096159406
  0.48450134206445933  0.48806372738991488  0.49186716754451104  0.49568130010375838
  0.49945874737530149  0.50327968147410518  0.50718513683625088  0.51113912857390897
  0.51504221484056112  0.51887170577919384  0.52259725362220999  0.52619294171669362
  0.53001612844715096  0.53390975941504792  0.53778023106330985  0.54173095368838753
  0.54577937529477472  0.54996870246701390  0.55414210369420014  0.55839287831670226
  0.56263520450268267  0.56688246436721224  0.57120464164424178  0.57549712027280542
  0.57995118247631317  0.58444759465483365  0.58901651760533624  0.59368268677084179
  0.59847498660384457  0.60350966133268258  0.60870642269026787  0.61390067861382691
  0.61916674513277081  0.62480078909230874  0.63099974346030063  0.63761661878033449
  0.64447702151625830  0.65155076412167878  0.65877495371022776  0.66620495626730170
  0.67376855832101012  0.68168011877119172  0.69033687683328515  0.69989425014062401
  0.71007315886217481  0.72079251658813903  0.73315924112548225  0.74904970818867334
  0.76728852830415462  0.79400617264480100  0.83981640088158360  1.00000000000000000
   1.1064772652467984E-009  -1.0000000000000000     
 F F F F F F F F F F F F F F F F F F F F F F F F F F F F F F F F F F F F F F F F F F F F F F F F F F F F F F F F F F F F F F F F F F F F F F F F F F F F F F F F F F F F F F F F F F F F F F F F F F F F F F F F F F F F F F F F F F F F F F F F F F F F F F F F
  <DiscreteSampler_grid>
  grouped_processes
  1 # 1 for a reference and 2 for a running grid.
  10 # Attribute 'min_bin_probing_points' of the grid.
  1 # Attribute 'grid_mode' of the grid. 1=='default',2=='initialization'
  0.0000000000000000 # Attribute 'small_contrib_threshold' of the grid.
  0.5000000000000000 # Attribute 'damping_power' of the grid.
 # binID   n_entries weight   weight_sqr   abs_weight
    10   10   1.539840051746117E+002   1.202472178280839E+005   1.539840051746117E+002
    16   10   1.539840051746114E+002   1.202472178280835E+005   1.539840051746114E+002
  </DiscreteSampler_grid>
