  0.00366376011071286  0.00390175099884412  0.00409105633127919  0.00425195929639474
  0.00439285996882637  0.00456216140859592  0.00473730787292568  0.00491597177722480
  0.00510397295606156  0.00528946168164900  0.00547485209373421  0.00567164748171415
  0.00585969433353002  0.00604215870295563  0.00620997050676784  0.00637432120592279
  0.00653569202182282  0.00671300073172893  0.00687168707705269  0.00700464151427483
  0.00709923827533417  0.00721986936810770  0.00734420447880885  0.00746853344348247
  0.00759158436646946  0.00770773471656851  0.00780620921898105  0.00790643972937155
  0.00800634650799487  0.00813725489749297  0.00826817087335983  0.00839993761792026
  0.00853090367432555  0.00865422388776013  0.00876959519633992  0.00888513298200701
  0.00899826609338189  0.00911904766615748  0.00924185082545464  0.00936210119523491
  0.00948798804736725  0.00961298050493394  0.00973648789509743  0.00986015572090627
  0.00999160803481258  0.01013021564893608  0.01026682458035567  0.01039640891180316
  0.01052566799684746  0.01066118048964637  0.01080677256668330  0.01096087296681699
  0.01110755629766659  0.01125678558889435  0.01141009704083486  0.01157647490127393
  0.01176356272436826  0.01196247703271713  0.01215719499106518  0.01234703779637738
  0.01253523658168747  0.01274055930315050  0.01294646317869391  0.01314670179102638
  0.01335607683955476  0.01357794064312839  0.01381429167303736  0.01407118229311901
  0.01435789900286684  0.01465934818568295  0.01498074496641827  0.01532611502112637
  0.01567008524618584  0.01601154212191746  0.01636101213048180  0.01671622943912317
  0.01711173384134093  0.01757527813216363  0.01807061198495087  0.01859108026581159
  0.01916709671231032  0.01981414684242530  0.02053553590236136  0.02137569978621910
  0.02237635617036372  0.02343227673019385  0.02450747040533644  0.02579242468457162
  0.02756689725480775  0.02984655916961405  0.03294965970896184  0.03721171212401782
  0.04287687774079130  0.05569038159729842  0.63377870183935581  1.00000000000000000
  0.00221177431115936  0.00307640148079993  0.00327241484468634  0.00348066679626175
  0.00373776208980129  0.00398428577112805  0.00411845856572172  0.00422579787690897
  0.00432554715786978  0.00441405015653934  0.00449883477507050  0.00459341668669076
  0.00470431776292163  0.00478317424307446  0.00484280985529032  0.00489783401635614
  0.00494935007331785  0.00499558866565986  0.00503998173835745  0.00509367947305110
  0.00516665801314442  0.00523643962450252  0.00529540369314930  0.00535181326338462
  0.00541079157580609  0.00547479704219363  0.00554509184967087  0.00560864126619682
  0.00567860508116578  0.00575982696682335  0.00583483507281888  0.00590993435452425
  0.00599311690143618  0.00607763573187380  0.00615785959140162  0.00624293667492535
  0.00633379603438707  0.00642282966107004  0.00650926638329527  0.00659408736506183
  0.00667650625661522  0.00676991426226457  0.00686365996982280  0.00695528305481299
  0.00705019504645952  0.00715869287140681  0.00729619300757172  0.00742807834202852
  0.00755052091727679  0.00766398832182855  0.00777142863512876  0.00787799478466342
  0.00798887817412091  0.00810946049099770  0.00824530707372062  0.00839457914873950
  0.00855668416991893  0.00873020428723966  0.00890827969417368  0.00906908682053641
  0.00922293072205837  0.00937098375378892  0.00952440099673514  0.00970157503451436
  0.00989882965150114  0.01009894643512343  0.01030184418373514  0.01051656944358450
  0.01074106905311472  0.01097280404478622  0.01120794503282387  0.01145440028512464
  0.01172304722550096  0.01199881442844704  0.01230362048800049  0.01262366123208378
  0.01294678100127319  0.01330462599270607  0.01375577747950039  0.01425225422263810
  0.01479605676741714  0.01546724338718661  0.01621751434344012  0.01708666038244668
  0.01804856111106381  0.01916428757786637  0.02058217685261957  0.02235099460418359
  0.02449765347322554  0.02723198262942349  0.03106569414407550  0.03657707364013191
  0.04656776859084769  0.12346150972027192  0.55802026948491623  1.00000000000000000
  0.00273949804885122  0.00314562001860531  0.00345966747874763  0.00368740261345638
  0.00391318045750019  0.00407415027838474  0.00422521648734064  0.00430342888835309
  0.00438390292502530  0.00447422371637395  0.00452930588383538  0.00458554594056928
  0.00464693601207401  0.00470902462662610  0.00477328033482881  0.00483878858846306
  0.00489793963963673  0.00494998992994320  0.00499524146503822  0.00504614064669134
  0.00509832610986294  0.00514151415595320  0.00518225781184295  0.00522775578100018
  0.00528103862745702  0.00532917644263580  0.00540686109752342  0.00549190075629738
  0.00557098898863955  0.00564621661584239  0.00571923563830650  0.00579528857798663
  0.00587056655566424  0.00595725642577158  0.00605453133885664  0.00615698711883133
  0.00626558442362901  0.00638490000174202  0.00650401375762755  0.00661322241033952
  0.00671532681205795  0.00681453466239101  0.00691893117322066  0.00702713593726515
  0.00713545967858909  0.00724455106711793  0.00736470036211749  0.00749340512104327
  0.00762926541359125  0.00778256144364553  0.00793857347681914  0.00808433773612440
  0.00825370702806339  0.00842069748134319  0.00858298507530947  0.00874806598490779
  0.00891884478786971  0.00909088841918304  0.00927802048013653  0.00946462514853514
  0.00966111041002522  0.00985859320969900  0.01008479073531743  0.01032126965647493
  0.01056060140231296  0.01080834172899665  0.01106699808470011  0.01134191623148432
  0.01162544692238105  0.01192952387307339  0.01226669888024931  0.01264527815528006
  0.01304925596389186  0.01347812286825657  0.01391835923692984  0.01436355502802351
  0.01488354106362634  0.01551901668865875  0.01621737627752395  0.01696525319830733
  0.01773846419135006  0.01858415485164940  0.01954439313656500  0.02067529840135781
  0.02204225443907561  0.02365946613394115  0.02557919196586552  0.02779075274929184
  0.03047572735281748  0.03394724192286996  0.03848176124195626  0.04448128076276583
  0.05340966398042105  0.06388138349547413  0.26779838503318398  1.00000000000000000
 -0.00252418662190379  0.00855737550299753  0.01971013736428758  0.03172080453379370
  0.04420848348454450  0.05590516246295184  0.06707481623409624  0.07793743828086344
  0.08792480732253959  0.09764238813666511  0.10871240744193877  0.12122662809264416
  0.13439392864854760  0.14808148878711438  0.16103502386644183  0.17226849712802397
  0.18186955475489419  0.19062661530050504  0.19956588243127851  0.20934927458357699
  0.21994582939354865  0.23113609584807274  0.24188886941003943  0.25278264205414769
  0.26399919291168150  0.27507847748882513  0.28613746734847006  0.29738029863425741
  0.30865083170020596  0.31886702972698161  0.32853633450900643  0.33837073019540093
  0.34809499239310637  0.35664154603563814  0.36472741567637107  0.37267371483196710
  0.38155320987349595  0.39059516343538664  0.39980987193806655  0.40924072626193414
  0.41835991360700769  0.42783245212257642  0.43781220603237603  0.44756263347127634
  0.45680475795605419  0.46573929400428904  0.47486179447137700  0.48475546144076437
  0.49524684276548081  0.50605209384711480  0.51653154079896901  0.52648768171777671
  0.53636735200658048  0.54625163671737853  0.55634051730727874  0.56646525085235866
  0.57698186187901190  0.58840986121817362  0.59896392820988920  0.60906986256462237
  0.61910645571390954  0.63028268777996965  0.64263266677448538  0.65562143871563883
  0.66836596595343067  0.68096997002189319  0.69285257718596005  0.70430434549499221
  0.71562636571183524  0.72672874512261298  0.73802680006520549  0.74896892570579032
  0.75966870856805402  0.77038136583880379  0.78085318334020737  0.79182136256615132
  0.80409443449208895  0.81523601495469766  0.82610071529967366  0.83639908717864142
  0.84652063603778926  0.85714525258724628  0.86807469093206990  0.87799894174621285
  0.88712602537152219  0.89607742309366323  0.90616673628948541  0.91687577722502966
  0.92736604912780962  0.93726392312632278  0.94719625612696512  0.95763616769106530
  0.96786698286805239  0.97830089111074925  0.98879687735018851  1.00000000000000000
  0.01683474642673959  0.02543603855455352  0.02887292406389803  0.03118317687936367
  0.03315044991767720  0.03499997947598541  0.03673179632521930  0.03829004612022696
  0.03973198581916739  0.04110217221635794  0.04237217624619913  0.04351730343973486
  0.04461378241753088  0.04572578425708594  0.04682319776324052  0.04782241423843050
  0.04877656639197185  0.04965470513822064  0.05052489423711067  0.05142809827389930
  0.05241475843769149  0.05334234914160681  0.05421811305063610  0.05509983210581760
  0.05600070985965334  0.05688856874503086  0.05772646116046415  0.05853661216437630
  0.05946734604720721  0.06046550817708778  0.06151829010604315  0.06259692608016580
  0.06365375296283456  0.06466763584598695  0.06565733994976840  0.06665695109996198
  0.06766985481447850  0.06868149097948965  0.06966034433451453  0.07060161118267960
  0.07156389110927466  0.07257859968612046  0.07362494510131677  0.07463793449526242
  0.07562085238616031  0.07662631850730171  0.07767964085168841  0.07877452832147577
  0.07986164425549951  0.08095888693991721  0.08210026011258584  0.08328578853087720
  0.08455340890065642  0.08582754762484514  0.08702121559785117  0.08824536889222530
  0.08946383065048991  0.09062943068640718  0.09174792517831215  0.09292833976099862
  0.09408270408522977  0.09536800687580818  0.09662573177142952  0.09798161813789935
  0.09940478403025675  0.10095254714818573  0.10266096327730859  0.10455360393823149
  0.10659289325970364  0.10862917664251344  0.11068924817003102  0.11270129435128534
  0.11462474429251061  0.11650648288589369  0.11839572954365656  0.12038537994030438
  0.12264419276722280  0.12479018021146673  0.12702643952815770  0.12951531173038355
  0.13232580110260034  0.13544113709430933  0.13840045689557093  0.14120412464324666
  0.14422365961294090  0.14877490773343263  0.15397024581511246  0.15931428543373607
  0.16562607977874613  0.17393436559164147  0.18190746237106073  0.19179864553534814
  0.20788627595064652  0.24303391129295390  0.73986863517577728  1.00000000000000000
 -0.00269337378487735  0.01123854665037825  0.02266061498210326  0.03507713924057566
  0.04447333133157053  0.05506471867875073  0.06508086098120858  0.07284495390363585
  0.08210997111888586  0.09220229986803882  0.10192387038217501  0.11200555680721784
  0.12266841834195630  0.13462380507690710  0.14756577581500152  0.16056184873722840
  0.17250975330870177  0.18327318806037940  0.19412196800233622  0.20514010546648201
  0.21657475963982314  0.22830946599372021  0.24010090102130349  0.25144729581905867
  0.26148923847493871  0.27164989697315123  0.28225767714910499  0.29257221968741731
  0.30222261972257086  0.31150608919456407  0.32102306106730183  0.33187929192037896
  0.34365513498330819  0.35642953315216069  0.36937852600469351  0.38139831399509783
  0.39253976872316187  0.40233813279038017  0.41146708976792051  0.42070795300270064
  0.43027767921526749  0.44052543508259834  0.44949135418422653  0.45863193358638188
  0.46816518082443481  0.47797214787531317  0.48726341608471641  0.49674631918532464
  0.50598538444307517  0.51438214842337004  0.52234796151315233  0.53142276648480291
  0.54166209519413966  0.55204454118627999  0.56145622814730156  0.57057909391410366
  0.57980902878406815  0.58920850178174022  0.59905960773401101  0.60876658164746156
  0.61865840089380164  0.62846128160523429  0.63774662261195714  0.64671491592159724
  0.65673183008047176  0.66771217250930581  0.67833302191301015  0.68909344484513668
  0.70017320475215628  0.71115902517455964  0.72188044197742141  0.73251965530805307
  0.74316513666447626  0.75356926595758777  0.76396746947815497  0.77463751056050234
  0.78477141614978685  0.79438026547829188  0.80394024192514313  0.81395503472521225
  0.82466350679106204  0.83689927567977884  0.85040218939038104  0.86359124415022315
  0.87603000733856318  0.88800865651970950  0.90011541397656225  0.91194091153953805
  0.92278088445952555  0.93342624127768514  0.94421821353420599  0.95513547969963231
  0.96641179602779459  0.97752723773902872  0.98838013204186903  1.00000000000000000
 -0.00025877578805007  0.00128142437987529  0.00212568960370041  0.00269841082476058
  0.00319906993734090  0.00364035692464752  0.00405146349103026  0.00444458109675863
  0.00481442632450725  0.00517017065128738  0.00552817197208698  0.00589517139288696
  0.00627341531300116  0.00666161240534743  0.00704936729567843  0.00743151269934676
  0.00781598381088624  0.00819298523720899  0.00857062122890888  0.00894606840450510
  0.00932266130899006  0.00971865177077188  0.01013789268574654  0.01056226001043911
  0.01099701324206850  0.01145010718459971  0.01191243472670426  0.01236123292435463
  0.01278750433777391  0.01320499246397898  0.01362885260306798  0.01407246510531797
  0.01453410777237251  0.01498952243729601  0.01542437963443626  0.01585260858534576
  0.01627781563740010  0.01672296002720458  0.01719301666555671  0.01764892297560808
  0.01811335964046359  0.01861585065746757  0.01916400214075260  0.01971420710288438
  0.02025376280028660  0.02081074748388882  0.02142111890504026  0.02207129702806461
  0.02272516522475475  0.02336854749769501  0.02398030599281518  0.02459875651824563
  0.02521483486664217  0.02582551155567104  0.02649280147583856  0.02717802036141708
  0.02787424625748507  0.02860765184998811  0.02937917190566403  0.03012676521763816
  0.03084265195014670  0.03159279672089457  0.03241663870980096  0.03340019610492299
  0.03435118489621389  0.03514174109818583  0.03583513341496668  0.03653873234626581
  0.03726641999464024  0.03794312529010480  0.03860458984438304  0.03932140251069726
  0.04005569913507496  0.04080557381896130  0.04157098379138635  0.04223447521894452
  0.04299778678757862  0.04386372234712781  0.04472166736176239  0.04556846606274927
  0.04658652961799723  0.04752688198774389  0.04856094679933665  0.04966331219539438
  0.05148540925890802  0.05386695665151418  0.05569785710562308  0.05710024903180347
  0.05825343211881263  0.05957434346312030  0.06110980049595147  0.06310687849886690
  0.06626102093807172  0.07021805239458564  0.54314785879929717  1.00000000000000000
 -0.00168748281704563  0.00682437128675651  0.01518633809278892  0.02390587701874331
  0.03280154855465397  0.04118378439569344  0.04955409865512962  0.05782608084118295
  0.06601440488087325  0.07378688272550006  0.08133806152716554  0.08850153062609141
  0.09606366803116576  0.10416263221519136  0.11324067830203544  0.12219047135261135
  0.13018146499308283  0.13756499130662012  0.14489909795483474  0.15264385465714955
  0.16076010442864666  0.16976695952858009  0.17965907381197954  0.18986287379663636
  0.19991103596970847  0.20967886736483116  0.21940607757029582  0.22930087371143937
  0.23918447889602495  0.24941652221232724  0.26023848733841698  0.27114191842798624
  0.28154579547883091  0.29245051670794886  0.30380741783077081  0.31577172813669813
  0.32818659693825397  0.34317270217855150  0.36068289062853204  0.37833843625239255
  0.39443469229796324  0.40652298623876276  0.41868386927255058  0.43182502283428276
  0.44498665897770778  0.45776890663625847  0.47073343275446811  0.48439532629784637
  0.49904957469519717  0.51419672696468555  0.52909321988380797  0.54329879128349190
  0.55710745222319613  0.56985782322956535  0.58283308890405561  0.59689459083774088
  0.61167485765854634  0.62727914181987254  0.64236770945120358  0.65648886570870124
  0.67016584128944268  0.68379368924380546  0.69716647419781763  0.71223946068903521
  0.72670128903836084  0.73811179688179651  0.74924525768764816  0.75910241116489940
  0.76869248389693967  0.77759058873216291  0.78617172445750627  0.79445651335239920
  0.80283397997542716  0.81138391246877295  0.82093020500970826  0.83160564224166666
  0.84141280301484156  0.85149918860836271  0.86153984003846551  0.87193300295831988
  0.88264198045887332  0.89311253926529643  0.90315664620715674  0.91266228322624088
  0.92052025179777419  0.92669802665082390  0.93276983936909086  0.93966491469167190
  0.94662968565570715  0.95344340838733221  0.96017300574223985  0.96719860817331926
  0.97431848324104797  0.98162500626795723  0.99037384788732052  1.00000000000000000
  0.05700646580303112  0.31168373695118512  0.37062022219919899  0.40006920310263960
  0.42330019733258145  0.44618694976293705  0.46609133206950937  0.47859154575376672
  0.48610699530034690  0.49338052349122913  0.50140095909653437  0.50951250243823798
  0.51784527784671253  0.52633481148153671  0.53373796300906351  0.54006813613440052
  0.54618198122505091  0.55200036246194351  0.55789723452565454  0.56342689452562489
  0.56874453922180379  0.57395529154953540  0.57914553792871448  0.58406406248176956
  0.58860185593434511  0.59290718538743092  0.59711980097045037  0.60134779895876589
  0.60539408722897980  0.60929380856233861  0.61306367627742087  0.61674726050269402
  0.62044174926546303  0.62438251125803945  0.62826502166915621  0.63198938840466246
  0.63559051945043255  0.63916443847229210  0.64244689545756961  0.64563319987729328
  0.64902076687358878  0.65256836411448449  0.65591976524457685  0.65900495749913901
  0.66195120580261724  0.66523572864457348  0.66811441216111178  0.67139958358545460
  0.67444268670596508  0.67760609357028412  0.68081413787962008  0.68405874110465070
  0.68729837991037857  0.69033632389442168  0.69329166024201572  0.69642394139554364
  0.69951372147068813  0.70263006101824621  0.70562264778636030  0.70853684721567356
  0.71149530570924013  0.71454419382141454  0.71748645681277623  0.72055742444764292
  0.72364727326039491  0.72688943779653037  0.73013164412370801  0.73342576867387910
  0.73681860353104578  0.74017801851251341  0.74348294543582927  0.74680451248661028
  0.75012411213672714  0.75372921959260120  0.75739049358884314  0.76099664586780846
  0.76456035176033055  0.76816095233711457  0.77186928216783346  0.77574508504930284
  0.77971919503332932  0.78372729925101781  0.78806605228340998  0.79273398881849277
  0.79749793170557925  0.80243770326478991  0.80768002402737893  0.81341921839410058
  0.81969106940141423  0.82616373997309822  0.83295000282181308  0.84113181438682583
  0.85118678489628108  0.86443129146612174  0.88908146092570695  1.00000000000000000
 -0.03303586432241174  0.15853314963050485  0.20424099988072447  0.23123670857758827
  0.25004941986008905  0.26645176809873899  0.28080249677712549  0.29310420898979744
  0.30343340349618253  0.31246862495205396  0.32054193749121962  0.32801374563486890
  0.33547669986287648  0.34259813450986559  0.34948692968517830  0.35605599445322744
  0.36218322390582530  0.36831155581602509  0.37414483020947564  0.37984550332813416
  0.38494479319472125  0.38985762577900651  0.39454499338666271  0.39933942489546759
  0.40404687371467196  0.40853897626439573  0.41274571100685475  0.41656799729299454
  0.42061796431756371  0.42471106271718906  0.42894967428454955  0.43301533405673798
  0.43696203385740284  0.44104802917258756  0.44533565862054875  0.44974586558213991
  0.45418614558337528  0.45868750403455555  0.46329007049190674  0.46785798270384948
  0.47211958624277867  0.47627457444917237  0.48051430430009090  0.48458207582150287
  0.48852793460530214  0.49222660865427381  0.49605868319937407  0.49994489121650609
  0.50400673374977345  0.50826852132346290  0.51254118247999569  0.51669692180443938
  0.52076168075244833  0.52459927283392771  0.52823052975796581  0.53156434130587493
  0.53504131407521360  0.53846649557946669  0.54210914822451806  0.54607788216828079
  0.55009971592829421  0.55397086113904792  0.55776499565617921  0.56159815366503352
  0.56568014322463755  0.57013992055213425  0.57469354892310054  0.57898452532347444
  0.58340431643004864  0.58842264371450803  0.59334163502367265  0.59836094573717657
  0.60324117941117139  0.60841742814756183  0.61393587365514957  0.61945436571559054
  0.62492325799421178  0.63078994269512545  0.63686780609356786  0.64326160236287744
  0.65049332745074406  0.65791941245236130  0.66518351272784293  0.67279559128476185
  0.68141117146694052  0.69102919493213877  0.70092490498799365  0.71017695800277647
  0.72011663841584639  0.73074355047942374  0.74255578795964783  0.75626027560071551
  0.77422045064361167  0.79944693237053599  0.84425853890022706  1.00000000000000000
   7.1396443794269856E-012  -1.0000000000000000     
 F F F F F F F F F F F F F F F F F F F F F F F F F F F F F F F F F F F F F F F F F F F F F F F F F F F F F F F F F F F F F F F F F F F F F F F F F F F F F F F F F F F F F F F F F F F F F F F F F F F F F F F F F F F F F F F F F F F F F F F F F F F F F F F F
  <DiscreteSampler_grid>
  grouped_processes
  1 # 1 for a reference and 2 for a running grid.
  10 # Attribute 'min_bin_probing_points' of the grid.
  1 # Attribute 'grid_mode' of the grid. 1=='default',2=='initialization'
  0.0000000000000000 # Attribute 'small_contrib_threshold' of the grid.
  0.5000000000000000 # Attribute 'damping_power' of the grid.
 # binID   n_entries weight   weight_sqr   abs_weight
    10   10   1.837043969768982E+000   1.909859455913563E+001   1.837043969768982E+000
    16   10   1.837043969768982E+000   1.909859455913561E+001   1.837043969768982E+000
    22   10   1.837043969768983E+000   1.909859455913564E+001   1.837043969768983E+000
    28   10   1.837043969768982E+000   1.909859455913563E+001   1.837043969768982E+000
  </DiscreteSampler_grid>
