  0.05293691705394227  0.05421178625310831  0.05480980859161833  0.05551114713952476
  0.05623902268031012  0.05694563127140760  0.05762760386864708  0.05828592225857615
  0.05893427418476095  0.05958221002016985  0.06022303974938339  0.06086264742847859
  0.06149925988028519  0.06214127899988595  0.06278849033764899  0.06342795581110962
  0.06407296668162518  0.06470454678358391  0.06533878854689051  0.06599001435492857
  0.06665742724377524  0.06733583402540227  0.06805236696308495  0.06876684484288219
  0.06949169488982018  0.07021972970375055  0.07096565127085148  0.07174052017080448
  0.07249487334936339  0.07325210649302151  0.07402297818563244  0.07479332531833464
  0.07550411204431202  0.07621165900630700  0.07691317053818117  0.07762417860155810
  0.07836095808405329  0.07910035350813092  0.07984714448110293  0.08062480447343610
  0.08140765359693423  0.08217631598701475  0.08297618804186936  0.08388363473721940
  0.08489013866871858  0.08590957604499504  0.08689297692161155  0.08785465889859552
  0.08884758717039899  0.08986897869953527  0.09092811547720719  0.09201476495037655
  0.09313664087934340  0.09423513488382800  0.09536511265063033  0.09653407895806315
  0.09763408344381737  0.09882035456239130  0.10006865439513699  0.10137782120198327
  0.10274640929584251  0.10412525055869284  0.10551722002496693  0.10697676815986783
  0.10846638143402651  0.10998358940588325  0.11151809125836358  0.11307028746266369
  0.11471403451325413  0.11652057067274089  0.11843275528717938  0.12049111330705838
  0.12240805018076324  0.12435402346083732  0.12652818211505967  0.12888614125887016
  0.13145825373813402  0.13438822091664845  0.13771402403510510  0.14083922366314339
  0.14417347074021369  0.14753066829941888  0.15119188600377190  0.15519841369587650
  0.15973631444967820  0.16463256010901278  0.16998676935640672  0.17601251253878381
  0.18356251130099524  0.19244393011530780  0.20318399931103942  0.22041588902544956
  0.24909898395304977  0.29212505283734219  0.89438635271608657  1.00000000000000000
  0.00003919183360061  0.00004030212421927  0.00004158859335754  0.00004289679714150
  0.00004457410512409  0.00004635454420870  0.00004825332357690  0.00005038340807102
  0.00005250365959274  0.00005473287152110  0.00005718590207636  0.00005987641951165
  0.00006327107329063  0.00006696741208692  0.00007096439874204  0.00007506235463503
  0.00007933998122431  0.00008397330439091  0.00008916114457391  0.00009504849791568
  0.00010155400831193  0.00010858224557092  0.00011619184590133  0.00012429332086283
  0.00013284154919310  0.00014150555511147  0.00015028510116097  0.00015933461780377
  0.00016852709583645  0.00017769879041086  0.00018682582522730  0.00019665066998529
  0.00020706891177029  0.00021838344310790  0.00023033564247216  0.00024273719678500
  0.00025658032332519  0.00027130494856013  0.00028669748145656  0.00030253287291779
  0.00031892404755415  0.00033610516902489  0.00035351289182006  0.00037137929762313
  0.00039051192738112  0.00041150594962108  0.00043417110319494  0.00045780221704686
  0.00048178724596633  0.00050672416772746  0.00053383547990022  0.00056225100312818
  0.00059191363950909  0.00062312147957830  0.00065510869393448  0.00068941677737820
  0.00072374491105456  0.00075831714627259  0.00079380485165651  0.00083089100497258
  0.00087145925052338  0.00091371224192710  0.00095774002904082  0.00100361622924693
  0.00105145594565217  0.00110304204864359  0.00115742288149914  0.00121336171039573
  0.00127323966965816  0.00133378108305082  0.00140178308142235  0.00147718269756509
  0.00156028595116967  0.00165165006291811  0.00174720588216325  0.00186222488479349
  0.00199404518055619  0.00213944789864374  0.00230802940153280  0.00250945937621755
  0.00274174364187587  0.00300528397178564  0.00329801136974828  0.00362064871288612
  0.00398908869946666  0.00441981586521010  0.00496498102129445  0.00568138039405842
  0.00658730682345641  0.00785844764702987  0.00980906346251933  0.01315249627047244
  0.01917007000212610  0.03920755420825719  0.37338363968534422  1.00000000000000000
  0.00015258275386896  0.00109769218644473  0.00147055895859913  0.00170660430893683
  0.00187614161539136  0.00203204593119158  0.00219481811681889  0.00235865807225913
  0.00253214305516989  0.00273075219845394  0.00294949841786245  0.00315812630902296
  0.00335898866099176  0.00354848235201183  0.00372370020900585  0.00390135950572653
  0.00408903192981331  0.00427459723720394  0.00444666553314847  0.00461645797895792
  0.00478841515237992  0.00496285950519644  0.00513320398481428  0.00529819884381781
  0.00546120861509328  0.00562373399855372  0.00579169941683451  0.00597332291963403
  0.00615163920109557  0.00632662657314142  0.00651048298503767  0.00669985886334729
  0.00689808579561512  0.00711189970159651  0.00732776555294990  0.00754820205379182
  0.00777493987657018  0.00800810514452804  0.00825558152839834  0.00851104800036805
  0.00876902702580900  0.00902712787947820  0.00929558326388422  0.00956210429632374
  0.00983216087361584  0.01010535557059908  0.01037960664102063  0.01065827597175677
  0.01094294133072229  0.01122791419220208  0.01153412682988855  0.01186076102521211
  0.01219461648860882  0.01253888175229725  0.01289620059307445  0.01326668737986002
  0.01364582062497239  0.01405506838387944  0.01448062327054806  0.01492580794901403
  0.01540260248864036  0.01588625289229811  0.01639284507171060  0.01696092145462404
  0.01752097798849253  0.01814592444448401  0.01876189702701848  0.01942051662440865
  0.02012540372486229  0.02085002378089313  0.02159683471781621  0.02237225415136283
  0.02316607368853894  0.02400658526122246  0.02490793186835104  0.02592103154402828
  0.02701665499307255  0.02822144241935585  0.02951427466253305  0.03084894607590463
  0.03223462470332952  0.03372987516800829  0.03543094350856302  0.03744232467032013
  0.03969574404553012  0.04230811539789671  0.04527984507987092  0.04857577296189074
  0.05244310010271017  0.05754700858760094  0.06445626589701282  0.07348819709481694
  0.08331793700900292  0.09775692279800972  0.11727823336531788  1.00000000000000000
 -0.00577136153185068  0.03304495115801138  0.06339810490181698  0.09152429171167702
  0.11795822608553883  0.13956500081656459  0.15843832435091260  0.17563868499057950
  0.19211754141746107  0.20742289125217897  0.22175692548284701  0.23494914242475032
  0.24755288630787231  0.25930974630661202  0.27026445396057630  0.28055217875408534
  0.29050705476163563  0.30047998233422030  0.31024263579287681  0.31995583019943336
  0.32889050496753325  0.33698486833091595  0.34457443914305652  0.35183510324677009
  0.35905847700034710  0.36640303218576142  0.37377251333835093  0.38106592070949080
  0.38836448987971500  0.39565727816178797  0.40275920295103024  0.40957087260201669
  0.41617629238627912  0.42235304847954819  0.42830840270367809  0.43427289436164307
  0.44023144495927385  0.44617985976052316  0.45221067779598650  0.45819318826816624
  0.46375814109620278  0.46949852096364481  0.47534968867476302  0.48117685619425443
  0.48685771353586266  0.49254691234665438  0.49817023356609558  0.50355333126765833
  0.50869380174729339  0.51391114304404617  0.51900424863425831  0.52410242920329042
  0.52930372246250701  0.53452457103760309  0.53992349058089384  0.54562495401983668
  0.55131861101415125  0.55708658642865694  0.56281385719822885  0.56883832543152879
  0.57498604020932442  0.58113502944317497  0.58794947650217266  0.59492584104933888
  0.60190609940856532  0.60895631746700096  0.61609244314481881  0.62325100557437063
  0.63010955873933716  0.63667736577575229  0.64336724954261504  0.65027313047603152
  0.65754062845639794  0.66504268183683046  0.67283482896117364  0.68089909082938571
  0.68929481644786661  0.69817147597149065  0.70745513547304428  0.71687071496169308
  0.72653704063850866  0.73666197214342022  0.74742113959083833  0.75838011915157877
  0.76965707982383103  0.78211808285554896  0.79543282343502597  0.81014996690318142
  0.82602720451596789  0.84261721975364046  0.86054100971080039  0.88113450960489170
  0.90434949983576363  0.93104418630101171  0.96318567236440811  1.00000000000000000
 -0.00226325516639093  0.00977875495450826  0.01965330131581280  0.02947340228857747
  0.03923431136008532  0.05001573319009478  0.06173320100401117  0.07298619368630360
  0.08370193771613935  0.09406557323155175  0.10431568442435685  0.11425469096523383
  0.12431612526649659  0.13500345903513003  0.14603590385008353  0.15622735051975264
  0.16620147052746603  0.17646813194921254  0.18653183103622864  0.19669470183140397
  0.20615312785017736  0.21525030360162781  0.22459390007821184  0.23401227028824528
  0.24366009780066730  0.25321069799909368  0.26269625511863487  0.27220995885556304
  0.28194292642704338  0.29191607612718390  0.30275706436313610  0.31426303783330378
  0.32558253699246770  0.33663678838330979  0.34719312845338191  0.35818486618740503
  0.36912775229845801  0.37930060998520415  0.38895878625387553  0.39913832955636197
  0.41083072684061178  0.42301304587113842  0.43485354146503807  0.44588547292583680
  0.45672284809463559  0.46770831965196447  0.47854547443044798  0.48812170486041195
  0.49825409026073103  0.50910277661110614  0.51999831212897440  0.52994714933253317
  0.53968283914107396  0.54990634902619340  0.56058463004828618  0.57127684857582295
  0.58206312108087011  0.59323249436492842  0.60457711073176157  0.61707981732735218
  0.62886759426651562  0.64029926505498758  0.65131191791273324  0.66241525523861566
  0.67333110297154897  0.68423282504680982  0.69512757729336783  0.70568486756196236
  0.71563473582895865  0.72564835854013232  0.73573765937612190  0.74586169695091109
  0.75550116377472032  0.76490637425606334  0.77420814649316205  0.78356995929801854
  0.79283427915078231  0.80223705545972168  0.81179883073954573  0.82195626010448630
  0.83276882046657241  0.84347658746884480  0.85385490734391523  0.86434117180342429
  0.87543113964601993  0.88656901128351218  0.89835706493810930  0.90970254950529950
  0.92047524916488177  0.93067661718052974  0.94152851282159133  0.95369837871809682
  0.96539965309966913  0.97676965453170816  0.98816994967030647  1.00000000000000000
 -0.00175150900553547  0.00730151978213813  0.01535516230170621  0.02388672979606229
  0.03261204443977667  0.04156567536548849  0.05106480148543698  0.06127650627214148
  0.07180163926884783  0.08238799677825681  0.09315647907302915  0.10393873245549703
  0.11415273618037775  0.12430462589379193  0.13528790389910436  0.14652138222905875
  0.15667886928583583  0.16611144122769203  0.17550637006485914  0.18515871205692563
  0.19510158745198866  0.20517285506402277  0.21558616836749780  0.22598606600073948
  0.23582762081217462  0.24544166160716382  0.25578055215197298  0.26664105805176580
  0.27709793523349968  0.28778536343244182  0.29886340143935136  0.30945527072978590
  0.31941215770483811  0.32933871089685729  0.33998012643897790  0.35138544208745320
  0.36286151286441687  0.37398672645841097  0.38463332042711129  0.39495243064303404
  0.40482629551229316  0.41478781355078920  0.42464961070369933  0.43446458368189794
  0.44412686064893209  0.45361963689858420  0.46310979545573705  0.47277808509042391
  0.48299481648450571  0.49361207254111822  0.50459534403164952  0.51617603727182659
  0.52774734166601067  0.53962116641141800  0.55141339230360120  0.56337285880864707
  0.57481569953332068  0.58591884457846843  0.59699810345297577  0.60838689633262821
  0.62040909552198842  0.63292335461245774  0.64544235989688126  0.65749675098276472
  0.66902510043505048  0.68015051578884222  0.69075547820067540  0.70104445719178488
  0.71112553817373225  0.72117710764961063  0.73088872690699092  0.74037905323822362
  0.75023937065140689  0.76054604317236418  0.77078518925371775  0.78077242312818707
  0.79120067840882891  0.80273117989346954  0.81524761106282506  0.82766445914243858
  0.84028278651997379  0.85302888643270525  0.86600271685984487  0.87855352808505238
  0.89038740960272722  0.90178449751983447  0.91288727150642557  0.92369686803052731
  0.93436163655750470  0.94489323836249073  0.95545009199118858  0.96511884209983079
  0.97386731616820388  0.98253570192717476  0.99116077576287565  1.00000000000000000
 -0.00269652678663570  0.00990866706970799  0.02036681929832447  0.03165843282280116
  0.04313583862142704  0.05420516079492690  0.06510069567274401  0.07551804569891020
  0.08558839892085508  0.09485615791670238  0.10439987152219588  0.11439963733462899
  0.12461240782941684  0.13462912059672938  0.14425358597738897  0.15414974203597168
  0.16478131659345016  0.17611491074986144  0.18783285549272954  0.19985735275278599
  0.21207917611669111  0.22440976246562561  0.23654785240135728  0.24832733145362834
  0.25961086984470144  0.27053617125534041  0.28144709507616417  0.29205643706927692
  0.30212112270119623  0.31219691413341655  0.32279360358930775  0.33327847920924752
  0.34405743132702171  0.35443616446616516  0.36539770199189647  0.37693838091364085
  0.38844433875097817  0.39974319914326284  0.41081915259660229  0.42183410789826964
  0.43289015989707497  0.44283081220041176  0.45271152945634852  0.46254273735342916
  0.47260874133312725  0.48245492671827411  0.49250841694418090  0.50272700708228679
  0.51364840034711001  0.52503917855604787  0.53596657996672870  0.54680241135526975
  0.55732935861810828  0.56807720766482350  0.57916488484639683  0.59029723504326315
  0.60130946735352619  0.61161226791571499  0.62134991815630758  0.63076447725126727
  0.64009511799368268  0.64980354852253641  0.65932358541586344  0.66921868974282905
  0.67862515158022663  0.68778603002470629  0.69750633140192475  0.70752730181430534
  0.71793750897633624  0.72867374932450824  0.73988974701681332  0.75149093278820012
  0.76257915021207556  0.77392217088060788  0.78499713063924192  0.79517088358298471
  0.80430957584876916  0.81376508549587190  0.82359434315716196  0.83361559566328192
  0.84376970669811235  0.85466065094229338  0.86660458207016011  0.87848173711627953
  0.89003089922393996  0.90171236333514471  0.91353274368183301  0.92339365599111523
  0.93293245359490373  0.94248381862949693  0.95214382529720620  0.96183693669743708
  0.97148984204036115  0.98090072370524550  0.99073103818532360  1.00000000000000000
 -0.00234833949176676  0.00983366304260734  0.01972175453048333  0.03016170386988375
  0.03960149181706902  0.04845812574723050  0.05730818854304370  0.06666569827093886
  0.07656371630477538  0.08678340428877346  0.09702054187139565  0.10724891545552488
  0.11725440467487054  0.12733702103265512  0.13757197042249672  0.14839343895329937
  0.15958748194225508  0.17101228248651607  0.18304197857570501  0.19412046704329242
  0.20488065716353279  0.21479864475533633  0.22454522893155893  0.23424005875542786
  0.24405006510981470  0.25414200813327481  0.26447896409522376  0.27482708979364207
  0.28526868247105652  0.29625185483041128  0.30754456587587187  0.31853997821374835
  0.32925889173761014  0.33934040851174169  0.34907469019671850  0.35861111322917966
  0.36819689235313685  0.37808674100702638  0.38788418931662227  0.39758459959128573
  0.40749474523859214  0.41781839366343909  0.42839353262076746  0.43916538548447470
  0.44950828127234688  0.45963555958758157  0.46955860578794578  0.47941706090291453
  0.49001084588952354  0.50095308004933381  0.51188159936710342  0.52217497389671486
  0.53126484351139891  0.54042750655530902  0.54953611878365527  0.55863769029219401
  0.56789661931493041  0.57773992506452043  0.58819322282770825  0.59927262417632721
  0.61073620249149430  0.62220798252469045  0.63310025668332059  0.64379613786870160
  0.65512858798237827  0.66681046984625936  0.67828848308972234  0.69008021019570942
  0.70216257157288064  0.71435749333069176  0.72627406487448554  0.73847184761939977
  0.75104038982165755  0.76313394720733896  0.77468164785740112  0.78556137469651510
  0.79619482576375189  0.80684657865470355  0.81798216873267504  0.82982610273852331
  0.84153015178285928  0.85281325738169056  0.86308590928700080  0.87347245163355414
  0.88378779740643898  0.89426517460678356  0.90473851806440764  0.91546412779867303
  0.92641258201964949  0.93707576837528783  0.94692592387004282  0.95689287712278348
  0.96714797551810139  0.97754911481548246  0.98857627196386089  1.00000000000000000
  0.13101311712636143  0.14048095561635709  0.15109730392413231  0.16109744209607882
  0.16984970007693193  0.17740141588725991  0.18588329870058806  0.19467996787647956
  0.20341138109890175  0.21144935240830498  0.21889892390835444  0.22617026975493315
  0.23338238798552172  0.24054419530311830  0.24763478578551174  0.25442972798372193
  0.26084598267750148  0.26712883348320049  0.27347618312419231  0.27997451191728595
  0.28648040890954490  0.29293664905077721  0.29923060825521641  0.30534896015602325
  0.31124024589924926  0.31690354077731286  0.32250633697592018  0.32801230776457341
  0.33350369894836651  0.33884732484195518  0.34417246514915351  0.34948387475493742
  0.35491812160798980  0.36044979553228190  0.36599390347688759  0.37160679430336185
  0.37709795429830445  0.38238391906180458  0.38762794379559379  0.39270460106813027
  0.39771310475521354  0.40284297070945541  0.40811995471916368  0.41360786965298940
  0.41908056554219991  0.42434162675330556  0.42950488744255294  0.43463794075106710
  0.43996468160645058  0.44559809104721215  0.45131742552170206  0.45704017349437087
  0.46281990341751661  0.46851924795992361  0.47403071311555645  0.47957875927186594
  0.48526856594333834  0.49105217358848335  0.49693904419233736  0.50301708266337741
  0.50941570962790961  0.51587919478875632  0.52236650103538740  0.52834840262782068
  0.53436418147154763  0.54028626735410312  0.54622712008550456  0.55215977741166167
  0.55805088452469032  0.56415965966266213  0.57059139767033307  0.57707331121260386
  0.58338668944491467  0.59050934162382918  0.59773028887509572  0.60538747720453312
  0.61280324175928835  0.62044090302818766  0.62781190803238651  0.63535196297431962
  0.64298334264823709  0.65091288626367316  0.65896361116980851  0.66755903874604350
  0.67697018447693857  0.68687526647045749  0.69718032243634154  0.70724735056152510
  0.71916410548754373  0.73249556302468244  0.74697441495936057  0.76261432196001533
  0.78166644284552489  0.80812467267855981  0.85216658516562593  1.00000000000000000
 -0.02370015097704384  0.14055071711025710  0.18483592522031686  0.21144542638221811
  0.23096030086486843  0.24675357004721987  0.25969567707521662  0.27190625935295776
  0.28316087073193824  0.29351164976096711  0.30281776309874314  0.31143482534859446
  0.31933102863301310  0.32689223576170900  0.33430584461266583  0.34135712310314714
  0.34825037859268282  0.35499369817067317  0.36153892803202831  0.36785945561114936
  0.37382640762132902  0.37942595572005811  0.38484661406650106  0.39025542881154079
  0.39537141159838013  0.40046661525063487  0.40541247154160703  0.41043795233726887
  0.41524434582088166  0.41959684257029439  0.42372823207788940  0.42781210062264885
  0.43194154115214817  0.43602884580584855  0.43992475591116265  0.44379166059183894
  0.44757543860829246  0.45141339662148167  0.45527982914305293  0.45907959511636293
  0.46293758722182315  0.46699895207942804  0.47108322295559446  0.47515887267279872
  0.47927146064894394  0.48346636615256977  0.48773433836912494  0.49196016680196669
  0.49604618166815062  0.50009239879211365  0.50436381769120242  0.50870633583300418
  0.51325554867592615  0.51795848523744603  0.52275802764617285  0.52743217520938745
  0.53190815144812353  0.53630364262545582  0.54068464519652437  0.54514671971553230
  0.54967332402421443  0.55430318291972158  0.55905204134112974  0.56387252636840346
  0.56869316594049213  0.57353477151530963  0.57845280089036177  0.58340695086445482
  0.58833920813766094  0.59312400882591554  0.59787084304086080  0.60272108244688161
  0.60774563155565497  0.61286553647314024  0.61819865778155425  0.62364774731713857
  0.62951695282776476  0.63566414847575792  0.64191442492482786  0.64845066734349321
  0.65534985108803334  0.66252056742345067  0.66991091302625794  0.67758679076861894
  0.68571972994610775  0.69464494177405534  0.70452002840682604  0.71503652056232370
  0.72578735449344867  0.73731303403451010  0.75098940084093524  0.76795977639229951
  0.78899974226433744  0.81573695899186593  0.85882379375604778  1.00000000000000000
   5.8443303146426072E-011  -1.0000000000000000     
 T T T T T T T T T T T T T T T T T T T T T T T T T T T T T T T T T T T T T T T T T T T T T T T T T T T T T T T T T T T T T T T T F F F F F F F F F F F F F F F F F F F F F F F F F F F F F F F F F F F F F F F F F F F F F F F F F F F F F F F F F F F F F F F F
  <DiscreteSampler_grid>
  grouped_processes
  1 # 1 for a reference and 2 for a running grid.
  10 # Attribute 'min_bin_probing_points' of the grid.
  1 # Attribute 'grid_mode' of the grid. 1=='default',2=='initialization'
  0.0000000000000000 # Attribute 'small_contrib_threshold' of the grid.
  0.5000000000000000 # Attribute 'damping_power' of the grid.
 # binID   n_entries weight   weight_sqr   abs_weight
    10   10   2.506590861063981E+001   2.462404427918085E+003   2.506590861063981E+001
  </DiscreteSampler_grid>
