  0.01405245623609975  0.01452239972524817  0.01473765238187997  0.01486984223448001
  0.01497719093385589  0.01507616058005965  0.01517050291273644  0.01525998438063428
  0.01534505028852596  0.01542683454466490  0.01550583784344267  0.01558438233199700
  0.01566072507937881  0.01573699680738304  0.01581516159885742  0.01589341884238696
  0.01597159178598651  0.01604758955432235  0.01612414654467535  0.01619851421246956
  0.01627411048367831  0.01635736189035992  0.01644170147208845  0.01652609766524117
  0.01661258651179179  0.01670079296278829  0.01678995072405296  0.01687982085850768
  0.01697065869452186  0.01706309021304817  0.01715803461770141  0.01725727981150303
  0.01736412194322292  0.01747150434601168  0.01757793970177787  0.01768428954852435
  0.01779133323749620  0.01790522703790226  0.01802735782871744  0.01815258970346020
  0.01827516193370831  0.01839317823363213  0.01851014276231647  0.01863461654146988
  0.01876349489774418  0.01889945754459043  0.01903969757469423  0.01918571815572935
  0.01933292942721290  0.01948435559923129  0.01963732753399135  0.01979881399963380
  0.01997014943937257  0.02014399756178445  0.02032041842546294  0.02049937368990607
  0.02068478305787844  0.02088358844092430  0.02109663843989389  0.02132057968450947
  0.02155395079333224  0.02179647666792725  0.02205212397243249  0.02232316007701520
  0.02260984904721371  0.02291278087542645  0.02323026632292141  0.02355628655114451
  0.02389348688201749  0.02425620568097573  0.02465543068605381  0.02508797620659461
  0.02554525593919972  0.02603867919811950  0.02656762311590752  0.02714231841335593
  0.02779339978288455  0.02850707844831930  0.02927083295179247  0.03008188575040674
  0.03097231938720361  0.03193337630679888  0.03299832148817879  0.03421164918965335
  0.03559666959133803  0.03714665680745250  0.03896251324490534  0.04108200845892686
  0.04359524948413187  0.04683005785497980  0.05113998119047000  0.05698765514940862
  0.06569085370980782  0.07883902754989321  0.20781491690259291  1.00000000000000000
  0.01416668354487988  0.01457457570990609  0.01475999314426564  0.01487608561850176
  0.01499026821838586  0.01509904924468982  0.01519833359013040  0.01529054209190804
  0.01537826096855530  0.01546271811461654  0.01554392120941630  0.01562347962115922
  0.01570672219214438  0.01578187920683400  0.01585899475729534  0.01593695772857733
  0.01601674220447362  0.01609990173889570  0.01618467066688363  0.01627055348865046
  0.01635778405300965  0.01644719166307077  0.01653851060654384  0.01663020069942550
  0.01672216377034879  0.01681546297357662  0.01691665266456213  0.01702090624649314
  0.01712954373055432  0.01724142145761716  0.01735532707756314  0.01746948285074143
  0.01758212137492699  0.01769601358761215  0.01781319205096379  0.01793242452771926
  0.01805514006834085  0.01818137075227995  0.01831212028206264  0.01844990992915399
  0.01859255672220156  0.01873913993549788  0.01889432623402951  0.01905785081504538
  0.01922622616101277  0.01939725526241064  0.01956956594848068  0.01974373526263906
  0.01991937187572814  0.02010210491569331  0.02028861858548568  0.02048506366159137
  0.02068954574312929  0.02090598203380415  0.02113225381717601  0.02136977564271592
  0.02161834406094630  0.02187876238144204  0.02215204742018129  0.02243498206798977
  0.02272167891830107  0.02301011127171499  0.02331371427114955  0.02364482860493697
  0.02399766043293844  0.02437533232772738  0.02478141391886833  0.02521373608984907
  0.02566678361852262  0.02614113795971738  0.02664246720954134  0.02717557346496260
  0.02773744586882588  0.02833698486651467  0.02903110323607103  0.02978601040210644
  0.03060163994814519  0.03147250393132107  0.03239889189903078  0.03343027586218329
  0.03460974691132725  0.03593817001916869  0.03740342699891432  0.03908938071829792
  0.04105134232247847  0.04330295838858223  0.04623940199085889  0.04968012024149813
  0.05369585550187036  0.05909499241677392  0.06653274801631819  0.07891970311539369
  0.10210347130680707  0.15129024169774502  0.62742822203599236  1.00000000000000000
  0.00271567358146260  0.00313235684604208  0.00341975815638255  0.00370394978233387
  0.00398203131105772  0.00425474386108236  0.00451873658547945  0.00477571353736748
  0.00503115641792377  0.00528830528991732  0.00554596206326692  0.00580630192292974
  0.00606903794682433  0.00634308452574044  0.00661102664554290  0.00687747325803705
  0.00714464194743118  0.00742322496923888  0.00772434656455500  0.00804160805509065
  0.00836059937600460  0.00866030888323155  0.00892724107763770  0.00918678043515591
  0.00945066350779006  0.00972539795429412  0.01003002133427447  0.01037802739937087
  0.01074834185227512  0.01111007976279266  0.01146499813632906  0.01182900667400212
  0.01220543617340702  0.01259801819417575  0.01301242875905155  0.01345393584810120
  0.01391132673376018  0.01437179684162491  0.01485485582217783  0.01536392275095093
  0.01589433617267911  0.01645536359050008  0.01707833070764457  0.01775432103914480
  0.01848276421174567  0.01926389394824884  0.02007338205772420  0.02091172763500230
  0.02179637552489448  0.02277088770261096  0.02374022374818962  0.02470779875691747
  0.02567780503942817  0.02666911113352281  0.02768347473384890  0.02875868461900528
  0.02988706654111513  0.03112369866251742  0.03248993813731373  0.03389568241223199
  0.03533502889354385  0.03682715472524277  0.03830360343117909  0.03980593136088648
  0.04137464895689795  0.04305495056777570  0.04478041362251791  0.04651222611603650
  0.04829020132709475  0.05012086800480262  0.05202990380170703  0.05399266419552789
  0.05603785879829028  0.05818148254438472  0.06040563063613776  0.06270251692508384
  0.06500547208618869  0.06742877870542947  0.07012139767547400  0.07317057026305999
  0.07639169181111224  0.07953396962580798  0.08275973968406011  0.08665894331644283
  0.09106496881881079  0.09568038333693867  0.10044499119862255  0.10574148968647659
  0.11261721129208019  0.12209578602743959  0.13349181834018056  0.14625455193602677
  0.16083209764936976  0.20944720603044609  0.81154086366858036  1.00000000000000000
 -0.00257966936374566  0.00940511942990395  0.01986327478267505  0.03027948940432228
  0.04058083155661046  0.05113861747202199  0.06108821114734766  0.07025832858064279
  0.07914420501113625  0.08807103066025379  0.09711918345795034  0.10616315011772812
  0.11503377933420945  0.12363718950004715  0.13208497769470773  0.14027749617092314
  0.14849801268037349  0.15690490774564855  0.16513601301175332  0.17323298578395116
  0.18137040960343348  0.19001165187195579  0.19899720253958725  0.20805939530370138
  0.21712909612966746  0.22607206960151197  0.23526366498986140  0.24358916421900195
  0.25245218488954535  0.26124079984265025  0.26952489979699101  0.27728772751470215
  0.28477715516002416  0.29216475778615902  0.29957551150885342  0.30717061616038543
  0.31500129418085743  0.32280529977839029  0.33074958630328893  0.33870422405785150
  0.34703727543227902  0.35500634578186363  0.36276883958482065  0.37065532802420664
  0.37833003869332965  0.38619839854848947  0.39463130173854100  0.40252226158811621
  0.41035094994889382  0.41852233325551857  0.42709948406926534  0.43573829256067831
  0.44414453484733374  0.45266151464358789  0.46107361856158979  0.46975026096097816
  0.47882968809205828  0.48857613388984794  0.49872924807630969  0.50757455150528719
  0.51573762224076525  0.52413978119239479  0.53260668427305480  0.54133819682331763
  0.55020685250068246  0.55961087578108237  0.56977937629411934  0.58054553196060166
  0.59157114440882175  0.60267169887764849  0.61371204044425165  0.62488763133540792
  0.63615067033210704  0.64745714964793233  0.65889064157601851  0.67074262302565801
  0.68274309865223115  0.69557762347773300  0.70889114423173216  0.72261795864026412
  0.73665523150085277  0.75030290242125286  0.76398130555871269  0.77797890512403178
  0.79216607314968979  0.80655717902248814  0.82161896400269385  0.83726466494755591
  0.85376035842975939  0.87237355776435865  0.89258423431532952  0.91371650701938445
  0.93390695113304023  0.95483879597285171  0.97623009516420300  1.00000000000000000
 -0.00262616925748515  0.01028506182343183  0.02068209404426362  0.03071934929925891
  0.04063637371286006  0.05063756074494829  0.06065150326438370  0.07060451696880521
  0.08012409938601314  0.08990094423870294  0.10001331314254087  0.10971030923994031
  0.11865606251868299  0.12809266615232728  0.13785794903656834  0.14775495831902968
  0.15754024980417949  0.16814363240514449  0.17977879140399508  0.19162498301848405
  0.20256679779279005  0.21339183628120056  0.22438356724656403  0.23553163284710416
  0.24613937188989801  0.25686970163582146  0.26762703455844600  0.27877747052125929
  0.29010738552727749  0.30183571300742973  0.31340643163503207  0.32403550822085281
  0.33441231351428274  0.34430274675509415  0.35467014333882019  0.36547214232149217
  0.37583858343723192  0.38567264334466983  0.39559032313029835  0.40568479933205059
  0.41571373911102200  0.42564123938140891  0.43559476266474106  0.44617837902365043
  0.45731589474429518  0.46856698389308660  0.47951213330132514  0.49022608860541844
  0.50086800862557845  0.51144642326275169  0.52194021868651919  0.53262215450274653
  0.54348665106252070  0.55436687582760347  0.56530706846738354  0.57620885226370522
  0.58706962161855647  0.59827144605617177  0.61000961829611389  0.62138670400885043
  0.63195556601539271  0.64244545465498260  0.65258190776495972  0.66275365109522844
  0.67279453379559218  0.68326690433298498  0.69353982215554122  0.70427046874866694
  0.71554029537457597  0.72700389545247446  0.73768727293099179  0.74844315079470303
  0.75900146656052792  0.76962973655612632  0.78004816710585256  0.79078139774641254
  0.80202912732703713  0.81348369840358858  0.82486802944962234  0.83597754934233737
  0.84684870691130565  0.85735480970702627  0.86692217002531180  0.87609817638740062
  0.88517140005461037  0.89415057031576450  0.90465458432342827  0.91520260341370330
  0.92650829492535947  0.93752778824795269  0.94774533246380244  0.95764615359267768
  0.96760037466934423  0.97800765339599016  0.98867636872937303  1.00000000000000000
 -0.00564575512241433  0.02243050380488483  0.04225956596782263  0.06048213807557817
  0.07919454998432546  0.09840682602993739  0.11645425308805529  0.13414923306140372
  0.15257499363842722  0.17071479448585580  0.18727840906842852  0.20255947234634014
  0.21788661732073739  0.23329822365596520  0.24816461567025841  0.26267105733893570
  0.27639594300238207  0.28959739513086202  0.30257459226583883  0.31517105837100673
  0.32716580923216665  0.33882129244572395  0.35047132048332119  0.36231629635227375
  0.37409850652465026  0.38546796502314179  0.39659291656916479  0.40737077912497793
  0.41768500034687500  0.42733812504152796  0.43702774568047636  0.44703375727923561
  0.45729899847142158  0.46738868479043899  0.47732243781150568  0.48729591678430795
  0.49742342852659138  0.50751595795058912  0.51730135768743313  0.52661970145089365
  0.53547390582008902  0.54409315532359537  0.55286175459197751  0.56176485249633612
  0.57060845238887603  0.57926847373499735  0.58753118578654528  0.59549591916206657
  0.60338582154352938  0.61127972351358129  0.61925422229908644  0.62732828376878569
  0.63552424945789610  0.64393917476806006  0.65255420188891100  0.66120152539557475
  0.66967425201409669  0.67794906873938454  0.68614456278795166  0.69399923538647668
  0.70147077936852820  0.70910485641784049  0.71719300981235989  0.72585722708506928
  0.73459288633568920  0.74268987874901971  0.75047852797186965  0.75838918926370424
  0.76616030147280667  0.77366546330872543  0.78107493801234940  0.78880244975978731
  0.79714146586545642  0.80575132037092478  0.81417191965703339  0.82212460454800818
  0.83054333642894063  0.83912259553730040  0.84776625799585281  0.85622996671012574
  0.86501345404420915  0.87373837810401633  0.88188922979072182  0.89029368053456914
  0.89910657721963549  0.90786578906081605  0.91631521625243806  0.92445492707979127
  0.93247217145663819  0.94138151433415107  0.95125514625805441  0.96116777975419798
  0.97096410135917643  0.98077809170633168  0.99043534047498383  1.00000000000000000
 -0.00237912927484165  0.00908755052620768  0.01903962679373745  0.02957979709148772
  0.04014234822168201  0.05160760262737121  0.06294485438721763  0.07410892540818903
  0.08486526564197371  0.09531411676503762  0.10548115860442835  0.11509637437195674
  0.12474840051620956  0.13516433015604504  0.14596150586851792  0.15631485992639652
  0.16622945631812644  0.17528083291069649  0.18493829421189709  0.19533541133328128
  0.20532757029816728  0.21558370181588585  0.22593189211674258  0.23673332491119956
  0.24772936315051841  0.25840107942293472  0.26856670389969933  0.27871913815069771
  0.28903423165958730  0.29987553791707350  0.31058559876932729  0.32093140018702659
  0.33087659098960082  0.34044516588828466  0.34995021690659234  0.36004508480073982
  0.37045039156738718  0.38108278085129493  0.39110162163550843  0.40157463538006677
  0.41246193890815747  0.42382083089461164  0.43506888479410488  0.44588421542783524
  0.45646559019459171  0.46717037320472232  0.47814548871653761  0.48900278453189872
  0.49939544948346792  0.50934595052424669  0.51946242172629131  0.52974055987696411
  0.54025616144603439  0.55050895838515357  0.56080240283172811  0.57183577330932467
  0.58274571647961970  0.59335332744002445  0.60404652481673404  0.61525570359549875
  0.62682216514955158  0.63833795310632557  0.64972024506702164  0.66082652004126796
  0.67192552283707530  0.68316186589182859  0.69456253972989279  0.70585307563606225
  0.71682166584946638  0.72758985879439486  0.73848039967595280  0.74910051772428388
  0.75977799971998394  0.77026629824702053  0.78131476438503922  0.79221880621456842
  0.80318004663038789  0.81414869827281078  0.82462032971605859  0.83461306387052714
  0.84449792048828631  0.85456466455782643  0.86487201761561472  0.87575661652868753
  0.88697808133273170  0.89762702471207312  0.90817721990151024  0.91829364891218168
  0.92899028671933015  0.93987988880800299  0.95029725554949540  0.96063741291385729
  0.97071914357934175  0.98038989743507565  0.99017750965465534  1.00000000000000000
 -0.00237264954802601  0.00912118590323669  0.01870630458299893  0.02866236557583487
  0.03835080924849495  0.04784712145603167  0.05737166160108834  0.06720781186389296
  0.07745969371064196  0.08779057442494106  0.09824212703130090  0.10929688623766763
  0.12043244496536638  0.13127711785442769  0.14143988889990977  0.15205883229434242
  0.16309205071522304  0.17427656069196906  0.18530575867197877  0.19607007861876716
  0.20651754700805788  0.21673797440911871  0.22680275505088113  0.23673256890029093
  0.24709884829519319  0.25778543258896780  0.26873789468662579  0.27984763345427066
  0.29086383985697728  0.30172105260098608  0.31242146704341434  0.32367419526548175
  0.33489107863851214  0.34622768266043652  0.35737193226560954  0.36788451681229156
  0.37838899131875181  0.38857700486469104  0.39874308011801413  0.40896884993089061
  0.41886851552780346  0.42915969541379212  0.43980968093054146  0.45076932578145179
  0.46175191139357563  0.47243380381925354  0.48299706889775879  0.49350883936146539
  0.50403744980246101  0.51453714348268043  0.52505762430104364  0.53573768572632652
  0.54604601450675805  0.55595222125882382  0.56596093301414574  0.57577365057859420
  0.58562056234142035  0.59547550104593361  0.60549107492208953  0.61642796726224847
  0.62787947381491327  0.63920683005125756  0.65012804127011559  0.66053548907134252
  0.67040409415361057  0.68027390549096123  0.69067469352075772  0.70160877943820998
  0.71245659016525664  0.72316876789115292  0.73399137978172280  0.74483960781426961
  0.75619483456144521  0.76762086036570820  0.77871910382682563  0.78994391902743932
  0.79942532988461124  0.80938548838105273  0.81943481479423430  0.82939473770293737
  0.83915290163978185  0.84849919154569453  0.85820684122468771  0.86876241252555830
  0.87961056918326064  0.89073195586366549  0.90188447446403397  0.91291061955013741
  0.92338836213179831  0.93350628872249186  0.94397241563956857  0.95513738009451521
  0.96682551640627945  0.97839517663707898  0.98930113699380240  1.00000000000000000
  0.09530505064594046  0.19297684165467327  0.23532023540372021  0.25929214355852537
  0.27695527371744727  0.29289407366261488  0.30884336039425436  0.32199919424629025
  0.33333429400850551  0.34354406702191753  0.35287072445803397  0.36183438387581984
  0.37031913753762302  0.37834200695685638  0.38597000863118203  0.39339667271450640
  0.40042128460457477  0.40707854824244605  0.41343922666943345  0.41963508090559515
  0.42578279890250403  0.43190302505632072  0.43793912951187913  0.44400285276843293
  0.44994856517803461  0.45541075258026714  0.46091649880063668  0.46661525402736292
  0.47222764884928070  0.47783025815618629  0.48343429411054117  0.48876027860992272
  0.49383924683173658  0.49864189857308522  0.50320353372488114  0.50769316159388911
  0.51225044491382909  0.51682462785694949  0.52127984466586297  0.52566957550105153
  0.53013954057246915  0.53465375913872659  0.53918213036693641  0.54366136123611464
  0.54797229339674791  0.55212948403882534  0.55620420488849975  0.56027435807845671
  0.56403130178353500  0.56773274157555642  0.57151595008730538  0.57519256603699809
  0.57905814429512936  0.58309189379084803  0.58722794367813558  0.59139165878227939
  0.59550274203010600  0.59961235470057628  0.60371631013716420  0.60779563152822202
  0.61188363055942185  0.61591346007865355  0.61990052113715277  0.62392346202483950
  0.62814297439729505  0.63255235492634199  0.63702925526378751  0.64109356098963866
  0.64541779631270235  0.64975398045887467  0.65412467485020276  0.65857351102355777
  0.66313147603648193  0.66773583975042261  0.67244689774765698  0.67728376527340128
  0.68222617081858328  0.68730088459794081  0.69249937325772781  0.69772220019598219
  0.70300383938786160  0.70839134530084846  0.71377540668241690  0.71930056587854785
  0.72516748669562392  0.73159059954521932  0.73871594956111419  0.74639266580776120
  0.75451361286384666  0.76314021268888865  0.77284766062955179  0.78462660474717516
  0.79917495161234176  0.81841276311097000  0.85390407554608927  1.00000000000000000
 -0.03807985072161681  0.17028571313270494  0.21500276326120754  0.23990718845485468
  0.25704867222424116  0.27116487161991482  0.28367073537584148  0.29434556214889390
  0.30368063664619893  0.31192045619871811  0.31968990536563580  0.32758378386341058
  0.33531563383448842  0.34238566404618842  0.34912602249760311  0.35537093091057903
  0.36129770632432223  0.36693355398347755  0.37243495471100024  0.37770806976572557
  0.38291256186915257  0.38804201013702438  0.39316363402911314  0.39823840527476945
  0.40316520834577196  0.40798527853041888  0.41258335178280908  0.41716156147200428
  0.42186612156015152  0.42658850398149750  0.43125657305805309  0.43584293821783909
  0.44032938567052554  0.44472915631948862  0.44906464131018636  0.45335418749778233
  0.45764920170611101  0.46187219189866907  0.46618456242945727  0.47048081660938001
  0.47478249154529317  0.47899361502588877  0.48305618622845309  0.48699002498215549
  0.49083055984986595  0.49457728192381745  0.49828908045344200  0.50200924891603316
  0.50570646557065879  0.50940793422153263  0.51314383807102359  0.51699393027891116
  0.52088553352684797  0.52471971797547068  0.52864459991861079  0.53264925560731147
  0.53665946371735518  0.54065557358033156  0.54467803389896796  0.54860267087563508
  0.55254876193140845  0.55659586613454703  0.56071962854786084  0.56488324397885392
  0.56907838473750250  0.57320694171745168  0.57731441230733971  0.58127356319184509
  0.58512950507790440  0.58935845590366109  0.59363447842844119  0.59813186295349596
  0.60296953274555898  0.60797284897465087  0.61304613892307025  0.61813622948326385
  0.62336574921028132  0.62873333300195677  0.63434866003822177  0.64005264091045433
  0.64606441591008368  0.65207181374989776  0.65818771088839123  0.66448783106798881
  0.67111764247327899  0.67844126332853949  0.68624510691814389  0.69472054348974066
  0.70378086396813366  0.71417931034771431  0.72629192348274951  0.74072114694599656
  0.75854731450157431  0.78294838346225737  0.82736398124113031  1.00000000000000000
   2.7014115686583919E-011  -1.0000000000000000     
 T T T T T T T T T T T T T T T T T T T T T T T T T T T T T T T T T T T T T T T T T T T T T T T T T T T T T T T T T T T T T T T T F F F F F F F F F F F F F F F F F F F F F F F F F F F F F F F F F F F F F F F F F F F F F F F F F F F F F F F F F F F F F F F F
  <DiscreteSampler_grid>
  grouped_processes
  1 # 1 for a reference and 2 for a running grid.
  10 # Attribute 'min_bin_probing_points' of the grid.
  1 # Attribute 'grid_mode' of the grid. 1=='default',2=='initialization'
  0.0000000000000000 # Attribute 'small_contrib_threshold' of the grid.
  0.5000000000000000 # Attribute 'damping_power' of the grid.
 # binID   n_entries weight   weight_sqr   abs_weight
    10   10   1.993810581574847E+000   1.300654407110947E+001   1.993810581574847E+000
    16   10   1.993810581574847E+000   1.300654407110947E+001   1.993810581574847E+000
    22   10   1.993810581574848E+000   1.300654407110947E+001   1.993810581574848E+000
    28   10   1.993810581574847E+000   1.300654407110947E+001   1.993810581574847E+000
  </DiscreteSampler_grid>
