  0.01450956799524764  0.01480295189207273  0.01503390982677500  0.01525021940807383
  0.01545870610573336  0.01564513321143548  0.01581056452875910  0.01596033177102765
  0.01610486390974663  0.01624233502482949  0.01637704416633261  0.01650993924708732
  0.01664779780667335  0.01678601133336350  0.01691165557813739  0.01703618553952874
  0.01716095221370013  0.01729541032265510  0.01742870536558257  0.01755921718953113
  0.01768820934229234  0.01781821241672231  0.01795123706844994  0.01808728512948650
  0.01822535875054459  0.01836531501276302  0.01850770317453978  0.01865074055194254
  0.01879007959496451  0.01892719915665845  0.01906837581903711  0.01921269707717090
  0.01935362431706997  0.01949479078563605  0.01963480056404606  0.01977390780526187
  0.01991601663106692  0.02006508006010200  0.02022105186500828  0.02037984979882874
  0.02053930217841314  0.02070359685816824  0.02086604512464219  0.02102636459668865
  0.02118012515417982  0.02134241084369524  0.02150559065470810  0.02167431475058481
  0.02184565155742139  0.02202675403690816  0.02222512782396048  0.02243044249936303
  0.02263451080396178  0.02283669306215496  0.02304060282711931  0.02324854320215701
  0.02346124092395205  0.02367768357586054  0.02389378245742280  0.02411218938389714
  0.02434061722185066  0.02458288322742434  0.02484066609251156  0.02510358880781050
  0.02537051732039167  0.02562859651564221  0.02590549289070917  0.02620221246721748
  0.02651099612047298  0.02683919448243026  0.02719524718267588  0.02756791623958452
  0.02795271000685655  0.02834747133213519  0.02880299007221884  0.02927333929214857
  0.02975907058143751  0.03027154953929369  0.03081564253175655  0.03140258129851439
  0.03204571435729783  0.03275247728065673  0.03347954255653953  0.03428846776722662
  0.03519658050960931  0.03617494477038360  0.03724461493648589  0.03847459654924664
  0.04005209050603101  0.04203296939404164  0.04438415649702224  0.04777569958596144
  0.05267529388629468  0.06080862445132482  0.08475883272654584  1.00000000000000000
  0.01575128683777918  0.02664958932520433  0.03019727003558218  0.03254475901405821
  0.03420340184817722  0.03560549418505614  0.03708066267427899  0.03851943558510183
  0.03983754753007685  0.04111046235227590  0.04237660388531133  0.04360687926844689
  0.04476954006850623  0.04584893146201906  0.04693906552671815  0.04803884784736413
  0.04913941380830588  0.05021438996390832  0.05126759142691790  0.05224298556898519
  0.05317464943161605  0.05411762681616242  0.05507690087899303  0.05605898656153893
  0.05700658730271169  0.05790590079115712  0.05874318193887994  0.05954398606152742
  0.06043495586265775  0.06140547283427550  0.06243827548479888  0.06342868037309866
  0.06456302498507885  0.06560966487128055  0.06663324753241048  0.06765015449466265
  0.06866497724699903  0.06968775631338753  0.07073338260861242  0.07178435484159834
  0.07293806992076766  0.07396990982916923  0.07502783535373939  0.07607590887942049
  0.07714120102410314  0.07821154138307317  0.07930740682327493  0.08037613078543859
  0.08148651390774653  0.08263059668119539  0.08382478100836538  0.08494458637791535
  0.08600996933610314  0.08705081994132179  0.08808721261853045  0.08913021606526823
  0.09015864408634720  0.09121050397465361  0.09235712060778474  0.09355050924907643
  0.09476457666221880  0.09597138136687909  0.09713472843808345  0.09831880639710007
  0.09964172322500839  0.10108000021775643  0.10254938154706496  0.10401489653074532
  0.10558894843204451  0.10732834040017160  0.10912150069553585  0.11095770808039529
  0.11287819724485795  0.11485485635723637  0.11691591147270740  0.11904422792793562
  0.12127898489728979  0.12363771281266145  0.12600881394226562  0.12868797440374571
  0.13162171249795787  0.13465056537845166  0.13776221174726236  0.14101403656520878
  0.14453237821443690  0.14865538310782070  0.15362835628763724  0.15893170508445492
  0.16492935426458438  0.17214404617828122  0.18077113459206168  0.19081010115313937
  0.20277692888779467  0.21732991282373129  0.24260940599209918  1.00000000000000000
  0.00155562405574282  0.00737473048774600  0.00893235226498576  0.01005730585587091
  0.01095862863809374  0.01171134442386028  0.01242188376702930  0.01310460306335368
  0.01373079128770476  0.01431079698755024  0.01486626827042702  0.01540936736096369
  0.01593466994253292  0.01644728431392139  0.01692826381515412  0.01740443638408525
  0.01786943673327027  0.01832532763711682  0.01878047282295872  0.01926299614729219
  0.01976665812616218  0.02025299370905149  0.02070474114474400  0.02114507352601930
  0.02160160778684203  0.02206302950540937  0.02252559461262307  0.02298796660757971
  0.02342738573140921  0.02388038634326924  0.02434603975922436  0.02479655408267073
  0.02522530419598175  0.02563753784874662  0.02605382087153364  0.02646727690630779
  0.02690394043698459  0.02737681644519630  0.02786650867435400  0.02837037766622716
  0.02887989515803875  0.02938786862634078  0.02988939374918355  0.03037840065032256
  0.03086180956648445  0.03134810167658447  0.03184208630826550  0.03234033236739240
  0.03284559813370155  0.03336023511917448  0.03388426505149440  0.03443081940255446
  0.03500954062639294  0.03561360658724935  0.03623138727707564  0.03687524951352305
  0.03754606136470454  0.03825764019552847  0.03896058918194366  0.03970051774485213
  0.04042611476047195  0.04111290412731130  0.04180758602615155  0.04253241336425728
  0.04330103066006007  0.04411895683472965  0.04497125609586515  0.04582122221807882
  0.04668601253676363  0.04762330694196675  0.04863731798818671  0.04970308110668924
  0.05079586387472286  0.05192350608997957  0.05307772513680508  0.05427341412421349
  0.05555697576286644  0.05699002664937513  0.05857049664824419  0.06022232376328281
  0.06195494817153738  0.06370315353502751  0.06548579633451285  0.06744015750128916
  0.06957194409644930  0.07199022540910735  0.07471921377941219  0.07808715001097777
  0.08214147875506364  0.08682772138564453  0.09269460339780405  0.10014206360133769
  0.10849663819574154  0.12186119892928302  0.16033336377794094  1.00000000000000000
 -0.01576974789700016  0.06953002349045292  0.10356678380364233  0.12933259722686771
  0.15041176593165792  0.16873336597374966  0.18416158270859848  0.19758452177638103
  0.21040159768347391  0.22292057878832763  0.23462635565875511  0.24556509304737151
  0.25603780509191110  0.26562655619647602  0.27400722395897265  0.28171631913704365
  0.28957585906976901  0.29773959944860695  0.30574602387768157  0.31311579536083656
  0.32002995819628888  0.32680059990848342  0.33354875694226427  0.34027785221133938
  0.34690534004545442  0.35338540821448677  0.35993615942745855  0.36636659641807190
  0.37278373039919732  0.37937045454761109  0.38614238053512590  0.39301500194322231
  0.39989252427488892  0.40672585256910643  0.41333590771342837  0.41931464999569268
  0.42466439993329480  0.42962417024990235  0.43474349980193183  0.43997138852311757
  0.44536875708579188  0.45081168916536135  0.45610175777680806  0.46113786198507734
  0.46605492303285934  0.47100160064265406  0.47589009018364048  0.48102526103322146
  0.48677298603308139  0.49263901274859417  0.49841892189319642  0.50428906690605968
  0.51001525231248368  0.51559042273386302  0.52136131734049163  0.52716950904086124
  0.53296064677335597  0.53877033187308943  0.54440151977930507  0.55033225110578399
  0.55668872536776659  0.56325162923814731  0.56960117811231203  0.57597857419684817
  0.58252642805064381  0.58944536578615325  0.59659763661946985  0.60351084172726666
  0.61010273895545430  0.61669072109891343  0.62339746992719547  0.63023185134977922
  0.63737988808954016  0.64482858661726028  0.65229848948582558  0.65961375576423220
  0.66687891058644000  0.67462111816593473  0.68266909933322117  0.69113556094892781
  0.69976543234680466  0.70926336365990061  0.71913844116666104  0.72983195327225403
  0.74138872858931559  0.75393563227190918  0.76727757019244047  0.78132172109416798
  0.79677317101984302  0.81374418516464819  0.83239984793187494  0.85254161262787587
  0.87612231312158695  0.90519837025135452  0.94396492365837437  1.00000000000000000
 -0.00207338834062446  0.00858968253074386  0.01796680557881159  0.02761542008797020
  0.03823377196097045  0.04788485441098428  0.05821012401311248  0.06930849729064786
  0.08093796881786762  0.09243125201240110  0.10434913282149774  0.11669357465859852
  0.12855640359953613  0.13897509216196052  0.14935673049069145  0.16029806162775512
  0.17120814152607550  0.18206464303792283  0.19213381707613739  0.20161209981771117
  0.21104577653527057  0.22071676040971011  0.23044345602898234  0.23994201338404669
  0.24967807975603704  0.26041222246664508  0.27130670259602158  0.28171405832465868
  0.29141546820113834  0.30125355877691518  0.31161594249727270  0.32271191779668146
  0.33421420643181748  0.34550091528360455  0.35634806192913387  0.36690533197565478
  0.37734737001690277  0.38785572053686618  0.39858933311445616  0.40974316292804169
  0.42091373549551225  0.43196805941327260  0.44255316229700031  0.45281769438842473
  0.46326339460662103  0.47362074435708090  0.48371542108461374  0.49354897556212096
  0.50379431627042193  0.51487460735826884  0.52597081547428537  0.53700334211915413
  0.54819485096553322  0.55926719707498962  0.57082522962529791  0.58197042052595671
  0.59233394685796714  0.60262507555494105  0.61351233694853125  0.62460082021051422
  0.63596118758967146  0.64723504388358766  0.65815413133712997  0.66859050314931812
  0.67872861426627118  0.68876968654933657  0.69834502922256136  0.70798804352481237
  0.71845760198027142  0.72914325395533275  0.73947393393896299  0.74967425962847201
  0.75940110104575309  0.76876673668651485  0.77817989996972614  0.78795007772550585
  0.79831686895705689  0.80975772184706574  0.82152179244919898  0.83290034546485225
  0.84368551541922221  0.85374483375639987  0.86361132930352646  0.87372779599970696
  0.88416151250618968  0.89496154410275808  0.90465876080822050  0.91448536225548838
  0.92462216056824187  0.93515174787935085  0.94645706613176717  0.95758520873761843
  0.96835960416701727  0.97910403959353931  0.98929585647569052  1.00000000000000000
 -0.02255076601230765  0.11249807120870459  0.16866123504644664  0.19770802340966873
  0.21923924991842161  0.23729956095128560  0.25350685520589511  0.26769094012846950
  0.27969090928745288  0.29041769931633071  0.30042253948465980  0.30976905608323907
  0.31903804573894473  0.32794623765551040  0.33620863080664304  0.34392509579366254
  0.35121555904949825  0.35808280382019519  0.36454909437432703  0.37078127061639038
  0.37679755827574968  0.38279553645071318  0.38873685212596137  0.39458380178415436
  0.40036922305782224  0.40597969783841481  0.41129128964990747  0.41633765478318446
  0.42129569237333853  0.42630365405389764  0.43124745327873309  0.43605815537550258
  0.44084311204805171  0.44584567344655496  0.45072104688703274  0.45556989182533592
  0.46010680917532765  0.46387906853242405  0.46780651607657192  0.47188946117019187
  0.47621215558733493  0.48046223969679291  0.48442159251313954  0.48836156014967674
  0.49231492599963755  0.49633392770677859  0.50031137930256586  0.50418939297367904
  0.50809675798179710  0.51215477194321235  0.51627638983926438  0.52047294356274343
  0.52489946363161644  0.52942558405959173  0.53384828320765576  0.53816366229503354
  0.54247844408659907  0.54689937487766027  0.55150048947719543  0.55634670084736215
  0.56151409646516248  0.56691019509076057  0.57250937651623002  0.57794917818134206
  0.58340301369036729  0.58818739511478346  0.59285256396732244  0.59777051824565786
  0.60286933136313670  0.60803860066418725  0.61325756129400166  0.61856491596750018
  0.62394308613717286  0.62931500451758382  0.63487667988493524  0.64063102222138069
  0.64659308401514037  0.65293936629315275  0.65945298902101490  0.66585560815381140
  0.67254422306250339  0.67968420706012356  0.68736311800895900  0.69580459993193045
  0.70476932963643824  0.71403444741516775  0.72463889865487474  0.73659333515467906
  0.75041223598160900  0.76629043741297587  0.78407628258851336  0.80320537519285251
  0.82575057061659018  0.85864803717167892  0.90966346039650292  1.00000000000000000
 -0.00189265863940678  0.00802694080536717  0.01849256205349724  0.02846507191163671
  0.03879187666888906  0.04960809148880180  0.06054864027081545  0.07127759093661334
  0.08228870180770487  0.09419302313172458  0.10664241489305125  0.11914353800101418
  0.13072434296978575  0.14145422065541077  0.15120367119929573  0.16021613627444842
  0.16936809641563624  0.17890370274546788  0.18872198624953682  0.19828483602536007
  0.20813415791845166  0.21880945375265284  0.22966946957691303  0.24025603729448913
  0.25033304175896198  0.26130927316687708  0.27256799777419954  0.28389360093880178
  0.29484295729249443  0.30464552971675085  0.31405892223125043  0.32345470657965714
  0.33261288054951832  0.34160578959931198  0.35057855766752438  0.36003136336124547
  0.36972672740627677  0.37939932110230690  0.38932956847754424  0.39992412990490356
  0.41115098817618234  0.42258284209516034  0.43411753814947557  0.44607955356679052
  0.45779314539834470  0.46864386438461331  0.47884206118583933  0.48863100488078759
  0.49871020333092891  0.50892060905495140  0.51946873016483708  0.53076188327105411
  0.54224352292955391  0.55252710057165022  0.56202660334163712  0.57160992321658088
  0.58104045635377433  0.59044247454083842  0.60015114541478032  0.61078911191965435
  0.62189696886429169  0.63262956462860365  0.64309510403250436  0.65351024215168840
  0.66366363043046483  0.67355069334278073  0.68348893285356960  0.69382577112641697
  0.70428798290930172  0.71460147912003213  0.72468055560345557  0.73514148676736990
  0.74658415374496279  0.75829637052439658  0.76975015850430761  0.78136039765825716
  0.79280943398560166  0.80399124872462868  0.81535905256067109  0.82654949172799874
  0.83811916755221094  0.84991708294651758  0.86152994699577690  0.87275530771518794
  0.88344344912827988  0.89373553377935155  0.90409594288789419  0.91481338308116311
  0.92578459036265326  0.93658382755643588  0.94741509208505059  0.95835237365204762
  0.96890164026029701  0.97936145016029741  0.98966692160631486  1.00000000000000000
 -0.00167160521125928  0.00766844790886922  0.01616297635943785  0.02521728301765964
  0.03448929480397802  0.04464089500231465  0.05524686339532940  0.06539798473247083
  0.07542897870005065  0.08571383831824508  0.09637981310658154  0.10712177347396795
  0.11801515059129300  0.12914564740629181  0.14019005923120834  0.15155692702998141
  0.16288165182813685  0.17370898703542012  0.18397159412072617  0.19445026679281502
  0.20540134582239580  0.21682050733172656  0.22814263064815909  0.23926729579466055
  0.25085087868696454  0.26210070493954302  0.27293502454130869  0.28544132925015009
  0.29585487478924738  0.30584451260654055  0.31635155947726201  0.32627584654956793
  0.33645192927703732  0.34637373449056635  0.35586418895612881  0.36615761465868468
  0.37676711022543130  0.38831425671427949  0.40006492621892803  0.41146563781437939
  0.42299964588857525  0.43457583582354881  0.44598033988653935  0.45753690439394423
  0.46890575933050532  0.48028798968540903  0.49127062791093029  0.50229098210335299
  0.51308598068697497  0.52360182611427164  0.53422079763288910  0.54565637857339977
  0.55772234726989711  0.56916919895060125  0.58038681213034249  0.59138511610723521
  0.60209946149558813  0.61235066479847289  0.62245118950390266  0.63275033341554077
  0.64322605115130382  0.65375393834675355  0.66432916971674394  0.67500372699704003
  0.68571039749860729  0.69628995476226085  0.70647208046896171  0.71631384171871482
  0.72628661607089806  0.73658268176283104  0.74714403373923166  0.75741531559384467
  0.76697480489730463  0.77600636337096518  0.78483013953807279  0.79397071809316200
  0.80318447478039146  0.81256195757612992  0.82221251118851801  0.83201961013494563
  0.84242236293097394  0.85296301909026750  0.86379463394206280  0.87446330559088825
  0.88474680300623598  0.89485796584744715  0.90478322213323725  0.91451885277394340
  0.92412858389186048  0.93368607630223510  0.94415132702993776  0.95503520363733752
  0.96535436522797657  0.97617355518348203  0.98699543295115855  1.00000000000000000
  0.06849734770550085  0.27459415891518218  0.33946869835277599  0.37850789440095822
  0.40565722539459176  0.42383161663705465  0.43923208893812221  0.45318490592687460
  0.46605638142326655  0.47749466416983577  0.48762641780823213  0.49682873374569464
  0.50532134253708061  0.51344933208347998  0.52114098853420421  0.52815717225865011
  0.53458993794285814  0.54069668054396680  0.54662752960873584  0.55226627651309368
  0.55776317177605672  0.56300799439439264  0.56773945101555867  0.57246190994809243
  0.57698200775080655  0.58143293790398498  0.58581598567066639  0.59014776709767602
  0.59442929225067753  0.59865700083316675  0.60281011942184481  0.60675624934510575
  0.61050199835519892  0.61412560896146540  0.61772585344486730  0.62129947053656442
  0.62489402458122145  0.62860514600439221  0.63238647000514692  0.63614661171881060
  0.63979165109558234  0.64342587573498267  0.64700675255689544  0.65047198390138772
  0.65390694125599191  0.65741588414166230  0.66099546559335054  0.66455408004301397
  0.66797444546943296  0.67128723959992787  0.67453281151945554  0.67772901192924651
  0.68090160942131772  0.68400901714434370  0.68699809442339232  0.68993073727244536
  0.69291263220470423  0.69598555785687100  0.69909503411260820  0.70224510128889706
  0.70538221421411851  0.70855121900280216  0.71175558788691806  0.71494537184659457
  0.71812033334662162  0.72127811420730503  0.72435236078647103  0.72751042046402470
  0.73064294251086237  0.73385793983847014  0.73711868661283619  0.74047048893858447
  0.74390375892280480  0.74743131540539531  0.75103776780848452  0.75469449064210936
  0.75842007223365326  0.76223239548995658  0.76612230059671493  0.77045408085093869
  0.77453093212626078  0.77894981870896129  0.78338766461614251  0.78796284446040099
  0.79291290339566645  0.79833240727778876  0.80403898803754825  0.80988828799905344
  0.81603956828432611  0.82263235553492309  0.82987668155729422  0.83827422578533173
  0.84854059802520498  0.86314731877430817  0.89068242927712982  1.00000000000000000
 -0.03757374474552048  0.16970136442910946  0.21293106085526642  0.23694282758165827
  0.25486004943513224  0.26933727787908518  0.28145419878444938  0.29278627261468154
  0.30416146736313476  0.31481078487219977  0.32431805167564126  0.33258810637206876
  0.33987590019008890  0.34652936215350660  0.35301054608703553  0.35916331641092925
  0.36502211675243679  0.37064956831314294  0.37613162608131290  0.38131737795427423
  0.38628379611711738  0.39132342466336606  0.39603675308210734  0.40077411010781616
  0.40525215961802119  0.40960603970037751  0.41384732923876411  0.41804223154203229
  0.42209348156908300  0.42605218784557009  0.43006467132249704  0.43402146881930226
  0.43828813937793726  0.44267436523010545  0.44700984572764896  0.45125952945236064
  0.45528844828385628  0.45918026735130191  0.46303516290723640  0.46693827880102978
  0.47082336910604400  0.47456000030501888  0.47825752655434900  0.48196761900424956
  0.48563709120147625  0.48928744655184414  0.49304096977415562  0.49699293650389181
  0.50106359285246493  0.50511707356661772  0.50907701863968402  0.51293575609749797
  0.51673807842491093  0.52068890118735522  0.52484203215833491  0.52903594250258612
  0.53325938389682115  0.53741842007481488  0.54150679484538011  0.54561947218053586
  0.54982511069092765  0.55413085793822803  0.55847374900523095  0.56277315170726316
  0.56696760238888955  0.57113330796655470  0.57552991741917237  0.57987208493139863
  0.58427682105572354  0.58857838597623080  0.59294537155378946  0.59753242794680772
  0.60229418942044499  0.60703939323315070  0.61178946042816340  0.61653467839763465
  0.62134214308799562  0.62645059202526177  0.63187882480030599  0.63749031329633044
  0.64314933077328829  0.64927451750128906  0.65595411282099725  0.66326709652865157
  0.67136508406167239  0.68006349180203118  0.68892548613301530  0.69815864373094216
  0.70843048235435613  0.72011614384294598  0.73293717476891429  0.74698978078807343
  0.76363357698619838  0.78755489337628237  0.82999019944277475  1.00000000000000000
   5.7023055428999718E-014  -1.0000000000000000     
 T T T T T T T T T T T T T T T T T T T T T T T T T T T T T T T T T T T T T T T T T T T T T T T T T T T T T T T T T T T T T T T T F F F F F F F F F F F F F F F F F F F F F F F F F F F F F F F F F F F F F F F F F F F F F F F F F F F F F F F F F F F F F F F F
  <DiscreteSampler_grid>
  grouped_processes
  1 # 1 for a reference and 2 for a running grid.
  10 # Attribute 'min_bin_probing_points' of the grid.
  1 # Attribute 'grid_mode' of the grid. 1=='default',2=='initialization'
  0.0000000000000000 # Attribute 'small_contrib_threshold' of the grid.
  0.5000000000000000 # Attribute 'damping_power' of the grid.
 # binID   n_entries weight   weight_sqr   abs_weight
    10   10   1.189568047862338E-001   7.344206649802591E-002   1.189568047862338E-001
    16   10   1.189568047862338E-001   7.344206649802590E-002   1.189568047862338E-001
    22   10   1.189568047862338E-001   7.344206649802591E-002   1.189568047862338E-001
    28   10   1.189568047862338E-001   7.344206649802591E-002   1.189568047862338E-001
  </DiscreteSampler_grid>
