 -0.00008895834608797  0.00084368145594208  0.00182968620448629  0.00326201734994571
  0.00512659002834178  0.00737330560733267  0.01006495570330181  0.01311414857421247
  0.01642707818042576  0.02018565341852674  0.02430272924786487  0.02904828318211595
  0.03393122533056371  0.03910416284860659  0.04456553297377049  0.05033230479994723
  0.05661012515579718  0.06282663534785192  0.06902436642082421  0.07548481247953248
  0.08240136092493686  0.08946002732915838  0.09661462557502395  0.10398807725135381
  0.11177487117881452  0.11980211636215475  0.12825315267259238  0.13678208671464551
  0.14551173696902500  0.15417714393965709  0.16305172426727188  0.17201280065933167
  0.18132017938684944  0.19104268241169328  0.20096352707046486  0.21119569392540272
  0.22153054955907589  0.23203250075147641  0.24258583410182247  0.25333634354181428
  0.26418874710718754  0.27495840925047388  0.28608978207792590  0.29759513714602054
  0.30922517914620690  0.32094798183506784  0.33293052962701147  0.34517232600754899
  0.35752057746408300  0.37006698434097274  0.38286289643147209  0.39589422733799179
  0.40920708398927336  0.42235008786523826  0.43530257179645904  0.44807039454216219
  0.46090911595272588  0.47402669191820845  0.48724871341084269  0.50084102158160038
  0.51449553758684097  0.52840841280513073  0.54183753521479350  0.55521946469388461
  0.56880696771947314  0.58234071483895478  0.59572057802403089  0.60937396493781826
  0.62338587189443728  0.63749944831514427  0.65155682220845668  0.66574468831959788
  0.68009438378476050  0.69461511906458340  0.70957590481227029  0.72456698009131248
  0.73980756158719485  0.75490083094709604  0.76965492172742933  0.78412194046838635
  0.79837780107771805  0.81227487882609695  0.82624838944523715  0.84025737754536289
  0.85417774455982343  0.86803981171101008  0.88171647831438804  0.89523323614860539
  0.90851092802406741  0.92165554344305678  0.93482870370145710  0.94796873811094351
  0.96097235155409122  0.97396784710749607  0.98698232672459274  1.00000000000000000
 -0.00151618181335922  0.00844944677872633  0.01781879187088935  0.02794490305683102
  0.03814350418165511  0.04825404650423765  0.05923446142337072  0.07010172126497198
  0.08148815635202623  0.09272389609672772  0.10414546090638543  0.11475752231048811
  0.12495218583472888  0.13561080008524545  0.14651315743477092  0.15816068767639976
  0.16965979916008203  0.18099137219473249  0.19172299531792014  0.20225490727618214
  0.21220772276808700  0.22185048324720910  0.23181527298553509  0.24214585759465571
  0.25236529926589768  0.26263333923499377  0.27278394109740967  0.28287541255487514
  0.29287615235440811  0.30291345163172440  0.31306563621969413  0.32340457377035436
  0.33387165172814970  0.34453908826749530  0.35547279450789820  0.36676527814937548
  0.37739969104867827  0.38762471272431542  0.39760344977946172  0.40790003683867387
  0.41836572030677160  0.42839257262516967  0.43835437295666324  0.44826988591827299
  0.45854003192789689  0.46923866779841855  0.47991920381221642  0.49067105701072522
  0.50152473429653344  0.51285300269866207  0.52408847282894688  0.53579366287915897
  0.54699916891070055  0.55807715980564887  0.56767472778641226  0.57664511347396175
  0.58558415475954695  0.59463355542085461  0.60375679984882269  0.61304763197157819
  0.62246373722961945  0.63241626761404424  0.64303912164907373  0.65312219532783911
  0.66305938373091944  0.67300854430307300  0.68284635737045729  0.69281665305583406
  0.70261211388135125  0.71260425607604538  0.72274802163865237  0.73298426236797110
  0.74317794031496587  0.75339161813712308  0.76415450636638516  0.77502602986864000
  0.78606047985344463  0.79715777159411316  0.80841013308104459  0.81973303575697487
  0.83089659354928502  0.84244515378736040  0.85449993338906616  0.86682270048551979
  0.87888450343282887  0.88981500402512415  0.90044911256142135  0.91107668096811723
  0.92187124199535020  0.93241607519644043  0.94297684194422482  0.95408240979826742
  0.96476634739064671  0.97606372808060360  0.98749503182948961  1.00000000000000000
 -0.00245971866441242  0.01714070180792140  0.03251574891133616  0.04625078831780077
  0.05910257504188567  0.07130424227510394  0.08312393930194449  0.09476955237033209
  0.10578162946680179  0.11606387792766559  0.12593047325248169  0.13596749583349954
  0.14587467638359705  0.15532361544735948  0.16444321261656189  0.17367699480165724
  0.18325956329609722  0.19257908610218075  0.20138338578999854  0.21003248021953427
  0.21850094565261929  0.22696624544066291  0.23553591116039393  0.24367766083783582
  0.25156691146914312  0.25872901294426592  0.26632916927196898  0.27414879750535659
  0.28166779301725958  0.28895111237335530  0.29583898080273113  0.30257221662290262
  0.30926915048517656  0.31664055842207123  0.32458399051258452  0.33260779543470453
  0.34064638315494145  0.34854932627943519  0.35663737170829313  0.36490324812598213
  0.37315218769739678  0.38115263708161889  0.38938297111069575  0.39791108810945558
  0.40649800774509309  0.41486349629846897  0.42311962684627702  0.43157480598835163
  0.44029633025590753  0.44911266875542610  0.45778946219371214  0.46626275774751658
  0.47482584353347040  0.48351595443959494  0.49238780880512534  0.50131082811212069
  0.51022629511335693  0.51889845194413953  0.52713743857018547  0.53555416576520454
  0.54411638741678392  0.55280964793777643  0.56120065705427258  0.57001911594077714
  0.57887880104782874  0.58802805830842719  0.59731874157009046  0.60627217611955975
  0.61477497187992580  0.62362368829953152  0.63349764945105680  0.64360862501942651
  0.65345204494165710  0.66290656212797550  0.67330262202070701  0.68452667990206029
  0.69555434335894040  0.70624763232553722  0.71680701289043480  0.72742904617939042
  0.73848244274475150  0.75002845847598443  0.76213674751721538  0.77450381290907255
  0.78752653679992679  0.80085511051877400  0.81429664129346047  0.82721465938579641
  0.84007660403901585  0.85370126749783004  0.86892202821565412  0.88598042832124180
  0.90525078679610038  0.92734504075574253  0.95641890090228920  1.00000000000000000
 -0.02025331673016607  0.13330512733524602  0.18269331713459705  0.21224179603643434
  0.23591239527670171  0.25684460963207389  0.27595406971688347  0.29333262036068608
  0.30953211761600974  0.32471335090042336  0.33870659921577329  0.35167196346206575
  0.36373250151276881  0.37542998279908973  0.38653776258459532  0.39722599484427445
  0.40678695811828081  0.41614740595345373  0.42533093571101144  0.43446033973396436
  0.44303207894481639  0.45161610286105031  0.46025272200095985  0.46890402205681636
  0.47747166292056070  0.48555671644068749  0.49324519268308342  0.50086260245857117
  0.50820188851292569  0.51549580233022552  0.52278298513384258  0.52980353830265070
  0.53686985829238210  0.54374188001235357  0.55051674321607080  0.55709264804382530
  0.56344337433484604  0.56971016124988416  0.57593655402572796  0.58213462268010718
  0.58816847604939049  0.59400025173526549  0.59972951034493582  0.60556045983764561
  0.61161405942360647  0.61775393322943517  0.62393504599677863  0.62926230855186349
  0.63455631658506662  0.63975713488756425  0.64487845168910896  0.64976708675957273
  0.65457743913266875  0.65939951113382322  0.66441223620891121  0.66955322924651683
  0.67469950720172434  0.67971147459140668  0.68466679783550877  0.68976753455429130
  0.69506633851670496  0.70047080258318772  0.70585018678880862  0.71150257965266184
  0.71745689309743510  0.72356159828579614  0.72943071001276105  0.73474813585272913
  0.73985529831430763  0.74500426331017433  0.75033816808465159  0.75591630965387568
  0.76146287021495107  0.76677106931492445  0.77191755277930074  0.77703688212281818
  0.78224575844289146  0.78747403970296470  0.79285477846915431  0.79845963568517597
  0.80432015415809355  0.81035330412677120  0.81644301835988087  0.82259553474907476
  0.82894200458937284  0.83562899998429818  0.84253981229426622  0.84961816271796486
  0.85734447321407814  0.86607870680094878  0.87577680041011452  0.88677447223694073
  0.89988630863795471  0.91686125445958711  0.94294421320662924  1.00000000000000000
   1.9956210980397538E-003  -1.0000000000000000     
 F F F F F F F F F F F F F F F F F F F F F F F F F F F F F F F F
