  0.00021551232774398  0.00032259838294380  0.00039246891774095  0.00045262459684519
  0.00049592281116414  0.00053436807997643  0.00057390910911748  0.00061071403331093
  0.00064658485529034  0.00068288594781877  0.00072281685196480  0.00076713219725114
  0.00081398765238809  0.00086107999890755  0.00090626179943400  0.00094813592762383
  0.00098760408566722  0.00102387814960720  0.00106026574796963  0.00109944771410085
  0.00113834459978157  0.00117839653050661  0.00121695914653856  0.00125736434957686
  0.00129950946659507  0.00134586776239865  0.00139541766411132  0.00144299641630796
  0.00148492103519981  0.00152241516430573  0.00156010957153457  0.00159943344096470
  0.00164113591636391  0.00168552087792131  0.00173013577688672  0.00177528654203593
  0.00181964413554387  0.00186454537229948  0.00190758127418740  0.00195065449922352
  0.00200387427785966  0.00206445858992532  0.00212894948187580  0.00219511735932574
  0.00226276680884479  0.00233312187790775  0.00240479535602661  0.00247333708025241
  0.00254266725468442  0.00261488602934263  0.00269027797454068  0.00276775850506861
  0.00284675542410159  0.00292924027171409  0.00301285444017545  0.00310381709141994
  0.00319116647297138  0.00327639277317095  0.00336138160147159  0.00344631605058244
  0.00353348900598370  0.00362823358748372  0.00373706369431016  0.00385530314775190
  0.00397736065006204  0.00410926372742041  0.00424440052563330  0.00438402531801232
  0.00453443912677760  0.00469729207214276  0.00486816778862121  0.00504811781548552
  0.00524262034981894  0.00545394992689332  0.00568346909560361  0.00593487873483778
  0.00619981855564000  0.00648549675377346  0.00679293495333416  0.00714126609039655
  0.00753968110017799  0.00798668482420401  0.00846660835991840  0.00900995108284659
  0.00966053256053142  0.01047612110441474  0.01145923286107306  0.01263180219130415
  0.01415841514985035  0.01621663498604997  0.01904647644741617  0.02328876879719732
  0.03162814743618134  0.05409962848073036  0.59106014878427826  1.00000000000000000
  0.00022576037531011  0.00077601633950819  0.00085521736304215  0.00090571955236199
  0.00095347164649668  0.00100200197832655  0.00105684276755261  0.00109957970691022
  0.00118339980669679  0.00126490539753816  0.00133302517805474  0.00139799334443537
  0.00146313705445944  0.00153457573810404  0.00160614643911229  0.00167755188236607
  0.00174312634604749  0.00181294123502916  0.00188557526967855  0.00195965684271966
  0.00203831888222754  0.00211983339700470  0.00220427942828270  0.00229818033314856
  0.00238922266630809  0.00247538388624810  0.00255596113512202  0.00263401322540210
  0.00271432833981940  0.00279845929690256  0.00288818949906135  0.00298223257414414
  0.00307934829447861  0.00318120578824009  0.00328172988881748  0.00337039189446546
  0.00345749034892200  0.00354755555355553  0.00363826166364456  0.00373029075512950
  0.00382300608543117  0.00391980646665001  0.00402154744682407  0.00412489110700059
  0.00422578880407575  0.00432456331071147  0.00443304698761041  0.00455692007152358
  0.00469660483499056  0.00484446565647140  0.00500042290307704  0.00515377125476560
  0.00530585976412145  0.00546421079861678  0.00563194297500145  0.00580584582755653
  0.00599068210221792  0.00619405024028429  0.00641456934120667  0.00664843870668270
  0.00689412845948080  0.00715331064239655  0.00742060042063635  0.00769736003635278
  0.00798491260380093  0.00828396399805827  0.00860627394001778  0.00895296969088890
  0.00932999521142357  0.00974352540975434  0.01018757839038859  0.01065692053628042
  0.01114991786327133  0.01165656157120989  0.01218297153760906  0.01276605011126835
  0.01341620896795262  0.01414168313965262  0.01499234311364695  0.01597089315204344
  0.01703823345860524  0.01821969788870125  0.01955709243988051  0.02105839631582984
  0.02286103130591888  0.02499437302224104  0.02764414466678205  0.03108893781977613
  0.03519667451113412  0.03985922945262765  0.04644457063642313  0.05740316341339093
  0.07598292279581062  0.11301667662558504  0.71442014767788076  1.00000000000000000
  0.00208842792374830  0.00328123573538299  0.00383318756999059  0.00434614301991096
  0.00480302038250250  0.00523240042970314  0.00567971806965707  0.00618342214911754
  0.00663603094984183  0.00690971808424200  0.00711558672945098  0.00733722752994959
  0.00756677536156280  0.00788236038771145  0.00825914463378558  0.00861944034238398
  0.00896369725913754  0.00929739161706525  0.00967542890824388  0.01007995271150249
  0.01048738496570898  0.01088551481037765  0.01129788047361789  0.01174008015484381
  0.01221270896672435  0.01270188544221709  0.01320640958256069  0.01370924791638211
  0.01422393201463724  0.01475723887360091  0.01531650969170833  0.01589324320735976
  0.01646685401998461  0.01703526617569734  0.01763183073434317  0.01825130465580816
  0.01887781117471530  0.01952381639736087  0.02018187854195837  0.02083731344208029
  0.02151286971958744  0.02224875498856778  0.02305404498344990  0.02389706493442946
  0.02473207859125380  0.02553178715684116  0.02629564100918889  0.02705560604859778
  0.02783270537025886  0.02861921280341537  0.02942468253712622  0.03027617216461530
  0.03117215197616552  0.03211135124842220  0.03306710638280622  0.03406031474172408
  0.03505133861044442  0.03600226335750289  0.03693910030914493  0.03786212809369562
  0.03880013144909186  0.03979379562265739  0.04076507555672004  0.04172693670310928
  0.04275610414072294  0.04379949537938628  0.04492415380567991  0.04620769761930314
  0.04756519883385675  0.04889723172327316  0.05014408572339830  0.05129749668917794
  0.05249266067679751  0.05377594517422746  0.05520003391608538  0.05673051991077196
  0.05844500489472314  0.06017192103760400  0.06162839758029603  0.06308223711995854
  0.06456046799030227  0.06610813880703488  0.06764197472945395  0.06927483797271267
  0.07110154686866280  0.07324541716323146  0.07613756715901811  0.07999754790121956
  0.08359030841270013  0.08663216310121906  0.08961684526301239  0.09207122605926683
  0.09512377338595829  0.09928904701142781  0.10539590935918966  1.00000000000000000
 -0.00309049822127232  0.01100248494286111  0.02282433068470827  0.03349727957434358
  0.04416705327667485  0.05475518496761160  0.06569102857468244  0.07648562023470803
  0.08738974473221341  0.09792963291091183  0.10792735650708400  0.11779699173914343
  0.12773152023885564  0.13776764495324639  0.14855117382448635  0.15939147178233121
  0.17087283076149956  0.18181076091991727  0.19352960724366863  0.20610391491435137
  0.21840121768272638  0.23074001832210639  0.24259716151308283  0.25393886122947618
  0.26490999984581076  0.27535358497399659  0.28572291599190847  0.29666488707393623
  0.30722840320583045  0.31719774059898598  0.32687607982227035  0.33690815510210009
  0.34715026999848875  0.35772486058710395  0.36886284036095041  0.38034491475624838
  0.39105217734038267  0.40107118968273692  0.41079428159592402  0.42062062331223271
  0.43045716114644877  0.44058990581226948  0.45105891824598598  0.46135509025146976
  0.47179059997755912  0.48316353654386213  0.49556524472735014  0.50811654783599447
  0.52048494039767845  0.53307462483344226  0.54501343408272018  0.55674103555533283
  0.56799375793650897  0.57921573474382682  0.59074183387889712  0.60173513001810675
  0.61248954019284707  0.62332756013395474  0.63438725861494238  0.64561431841504280
  0.65636524351176351  0.66654754422260454  0.67583534603936246  0.68529642411927005
  0.69491283538184079  0.70449742619205391  0.71362193757564951  0.72282329944912238
  0.73248409728202191  0.74373659422901062  0.75508309233579751  0.76660637240711238
  0.77779806845325772  0.78895189618235706  0.80036858433497193  0.81058336353683824
  0.81998391725647601  0.82930536336386806  0.83931897117427512  0.84934120504243593
  0.85916273474178562  0.86888175065570084  0.87903125188308717  0.88952941466955482
  0.89887427918315543  0.90676631408045238  0.91462534397715711  0.92274010942645535
  0.93101799390294160  0.93940605030275193  0.94763801830264394  0.95608380788587988
  0.96631024214095140  0.97796092369336829  0.98906324003219870  1.00000000000000000
  0.05760169024892611  0.06194291974226664  0.06507455394426362  0.06786042685227862
  0.07034073736856779  0.07261141545899552  0.07469678381984299  0.07666627679432492
  0.07853335252277843  0.08033848658835546  0.08204354272503880  0.08362065960625026
  0.08504042477474115  0.08644347313256993  0.08784925271581182  0.08923101972688367
  0.09059000141091028  0.09194459514556748  0.09329752732819929  0.09466339711840263
  0.09601335843195731  0.09734546702742924  0.09865067013830209  0.09992823089562201
  0.10120928650706229  0.10243102060503820  0.10365556314876001  0.10486078549620949
  0.10603610188268968  0.10721128086842738  0.10844016635283717  0.10973767152773929
  0.11099159856734987  0.11224654025682619  0.11347979467734637  0.11466007351361764
  0.11582647409813517  0.11701596660484254  0.11825021425664002  0.11950839972593071
  0.12070886846535067  0.12192614978060920  0.12317901958018226  0.12450795381875071
  0.12592026361064271  0.12739856675349240  0.12895441394107257  0.13050519302584077
  0.13199788173481286  0.13347838608830467  0.13495248803272733  0.13647558762057696
  0.13804807610685993  0.13959266217582394  0.14109242918361145  0.14276824142812924
  0.14450070486345168  0.14625116499681606  0.14813719714854087  0.14994014649829893
  0.15168960147528432  0.15348407488116697  0.15522327204955125  0.15696270412135604
  0.15874978096840786  0.16066376550034348  0.16264658250322556  0.16471192900952150
  0.16705460608732348  0.16957602535118627  0.17225895193648022  0.17493301109665277
  0.17760237566258008  0.18036191743105451  0.18304787012396956  0.18561506757180662
  0.18811764288328700  0.19115940235897244  0.19455777247320366  0.19819529787646373
  0.20224720179426448  0.20651840770580357  0.21167606842479289  0.21729797448222732
  0.22327772647454283  0.23040778426000180  0.23919532929166146  0.24757023609814940
  0.25571050915143290  0.26353678543757519  0.27396187910895348  0.28669723523568058
  0.30163371348796625  0.31704753452991741  0.35263011964849411  1.00000000000000000
 -0.00234391696284770  0.00937160506257842  0.01998953390302007  0.03080277806603483
  0.04248952918234295  0.05454414374426166  0.06714915231947781  0.07891998902584306
  0.09091224876174044  0.10275565792111811  0.11564054335910885  0.12793598380466223
  0.13907121571840372  0.15037667962957543  0.16212937111263875  0.17439986467158122
  0.18623382598539520  0.19734125959191651  0.20797369523538548  0.21849252348152165
  0.22911115266710871  0.24012530395580994  0.25106922787085356  0.26173553082533868
  0.27205084041060706  0.28229800103284491  0.29244666836439387  0.30270383854082183
  0.31315785310107064  0.32405479088134170  0.33551393661776174  0.34749476283611647
  0.35937379681128179  0.37044353097456784  0.38105502530235724  0.39142037560366161
  0.40168256025410576  0.41193324124929309  0.42266166959011348  0.43404193276752767
  0.44535617805751043  0.45650523943198346  0.46680091845386368  0.47673155968258596
  0.48591699339023586  0.49528791111044640  0.50469891017698931  0.51469038113261978
  0.52534768266949639  0.53602916267791945  0.54656023229310458  0.55688716746698763
  0.56669589989321356  0.57630291176252835  0.58610349543395646  0.59636232493960395
  0.60702434220199020  0.61738051759182011  0.62760868797366154  0.63759451125848576
  0.64747839013219788  0.65700874251481989  0.66644263499182743  0.67625636701037373
  0.68615023038050771  0.69533154402829622  0.70466164799807340  0.71434179243967999
  0.72476509190893557  0.73533642063592930  0.74591126734725022  0.75684444105620896
  0.76741110864867046  0.77784555275483880  0.78821962786195765  0.79754781934205909
  0.80632581166641659  0.81498103940514888  0.82370354724372419  0.83261086010543117
  0.84136315304033094  0.85000587522653326  0.86010523527372884  0.87137949285131988
  0.88181818565350800  0.89261878773106751  0.90252611690449547  0.91162955190474593
  0.92064074999456313  0.92994829858269612  0.93986935319128861  0.95038313098364824
  0.96191607400633827  0.97482234814487201  0.98762190626456237  1.00000000000000000
  0.05303774177290670  0.05430073430758409  0.05555091839286792  0.05662126290829560
  0.05760455858065121  0.05853255551416035  0.05941188531058293  0.06027417000393451
  0.06110737972619567  0.06192584564495825  0.06282741054015509  0.06381718182069883
  0.06482776613316539  0.06581847878182277  0.06678373075094156  0.06772957975815583
  0.06866237393639772  0.06958891799837139  0.07051675571425396  0.07144377752001765
  0.07236448499163653  0.07328367208793621  0.07419811342595163  0.07514974425150091
  0.07610483086303271  0.07711356602074614  0.07806534657744349  0.07899796780778343
  0.07990167873879114  0.08075555810461153  0.08160258089791010  0.08247250781552302
  0.08336459693770271  0.08425678258763244  0.08515394038595286  0.08606676782670665
  0.08698284873439861  0.08790254152388242  0.08884169550374292  0.08978599065169875
  0.09078122311447384  0.09179461417241365  0.09284419207606424  0.09394322560432174
  0.09504402802305174  0.09610944053279194  0.09714824528772140  0.09818190452629401
  0.09923307773664762  0.10030333700372737  0.10139228276628713  0.10243481035721107
  0.10348284363927644  0.10452250829873293  0.10567416711552974  0.10681333010108031
  0.10787040085454401  0.10888486913942760  0.10996523948616907  0.11111010191929827
  0.11227447895387600  0.11352902057225003  0.11495723741803995  0.11647879022273697
  0.11786053321729603  0.11935253057842987  0.12065194362557556  0.12195503443998928
  0.12327449480259815  0.12454200976848707  0.12633177754951799  0.12821502718494332
  0.13012847879448911  0.13216865219847343  0.13438820656593845  0.13651753644926037
  0.13813349491049182  0.13955811992683659  0.14114795509906133  0.14291015302301058
  0.14467750342458791  0.14658896025360274  0.14930895998937890  0.15295311322204888
  0.15683783446474511  0.16062455929116176  0.16367778257949586  0.16699837350913341
  0.17077451340767899  0.17461767557298052  0.18051393172213417  0.19133688615898103
  0.20309652610713411  0.22287308585582088  0.70603474268083033  1.00000000000000000
 -0.00244257040098426  0.00813233459613539  0.01764084045116314  0.02700590778280225
  0.03682982517676463  0.04712831384653436  0.05731356970248578  0.06733454470189533
  0.07740367134446699  0.08771724801111107  0.09824144692140088  0.10857542878224490
  0.11860083198738246  0.12851289351031941  0.13864246796460925  0.14903271930511244
  0.15950116548607848  0.16993562712212790  0.18056560085294332  0.19115266851480103
  0.20115030185857552  0.21165975292183761  0.22172894897389214  0.23202436380462918
  0.24264929148927009  0.25176688761947230  0.25956026807781535  0.26723617347082179
  0.27520982188767495  0.28327566682983724  0.29169783311234709  0.30032832069980603
  0.30861077940322296  0.31875099002346979  0.33021583788166597  0.34238032078149427
  0.35562273861917471  0.36912686296747033  0.38185977368960883  0.39416541553799483
  0.40624790859487642  0.41790895608222356  0.42916355875442397  0.44050373173124779
  0.45173191496290777  0.46321914739997067  0.47577975881870560  0.48895864575683029
  0.50138950199879773  0.51286673587389853  0.52414076421451916  0.53611176637574975
  0.54775023503910047  0.55910381487535665  0.57166407469611846  0.58472685694563953
  0.59701204972024957  0.60932763682737867  0.62205635266725567  0.63468372712184762
  0.64697622337810590  0.65833800280653243  0.66899087061591322  0.67927464529439741
  0.68933093210970120  0.69936882933424493  0.70954057067217513  0.72021780888209941
  0.73068103520999805  0.74112033550127743  0.75117966553625604  0.76108102881349016
  0.77092859777976952  0.78032410443023670  0.78943666999520679  0.79880701858663439
  0.80826522655831567  0.81830170650199385  0.82897394686495973  0.83983970827046051
  0.85070404147856837  0.86119355588689050  0.87138232633623169  0.88104838833082622
  0.89027874926746298  0.89938069285677924  0.90893032870850887  0.91850121519291861
  0.92815336682062410  0.93782593082398680  0.94778774267592159  0.95769517744104227
  0.96772444081680276  0.97777959136117087  0.98824718304999526  1.00000000000000000
  0.13934269927904161  0.14720476109159480  0.16344701183345917  0.17298946797259479
  0.18174915221937574  0.19101287540590842  0.19962569490227006  0.20703612089430398
  0.21371405642211516  0.22059755254901192  0.22782983221523145  0.23502045949320907
  0.24195859520106797  0.24864158274496451  0.25520472913975523  0.26204459076268027
  0.26885060921939424  0.27583566860222486  0.28221326292877741  0.28791735115747519
  0.29349714468332400  0.29908249927469382  0.30479935935090502  0.31071388788446175
  0.31711035255244879  0.32381893975032411  0.33050393281244594  0.33699078674149513
  0.34325007751575926  0.34947300918247609  0.35589887610394300  0.36218173715152163
  0.36883031670456268  0.37469510432624126  0.38035990593675739  0.38591119399575746
  0.39131509979457768  0.39668657781192451  0.40192449206600334  0.40695387455530091
  0.41196135024206038  0.41709267150381502  0.42232226412206170  0.42766498466602187
  0.43335519634418201  0.43831273911280283  0.44258986718428905  0.44659840863001582
  0.45082486911490138  0.45512914910243291  0.45980624830684630  0.46428612617506188
  0.46859603813105549  0.47302884932819972  0.47779468014460497  0.48286728044316191
  0.48809204635294845  0.49299786251460981  0.49744739718832043  0.50256130130311905
  0.50827095629226260  0.51421475194035027  0.52020091927612488  0.52610088887640294
  0.53194899804582585  0.53784135397028054  0.54385170852637088  0.55016288662176960
  0.55656135553660835  0.56309620776444602  0.56965491531863133  0.57615379140579503
  0.58260621013562985  0.58899625936913136  0.59543712365185175  0.60216806562563607
  0.60925288560974777  0.61674412278476665  0.62482491882153002  0.63307271825388289
  0.64108240861979937  0.64891002923776386  0.65707602025319223  0.66589640428711683
  0.67525857335362960  0.68466308602346837  0.69448320479688819  0.70521676216791018
  0.71721176242418039  0.72995502184086158  0.74370335134206766  0.76087584229696270
  0.78185171943522647  0.80880492038746610  0.85298081355787547  1.00000000000000000
 -0.02334475005057508  0.14025247089183679  0.18259506628111727  0.20914601245926684
  0.22961301139939336  0.24581779201782655  0.25974635094618026  0.27225802210124533
  0.28414901949601334  0.29521375145138506  0.30510131195695622  0.31432215095951604
  0.32270515749967493  0.33055017464125791  0.33773221848984242  0.34456140534414337
  0.35126469617398859  0.35788766382309439  0.36459466233832061  0.37116150393767233
  0.37751784326907606  0.38371004238984119  0.38979413495171600  0.39578913345797945
  0.40155082679917242  0.40719894518312150  0.41275454772101355  0.41809170228596682
  0.42314886121927642  0.42833982131759302  0.43322289216294607  0.43766883890700659
  0.44168236199743327  0.44559283508899222  0.44954752069060222  0.45361981578839761
  0.45764372371337880  0.46161505084910887  0.46559980946045837  0.46956452729858217
  0.47340488774536132  0.47706424273755171  0.48066633348227772  0.48426804077383317
  0.48789022288342526  0.49167201258141374  0.49556325294271175  0.49947067063910761
  0.50356715089145065  0.50760009723623312  0.51157199297027833  0.51551501423287283
  0.51934717256977170  0.52321988240484807  0.52706332828840874  0.53081847640671065
  0.53452523999637713  0.53827214556247938  0.54214022862168587  0.54619495252335970
  0.55040403464976084  0.55473292491138237  0.55905169263330645  0.56351252043557687
  0.56825428872384731  0.57300389137462682  0.57771336367704251  0.58242133955514797
  0.58715086664157223  0.59212627960601738  0.59712051672394972  0.60202185216165582
  0.60681361968210035  0.61155229453979443  0.61654200412346516  0.62192051113235580
  0.62758424423208470  0.63340338589430278  0.63936250451379706  0.64560126977031185
  0.65205713184198122  0.65859936110962991  0.66558113371496730  0.67397453910625404
  0.68323992483468365  0.69257646012894780  0.70207349839682132  0.71218977131962602
  0.72348889015950679  0.73673329829933076  0.75192101260430944  0.76908436308955441
  0.79111835942979047  0.81852989098747642  0.85862160917476071  1.00000000000000000
   3.1074178105979883E-009  -1.0000000000000000     
 T T T T T T T T T T T T T T T T T T T T T T T T T T T T T T T T T T T T T T T T T T T T T T T T T T T T T T T T T T T T T T T T F F F F F F F F F F F F F F F F F F F F F F F F F F F F F F F F F F F F F F F F F F F F F F F F F F F F F F F F F F F F F F F F
  <DiscreteSampler_grid>
  grouped_processes
  1 # 1 for a reference and 2 for a running grid.
  10 # Attribute 'min_bin_probing_points' of the grid.
  1 # Attribute 'grid_mode' of the grid. 1=='default',2=='initialization'
  0.0000000000000000 # Attribute 'small_contrib_threshold' of the grid.
  0.5000000000000000 # Attribute 'damping_power' of the grid.
 # binID   n_entries weight   weight_sqr   abs_weight
    10   10   6.662408607483989E+002   1.067550167459386E+006   6.662408607483989E+002
    16   10   6.662408607483986E+002   1.067550167459385E+006   6.662408607483986E+002
    22   10   6.662408607483989E+002   1.067550167459386E+006   6.662408607483989E+002
    28   10   6.662408607483986E+002   1.067550167459385E+006   6.662408607483986E+002
  </DiscreteSampler_grid>
