  0.01446006612272994  0.01519415129429117  0.01544716364342999  0.01568756886153095
  0.01592203361145299  0.01614407817027829  0.01636249440984697  0.01655676864894684
  0.01673344581254792  0.01690180981756510  0.01706834302972705  0.01724410377938801
  0.01742047740402138  0.01761144087808859  0.01779988632065987  0.01798288183538123
  0.01815750856659810  0.01832271765277071  0.01849062896735976  0.01868496581616014
  0.01888116567630662  0.01907364033715180  0.01926357896070569  0.01944259247682709
  0.01961534764116703  0.01979067649667375  0.01998294464538533  0.02018488090369356
  0.02039036674740320  0.02059837773429541  0.02079845524533633  0.02099935954692250
  0.02120981429228992  0.02141120868611179  0.02161950108633871  0.02184248160989772
  0.02207931024571056  0.02232282720098997  0.02256670474731468  0.02281172523550794
  0.02303329539579891  0.02330042060036279  0.02357497621525140  0.02386490744016223
  0.02416099794697298  0.02446387654558810  0.02477018959190419  0.02507249958385715
  0.02539911489813465  0.02572243013002934  0.02605362064797769  0.02638081491909259
  0.02668612184151350  0.02700730098411764  0.02734474317613676  0.02767732033294971
  0.02802174870141823  0.02838243123793448  0.02875625508355643  0.02910775324383558
  0.02946589083058621  0.02983098670071095  0.03020824895237174  0.03063834100212564
  0.03112405036925320  0.03166572281693340  0.03224678553369002  0.03288266162662732
  0.03357909798420178  0.03432443653908286  0.03510931667184214  0.03590202715739638
  0.03672622001589387  0.03758019947108406  0.03847321501340613  0.03938890099578386
  0.04037429837281585  0.04148211096193369  0.04269804775417322  0.04396846851890406
  0.04522386784759315  0.04650829601725932  0.04803865130397802  0.04971720140216290
  0.05157438163457077  0.05372692156745520  0.05587130362214181  0.05819107088733588
  0.06169780495961053  0.06614905378050127  0.07220587950888102  0.08021946398261745
  0.09621256783141303  0.12782160518839575  0.56059679455982891  1.00000000000000000
  0.00188441750824892  0.00352551863890977  0.00390209958089156  0.00420142680796214
  0.00438982796488784  0.00459302946374548  0.00480621575500846  0.00510892759212109
  0.00540751890903209  0.00563917496208239  0.00584225912445396  0.00602872922570631
  0.00622869041679961  0.00643104634795569  0.00665208154504700  0.00694739474621583
  0.00727583962568924  0.00771370604732270  0.00813010402439186  0.00847063432928727
  0.00879031888642265  0.00905118286296675  0.00927702986664909  0.00950784276779985
  0.00974552817914600  0.00998152837664296  0.01020808326502798  0.01041959741553827
  0.01063559622577717  0.01085461413796460  0.01108907297871989  0.01134280366704534
  0.01159608833344413  0.01184647539052289  0.01208234328314919  0.01234874642077855
  0.01264952347209406  0.01295965768494239  0.01327678175012382  0.01359694816181822
  0.01392421752101978  0.01424777158655797  0.01457853325112462  0.01492167932392010
  0.01527533176988728  0.01563502637598081  0.01599461972450996  0.01635775607443210
  0.01672445924992024  0.01711841215819298  0.01752575563794425  0.01792620670801474
  0.01832172202592207  0.01872452122915364  0.01912922934849513  0.01954027078409686
  0.01997262005726186  0.02043791580546923  0.02091949499557125  0.02139180516039276
  0.02189462529955738  0.02243955379348170  0.02301507318550397  0.02361360677258023
  0.02422818776654588  0.02485765342087896  0.02547931742616018  0.02607837195086917
  0.02669802509165971  0.02739953781658772  0.02814334375862837  0.02890623017034585
  0.02968565058176691  0.03046499935037820  0.03124554176612253  0.03204356723848641
  0.03293043617369190  0.03401960563492766  0.03520532512654701  0.03643811540473273
  0.03776981177676086  0.03911992365494599  0.04057837968624681  0.04220962907169155
  0.04402400636842187  0.04625404366537108  0.04892600270740004  0.05194194042554263
  0.05558711937251519  0.06019452682400736  0.06633742699312419  0.07552578368304595
  0.08849652323844219  0.12038648964805121  0.53612387512726944  1.00000000000000000
  0.00376369825807351  0.00525097194300969  0.00640955133912837  0.00716673024768974
  0.00769224470089052  0.00820743415479300  0.00871597281027421  0.00920661006286215
  0.00969736611010946  0.01018231693320389  0.01064039568854466  0.01105665334963583
  0.01145385512807413  0.01184813200838274  0.01225196454759300  0.01262139908327570
  0.01296460741119379  0.01331483573578036  0.01369844448113799  0.01410571557408677
  0.01451799392984662  0.01494515680786967  0.01540035692540983  0.01584293599526616
  0.01626743070902477  0.01670193427007755  0.01717013015643534  0.01768654741200932
  0.01822258766420689  0.01877524488186888  0.01935783630980324  0.01993463247357478
  0.02045393672383704  0.02092035120462587  0.02137472352417081  0.02183468471418099
  0.02236875320322625  0.02293444849034107  0.02349665130477237  0.02406289994265233
  0.02460776909368013  0.02515287959351757  0.02569447567811603  0.02628877467968010
  0.02685090273057284  0.02745303322554036  0.02805745010417816  0.02867295990060979
  0.02926638194407931  0.02987069754271238  0.03048280953062887  0.03111942959436156
  0.03185755488982696  0.03265129870895054  0.03346237051182836  0.03429354096629997
  0.03515822043877762  0.03605348631866247  0.03697291951429201  0.03788009497930708
  0.03877550701383180  0.03971781490282671  0.04064113216143168  0.04158434226882521
  0.04252826048058606  0.04351059773071028  0.04454440068823341  0.04564421449487118
  0.04688229349505908  0.04826553708724979  0.04965320904595261  0.05109880868613043
  0.05249003713766958  0.05388064188266877  0.05547254947872640  0.05713258797915096
  0.05877916543282091  0.06054912207575659  0.06256206721813913  0.06444084879132890
  0.06633028635378471  0.06821956960089760  0.07057943450987295  0.07313451073720573
  0.07550445670649990  0.07823660889840074  0.08177305352334606  0.08587685104734477
  0.09098938296442828  0.09959422352307480  0.11329968323565499  0.12897657221685171
  0.15047753957122395  0.16579118775015930  0.37178403784422520  1.00000000000000000
 -0.00889627989033596  0.05127104410738476  0.08687956233648556  0.11680238168072268
  0.14220200853008638  0.16413212918610220  0.18142171605797081  0.19523716921393394
  0.20732421527913145  0.21849120073279193  0.23033990842047564  0.24220529606874941
  0.25271376166734238  0.26248511076303960  0.27288248403178583  0.28394555281586387
  0.29407338325297883  0.30193171775468552  0.30928563775083073  0.31598989668434563
  0.32271035925667030  0.32903872474840734  0.33519967258874961  0.34089478970668413
  0.34648487237681080  0.35227848832927278  0.35837480068387106  0.36495392336467769
  0.37137004282600017  0.37773770804207135  0.38413603434321564  0.39041111519262600
  0.39649076441217135  0.40243521285482192  0.40859940040586284  0.41506268072588248
  0.42145047708756872  0.42729579234057768  0.43309081409144090  0.43881530592537221
  0.44435514778092366  0.44980339079255127  0.45508020764680424  0.46063351175538492
  0.46645924612832129  0.47221088785011717  0.47787860100074941  0.48324173458721259
  0.48820683632607437  0.49315135386974313  0.49812770672980872  0.50335527870669083
  0.50911244420827761  0.51520895343045492  0.52115829528971047  0.52695814494749815
  0.53231362818008809  0.53787479665493843  0.54393403123803041  0.55024747680879738
  0.55682550459094415  0.56353567845467667  0.57006066644477427  0.57634117317955624
  0.58257143506288567  0.58946233131201276  0.59702312832275595  0.60514876481567315
  0.61325654432967902  0.62126690930835204  0.62902952701147918  0.63605839267399866
  0.64351355584509462  0.65091617267831381  0.65816137296991950  0.66547695969971843
  0.67302294978519328  0.68124989413125636  0.68996231585608203  0.69867394442997566
  0.70761874333898489  0.71668658772966842  0.72742615748106620  0.73910987954938479
  0.75125882629067342  0.76309703919113780  0.77540613868686092  0.78862614306574819
  0.80120859885815732  0.81392040002124844  0.82777599249043199  0.84554706933033141
  0.86933142171653144  0.89842874960541230  0.93847321901056113  1.00000000000000000
 -0.00172111299840892  0.00787761621245663  0.01520731050251483  0.02233840380978860
  0.02988308300366110  0.03840560710040295  0.04745164635614375  0.05639190979208454
  0.06541451224384637  0.07555168033675674  0.08652177520085165  0.09796409070898059
  0.11040421587338362  0.12266100758949611  0.13472024292183865  0.14632349289135696
  0.16024888523253095  0.17385355894845614  0.18805030803822345  0.19967636939206093
  0.21168425297399276  0.22165554471917301  0.23115031315154863  0.24045095852265144
  0.25034554046688129  0.26044000382915633  0.27027058493511436  0.28019296916779884
  0.29032955179396225  0.29951083758967295  0.30875252622009175  0.31803166757281459
  0.32806197997432779  0.33783220434345101  0.34716754132373001  0.35632718935826918
  0.36583621083231482  0.37547737999959940  0.38529808959084388  0.39542613104219793
  0.40607929906778589  0.41705970501072942  0.42779279155385697  0.43808937760177386
  0.44803020153932482  0.45874639478775797  0.47133020706680223  0.48504890351917096
  0.49900215441798385  0.51256977585359276  0.52459722212356774  0.53651927155232593
  0.54722112481162566  0.55661030411451629  0.56654537291488993  0.57621878169298535
  0.58611930058411010  0.59561215886996455  0.60508994030788243  0.61540135522288664
  0.62543232235246882  0.63652357842748042  0.64848194487078470  0.66174557928241473
  0.67430992552770441  0.68635000111266609  0.69848562274183013  0.71034737436695283
  0.72229091678954904  0.73471971451634333  0.74718148000695195  0.75725408761882240
  0.76721155940261931  0.77748983858538012  0.78678553354260694  0.79551182001028220
  0.80396517706434867  0.81310859886828646  0.82352913451390686  0.83450422675717473
  0.84493332593682491  0.85410654522159413  0.86432403363834243  0.87496298697143116
  0.88643532085989241  0.89763378603495958  0.90842637631878653  0.91837989979499590
  0.92828118509247914  0.93866371892599443  0.94928849063472853  0.95989914096538853
  0.96950483739161586  0.97914462188214713  0.98910278678806807  1.00000000000000000
 -0.00313219239054498  0.01152618930334452  0.02301442032172239  0.03407854461836599
  0.04353098314498340  0.05241379726197860  0.06059884198195668  0.06984696638592741
  0.07914705730458869  0.08864365151774631  0.09903652144246719  0.10946050740851407
  0.12014641693912670  0.13104255515783936  0.14196999781011926  0.15337920234034758
  0.16420439280639695  0.17456174703240293  0.18530099214935003  0.19749351927753636
  0.21010466203279385  0.22314403475885816  0.23435711115322050  0.24511035514451482
  0.25667308695756408  0.26874847876106100  0.28001552834171145  0.29087788017408295
  0.30124239152467264  0.31133278225603850  0.32098545776506332  0.32966186200045056
  0.33822605155259433  0.34619949384201459  0.35537101478390798  0.36642323904550705
  0.37850089515102764  0.38995270849472535  0.40080702704008203  0.41134100490915892
  0.42147573508618763  0.43163545167610423  0.44226200741023936  0.45307485956111015
  0.46351241132177612  0.47382958986744672  0.48462228907814620  0.49526749062571385
  0.50603356989284298  0.51670476358847239  0.52694785143399137  0.53703441753747572
  0.54690535304730115  0.55608160628578251  0.56451049830724587  0.57242789234572200
  0.58057672718905240  0.59040124594581600  0.60008504064088863  0.61064393907994663
  0.62195392497128021  0.63243210131252470  0.64205437878957328  0.65179983736529024
  0.66115854286565701  0.67089014652409418  0.68040183736473547  0.69058606836165293
  0.70117424452454369  0.71170847649884239  0.72201742940784930  0.73309705661884794
  0.74504272059130006  0.75718019867297681  0.76959354665635105  0.78201764045452304
  0.79408899118128795  0.80582247084882042  0.81734821954380565  0.82881079363449528
  0.83938563200904537  0.84926565864824077  0.85920950139264340  0.86992330040053056
  0.88171189865408783  0.89392015592522422  0.90588435228324882  0.91746123500335763
  0.92882865768631862  0.93951907710927174  0.94895282592504449  0.95857735120569365
  0.96883367264135800  0.98006095825475925  0.98974367628729598  1.00000000000000000
  0.01867614227037980  0.02607542728637517  0.03110171078752528  0.03473566499962179
  0.03771381086482230  0.04034233850485519  0.04237845203457317  0.04411916718588436
  0.04585466586151169  0.04759384639685094  0.04928321329516960  0.05090468676120369
  0.05246559012018356  0.05394282724605879  0.05538851156218921  0.05686425535915918
  0.05836740368312957  0.05986899650175811  0.06133917656450534  0.06274854017129351
  0.06410467264446548  0.06537054802527455  0.06663777046510329  0.06787511239083820
  0.06910124930898964  0.07035791581962438  0.07159769961663452  0.07279907240757161
  0.07400546500143955  0.07523889714881030  0.07647449126852436  0.07774284676732425
  0.07900498653776429  0.08019893226003734  0.08136527598409955  0.08257679621314264
  0.08380448361425401  0.08502950343057136  0.08626369588704946  0.08753344357129000
  0.08886591386472265  0.09016401964996872  0.09151546916549499  0.09299672517608841
  0.09444833051766398  0.09587132656433113  0.09737181203154111  0.09884414981095706
  0.10028473258001663  0.10168477970524260  0.10310088803853247  0.10439382991230406
  0.10592538355702388  0.10747622988625381  0.10887519211979167  0.11021535934562769
  0.11157209766404008  0.11300949721142452  0.11449143015127891  0.11600461915107908
  0.11758461956520334  0.11908823523819129  0.12068092542108085  0.12225262180146149
  0.12384675553501445  0.12560833361485474  0.12741357332912834  0.12922062622814773
  0.13137388435383349  0.13364691765360992  0.13610625771799117  0.13850558336339960
  0.14068999038637908  0.14307199309754090  0.14527375070045270  0.14824520125605412
  0.15119855081227196  0.15390148654836353  0.15659493877305503  0.15928089173287874
  0.16258617178135637  0.16685114941597867  0.17255803645886739  0.17946034936833416
  0.18608739674732871  0.19456335578531692  0.20546122545582710  0.22087694533503430
  0.24516907135667709  0.26716176315854517  0.27891980665010263  0.29323091481273811
  0.31020381789893081  0.34243937160358873  0.76598875490657292  1.00000000000000000
 -0.00374612018543285  0.01337091633037376  0.02782229721904334  0.04381761175410023
  0.05845606013192912  0.07204592553093631  0.08503158904666040  0.09827820671655597
  0.11207968917167059  0.12595944954636848  0.13949918836669223  0.15521833768189533
  0.16971449302198502  0.18380531597324087  0.19801525481819965  0.20988979496270263
  0.21989746783315539  0.22918776173692007  0.23888922404583618  0.24947893167824742
  0.26066156507425831  0.27231140703667700  0.28381063429571196  0.29447281813852971
  0.30455502766898113  0.31427155757267555  0.32350552637599023  0.33265027107491679
  0.34280108008537796  0.35312386390396500  0.36184646229913686  0.37037066245591815
  0.37894477205605592  0.38793746756965242  0.39716183794034121  0.40597760213437084
  0.41455317754539611  0.42357439153720744  0.43304925294767660  0.44216002118079362
  0.45060154796600632  0.45945021597943281  0.46760117748624325  0.47629264284218342
  0.48426944375753755  0.49237810295186352  0.50053821298613888  0.50885958888887817
  0.51744406394045106  0.52666278896585450  0.53580055045277497  0.54484430327934441
  0.55466709202460363  0.56499133459044837  0.57542108547039350  0.58537524838753907
  0.59413969204235972  0.60265984693550689  0.61118063309774751  0.61971668926333434
  0.62870150696324489  0.63834107776423443  0.64802983642130718  0.65921293748869170
  0.66978905345759943  0.68073730880708150  0.69069967371634378  0.70023022636625909
  0.70974178229674367  0.71997060670205260  0.73023764235230371  0.73952244084679764
  0.74815165413717388  0.75695528999253736  0.76619530167437755  0.77584899721881051
  0.78606602526720792  0.79651283137858098  0.80687035829955767  0.81724776282840772
  0.82843184382104795  0.84048595737434928  0.85282992086576137  0.86292986156275187
  0.87225136777017154  0.88270418260184358  0.89431703514293381  0.90572808054759213
  0.91757533948898751  0.92954821225303086  0.94062742159799106  0.95048549102717483
  0.96006251791031594  0.97065179342766617  0.98354935143167566  1.00000000000000000
  0.10415589584776339  0.26528607631844758  0.31485584981561093  0.34974691575529637
  0.37109176834915186  0.39061156995049506  0.40973532602740470  0.42702280577383178
  0.44253117754214349  0.45720871376092193  0.46889547312733260  0.47881912615337008
  0.48699594947665503  0.49566324814788870  0.50358632892048194  0.51133626566240065
  0.51867598944487747  0.52549016968223261  0.53145547035576179  0.53719130117636127
  0.54327522528402461  0.54986717363343418  0.55579554424793720  0.56125199869728470
  0.56660665149894374  0.57238923499790995  0.57800171001590150  0.58319121661699613
  0.58838372304004871  0.59360531537265904  0.59874220830624214  0.60359632332197777
  0.60826338404958602  0.61290511523085334  0.61758766770726048  0.62216728844988667
  0.62642138101499045  0.63040786459253895  0.63445994396457428  0.63854029460488571
  0.64259932260433261  0.64655880309309466  0.65040994488737225  0.65422145212100680
  0.65773882690498076  0.66131878541907074  0.66474755450958434  0.66809947890614985
  0.67149155691092188  0.67494380110112318  0.67841833889439607  0.68200181381463032
  0.68561971889831086  0.68927522257317131  0.69251313301564832  0.69551684127900970
  0.69847817655948718  0.70157325105020185  0.70481119469332487  0.70812888684523156
  0.71155439090711992  0.71477881314111358  0.71793421504509158  0.72099060942277027
  0.72402039084138181  0.72711714679544925  0.73048607452544323  0.73392663557712545
  0.73746522409131721  0.74093237304332782  0.74440157885181879  0.74793110615020508
  0.75163947851533897  0.75549018595426953  0.75943230127405181  0.76341750930843610
  0.76733036587840808  0.77122437139006239  0.77515346232593185  0.77924715371011710
  0.78354089649309400  0.78797247987231989  0.79276630922952473  0.79790402526119086
  0.80304777486538959  0.80828144904470278  0.81398551151720755  0.82044119308044594
  0.82754945663177104  0.83530015621119613  0.84422456061325091  0.85445514182687887
  0.86685010644198279  0.88307024979163073  0.90996400121320575  1.00000000000000000
 -0.02317472821988096  0.13989606315108655  0.18487929690104349  0.21315051998960932
  0.23403039995955369  0.24931532508628870  0.26090524414738808  0.27225549778702002
  0.28240263795933140  0.29145119307399481  0.29945717048897164  0.30722651900448655
  0.31484558822644387  0.32224610753096211  0.32900439674361137  0.33572129647733273
  0.34240839090802500  0.34891937369400849  0.35520962959127961  0.36154732409253737
  0.36794461791805144  0.37432219120552090  0.38052490757505147  0.38645352894221491
  0.39240276723330786  0.39817995104970011  0.40376979456144835  0.40886571166185415
  0.41368916831568647  0.41873811786842258  0.42382945785976217  0.42883988269444129
  0.43409244553439130  0.43945256083060491  0.44493663345028162  0.45007948239973000
  0.45502691217045088  0.45968054384654078  0.46421040603948849  0.46879102238878312
  0.47354408064814607  0.47888115818850147  0.48336070036105039  0.48779165188699464
  0.49208383993715404  0.49637811608771326  0.50067298133545624  0.50477408917681788
  0.50908845579054385  0.51344810518642159  0.51794673820284221  0.52239301061628673
  0.52644752060595479  0.53026198470295483  0.53392774105211260  0.53769786242743312
  0.54161686073341908  0.54544427826622921  0.54917302956323644  0.55295305838334174
  0.55698014272611263  0.56124628381229125  0.56549969988845883  0.56964832847852076
  0.57379806377397502  0.57787927223707114  0.58209586075913944  0.58659198400823498
  0.59127432781123934  0.59593425321825610  0.60069400678095508  0.60563573259098702
  0.61110952000095020  0.61641192728430505  0.62185265079859675  0.62835888227244285
  0.63546902932951643  0.64271824190199267  0.64954262317785105  0.65578442054015684
  0.66236844769864633  0.66989981089648787  0.67901746824698883  0.68815186057601008
  0.69643339795132564  0.70465058132854130  0.71359567921697287  0.72327709195756751
  0.73351509296158623  0.74435857676615569  0.75769636319992595  0.77294807201373616
  0.79268000651328996  0.81961962190683069  0.86253789464928388  1.00000000000000000
   2.5257690090691160E-012  -1.0000000000000000     
 F F F F F F F F F F F F F F F F F F F F F F F F F F F F F F F F F F F F F F F F F F F F F F F F F F F F F F F F F F F F F F F F F F F F F F F F F F F F F F F F F F F F F F F F F F F F F F F F F F F F F F F F F F F F F F F F F F F F F F F F F F F F F F F F
  <DiscreteSampler_grid>
  grouped_processes
  1 # 1 for a reference and 2 for a running grid.
  10 # Attribute 'min_bin_probing_points' of the grid.
  1 # Attribute 'grid_mode' of the grid. 1=='default',2=='initialization'
  0.0000000000000000 # Attribute 'small_contrib_threshold' of the grid.
  0.5000000000000000 # Attribute 'damping_power' of the grid.
 # binID   n_entries weight   weight_sqr   abs_weight
    10   10   7.374980818833346E-002   2.922269783963110E-002   7.374980818833346E-002
    16   10   7.374980818833346E-002   2.922269783963110E-002   7.374980818833346E-002
    22   10   7.374980818833346E-002   2.922269783963110E-002   7.374980818833346E-002
    28   10   7.374980818833347E-002   2.922269783963111E-002   7.374980818833347E-002
  </DiscreteSampler_grid>
