  0.01413181161846981  0.01470700496270021  0.01517501988554001  0.01557547426042502
  0.01590910039315093  0.01620655195173499  0.01648346732112803  0.01674690767262037
  0.01700924456397347  0.01727030753876984  0.01752675871876124  0.01777947542794603
  0.01802686847125020  0.01826822134948741  0.01849612575589880  0.01871778209144235
  0.01893629212620947  0.01914629381345350  0.01936188489807235  0.01957698463179506
  0.01979617920916180  0.02001965355859951  0.02024569194460188  0.02047131931986574
  0.02069407900113633  0.02091451787039014  0.02113699578711484  0.02136442186245732
  0.02159655525438071  0.02183554983201794  0.02208112062328927  0.02232996885522916
  0.02258341099209042  0.02283457037843744  0.02308825496296149  0.02334586823423446
  0.02361548994385697  0.02389146990760355  0.02416957687035962  0.02444388089472985
  0.02471501434984588  0.02498785331487309  0.02525651819865492  0.02552887982952892
  0.02581453507532607  0.02610511247978928  0.02639967382013211  0.02669487128116317
  0.02700104501440335  0.02731864165151910  0.02764541175599609  0.02797819171468091
  0.02833186905719444  0.02870315628157833  0.02907359931841024  0.02944633342893000
  0.02982634489629262  0.03022262551674649  0.03062860517818079  0.03105075458550827
  0.03150071577178224  0.03198133399080441  0.03247834337137261  0.03299628145887490
  0.03353777737888562  0.03409780535261815  0.03466084313959629  0.03522882402072796
  0.03582739820274557  0.03649275519363397  0.03722840990632226  0.03804416669192770
  0.03892711238569512  0.03983083465287040  0.04069401099649831  0.04155780000977950
  0.04250785570107435  0.04358170226084244  0.04474995618509693  0.04598691661895076
  0.04730555754848498  0.04876292471267640  0.05047294452021934  0.05238740348915390
  0.05455156289118369  0.05667203240329162  0.05902577690881625  0.06195204653929576
  0.06557637203752811  0.07036520092439642  0.07728280864557671  0.08694481247742969
  0.10361193916004204  0.13984114265547876  0.55408710040426623  1.00000000000000000
  0.01406192638996067  0.01491489173215922  0.01539333116262413  0.01576938003644079
  0.01616031511849624  0.01652612433002783  0.01687125941959499  0.01721567459348866
  0.01754551723804504  0.01786664177440299  0.01817964592605149  0.01848501885980130
  0.01877735066301036  0.01906408674885016  0.01933990212867794  0.01961129307236799
  0.01988414960893382  0.02015983729575798  0.02043660447367352  0.02071287850014861
  0.02099023998239860  0.02126790010964123  0.02154625615644722  0.02182103882736717
  0.02209950501313751  0.02239748596510631  0.02269659442969234  0.02299613961342055
  0.02330052972964397  0.02360896790287370  0.02392117948000136  0.02423278819069497
  0.02455048572462292  0.02486247182069222  0.02519016768555842  0.02551811633016245
  0.02585441260560424  0.02619966282193054  0.02654790422140578  0.02689341540952686
  0.02724163644633903  0.02760116715304861  0.02797508242283838  0.02836364753890036
  0.02875714088961806  0.02916326209037326  0.02957788287807162  0.02999350377099887
  0.03041471839603752  0.03084405798541538  0.03128403699745357  0.03172611724971047
  0.03216781071911545  0.03261615482377497  0.03308349090351798  0.03356261496846526
  0.03405937751706720  0.03455629030798982  0.03509915578984907  0.03564358477166599
  0.03619456530345769  0.03676832701264298  0.03737852233746179  0.03803415419782820
  0.03871791564431518  0.03941363884651596  0.04015859919338142  0.04100727891868570
  0.04193050731901514  0.04282275534395504  0.04368820681842166  0.04457492067868415
  0.04551926659532497  0.04660967707525289  0.04775452400365975  0.04895595245013624
  0.05017040187031318  0.05146512112276937  0.05290398561120470  0.05444496668703095
  0.05608478130331272  0.05786826175256286  0.05977722411915860  0.06178758409326193
  0.06419408363135211  0.06708295103597117  0.07058776933190369  0.07472010984270794
  0.08056824674014360  0.08651524611191039  0.09446034711449598  0.11070041919773087
  0.14552133431256220  0.49046657810521627  0.59414688038300456  1.00000000000000000
  0.00153282460712771  0.00989827173475374  0.01239117089422997  0.01427362461405635
  0.01575864158944673  0.01702958316865129  0.01815695524399325  0.01922380073892334
  0.02025475939021887  0.02123086105025888  0.02214422957511164  0.02301834612755159
  0.02388127390662612  0.02476981985988632  0.02564620937951079  0.02646732737137125
  0.02726844474886400  0.02806476428137739  0.02884426293852912  0.02961698505761693
  0.03039674896992841  0.03118599555294900  0.03200231915384739  0.03279997128684260
  0.03358344066536791  0.03434755008753426  0.03510880647156158  0.03586274455643336
  0.03660925183625922  0.03732716096405052  0.03800248765269251  0.03868075976753935
  0.03936773236909886  0.04006924132587124  0.04079895613277624  0.04152431847705191
  0.04222091376021600  0.04291810350487920  0.04364291296009729  0.04439397806200412
  0.04516379468464201  0.04595186475308501  0.04675143611223288  0.04754119749724739
  0.04830654168896246  0.04905971200734258  0.04983704417639771  0.05065179923748540
  0.05149126717520273  0.05235091094146831  0.05323514993420121  0.05412588300842638
  0.05502380737217084  0.05588722778607462  0.05672459374873880  0.05755557396340925
  0.05839913158497918  0.05926994215372717  0.06016408476476855  0.06109887870907633
  0.06206150939890882  0.06307409427468687  0.06414393008387606  0.06525600333878556
  0.06639146922657915  0.06754914737766765  0.06873889677170689  0.06995249658586579
  0.07117205183830903  0.07238460186110809  0.07365039484107466  0.07501305029403299
  0.07644362214042982  0.07796274556090876  0.07950634971944637  0.08104926353388374
  0.08260735877756907  0.08422150348245201  0.08595086549050762  0.08799448901435805
  0.09040132642255667  0.09306912512966294  0.09595264787912329  0.09894983834904156
  0.10205889444410050  0.10515864447582116  0.10869090257101437  0.11266687815826104
  0.11706592269078665  0.12210680559695106  0.12799178101639239  0.13602092705824645
  0.14704790738966897  0.16311638333869152  0.19520868457608187  1.00000000000000000
 -0.01441283342870312  0.06278131964565571  0.11464955970026963  0.14621030442700655
  0.17056775601257965  0.19218022085804731  0.21232591091777409  0.23024881315975482
  0.24573673969633206  0.25894791311279303  0.27085651601192418  0.28202407431784243
  0.29220560427399755  0.30136385633054336  0.31000078346167143  0.31855716310338006
  0.32679404896133130  0.33489829968026419  0.34276125449739925  0.35056135209583095
  0.35837016757506746  0.36620616265384992  0.37355794694415922  0.38041077387745881
  0.38698480251948453  0.39372664696146847  0.40044994876240847  0.40707217232249099
  0.41358754768056077  0.41986358392778955  0.42570006892284012  0.43142499103605875
  0.43721786477308683  0.44306908274627754  0.44863791617274434  0.45404092402306173
  0.45942272231749665  0.46488200942641800  0.47035169581953817  0.47556337756746953
  0.48079434560668621  0.48609130099957065  0.49147196482742783  0.49693943610509178
  0.50226101181491190  0.50755307652294024  0.51279144012030631  0.51801460050288628
  0.52319331866505692  0.52846326180095726  0.53384182217398990  0.53922821829028444
  0.54448855441798871  0.54977533986373650  0.55504019526733883  0.56037443395564723
  0.56585865560813853  0.57136913419808577  0.57681893483327606  0.58235540664508412
  0.58811833372168443  0.59414367957088754  0.60047622483168128  0.60669372781180231
  0.61278427362742538  0.61891231156927429  0.62506260970845984  0.63127592408423483
  0.63761455610718931  0.64402383607215163  0.65034730347406433  0.65661010767522254
  0.66293499773785236  0.66946866345831124  0.67623409840857618  0.68307375760403510
  0.68986372720317368  0.69673040953395415  0.70405922183723613  0.71197788059093969
  0.72038179043072204  0.72911560175447987  0.73844019200442712  0.74820273371860480
  0.75889524130243025  0.76935607449749144  0.78055554360689317  0.79306390509540969
  0.80619743249309161  0.82099256090398331  0.83777368616694692  0.85717570818077526
  0.88190413295117565  0.91436851203082348  0.95080126942581977  1.00000000000000000
 -0.00192212792581886  0.00844403029848183  0.01753329311095294  0.02729215060739733
  0.03739788145879067  0.04771986007452644  0.05800426245130579  0.06822479016236756
  0.07848759563660163  0.08886302716930625  0.09926397133092288  0.10956487650356415
  0.11989682227629603  0.13057650171761051  0.14121783262857396  0.15147139033140986
  0.16130378501526801  0.17103804087518648  0.18051966223403360  0.19041361313143801
  0.20072419573236477  0.21131918786172793  0.22178520241447916  0.23223882373956989
  0.24241481977331863  0.25242285134012765  0.26276144706367643  0.27325384957766019
  0.28350837846065818  0.29382020752846993  0.30429118485379109  0.31492243287327365
  0.32523455884568780  0.33565917299789155  0.34631232584531374  0.35700494876063310
  0.36740958007293312  0.37768116550023506  0.38783780750629748  0.39862062163835954
  0.40984021957950617  0.42128074368850832  0.43256707631403984  0.44342155554455009
  0.45404933449738244  0.46499989033015299  0.47607450049058903  0.48657190178539372
  0.49681794861543926  0.50693998130573192  0.51707345563747187  0.52695121360500330
  0.53646550836415496  0.54635281447874340  0.55664750768247662  0.56728047017846961
  0.57793972391486648  0.58902899592454783  0.60077635105287908  0.61236537801824098
  0.62346049638191536  0.63419299713223531  0.64461364101735530  0.65566186222382150
  0.66672823709461704  0.67741136365365939  0.68793678958852611  0.69858049141298240
  0.70918591571830847  0.71963683530832456  0.73017907718622888  0.74075111812260230
  0.75128608174745648  0.76138690660231334  0.77150979334006520  0.78213842589091354
  0.79313656333138005  0.80351223979537967  0.81392032901298128  0.82391843343068838
  0.83411546286678317  0.84414963046240221  0.85414872038974521  0.86448407129388205
  0.87514833634055822  0.88625468183152822  0.89763983010975612  0.90891249390456164
  0.92028329022662791  0.93130397860194181  0.94215607045977923  0.95332368758836161
  0.96471112667579706  0.97649791813766074  0.98777478742819769  1.00000000000000000
 -0.01235146865066651  0.05468601786751204  0.09118590863872490  0.11543692317149143
  0.13584806654292572  0.15423948595909046  0.17017444655241892  0.18454377919075204
  0.19780548491565247  0.21027382306351186  0.22207119370730546  0.23346951750201853
  0.24427225600554445  0.25432937078039081  0.26400147816700331  0.27320082797007483
  0.28173610862083248  0.28986754427178713  0.29805500162090648  0.30621569576978047
  0.31409103754715967  0.32168436147888685  0.32909325681961560  0.33625025928688712
  0.34312547657237685  0.34994733933242356  0.35636577847396700  0.36250381891974731
  0.36860533038640503  0.37473550722016225  0.38071952959356531  0.38639387288416965
  0.39208697925201474  0.39798920702820539  0.40387357440817595  0.40952392794721104
  0.41497561192522714  0.42046274611961326  0.42600940049646424  0.43161086453118008
  0.43709888915890382  0.44271169374956482  0.44827568347160596  0.45375915720609333
  0.45921704361100818  0.46474181976832984  0.47034312738628903  0.47600994216628012
  0.48162649864104451  0.48696197491155557  0.49204172090001014  0.49694844636432689
  0.50188364287051290  0.50706905210393383  0.51247682069058975  0.51807200597209668
  0.52361580486588666  0.52888299242182568  0.53398903658115049  0.53923926698143154
  0.54471236646884680  0.55073280770552369  0.55656304120557865  0.56260260146234575
  0.56863248192119631  0.57465480689808979  0.58099616174852653  0.58753572244829488
  0.59425516264796596  0.60123380754906186  0.60822698362854910  0.61508400390893481
  0.62182717076589922  0.62858169187173296  0.63567105461067508  0.64318954925325444
  0.65124064392672265  0.65964808962057064  0.66811265535286712  0.67663441700796967
  0.68527962727392000  0.69433126331036654  0.70422219797449548  0.71473752583947192
  0.72578113076257622  0.73762228305316635  0.75014710297407294  0.76336480283947727
  0.77810241028568861  0.79544379838807544  0.81541457078157531  0.83777990049476680
  0.86285359855443411  0.89309456728751813  0.93579965249324659  1.00000000000000000
 -0.00201961027796518  0.00813973580918376  0.01858085949223551  0.02939892732949379
  0.04044711796282616  0.05157104150499900  0.06250007702415261  0.07349878750384178
  0.08380921525571441  0.09455725016917860  0.10508340527174245  0.11465340384292001
  0.12428635123427122  0.13395224996209942  0.14381116815268288  0.15357178040726904
  0.16358770077800600  0.17392293801448536  0.18452338227956092  0.19531187891902790
  0.20607983562127508  0.21638171342641638  0.22640200244961214  0.23698035504972015
  0.24827552557782112  0.25827607597735136  0.26839186791348418  0.27828787812429018
  0.28855126726508534  0.29919099994730453  0.30992242087452376  0.32030498691640813
  0.33048613951832062  0.34020572473971722  0.35056109500901156  0.36163332328835140
  0.37307711768548307  0.38382269154327725  0.39399028476618514  0.40493478001190553
  0.41643237409477413  0.42832277439652011  0.43980157469996800  0.45092832503588448
  0.46170414781957914  0.47244479064192807  0.48340630698654441  0.49436437399228139
  0.50561107328178745  0.51674987704296371  0.52681368766409720  0.53614349439659514
  0.54573068737194264  0.55561757143572021  0.56637402841576479  0.57774234071212294
  0.58983869212085893  0.60191854214732776  0.61310717063038300  0.62401682981266382
  0.63488942427473505  0.64571013231420527  0.65616026470312272  0.66668214869460918
  0.67718901596077208  0.68772357991325384  0.69829624261004064  0.70878428867590393
  0.71921271158855293  0.72954390656244317  0.73968937358157472  0.74975300000635725
  0.75976830465347911  0.76977795982091535  0.77975645324030884  0.78991091211893305
  0.79980663440336197  0.80985018243859586  0.82012128790463112  0.83020757244260468
  0.84034196355150603  0.85061252275364740  0.86132544288058899  0.87232874191090726
  0.88353191619042193  0.89481769941852074  0.90612041226017681  0.91763107817354184
  0.92898961436859451  0.94003332102244219  0.95037663402214978  0.96068540451742479
  0.97087740590585425  0.98101507440369162  0.99041950924096622  1.00000000000000000
 -0.00232393229206111  0.00923731384905456  0.02007552264120710  0.03114099282538815
  0.04152317755257148  0.05220260099298201  0.06320864300711530  0.07458048498793374
  0.08534338338838933  0.09582749351232975  0.10557813033955074  0.11519525647976160
  0.12514917373552778  0.13564454044035870  0.14569866707729789  0.15571639131009987
  0.16703787744813045  0.17757883231726038  0.18904934560067710  0.19865089107643119
  0.21076615722950059  0.22107291228645004  0.23222958563307911  0.24310395773814644
  0.25412986058036430  0.26486915869117189  0.27584509725039430  0.28660380215402775
  0.29659562831610031  0.30609019552150307  0.31631915006558725  0.32795086006291801
  0.33932499026361174  0.35061812618569005  0.36218035359548933  0.37349470817710512
  0.38447538985289814  0.39547252579032022  0.40666884755231997  0.41758805335745897
  0.42814007053704434  0.43862380258644018  0.44906822453449768  0.45941666446976814
  0.46946330779374373  0.47961573431906884  0.49005123879674739  0.50055946395814677
  0.51055758957276798  0.52027577213649256  0.52990933645367322  0.53966737648924423
  0.54908954186430325  0.55862690291686334  0.56896175413625327  0.57933972756275265
  0.58988396545224064  0.60071227150687811  0.61203454663945800  0.62336047956839924
  0.63457522893743834  0.64512970918511225  0.65521038914349450  0.66544221553039373
  0.67625315298254640  0.68654176606729200  0.69659265945752280  0.70648148122776633
  0.71699255585991861  0.72748139593601135  0.73782713655858745  0.74782037999662410
  0.75749012432450036  0.76721841724406425  0.77738328711318094  0.78816300215318658
  0.79924402306547759  0.81023489701722540  0.82086233346453141  0.83116810346151160
  0.84155748389566998  0.85181094867509410  0.86222045604434072  0.87328234532206017
  0.88455112052371709  0.89619452177259951  0.90764561123109455  0.91821274161486255
  0.92783603159679195  0.93757663771919397  0.94733874986726652  0.95718917963346639
  0.96704852095593552  0.97713004581191909  0.98837967308639896  1.00000000000000000
  0.03799574173004931  0.32590187769146323  0.38544591197639605  0.41964432624344089
  0.44270750918359453  0.46141369631176327  0.47727898251077489  0.49004643884419063
  0.50169618221312606  0.51249048091569549  0.52232901749575078  0.53104313818333426
  0.53896497059193349  0.54651246166290890  0.55418838940892123  0.56176020446506347
  0.56887866962544487  0.57515325630034020  0.58098955038870537  0.58657713504052833
  0.59208315202908990  0.59740950721303976  0.60246535605885820  0.60697673262816210
  0.61121657996622070  0.61549170703397604  0.61983158892170265  0.62414591893775540
  0.62823198705464045  0.63217890924794851  0.63599332882196735  0.63965969571340076
  0.64326980426274116  0.64674246281648307  0.65039363682986340  0.65393286341249346
  0.65737448387723640  0.66072149432096028  0.66407883183197269  0.66753103953416870
  0.67092805261896116  0.67419288566818081  0.67731416241986697  0.68039028256725809
  0.68350935636653132  0.68666163964272520  0.68976908182805496  0.69280167710969887
  0.69572671031146549  0.69864815209990694  0.70163106027763722  0.70462116660286045
  0.70765034921455783  0.71071520396324928  0.71374248302491072  0.71678319645113608
  0.71979423495880424  0.72280751929930909  0.72575509099661339  0.72873343670678226
  0.73163909002552296  0.73453954046616632  0.73753427475768996  0.74038686281613209
  0.74336133293791884  0.74625214638576076  0.74915730005697345  0.75210492192016787
  0.75507551233213033  0.75807016922258197  0.76113698935385821  0.76427986302934225
  0.76746668864300138  0.77065252075230295  0.77379054258308799  0.77688721859703636
  0.78002332139812203  0.78326559475921509  0.78667561080675985  0.79014906990591338
  0.79368635552955002  0.79731373542968731  0.80103612510339772  0.80497138965601822
  0.80918676341793383  0.81367215886860755  0.81833586149195492  0.82313364474338346
  0.82809422139851907  0.83381094637501652  0.84087231812660557  0.84912373353533444
  0.85853578627582872  0.87007945514844265  0.89212804826762371  1.00000000000000000
 -0.04208221249840362  0.17979283395459006  0.22225066023872964  0.24571779478373956
  0.26140767743416277  0.27424612916812097  0.28617309844901567  0.29720828505339958
  0.30709333340141570  0.31566322099403527  0.32389306126275114  0.33178665618396436
  0.33925767127859657  0.34600539516721396  0.35217918558534989  0.35792685317490547
  0.36356820537548146  0.36913409475775671  0.37456965424738475  0.37967361987279213
  0.38457148540862413  0.38926982329246723  0.39384177005296606  0.39842746600713697
  0.40311337190611235  0.40782067565032770  0.41236371498874536  0.41680970190401634
  0.42118529348352912  0.42550160315449254  0.42975133508027114  0.43375691172568043
  0.43753709376917971  0.44142487258543317  0.44529434713680999  0.44934914648611018
  0.45345785907376279  0.45750747550480014  0.46151403101443594  0.46553906628413672
  0.46960618360449174  0.47360289437879322  0.47754202515900207  0.48146916338334833
  0.48538481825332030  0.48928953670430692  0.49310794864121410  0.49677784701146555
  0.50035558125676161  0.50384009999044055  0.50738619828992770  0.51112564612588229
  0.51484354654342279  0.51867430686806237  0.52256766271921029  0.52639468164352232
  0.53007875925340064  0.53369096030353680  0.53739533670027395  0.54088934364892027
  0.54487607574947172  0.54879216746185588  0.55271414457063539  0.55656444887985212
  0.56049367693227448  0.56455986416203741  0.56861269662196412  0.57269526253837111
  0.57688979129111151  0.58127356801284713  0.58577424744121298  0.59032433234599446
  0.59493094642841693  0.59960547881490645  0.60453320627177487  0.60990328933955851
  0.61565097905754240  0.62152459569511542  0.62735509730724481  0.63324086590409101
  0.63923333544708782  0.64529051386899605  0.65146287024364546  0.65802887912853059
  0.66536085260148436  0.67325488157484736  0.68126041677871840  0.68970883481094403
  0.69943875981176951  0.71106001972708810  0.72445122112801275  0.73909769220419719
  0.75646310958763341  0.78122229385527497  0.82544291491968280  1.00000000000000000
   1.9596407242217524E-013  -1.0000000000000000     
 F F F F F F F F F F F F F F F F F F F F F F F F F F F F F F F F F F F F F F F F F F F F F F F F F F F F F F F F F F F F F F F F F F F F F F F F F F F F F F F F F F F F F F F F F F F F F F F F F F F F F F F F F F F F F F F F F F F F F F F F F F F F F F F F
  <DiscreteSampler_grid>
  grouped_processes
  1 # 1 for a reference and 2 for a running grid.
  10 # Attribute 'min_bin_probing_points' of the grid.
  1 # Attribute 'grid_mode' of the grid. 1=='default',2=='initialization'
  0.0000000000000000 # Attribute 'small_contrib_threshold' of the grid.
  0.5000000000000000 # Attribute 'damping_power' of the grid.
 # binID   n_entries weight   weight_sqr   abs_weight
    10   10   5.877466014530354E-002   2.554157050125357E-002   5.877466014530354E-002
    16   10   5.877466014530357E-002   2.554157050125359E-002   5.877466014530357E-002
    22   10   5.877466014530358E-002   2.554157050125360E-002   5.877466014530358E-002
    28   10   5.877466014530356E-002   2.554157050125358E-002   5.877466014530356E-002
  </DiscreteSampler_grid>
