#    Information about the process      #
#########################################
 loop_induced = False 
 has_isr = False 
 has_fsr = False 
 nb_channel = 760 
 nexternal = 6 
 ninitial = 2 
 grouped_matrix = True 
 has_loops = False 
 bias_module = dummy 
 max_n_matched_jets = 2 
 colored_pdgs = [1, 2, 3, 4, 5, 6, 21] 
 complex_mass_scheme = False 
 pdg_initial1 = [21, 21, 21, 21, 21, 21, 21, 21, 21, 21, 21, 21, 21, 21, 21, 21, 21, 21, 21, 21, 21, 21, 21, 21, 21, 21, 21, 21, 21, 21, 21, 21, 21, 21, 21, 21, 21, 21, 21, 21, 21, 21, 21, 21, 21, 2, 2, 4, 4, 2, 2, 4, 4, 1, 1, 3, 3, 5, 5, 1, 1, 3, 3, 5, 5, -2, -2, -4, -4, -1, -1, -3, -3, -5, -5, 2, 2, 2, 2, 2, 2, 4, 4, 4, 4, 2, 2, 2, 2, 2, 2, 2, 2, 4, 4, 4, 4, 4, 4, 2, 2, 4, 4, 2, 2, 2, 2, 2, 2, 4, 4, 4, 4, 4, 4, 2, 2, 4, 4, 1, 1, 1, 1, 1, 1, 3, 3, 1, 1, 1, 1, 3, 3, 3, 3, 5, 5, 5, 5, 1, 1, 1, 1, 3, 3, 3, 3, 5, 5, 5, 5, 1, 1, 1, 1, 3, 3, 3, 3, 5, 5, 5, 5, 1, 1, 1, 1, 3, 3, 3, 3, 5, 5, 5, 5, -2, -2, -2, -2, -2, -2, -4, -4, -4, -4, -2, -2, -1, -1, -1, -1, -1, -1, -3, -3, 2, 4, 2, 4, 1, 3, 5, 1, 3, 5, -2, -4, -1, -3, -5, 2, 2, 2, 4, 4, 2, 2, 2, 2, 4, 4, 4, 2, 4, 2, 2, 2, 4, 4, 4, 2, 4, 1, 1, 1, 3, 1, 1, 3, 3, 5, 5, 1, 1, 3, 3, 5, 5, 1, 1, 3, 3, 5, 5, 1, 1, 3, 3, 5, 5, -2, -2, -2, -4, -4, -2, -1, -1, -1, -3, 2, 2, 4, 4, 1, 1, 3, 3, 5, 5, 2, 4, 1, 3, 5, 21, 21, 21, 21, 21, 21, 21, 21, 21, 21, 21, 21, 21, 21, 21, 21, 21, 21, 21, 21, 21, 21, 21, 21, 21, 21, 21, 21, 21, 21, 2, 2, 4, 4, 1, 1, 3, 3, 5, 5, 2, 4, 1, 3, 5, 2, 2, 4, 4, 1, 1, 3, 3, 5, 5, 2, 4, 1, 3, 5] 
 pdg_initial2 = [21, 21, 21, 21, 21, 21, 21, 21, 21, 21, 21, 21, 21, 21, 21, 2, 2, 4, 4, 1, 1, 3, 3, 5, 5, -2, -2, -4, -4, -1, -1, -3, -3, -5, -5, 2, 4, 1, 3, 5, -2, -4, -1, -3, -5, 2, 2, 4, 4, -2, -2, -4, -4, 1, 1, 3, 3, 5, 5, -1, -1, -3, -3, -5, -5, -2, -2, -4, -4, -1, -1, -3, -3, -5, -5, 1, 1, 3, 3, 5, 5, 3, 3, 5, 5, 4, 4, -2, -2, -2, -2, -2, -2, -4, -4, -4, -4, -4, -4, -2, -2, -4, -4, -1, -1, -3, -3, -5, -5, -1, -1, -3, -3, -5, -5, -4, -4, -2, -2, 4, 4, 3, 3, 5, 5, 5, 5, -2, -2, -4, -4, -2, -2, -4, -4, -2, -2, -4, -4, -1, -1, -1, -1, -3, -3, -3, -3, -5, -5, -5, -5, -1, -1, -1, -1, -3, -3, -3, -3, -5, -5, -5, -5, -3, -3, -5, -5, -1, -1, -5, -5, -1, -1, -3, -3, -1, -1, -3, -3, -5, -5, -3, -3, -5, -5, -4, -4, -4, -4, -3, -3, -5, -5, -5, -5, 2, 4, -2, -4, 1, 3, 5, -1, -3, -5, -2, -4, -1, -3, -5, 1, 3, 5, 3, 5, 4, -2, -2, -2, -4, -4, -4, -2, -4, -1, -3, -5, -1, -3, -5, -4, -2, 4, 3, 5, 5, -2, -4, -2, -4, -2, -4, -1, -1, -3, -3, -5, -5, -1, -1, -3, -3, -5, -5, -3, -5, -1, -5, -1, -3, -1, -3, -5, -3, -5, -4, -4, -3, -5, -5, -2, -2, -4, -4, -1, -1, -3, -3, -5, -5, -2, -4, -1, -3, -5, 2, 2, 4, 4, 1, 1, 3, 3, 5, 5, -2, -2, -4, -4, -1, -1, -3, -3, -5, -5, 2, 4, 1, 3, 5, -2, -4, -1, -3, -5, -2, -2, -4, -4, -1, -1, -3, -3, -5, -5, -2, -4, -1, -3, -5, -2, -2, -4, -4, -1, -1, -3, -3, -5, -5, -2, -4, -1, -3, -5] 
 splitting_types = [] 
 perturbation_order = [] 
 limitations = [] 
 hel_recycling = False 
 single_color = False 
 nlo_mixed_expansion = True 
