  0.05298114445501335  0.05413427790243725  0.05468175332790520  0.05528183223093018
  0.05582486130549919  0.05634973191457228  0.05687385828730507  0.05739652918095314
  0.05789818906207601  0.05838457505925084  0.05886447970586931  0.05934664250630056
  0.05982854093010039  0.06030765199638377  0.06079642200531624  0.06128567982556631
  0.06178071556375408  0.06228693113406848  0.06279939482344755  0.06329824172844827
  0.06378775890857676  0.06429432370371732  0.06482362837373072  0.06537654301867443
  0.06594100292877600  0.06648900912563668  0.06702203684330042  0.06754318278215336
  0.06807320047694050  0.06863042761390323  0.06919580745222355  0.06976710639053937
  0.07035583269323654  0.07097358490718593  0.07160779984438691  0.07224162762693419
  0.07287274342509130  0.07351101750783433  0.07416524176631828  0.07483627920933619
  0.07551216858074032  0.07619889056489942  0.07690617902507252  0.07764748751430767
  0.07840283076493855  0.07916359117618145  0.07993995051758483  0.08080215034993062
  0.08167841993884910  0.08253699954479353  0.08336487908294013  0.08419229859746438
  0.08504732533958556  0.08596643814802643  0.08694552362108361  0.08794202761017939
  0.08892446774779696  0.08992232664340516  0.09094293413301087  0.09198943426341390
  0.09304830869831734  0.09413795349140838  0.09527564605660507  0.09642631612166198
  0.09759807531882515  0.09880683614901538  0.10009361668288488  0.10147578552753825
  0.10293136454332467  0.10440101003369878  0.10586682787454474  0.10736207704002113
  0.10895129482266869  0.11065143341861741  0.11244049132672050  0.11422272526478743
  0.11595836030472605  0.11789673399732699  0.11989717925655384  0.12215073671718459
  0.12450729771789402  0.12749101007812316  0.13034900322147763  0.13344533158275515
  0.13642386337830015  0.13989824666593897  0.14385336717495420  0.14784151540622048
  0.15225058706584638  0.15776595023959261  0.16496288331422815  0.17419339363720929
  0.18462192391590265  0.25407570961165393  0.73062825717844870  1.00000000000000000
  0.00025498067853988  0.00030315881200594  0.00033604916058124  0.00036389624473445
  0.00038946182798262  0.00041301167646297  0.00043577821458753  0.00045770291079774
  0.00047894450582122  0.00049913662640510  0.00051837550926728  0.00053691608831224
  0.00055555138018995  0.00057416527538365  0.00059247669031818  0.00061069409713316
  0.00062880768416653  0.00064698890801323  0.00066506452516298  0.00068354057406425
  0.00070214325692844  0.00072077243384558  0.00073995220141236  0.00075934863318111
  0.00077890243103046  0.00079876796505581  0.00081951340896534  0.00084103902143497
  0.00086301149690740  0.00088553417590031  0.00090833657679837  0.00093089286992275
  0.00095335165059669  0.00097635981325414  0.00100013548716974  0.00102476049210865
  0.00105017506837343  0.00107606647623154  0.00110248320782170  0.00112913641062662
  0.00115645790423816  0.00118411366972445  0.00121260279923790  0.00124226499644316
  0.00127303849721877  0.00130519149700784  0.00133898110476235  0.00137435382945049
  0.00141143778122716  0.00144932769201004  0.00148971702934485  0.00153170376129165
  0.00157434636115250  0.00161857172436211  0.00166418753519465  0.00171094049003033
  0.00175904693916384  0.00180945691756665  0.00186129277995670  0.00191627140182905
  0.00197470176881686  0.00203723232932234  0.00210255767365784  0.00217153241258189
  0.00224544295593688  0.00232548701314487  0.00240910659515783  0.00249619224056046
  0.00258872244842911  0.00268751685067381  0.00279547061244150  0.00291398014517750
  0.00304013308827085  0.00317202964770444  0.00331557460168174  0.00346800686197148
  0.00363632542970683  0.00382235255904434  0.00402934209558591  0.00425592939695853
  0.00450711475685764  0.00479547499129425  0.00512501845468680  0.00550200362873656
  0.00594990511970720  0.00649072612580894  0.00717631180516319  0.00804382919400736
  0.00914535441069435  0.01053205717781345  0.01237832876784118  0.01521510657917998
  0.02114738323986144  0.03896523186854570  0.60662382631583434  1.00000000000000000
  0.00016094385686856  0.00064589166272628  0.00087066336111706  0.00105090213567291
  0.00120073006115619  0.00136110114697192  0.00153501963313775  0.00170337663592859
  0.00186865356742265  0.00203581227773014  0.00220477842988022  0.00237333021889783
  0.00253724156804858  0.00269884947096965  0.00286467765466524  0.00303079906739853
  0.00319834860521464  0.00336974099544980  0.00354378350575723  0.00371363004493225
  0.00389019868270062  0.00406550067002823  0.00424136119357483  0.00441634539357898
  0.00459588728927160  0.00477685606412731  0.00496143245643335  0.00515302003551876
  0.00535315011942801  0.00556107870720309  0.00577587560359618  0.00599566484375667
  0.00622097939779472  0.00645305451532381  0.00669798176602087  0.00695400137015535
  0.00721729096316583  0.00749022752481169  0.00777597906265824  0.00807813652728182
  0.00839539526696403  0.00872507548891363  0.00906754437351066  0.00941689395243706
  0.00976604598275725  0.01011829891345305  0.01047871899035797  0.01086163548185740
  0.01127660549835870  0.01171743944860786  0.01216948299488188  0.01263125682130418
  0.01311192739634577  0.01360761478024936  0.01412391120910514  0.01465829749275387
  0.01521142156848168  0.01577603202020763  0.01636827259066128  0.01699525603646475
  0.01766500294429225  0.01837429603236861  0.01911617022021438  0.01989016070186089
  0.02069420724429680  0.02153462789798394  0.02242177049170950  0.02335563752275314
  0.02433795734979162  0.02537605584805343  0.02647566328450767  0.02763852782592938
  0.02886979231222631  0.03020916799755644  0.03166373520209444  0.03321102263741361
  0.03485857294315159  0.03662012932688519  0.03864522010869995  0.04089377550925966
  0.04330120736404880  0.04604436273024825  0.04948431761470212  0.05393804902716599
  0.05929602325211827  0.06538098922083432  0.07458885823799562  0.08018311791111349
  0.08530622393677051  0.10727265649045442  0.15926098699657826  0.21124931750270212
  0.34370456939555138  0.48142375857562247  0.61914294775569201  1.00000000000000000
 -0.00999345607586316  0.04467475354828294  0.08256473134928896  0.11344538134756574
  0.13930115066992865  0.16153214829079252  0.18085900287472761  0.19828127801228895
  0.21400503106011143  0.22843697021371889  0.24179283027155227  0.25427893033336629
  0.26547068200605084  0.27607678395420426  0.28651412876380139  0.29660114686276129
  0.30617102694397508  0.31526642829752644  0.32418805780348375  0.33263607462722145
  0.34058925761856601  0.34823467564751398  0.35548606757740769  0.36223807539378072
  0.36858737813513037  0.37484445652585402  0.38112717592977680  0.38739230724454471
  0.39359332201668423  0.39968639059360522  0.40567138962477900  0.41155421937236863
  0.41733022973659589  0.42294308931623759  0.42840495610576723  0.43387770511547630
  0.43933830581996347  0.44468067205818601  0.45002688176058114  0.45542238607007773
  0.46068620474271588  0.46591439862876577  0.47114327278830875  0.47630527168149905
  0.48149310077627377  0.48663576588835394  0.49179511423884964  0.49655621870583855
  0.50143881711642080  0.50640801277298664  0.51176211913691361  0.51717290592578624
  0.52244594220432750  0.52768064070140308  0.53291098003453818  0.53814047328229098
  0.54333430856615428  0.54868018526036522  0.55425781480047631  0.55992645133718055
  0.56554661848302468  0.57106962093407099  0.57655630038639039  0.58207651397171900
  0.58772200430649579  0.59356431636366414  0.59964842279315156  0.60587066477731777
  0.61208720041663045  0.61842008196100362  0.62480431172824347  0.63138418960908282
  0.63819519392854362  0.64518160393590196  0.65221302621850263  0.65937598773156281
  0.66681426766381013  0.67451118396149579  0.68255263507126129  0.69086317917420503
  0.69962050209041882  0.70886408524959887  0.71874124760299640  0.72927786934818628
  0.74058554569664825  0.75264424172680189  0.76525531618443343  0.77865079681175464
  0.79304364195073784  0.80930140134138562  0.82811061676755460  0.84914010144136709
  0.87290131770195356  0.90311893911565810  0.94534176941628589  1.00000000000000000
 -0.00170894099239781  0.00751921612324085  0.01658531605903658  0.02625127612144910
  0.03618437768140199  0.04593687080822666  0.05599293028555015  0.06641571042630186
  0.07732654999015717  0.08817601596508728  0.09869268210966169  0.10906398106778156
  0.11957841380046061  0.13041183785498031  0.14164488222259874  0.15293152540602262
  0.16431340307154751  0.17531055527068029  0.18647825385573291  0.19773455938155507
  0.20908009091606217  0.22047709507373550  0.23150044398112710  0.24226587055419527
  0.25304065715638974  0.26399586728045271  0.27498577215289288  0.28587205826683837
  0.29675260131968650  0.30747867747369523  0.31779425019428403  0.32799660132094621
  0.33835854386868158  0.34912531624642368  0.35997909774377163  0.37074481150460598
  0.38130091062699784  0.39182918353525242  0.40256519666926938  0.41310385965466273
  0.42353166308016715  0.43373652896478837  0.44444218005614800  0.45573859670910599
  0.46724094723373388  0.47839695770014184  0.48884364264063057  0.49893343492233172
  0.50934063143384767  0.51994897684178387  0.53085804437688511  0.54172637578047134
  0.55292556228923329  0.56313546562485073  0.57336885134152760  0.58347361805298470
  0.59401460144036733  0.60507921369801121  0.61628124978535648  0.62712117544719459
  0.63756201451769023  0.64782997629787176  0.65812058300380338  0.66856815063177766
  0.67911272907825460  0.68981974911028732  0.70074914889504902  0.71172670920106840
  0.72250530038933025  0.73303416978300873  0.74337997350799712  0.75326889954867771
  0.76257813037544642  0.77173815307503513  0.78137001058145439  0.79153271038629203
  0.80177281356858254  0.81218270982555962  0.82272288719430320  0.83314054221410139
  0.84332276377180115  0.85341808925267393  0.86357377886627773  0.87395649618621751
  0.88446177343913157  0.89455440832640520  0.90443292674319165  0.91432080824115936
  0.92463550923933491  0.93498498560218835  0.94551020080714321  0.95601244526082230
  0.96617805432653792  0.97674047624082205  0.98745170613297517  1.00000000000000000
 -0.00239464363811286  0.00951059866087815  0.01954752532476662  0.02964945597238322
  0.03995546894923331  0.04987078906104671  0.06008660266199486  0.06993811851481148
  0.07945438127111114  0.08903249075542877  0.09908023523035199  0.10974114384241393
  0.12109573169542071  0.13248453501964338  0.14357166978822974  0.15423230937554530
  0.16481037591038339  0.17551771771162200  0.18636338271634756  0.19730174536618009
  0.20805634815518972  0.21835950029983339  0.22867297484626892  0.23914906976086447
  0.25050473845828169  0.26219947974387414  0.27313599227243507  0.28329991509204994
  0.29387791604532643  0.30442558555441568  0.31510306913131664  0.32545535040765594
  0.33565736507382005  0.34618482463496186  0.35677584986383948  0.36713468970500684
  0.37745914360009608  0.38806837322841664  0.39911914443448493  0.41010810166327910
  0.42033071584318399  0.43027095607713600  0.44039708222684182  0.45090005062180544
  0.46190104007060639  0.47290825614905452  0.48406262198008332  0.49503790951107812
  0.50571682206771440  0.51603095951238631  0.52640540746129627  0.53687490481319389
  0.54713440352681664  0.55706129185459263  0.56710406426083182  0.57743974368816564
  0.58787002428341606  0.59806902269759155  0.60805473593873482  0.61811407048036326
  0.62808518114758938  0.63808485341411592  0.64796308516985157  0.65799268408074663
  0.66848068921445569  0.67927366951122159  0.69000868006678573  0.70119015078394764
  0.71240366763742402  0.72373571207859855  0.73500750158039230  0.74599711617894859
  0.75694856616809902  0.76769073914136388  0.77807451775363246  0.78800465589269875
  0.79804177657836162  0.80818543791119690  0.81855262973502640  0.82912826587184352
  0.83982432750715774  0.85069738470349299  0.86138461319845538  0.87187740725428686
  0.88203137676422272  0.89216151880466488  0.90232314300904792  0.91272996302320952
  0.92322804749164422  0.93392699183189887  0.94494673854782840  0.95616199846774841
  0.96708390243340392  0.97769124042347189  0.98873359416245732  1.00000000000000000
  0.05959907311482233  0.06090835568695793  0.06210396311999192  0.06340011118546399
  0.06480204395090973  0.06620096668387650  0.06761396128335834  0.06902401041264127
  0.07043243083151249  0.07184036054472720  0.07322475924640069  0.07462543724829009
  0.07607544536316457  0.07753580999704883  0.07899576744460197  0.08045542794316199
  0.08190096008765683  0.08334176683446311  0.08478483497874119  0.08622158998883159
  0.08766234893775643  0.08911442681352602  0.09056244007802466  0.09200914638190096
  0.09343777858937038  0.09486824250722291  0.09631133845651410  0.09777199088920716
  0.09922231524487557  0.10069017831163952  0.10217504075756424  0.10364641329762826
  0.10513227786828505  0.10664640195695539  0.10816160887069196  0.10965556692443298
  0.11115758924175828  0.11271611657454378  0.11432654039290990  0.11593561978554215
  0.11753228208707006  0.11912316797396925  0.12075154492514345  0.12243001216158712
  0.12414087916824044  0.12586104469597725  0.12757335538203790  0.12927528052761186
  0.13102505149622820  0.13282360624916870  0.13465145515605170  0.13648154527463180
  0.13834298730554700  0.14024194557716899  0.14216076449244242  0.14409873569546378
  0.14607732195855644  0.14819126066742117  0.15038688942758965  0.15259466478692049
  0.15473223311402601  0.15689992451022938  0.15913611795941202  0.16147131532543296
  0.16387941970992487  0.16627626532944570  0.16871653008386814  0.17132766357644844
  0.17408759756109937  0.17698811952311552  0.17981925563684101  0.18253067270743900
  0.18536212909356795  0.18836597923253948  0.19161719167487357  0.19497340610899153
  0.19833646804608826  0.20167578289309626  0.20528152400314370  0.20884675173846709
  0.21280671613342519  0.21671075627365458  0.22044418061182772  0.22435023283289976
  0.22897726939573526  0.23452693921178588  0.23940539625989918  0.24337412943255254
  0.24789508658893555  0.25274769571250250  0.25946220588090357  0.26680975872982954
  0.28853897996987143  0.32511965715194141  0.92427548369883850  1.00000000000000000
 -0.00312766759379789  0.01373009142268984  0.02755136515162561  0.04395290180505235
  0.06048990523218108  0.07804649540842028  0.09598121194255867  0.11271359043276631
  0.12775128467271191  0.14170415239077178  0.15489333588568874  0.16794649179616522
  0.18118016748132665  0.19442096856758317  0.20696469536120007  0.21843491571092613
  0.22913749751619039  0.23950486542505825  0.24954947665488714  0.25929171812247426
  0.26873986686624596  0.27803178684844132  0.28721512104079922  0.29634585771725541
  0.30545318049614262  0.31461445095094909  0.32359889968899436  0.33241425953217579
  0.34116989868512870  0.34964047545655147  0.35781911037837755  0.36597954603601135
  0.37408776587010584  0.38204222610967603  0.38977772981685871  0.39741679638578697
  0.40464976553257964  0.41177329725846529  0.41922285368345541  0.42712727927588973
  0.43552199773538941  0.44379745269199100  0.45195932229061964  0.45994264365604065
  0.46765838574106450  0.47525336870361645  0.48276473441118251  0.49062267741564480
  0.49862805268643129  0.50654632827531165  0.51439349631155262  0.52214808752500086
  0.52979950017954613  0.53732894079555815  0.54505374709013943  0.55288527542286647
  0.56093320467510566  0.56891950150460613  0.57700705470566027  0.58485301866921646
  0.59252547578125814  0.60029989679528217  0.60824607857862145  0.61631290745169098
  0.62410482794694111  0.63202172049842531  0.64027401873703038  0.64894353827743201
  0.65806616476182855  0.66659532569714264  0.67573902654546270  0.68493873874077416
  0.69434149903131359  0.70379198110096675  0.71364302325675499  0.72392932100462049
  0.73423835620888755  0.74448609605809057  0.75462556594335561  0.76506712893148587
  0.77575859217451582  0.78699643515787154  0.79888157240702085  0.81146807854537795
  0.82443899556120559  0.83777009700023075  0.85189031037657026  0.86676230871947912
  0.88215368283291717  0.89749032078653901  0.91351488209675658  0.93148135400568099
  0.94936430820409567  0.96694559202843933  0.98337866017860609  1.00000000000000000
  0.11533230622566445  0.18285092480939394  0.21702405328980309  0.24006115643260115
  0.25761311587867081  0.27318081761422186  0.28783833660714553  0.30062091699405230
  0.31189746037449462  0.32234448211026856  0.33191636347127124  0.34045507442133688
  0.34828300033225290  0.35581539593076189  0.36322025438718542  0.37038745188792610
  0.37717281419208937  0.38352701777842585  0.38942098426136268  0.39497340032429779
  0.40044155421198224  0.40600379693399158  0.41159209639486533  0.41713862997189272
  0.42260690924225225  0.42795545505650329  0.43317430475803270  0.43830007828750139
  0.44335390438214350  0.44829345083093181  0.45318693205136146  0.45814133756271380
  0.46309844868007016  0.46799020533139613  0.47286033730150834  0.47762703522678429
  0.48216596320587624  0.48674438710209628  0.49144322885390440  0.49616819311744459
  0.50068198297522204  0.50500410382098182  0.50935585906831093  0.51368059080568795
  0.51808021509929136  0.52237361235503610  0.52661086820605307  0.53074131087412590
  0.53481776252852908  0.53889738426547740  0.54293654741321817  0.54706356228323250
  0.55127272541108308  0.55540928874417639  0.55941875482188430  0.56358344280590233
  0.56777082480272267  0.57204567205746493  0.57634598688153094  0.58059270085731263
  0.58501509397872375  0.58958813903031104  0.59418205375277700  0.59874700028521421
  0.60324098997761533  0.60769177843189481  0.61214869421964369  0.61672577581187971
  0.62142087677569302  0.62615734762900965  0.63087164027459386  0.63560689187148978
  0.64040739574270578  0.64529880102374226  0.65026401708236681  0.65528949795061464
  0.66046778835752762  0.66582774956573532  0.67126044875698820  0.67675705479563519
  0.68234434554870960  0.68818342660608522  0.69439100615763893  0.70102514641261737
  0.70800740907579751  0.71525714629036807  0.72278112799603778  0.73087314263978032
  0.73977646550452725  0.74979504968606314  0.76116391280995821  0.77389011608349745
  0.78856581730595121  0.80728156310763954  0.84167702170121650  1.00000000000000000
 -0.04154684274237490  0.17902273548215977  0.22258466280612410  0.24619492501192738
  0.26324440533678295  0.27725874511269555  0.28941114995053774  0.30024328421978858
  0.31025113947236044  0.31933455432640717  0.32728617158433876  0.33433251587405360
  0.34104784228781115  0.34772263120549479  0.35420693995767077  0.36024212342223283
  0.36602336688012460  0.37154820718199777  0.37681281541985312  0.38181759760003020
  0.38666698727094495  0.39118864245733231  0.39565459247737456  0.39996846155708321
  0.40424923809507191  0.40859191139574219  0.41299111758701323  0.41750814261444275
  0.42202049122659901  0.42642172060673172  0.43070452960775968  0.43487219148503792
  0.43899906834502922  0.44303099344369828  0.44700633975603205  0.45093904749072927
  0.45487189537062517  0.45878788604833531  0.46264572193134207  0.46641449555160885
  0.47015673516377510  0.47391688417746058  0.47765482943460902  0.48134583508979029
  0.48515387811929706  0.48908002256708782  0.49304943674677193  0.49686859300317993
  0.50080646414508445  0.50448533173346666  0.50820537512428754  0.51200044420501845
  0.51583267795775956  0.51967285301195354  0.52350967886047106  0.52734239511784731
  0.53117744617848761  0.53507924019928421  0.53906476962004868  0.54308043741041989
  0.54704904351975547  0.55093943102918341  0.55482141428414922  0.55883825349436000
  0.56306047212678478  0.56741812199442399  0.57178014166986713  0.57603014301059774
  0.58039419145013094  0.58486177589980692  0.58934182188348361  0.59389086062440799
  0.59854809742800019  0.60333120324298406  0.60819658217198980  0.61313882282937060
  0.61808831476461734  0.62311506855081145  0.62849727370499864  0.63431865686896349
  0.64046702206553918  0.64671152220659422  0.65309481620487675  0.65971548911159916
  0.66688006189960025  0.67489979811978318  0.68357963158012014  0.69272663629250242
  0.70228111132186044  0.71283842738179382  0.72498503829207372  0.73879601012360863
  0.75471345858101646  0.77719025252884089  0.82003579443291752  1.00000000000000000
   1.4195796906525765E-012  -1.0000000000000000     
 F F F F F F F F F F F F F F F F F F F F F F F F F F F F F F F F F F F F F F F F F F F F F F F F F F F F F F F F F F F F F F F F F F F F F F F F F F F F F F F F F F F F F F F F F F F F F F F F F F F F F F F F F F F F F F F F F F F F F F F F F F F F F F F F
  <DiscreteSampler_grid>
  grouped_processes
  1 # 1 for a reference and 2 for a running grid.
  10 # Attribute 'min_bin_probing_points' of the grid.
  1 # Attribute 'grid_mode' of the grid. 1=='default',2=='initialization'
  0.0000000000000000 # Attribute 'small_contrib_threshold' of the grid.
  0.5000000000000000 # Attribute 'damping_power' of the grid.
 # binID   n_entries weight   weight_sqr   abs_weight
    10   10   9.344245864214585E-001   2.842768140804484E+000   9.344245864214585E-001
    16   10   9.344245864214589E-001   2.842768140804485E+000   9.344245864214589E-001
  </DiscreteSampler_grid>
