  0.05280118542422913  0.05362753859720557  0.05466175193357346  0.05546936982488956
  0.05627879076773442  0.05703606453236516  0.05776498260443206  0.05847452165919739
  0.05918468490285986  0.05983563417771286  0.06049109608851142  0.06115547809539466
  0.06182672528933836  0.06248702109216651  0.06313135827155027  0.06375711228569321
  0.06439162548976397  0.06502724711808443  0.06571966560712085  0.06642209575100147
  0.06711641200759916  0.06782584611400862  0.06856679164144362  0.06930120353493975
  0.07007458677251879  0.07086789045623945  0.07166809304192850  0.07246290361197946
  0.07323139287530436  0.07400966871389279  0.07480231944076018  0.07560679969419820
  0.07641957652009068  0.07722670734786848  0.07803604583701304  0.07884625344633450
  0.07961791369059497  0.08041533342446765  0.08122955638321834  0.08205450977518848
  0.08290784623229769  0.08378585064845050  0.08468861224833410  0.08562170532011047
  0.08656707965696654  0.08750440780423416  0.08844793839588176  0.08941363401494429
  0.09037545420146992  0.09130374923231593  0.09222286409517676  0.09317185018070306
  0.09415283039461715  0.09517841565816453  0.09624072205552389  0.09729651526339007
  0.09842965216585889  0.09960886173152214  0.10081132907676216  0.10208044151708598
  0.10340994980960168  0.10475602861973431  0.10619113978784744  0.10774687049326043
  0.10940642240399007  0.11114829703721063  0.11288111979204547  0.11458811057207487
  0.11627927997670344  0.11801758449551381  0.11991241689718844  0.12178516912595461
  0.12368465064626523  0.12569425751114222  0.12782637224304358  0.13007378048199378
  0.13252341780806715  0.13509255116142044  0.13806773769742425  0.14105676941229534
  0.14378883117491159  0.14647614851184107  0.14944353801276428  0.15305277141912538
  0.15751839829190323  0.16235179615907336  0.16705002269867419  0.17205797672042164
  0.17799859921229313  0.18653481869926630  0.19508789947911739  0.20410588305138280
  0.21680290027230048  0.24090216894420308  0.89373523924947929  1.00000000000000000
  0.00003449824999093  0.00003606528710807  0.00003814301702200  0.00004057022139424
  0.00004360940764365  0.00004778138383603  0.00005288098614757  0.00005843266494437
  0.00006388982910205  0.00006847951481853  0.00007295428599478  0.00007728982490495
  0.00008166833053555  0.00008630492673552  0.00009108739475715  0.00009612644895338
  0.00010139646813030  0.00010699895041998  0.00011261387609062  0.00011873753216289
  0.00012520161179680  0.00013234594749251  0.00014105839690079  0.00014995685295892
  0.00015914822709887  0.00016848774291860  0.00017905341145472  0.00018949918796176
  0.00019950854611107  0.00020923306945969  0.00021908079462238  0.00022949202004144
  0.00024045168506040  0.00025213458656554  0.00026404290978982  0.00027635871647348
  0.00029001915319432  0.00030352939356936  0.00032116053886876  0.00034051974268013
  0.00036045029646945  0.00038104170070031  0.00040191074450137  0.00042272292028275
  0.00044308620214867  0.00046404921828989  0.00048544277195052  0.00050773875010949
  0.00053085414019851  0.00055455991117752  0.00058079489817199  0.00061117147658605
  0.00064420943535621  0.00067894375043497  0.00071383120908303  0.00074846723205349
  0.00078460431189439  0.00082229553661368  0.00086179732166058  0.00090214566371841
  0.00094333568559976  0.00098720947686277  0.00103259669777417  0.00108283142590407
  0.00113846903626932  0.00119988872853647  0.00126557097200219  0.00133456427053925
  0.00140698704121119  0.00148297997452137  0.00156413291939269  0.00165262376451930
  0.00174752803769920  0.00184953739420401  0.00195641052423111  0.00208167252330486
  0.00222300470937259  0.00238187835821428  0.00255906691058232  0.00275096092096860
  0.00296791780166824  0.00320647370625010  0.00348078118100821  0.00378514331609107
  0.00414884878860023  0.00461399805775363  0.00519367097659398  0.00595184100790559
  0.00700001911548183  0.00837410566150438  0.01008641240915205  0.01277239220638806
  0.01770523417315729  0.03454319330488662  0.51469868886310766  1.00000000000000000
  0.00064148862497646  0.00105089745984615  0.00134085049685991  0.00157880798738807
  0.00175451719066555  0.00191100391514503  0.00208364138269559  0.00225913709435159
  0.00245819882655094  0.00266393918676492  0.00285227851778885  0.00302611549425452
  0.00319732486916047  0.00338599018894610  0.00357269268052263  0.00374458034943897
  0.00390888034163869  0.00407159947333910  0.00424377676663047  0.00441623836865135
  0.00458695205801794  0.00475479849948448  0.00492426526066535  0.00510272631472935
  0.00529160657732227  0.00549646684362999  0.00570083794445715  0.00592227028438142
  0.00615053844610156  0.00638351745642881  0.00660495469146642  0.00681713277204866
  0.00702399226977300  0.00723245254537342  0.00745217713633969  0.00768378384171717
  0.00791840441180706  0.00816130905856544  0.00840676971593023  0.00865712001547866
  0.00890228409807796  0.00914421133304816  0.00939638325004023  0.00966641569152485
  0.00994816509749500  0.01023150306512184  0.01050691088660882  0.01078834526702302
  0.01108039885551475  0.01139915206955842  0.01174608635529953  0.01211623901584871
  0.01248848080621569  0.01286013541228121  0.01324101712921883  0.01364229956229713
  0.01407104363713792  0.01452493547127774  0.01499320765322947  0.01546910301131567
  0.01594950604974544  0.01644839697515027  0.01698622910545880  0.01753515718499967
  0.01813786755631427  0.01873184774484323  0.01935463915528778  0.02001477455053183
  0.02070529835494337  0.02146396086153775  0.02228024965064909  0.02314076841990607
  0.02406252626051805  0.02505181886321159  0.02610668123946065  0.02722705840345624
  0.02842817326670859  0.02967988675756152  0.03100968065375384  0.03244123909104984
  0.03400710033161018  0.03569819927785771  0.03757711205567810  0.03960603986442453
  0.04204009069517846  0.04482109973285931  0.04840376457226699  0.05251463181452690
  0.05767432434805041  0.06419753882561789  0.07177994264497649  0.08090409634991806
  0.09479639241168673  0.12325629197712352  0.72710300931609462  1.00000000000000000
 -0.00565478705014098  0.02925178388171202  0.05899825818962162  0.08914102783547959
  0.11527309630140191  0.13891448883447294  0.15962397217765414  0.17799579770537935
  0.19478287391530091  0.21038878991093266  0.22475210879018551  0.23684458086689461
  0.24762800918489447  0.25722431294278919  0.26676848236907363  0.27595577043768738
  0.28483265337397412  0.29340273484983931  0.30159637061889172  0.30952534832738471
  0.31736498779323807  0.32497280855648752  0.33243727394412514  0.33991769028402197
  0.34756631324340864  0.35525085214324331  0.36296137041556448  0.37083329087724892
  0.37848354402958245  0.38579758167424205  0.39303757264317285  0.39996127213438959
  0.40672197477898103  0.41349498422322922  0.41996172239219509  0.42599915021333745
  0.43199588787940624  0.43783827616165660  0.44360037327007157  0.44926062473328537
  0.45507566774024349  0.46086662061402900  0.46685537421227452  0.47271064282972469
  0.47844795937988455  0.48400603861448771  0.48948370378879136  0.49493027634954956
  0.50018745483504745  0.50523126730136370  0.51043479593794017  0.51600999752855847
  0.52181224623195144  0.52769468369293326  0.53329559697521145  0.53898155762572919
  0.54474090257706109  0.55067214289441679  0.55637037924954247  0.56206176406206410
  0.56821122856178097  0.57464331694590187  0.58114863526037541  0.58781840026784649
  0.59438119333983941  0.60094284890753347  0.60764649830784145  0.61446083531049356
  0.62100748193859978  0.62792713723756477  0.63523780721042811  0.64291502004158052
  0.65060485801930734  0.65828510785603533  0.66610010069069203  0.67406730275051518
  0.68233406106458216  0.69066451497557135  0.69924477306425403  0.70844914584993768
  0.71883588629107020  0.72998108502674941  0.74142845639307320  0.75343343653670314
  0.76547201507565055  0.77739889714754740  0.78953119510973180  0.80337454283614229
  0.81874786800590782  0.83743057901002416  0.85896378291781261  0.88152440204078153
  0.90618593526903934  0.93547793086611897  0.96780583273677812  1.00000000000000000
 -0.00226678291030683  0.00872993084722567  0.01840258955481461  0.02835696046708384
  0.03864751307225273  0.04867334396401359  0.05842891667070504  0.06817119223731137
  0.07805663478005220  0.08809184533399254  0.09825310876314056  0.10864802217621200
  0.11964287289518419  0.13083063981212670  0.14241361262120916  0.15356580956317037
  0.16401783473892753  0.17433753570250582  0.18454577808512124  0.19461245142884900
  0.20460656051940329  0.21500458884043530  0.22633782947319950  0.23744893155673208
  0.24856042811607298  0.25862189103080602  0.26809918860269494  0.27750338968951715
  0.28695492636989445  0.29682077408415336  0.30690508822488716  0.31757703546413796
  0.33025295811776639  0.34193274718287525  0.35319639946177439  0.36409880021359586
  0.37487156067781696  0.38552681926938365  0.39592901235746614  0.40675707535339922
  0.41844665364529932  0.43068735587002593  0.44281731145005288  0.45433038757954519
  0.46556873594692150  0.47673026839983551  0.48806434703888169  0.49902286381831407
  0.50949908628095253  0.51982874304502535  0.52988762140061085  0.53979999081777574
  0.54969168069592167  0.55937870589484340  0.56896260921595987  0.57874754868437706
  0.58937052604068441  0.60019893805423363  0.61057536049068240  0.62093947144375827
  0.63230671641225666  0.64400223916458532  0.65477361653860988  0.66509357378486378
  0.67521605501830750  0.68580101611068789  0.69625989558670109  0.70690121695652053
  0.71768950307877566  0.72834633982315811  0.73835543836249728  0.74836812985879253
  0.75825478373915334  0.76855252598366486  0.77788413973514936  0.78678924579548404
  0.79559939538697944  0.80393984217264425  0.81228781693145746  0.82092956737211720
  0.82997030599381738  0.83981211984529325  0.85011049668327654  0.86090048126147767
  0.87211366822633341  0.88351329540863888  0.89525492130209516  0.90757193792385782
  0.91985241289279851  0.93229764376646673  0.94402986788426080  0.95535417234205311
  0.96678262579893337  0.97810262089867017  0.98908348705262117  1.00000000000000000
 -0.00246334894095714  0.00865238399724132  0.01820708599514538  0.02713895538974328
  0.03597903537928505  0.04461224042216005  0.05302257572967174  0.06186851016483237
  0.07077831126143114  0.07991620666543950  0.08946799792494249  0.10000150808516098
  0.11053525502078797  0.12116043464376837  0.13181390479763055  0.14221831757688361
  0.15412886958519029  0.16666552221907185  0.17911812368990365  0.19091156997964751
  0.20235271720437048  0.21358656414518873  0.22474010244950965  0.23587124286558125
  0.24664208831981710  0.25720921081584441  0.26790285764901733  0.27906492569143460
  0.29019210079737695  0.30088582539699454  0.31138628217476766  0.32204876909405028
  0.33271117797412392  0.34304702563076384  0.35320855774721183  0.36339178580210890
  0.37352043343013458  0.38318524904406365  0.39274227159936376  0.40254229483795412
  0.41247912001237697  0.42243476182416018  0.43235864118022038  0.44196466544873997
  0.45090177952195198  0.45994169668116602  0.46943382191965066  0.47919461097512811
  0.48940694973846566  0.49951155080234233  0.51025253678761195  0.52099579904498772
  0.53117240485690764  0.54127639121863391  0.55151657106683116  0.56217994024811480
  0.57322132749796517  0.58408296143412008  0.59490941053607538  0.60603896837102078
  0.61791547054599694  0.63059158747849875  0.64325268394849067  0.65510787004532467
  0.66681405202357191  0.67804785972524484  0.68893712586061628  0.69903029403582340
  0.70900450973668150  0.71918540992868263  0.72927018706238189  0.73922553382224887
  0.74963913040735553  0.76051801186636392  0.77136709258687641  0.78224754996828127
  0.79319104878540159  0.80430712628615331  0.81580346303083595  0.82727223915828918
  0.83866793401417294  0.85050073846856444  0.86320412774488808  0.87646653820586495
  0.88958331011561731  0.90182872344022169  0.91284956231852732  0.92336101498817469
  0.93392132998881339  0.94390391427169218  0.95383698488561786  0.96368946069602579
  0.97315387054731328  0.98231503600383141  0.99110985431308440  1.00000000000000000
 -0.00283798463190227  0.00903554106939039  0.01981897551744616  0.03042836658132881
  0.04148599700588165  0.05249025735407986  0.06360871276150844  0.07481459144208449
  0.08549009131054497  0.09601141912367252  0.10651553669516894  0.11725496255355757
  0.12794943025088457  0.13842401649801850  0.14906245742593263  0.15960132758761908
  0.16930533665888481  0.17835465904833037  0.18765395060618251  0.19705552832822248
  0.20628255639547494  0.21544985046233975  0.22446719401968226  0.23441640071446687
  0.24484479401305695  0.25556909873646094  0.26643215618084387  0.27769950890631673
  0.28884880630560222  0.29957295206813073  0.31011596493033267  0.32073253959379378
  0.33145222176596240  0.34240368062138271  0.35322775455577893  0.36422319373040546
  0.37516408754508918  0.38660723049241191  0.39819043438439850  0.40839452113137736
  0.41844548839004203  0.42837330292085463  0.43823057269515153  0.44804296103390667
  0.45843795550468885  0.46979914825678071  0.48095346904637165  0.49107362793130954
  0.50075485792458063  0.51055241366310489  0.52049017990300028  0.53032770414099517
  0.54022686682398957  0.55099489416189751  0.56253854531344771  0.57413994123270728
  0.58553791412600398  0.59666685423385701  0.60795420945455592  0.61930740856369504
  0.63023061035660455  0.64093736904493481  0.65203053871551586  0.66304678997190891
  0.67326024825986397  0.68312052635571863  0.69299073874030148  0.70261117501110881
  0.71207882009141532  0.72156538554583449  0.73129122979803152  0.74130294357327531
  0.75173704719852774  0.76263128922835466  0.77317402486078546  0.78288411188582063
  0.79245235865661956  0.80231248168116476  0.81266969066480788  0.82327639764238070
  0.83381997554031839  0.84422979049403779  0.85459528320682365  0.86535356351277071
  0.87651539314108362  0.88790819198341886  0.89941944090352632  0.91108267248103836
  0.92260196236027947  0.93363302731802433  0.94458146529025533  0.95548658474279380
  0.96668607349350377  0.97746975652129953  0.98871831010414635  1.00000000000000000
 -0.00242221456710956  0.01019214407780560  0.02042426881743072  0.03181267622542094
  0.04234481005958510  0.05297274691411358  0.06289223955394636  0.07448601898148301
  0.08523990045310785  0.09611052747159769  0.10628495012198443  0.11588789324990460
  0.12558974696064570  0.13545173712761996  0.14601916606255580  0.15543509428943475
  0.16505988849070377  0.17478882452328687  0.18462298602540803  0.19423300152181328
  0.20399257379876601  0.21428511388770599  0.22484034867755365  0.23468869893968516
  0.24448031535502879  0.25445260578076861  0.26521151441384039  0.27548642668108719
  0.28541895407390028  0.29531825052676486  0.30574753227075213  0.31591601574498318
  0.32574354292299890  0.33568930201669184  0.34636634287386803  0.35721156109580826
  0.36821737624388212  0.37939946174166539  0.39041645498489325  0.40091190198286941
  0.41111442917220775  0.42151891109131784  0.43234620141593044  0.44345509825448287
  0.45473444278047459  0.46531746818419506  0.47538311046387943  0.48526211759917259
  0.49524701670972210  0.50561510884718963  0.51622670318182018  0.52678108602070595
  0.53686135581891681  0.54668893869081381  0.55683666140304511  0.56750057913935825
  0.57849870978249407  0.58923726359653794  0.59942071587937618  0.60931071884351828
  0.61907351477946115  0.62907706193338375  0.63916264363826514  0.64972246094929642
  0.66074772322755859  0.67186041914274997  0.68213772746684809  0.69217167136799540
  0.70253557125943367  0.71334826599500145  0.72423955171168031  0.73487366187874958
  0.74517061561738840  0.75535620263715397  0.76565916796653199  0.77601522016480740
  0.78623653516409830  0.79666985033048565  0.80753162616511176  0.81887926743137218
  0.83040937760380362  0.84170430278049091  0.85257443883902218  0.86320703427613310
  0.87399185075706765  0.88542355758465230  0.89706589017769600  0.90935808760310277
  0.92105826668173041  0.93253016901265229  0.94354245354032973  0.95480108027450905
  0.96571486402044093  0.97617317694388628  0.98788417991223088  1.00000000000000000
  0.13277539568375968  0.14137203095810968  0.15478839024061114  0.16794910613508701
  0.17601197603718288  0.18397018089402714  0.19154065226036440  0.19800414257221660
  0.20481037973600769  0.21091388630034463  0.21697447827262678  0.22310749063356342
  0.22911652279214209  0.23621710914967228  0.24350112045000968  0.25052650292542894
  0.25728345899739974  0.26419821240141017  0.27114790633550973  0.27806507696232374
  0.28453032082570939  0.29086576416366361  0.29654422282022008  0.30248279500753539
  0.30853676625209403  0.31461440299100873  0.32053261408536782  0.32636218700713482
  0.33217409399052417  0.33783556295892064  0.34334812682649496  0.34882037587050452
  0.35403190400088153  0.35982567444927288  0.36546647337980842  0.37113674018515674
  0.37684320988276321  0.38247379315458274  0.38800896466774809  0.39353886754863132
  0.39905694493849336  0.40459967329971946  0.41026686891738839  0.41581305140185476
  0.42111645206826881  0.42642845171939237  0.43167959895798608  0.43705523362025395
  0.44255296166327696  0.44808033990651652  0.45366530875973510  0.45936709814254451
  0.46520861207094999  0.47126210341761315  0.47702800213646890  0.48271511163425646
  0.48850568714954168  0.49426955192401850  0.50003476819531101  0.50581168584369529
  0.51164819402383954  0.51768770223357463  0.52372757934599279  0.52949370507374915
  0.53521017160751005  0.54079674452096860  0.54671344526907661  0.55282048527178451
  0.55916662283233654  0.56562006304125734  0.57204283916284993  0.57830274052088548
  0.58473028020957407  0.59146431731189497  0.59815195715536695  0.60497843475183788
  0.61200153644895361  0.61912215085180244  0.62642152723265110  0.63393047057523644
  0.64158780178313524  0.64939524942367388  0.65744510502447862  0.66615857765481090
  0.67573687264900684  0.68598361861905088  0.69638885264080008  0.70721416587279939
  0.71868792157525629  0.73189685438383334  0.74762385225826444  0.76500176879720438
  0.78437254899170383  0.81010318848429752  0.85071639588041470  1.00000000000000000
 -0.02327521099093108  0.14231013046265192  0.18267956832051777  0.20951788925279169
  0.23030770794773081  0.24726765884122329  0.26125485842454266  0.27366412388920125
  0.28505131196325434  0.29556157853635290  0.30508948252439699  0.31381019605757493
  0.32171868200437453  0.32961106988778838  0.33747517821710421  0.34528070763676166
  0.35285610510702875  0.35972293195414062  0.36607074228818481  0.37225734953947182
  0.37798348742335819  0.38339299334549415  0.38861614415927487  0.39345963441510295
  0.39803559198234795  0.40247464145136280  0.40693500974012570  0.41132806548505446
  0.41572022662486535  0.42022554030626941  0.42460752399731866  0.42898003122082107
  0.43331597890910839  0.43749790116658727  0.44182875004929595  0.44615067636281963
  0.45048102778359728  0.45488136964508780  0.45931726391896521  0.46367243342085229
  0.46779921991051748  0.47183631197539888  0.47589931674378128  0.48015423094343979
  0.48440356046710453  0.48863213632535735  0.49272840573719778  0.49662873227642412
  0.50043129627543659  0.50423570901506465  0.50806450851381046  0.51206451962870203
  0.51593508419901413  0.51976627345936410  0.52367402789709772  0.52765355925218260
  0.53146692954870456  0.53525756696561166  0.53912296204277876  0.54318334837524163
  0.54756046705015582  0.55218505616048341  0.55676862527606641  0.56137489373551108
  0.56641637047075666  0.57152304461810877  0.57644773017351236  0.58132328288776269
  0.58621019746189917  0.59110739946988111  0.59611699824107955  0.60131355047427615
  0.60672787774208692  0.61244071234999209  0.61816941709252771  0.62386221002578579
  0.62977976500268917  0.63577599041503741  0.64213317314754070  0.64869402088276562
  0.65560718706688248  0.66264359208834911  0.67011083843166375  0.67820712892023838
  0.68681058947573337  0.69593706101178465  0.70554564679712972  0.71566943848414433
  0.72670704220604132  0.73942011916631767  0.75373436048788156  0.76947563176309941
  0.78936611877246876  0.81599239779128263  0.85899366735055549  1.00000000000000000
   5.8489737670951301E-011  -1.0000000000000000     
 T T T T T T T T T T T T T T T T T T T T T T T T T T T T T T T T T T T T T T T T T T T T T T T T T T T T T T T T T T T T T T T T F F F F F F F F F F F F F F F F F F F F F F F F F F F F F F F F F F F F F F F F F F F F F F F F F F F F F F F F F F F F F F F F
  <DiscreteSampler_grid>
  grouped_processes
  1 # 1 for a reference and 2 for a running grid.
  10 # Attribute 'min_bin_probing_points' of the grid.
  1 # Attribute 'grid_mode' of the grid. 1=='default',2=='initialization'
  0.0000000000000000 # Attribute 'small_contrib_threshold' of the grid.
  0.5000000000000000 # Attribute 'damping_power' of the grid.
 # binID   n_entries weight   weight_sqr   abs_weight
    10   10   2.687499381791746E+001   4.823111214168207E+003   2.687499381791746E+001
  </DiscreteSampler_grid>
