  0.05308233583117865  0.05372169493188331  0.05473573582845279  0.05544504458081343
  0.05612946015513839  0.05676124308296021  0.05733962120624773  0.05789309811461546
  0.05845919240926335  0.05904172525123300  0.05961749041898820  0.06018435350855655
  0.06074932584738627  0.06133038733096722  0.06189713932796031  0.06243458741785810
  0.06295134635402634  0.06346534510648294  0.06398812020855039  0.06450992844359411
  0.06506060375217877  0.06562251841779287  0.06620379379767795  0.06680483669057634
  0.06739013830993636  0.06793409548225984  0.06847101122867519  0.06901494287075519
  0.06957444450582947  0.07013375903855845  0.07070139675598704  0.07126247797171915
  0.07183088216249645  0.07238512166345071  0.07293807454097173  0.07350287061224224
  0.07408991108946815  0.07470060851006309  0.07540316115909799  0.07614759409203503
  0.07684502097450330  0.07754398680209033  0.07826735479448299  0.07903219983262938
  0.07982414771064056  0.08063104097567209  0.08146685455478252  0.08231760801430799
  0.08320891597906419  0.08406675454732138  0.08494000036338092  0.08584497370027772
  0.08676478157162557  0.08768021685408030  0.08860069714214606  0.08953885900288247
  0.09045788727714994  0.09133150251586261  0.09222864689143292  0.09315656167843769
  0.09407009933190055  0.09508287262603024  0.09616685023085872  0.09729323303646184
  0.09848393387190252  0.09979453628816937  0.10123117733614835  0.10270803889409405
  0.10418287652878362  0.10565530789843854  0.10720777995634019  0.10886430290547322
  0.11069065455131921  0.11254548252343931  0.11441215292191143  0.11631563791622242
  0.11838326721125059  0.12055692209974618  0.12297602478614246  0.12532694789198323
  0.12750125740655469  0.12950991610601342  0.13149220285567131  0.13412819052894948
  0.13768943311026038  0.14153483099542485  0.14572522073543126  0.15057352753837835
  0.15620257720722863  0.16260604400692244  0.17147516016843506  0.18225685391607677
  0.19534428387242206  0.22031210967790760  0.76366061691565956  1.00000000000000000
  0.00037340019849123  0.00057818722737697  0.00076572633455710  0.00092902331885440
  0.00108823222523543  0.00121534480687859  0.00133638721860505  0.00142245939529241
  0.00147781233467272  0.00150902408510688  0.00154989789569482  0.00159306958269218
  0.00163536235577147  0.00167581837583659  0.00171488381652353  0.00175453489524195
  0.00179550889487019  0.00184383267592062  0.00189401504909846  0.00194190122739882
  0.00198782525200358  0.00203458805015905  0.00208128855904302  0.00212739654692414
  0.00217535864269121  0.00222183644815508  0.00226610874277965  0.00231291028051246
  0.00236085364803727  0.00240870605101303  0.00246154112330651  0.00251340403936099
  0.00256410659048534  0.00261527284852304  0.00266664249376276  0.00271870994155085
  0.00277402665744016  0.00283138868287334  0.00288767918170395  0.00294373323234528
  0.00299137629635639  0.00303761022738251  0.00308681001923715  0.00313901323652114
  0.00319592284877235  0.00325071297445527  0.00330482641360835  0.00335800862035606
  0.00341087159087936  0.00346416359308678  0.00351658233846378  0.00356957086857579
  0.00362499650150466  0.00368557513089426  0.00375062958730801  0.00382309722079087
  0.00389829082426992  0.00397578518255560  0.00406199105266667  0.00416753863772655
  0.00427147631078844  0.00438065538461979  0.00449865998768832  0.00462753598512666
  0.00476472177312129  0.00490296171170806  0.00503793838633331  0.00516947417425404
  0.00530679807669913  0.00545360962607988  0.00561467261986435  0.00579568397856653
  0.00600025607862196  0.00622969004783576  0.00647010885034957  0.00673239846768347
  0.00701600900354227  0.00732328222397967  0.00765704343027335  0.00802547289559410
  0.00845291759872437  0.00894858596318105  0.00952509794659648  0.01019747819645198
  0.01101034106826561  0.01199965083072074  0.01316754754827117  0.01458817420708947
  0.01642041315808329  0.01884903335010675  0.02219158999750672  0.02718742479762486
  0.03605143356514438  0.05468395650588379  0.09839916514009173  1.00000000000000000
  0.00020059160328282  0.00035581509235997  0.00044323865099675  0.00049326363588373
  0.00053126310199312  0.00056751521506726  0.00060120133688702  0.00063533906604082
  0.00067036394471267  0.00070887390179771  0.00075321752588687  0.00079569960270483
  0.00083679577607176  0.00087592028752741  0.00091261102856733  0.00094874753148202
  0.00098707121132261  0.00102798784189082  0.00107197014609511  0.00111692286377323
  0.00116089422554761  0.00120457007433083  0.00125092026305506  0.00129954834076497
  0.00134830354069801  0.00139440054345025  0.00143887930384309  0.00148376600890551
  0.00153119132595570  0.00158220445800826  0.00163017576409171  0.00167892989091606
  0.00172523165394189  0.00177452353611154  0.00183210550380123  0.00189512507346310
  0.00195705939698617  0.00201604529619000  0.00207422575829372  0.00213425541519107
  0.00219786635419808  0.00226392288259197  0.00233139382630754  0.00239973110611550
  0.00247005648407083  0.00254159301138253  0.00260767008883725  0.00267545933212122
  0.00275432832421668  0.00283932219533246  0.00292691458196242  0.00301750891037580
  0.00311160089190685  0.00320772450101273  0.00330953762453226  0.00341691093846235
  0.00352405783974565  0.00362876546465548  0.00374052985821970  0.00386207889894608
  0.00397924432215106  0.00411457540965191  0.00424907897656804  0.00438865301897277
  0.00453729131020798  0.00469576232838466  0.00486212842272045  0.00503731939083717
  0.00522712061599683  0.00541880469564644  0.00562423786105826  0.00584327972815181
  0.00608780186618766  0.00635708681174336  0.00665085932470570  0.00697530885930143
  0.00732518419140349  0.00769988584733326  0.00810147929720213  0.00854277537084436
  0.00905096270355240  0.00963841845658834  0.01030656043590782  0.01105962810083232
  0.01189933773119458  0.01287221816047305  0.01397791073811973  0.01533229822340101
  0.01700331271089001  0.01911402191118386  0.02191952065543960  0.02590094446329281
  0.03177878058031926  0.04174635275233188  0.57912324284903960  1.00000000000000000
 -0.00201360144891481  0.00792304259527589  0.01623688686457227  0.02412199126686061
  0.03140427001029064  0.03865534771115704  0.04653406159830772  0.05492991404387901
  0.06363684847716844  0.07297745668878285  0.08218391643432890  0.09128662432922255
  0.10021249645875420  0.10949263510416783  0.11912385835048996  0.12891821120605679
  0.13937457081350862  0.15039227339534500  0.16181672119781959  0.17324982544276282
  0.18419830913839463  0.19440976970221047  0.20440643501764477  0.21484128841973435
  0.22553773412535097  0.23614278472159853  0.24685739687181751  0.25807410120712454
  0.26964545870294321  0.28099000744565739  0.29200290597108719  0.30292144185689490
  0.31396524478170412  0.32535784426240316  0.33710790631025539  0.34933172864576029
  0.36189035341627035  0.37420334798664834  0.38580110447462490  0.39653549030749075
  0.40676133296346240  0.41727619209791128  0.42856444409443545  0.44014658238985044
  0.45161640698289651  0.46342746374668020  0.47564820070041258  0.48778055983016494
  0.49945827816238736  0.51101408577840501  0.52265491672016373  0.53427542539122486
  0.54595631005347822  0.55785013780101667  0.56941852147255168  0.58054789948527863
  0.59184451812223293  0.60356398679365142  0.61546608533900882  0.62686941836561627
  0.63816214693975604  0.64949108383112741  0.66055872867460719  0.67122644715609814
  0.68185132398060366  0.69239694636224036  0.70280629503974812  0.71284617758981550
  0.72304518286355202  0.73312758959760127  0.74293550885359316  0.75257604902891162
  0.76226268701150413  0.77243315844360472  0.78369696010886059  0.79453399486313114
  0.80439271142768121  0.81336871449545112  0.82242459006711333  0.83156979365680217
  0.84159777688563775  0.85215473826987131  0.86328852541236267  0.87428991616057727
  0.88560096655439902  0.89697817934756807  0.90863218469612439  0.92003366836685396
  0.93102382165768449  0.94133491478399633  0.95141926115143272  0.96145037198069461
  0.97143262393710106  0.98110015883763890  0.99057317559400970  1.00000000000000000
 -0.00206953682827974  0.00865260238955590  0.01833789362319320  0.02843519778893636
  0.03899684750514845  0.04959025450204731  0.05985237419141866  0.07098744967075110
  0.08250382843294722  0.09351972646728474  0.10418491494479359  0.11475565365817657
  0.12557406122685719  0.13646096899553126  0.14705551435131631  0.15760990129705801
  0.16779759242209721  0.17798357234790774  0.18827830381771760  0.19881673695101215
  0.20966442906156463  0.22055941711650062  0.23138363093055928  0.24219439098700632
  0.25286814466956520  0.26354209259302502  0.27386688983980262  0.28329975364902438
  0.29278953511736683  0.30293602393658586  0.31362639666488218  0.32431634831200001
  0.33481745935513330  0.34534074660931252  0.35589502062227929  0.36649262652292464
  0.37712112629943789  0.38797178330388365  0.39877327553273634  0.40893749632391918
  0.41889512419635261  0.42913047344407723  0.44003822231138173  0.45179869655510652
  0.46371099238300156  0.47545277041239520  0.48670719610490026  0.49720864933346903
  0.50732169350593947  0.51754668580580299  0.52820432568612308  0.53870638732898146
  0.54841249020086080  0.55780786656941905  0.56738761972126439  0.57673601398185237
  0.58577559003371726  0.59473107283451232  0.60437733144215111  0.61640520163571721
  0.62873340859576310  0.64040140475444807  0.65173412623173599  0.66276375638523699
  0.67381202291560804  0.68502321468857619  0.69635991641091111  0.70736951147737348
  0.71775279634099765  0.72779745653132788  0.73769046474119460  0.74779405758413975
  0.75822666743751554  0.76841226737858259  0.77865191778468057  0.78876488647730492
  0.79914946874943737  0.80945332852471430  0.81989659406349968  0.83042391012281613
  0.84123184224915459  0.85232271458611719  0.86299769853155706  0.87331377879401528
  0.88362689976648656  0.89435113447507175  0.90520306501156556  0.91602452962780789
  0.92663124981656120  0.93679353466738435  0.94738511391588276  0.95813200710187207
  0.96833242754628579  0.97857153571348254  0.98895087278767380  1.00000000000000000
 -0.00314041109195201  0.01098789672689440  0.02309306361975902  0.03465980281871793
  0.04658835539288067  0.05838866644610499  0.06984113971742970  0.08140343943528358
  0.09339521991812044  0.10451027593010598  0.11502972820135487  0.12544606424357951
  0.13595026531832313  0.14677289228113910  0.15766418735459489  0.16851581752252717
  0.17986175056854170  0.19151647633913477  0.20320919028899628  0.21454216465698150
  0.22527048770432806  0.23554439265642077  0.24567125858805125  0.25597255478419911
  0.26655002109768000  0.27737852922103257  0.28783494883177263  0.29746509979007907
  0.30714910936633666  0.31696706134320574  0.32691560395605612  0.33627870271806570
  0.34497924683771530  0.35418593141610127  0.36480645879779994  0.37602114211255727
  0.38701052716269607  0.39774361624270521  0.40862048359448611  0.41973214221812100
  0.43107527920422772  0.44205203455989450  0.45246592792075441  0.46261698170609467
  0.47297091088401272  0.48347472526618029  0.49435333832318157  0.50530541086017311
  0.51657364952771878  0.52700633153990817  0.53693062081551512  0.54676926144830840
  0.55724423188099759  0.56781225241017586  0.57867248925628634  0.58959609900833099
  0.60009496444582622  0.60940947081942209  0.61820609390514214  0.62735683625214766
  0.63703589235886338  0.64709165571958149  0.65700513320862242  0.66646689158648742
  0.67766881715459570  0.68948604413086068  0.70128996629735985  0.71341876734582721
  0.72540079530201262  0.73685581110617715  0.74763747378031631  0.75758395981481574
  0.76675907732126225  0.77539935541777794  0.78413432684390572  0.79342622393197526
  0.80310166477228651  0.81318043072895996  0.82382200074004952  0.83428951476441504
  0.84431825596672638  0.85370104191473173  0.86351878684864103  0.87337103160086105
  0.88436744521043831  0.89492448974848571  0.90535512014541153  0.91582177696905576
  0.92659512961052759  0.93778702519653456  0.94872990668389734  0.95931032246362369
  0.96925189292529434  0.97966409250245823  0.98985751974645531  1.00000000000000000
  0.00002602314287618  0.00004935007275023  0.00007618491652957  0.00010855928405657
  0.00014239792769314  0.00017746415866381  0.00021578058306386  0.00025437384011366
  0.00029317778957731  0.00033287531424378  0.00037311772141632  0.00041406228546434
  0.00045493774379436  0.00049552002233924  0.00053524713329864  0.00057661558897238
  0.00061647226432084  0.00064882775754737  0.00068064017655509  0.00071390458284211
  0.00074879022164534  0.00078420882138570  0.00082197982132675  0.00086044948018165
  0.00089978363113984  0.00094052874673565  0.00098264982920791  0.00102594012316338
  0.00106879365960393  0.00111294024140009  0.00116214442587300  0.00121963580842367
  0.00128688720491883  0.00136110664655349  0.00144138959996177  0.00152325602232209
  0.00160684177657523  0.00169523011814237  0.00179250931977728  0.00189260716340046
  0.00200081085989005  0.00211268135420133  0.00222749871991619  0.00234898374293559
  0.00247899198200176  0.00261913073254617  0.00276610446239772  0.00291883911230520
  0.00308010319264324  0.00325475661495448  0.00343661778968200  0.00363039215529155
  0.00383555643292170  0.00405364759957325  0.00428074676399217  0.00451500578618318
  0.00475761010915950  0.00501145660131262  0.00528309365771852  0.00557970755521539
  0.00589842028493890  0.00623551631515072  0.00659011342253443  0.00695887576584667
  0.00734226084675544  0.00774862609814578  0.00818884987938212  0.00866556649063974
  0.00916905010710103  0.00970176352050771  0.01026279648920689  0.01084883973589828
  0.01147775500025959  0.01215848584057163  0.01287424936043499  0.01363383632259074
  0.01448408588240868  0.01541156320073128  0.01635788098245643  0.01735673640439189
  0.01848058338670078  0.01963101720278268  0.02087279018788066  0.02224592381597385
  0.02387474262052705  0.02581661175547050  0.02772674232311655  0.02956996682905564
  0.03190597971443023  0.03448564157285046  0.03716185086971516  0.04048111404672328
  0.04827988280852757  0.06380691313996545  0.55719211765902965  1.00000000000000000
 -0.00300266711242002  0.01039097883995524  0.02302174629701699  0.03480464247938462
  0.04677015728577330  0.05910409197596742  0.07097653163784859  0.08224676567046180
  0.09285637820262073  0.10285491042031017  0.11256408549987561  0.12208131256777741
  0.13153563831539550  0.14104041586159857  0.15034373098917783  0.15921616228554922
  0.16805204001572557  0.17677515265010565  0.18614878473913016  0.19639605650717470
  0.20653302662964376  0.21618022458080621  0.22571204261186420  0.23493853335242898
  0.24420605197333900  0.25337799135266414  0.26234004948285777  0.27114267878057241
  0.27975299691584149  0.28823468242921585  0.29723002787149422  0.30675907268471014
  0.31696591361408344  0.32737753132952713  0.33796873928650967  0.34860461618331329
  0.35970708775024135  0.37112623434232994  0.38207239288147138  0.39355876387096356
  0.40702030663000233  0.42235144053121865  0.43773220411667729  0.45186704547758927
  0.46483048365885887  0.47782350115050187  0.49242124713480057  0.50869329059353008
  0.52496722097849102  0.54068093195154643  0.55578841511709554  0.57040641346981058
  0.58312293768572676  0.59463356840602921  0.60543548357122401  0.61590013057629045
  0.62664106980519463  0.63823674690600118  0.65047205601806435  0.66255213133419788
  0.67342908836133475  0.68459640933591959  0.69451950862140943  0.70494042587695271
  0.71441516212595269  0.72323339917002616  0.73177049373560921  0.74015541068580259
  0.74913190168988031  0.75850626638789065  0.76693455012947653  0.77483177463080877
  0.78276155614701270  0.79137785373070346  0.80111337740168320  0.81085185515816571
  0.81967621505047183  0.82821245338948746  0.83709114867708456  0.84623517275188131
  0.85569581203342082  0.86481295082942555  0.87389609473773078  0.88322655390232996
  0.89275446404550818  0.90264506606242123  0.91291031691374747  0.92361070892765973
  0.93418193545717632  0.94369939266007730  0.95272555462749231  0.96210884022596155
  0.97168439913579385  0.98152153806378506  0.99105209836690178  1.00000000000000000
  0.11678390367269603  0.13775190367180598  0.15568777690291774  0.17221282499433069
  0.18751159235007522  0.20019670419206881  0.21081723844571865  0.21980795065848077
  0.22800857596354041  0.23530744964257455  0.24283748382492695  0.25027622849017045
  0.25718762059418182  0.26386368631450619  0.27027493119405976  0.27632737235848159
  0.28236275114162118  0.28822110963287617  0.29409052534611657  0.30000232912274705
  0.30508042046350670  0.31040845937046990  0.31577284400655059  0.32133958316200667
  0.32708945526959576  0.33320683591831185  0.33862811296734746  0.34436495697768449
  0.34995996341180197  0.35546344940285024  0.36095189617983797  0.36641685902250809
  0.37187040660742388  0.37725594258113260  0.38245991676629826  0.38750631873711522
  0.39248219951987479  0.39736014630696787  0.40207150230442856  0.40682912462986170
  0.41144193274910212  0.41603743710794983  0.42066439792476157  0.42536857399139505
  0.43017866601758775  0.43558673566541811  0.44099598820930025  0.44602283545172927
  0.45097549792643632  0.45590469074677681  0.46106954895743141  0.46640313378153864
  0.47169135427448888  0.47688658909517839  0.48184052468732069  0.48669394673316985
  0.49156885375666709  0.49617874821793295  0.50060213577606572  0.50524204152043650
  0.51017317868763046  0.51527205426548151  0.52032018837064276  0.52529554182044813
  0.53005597931051629  0.53487052525811773  0.53970900323763171  0.54497567450502615
  0.55050998808916707  0.55626785483595442  0.56217134372300459  0.56842581019591065
  0.57451007612803329  0.58050990191571350  0.58672296185975503  0.59306159064093522
  0.59944752937680457  0.60581313765188494  0.61246974954833566  0.61940057982413765
  0.62746203655801558  0.63675661625118152  0.64633626742606787  0.65586704157588227
  0.66542143727342407  0.67514312023651868  0.68512354932532737  0.69551071644292772
  0.70679485971866141  0.71935191239286833  0.73349271967587848  0.75006976604193654
  0.76884954492562074  0.79215301036073449  0.83474744633082054  1.00000000000000000
 -0.03111101001486118  0.15804905623715376  0.20324340940825031  0.22859168687040846
  0.24629390765863596  0.26093472444603910  0.27348556221203252  0.28390710427361332
  0.29357681690012766  0.30250097552496358  0.31068070529303338  0.31819497720756096
  0.32537822420551554  0.33235226497639919  0.33916002735535500  0.34604550415069207
  0.35285413857085873  0.35902183247172065  0.36474807141757137  0.36980831545431198
  0.37465221066342008  0.37944895956470992  0.38446920857400130  0.38959946025929781
  0.39399065944200834  0.39824434440035283  0.40236209605825957  0.40680136557957852
  0.41096456912912194  0.41486613761248853  0.41889703550731444  0.42312938800512001
  0.42753016182808640  0.43209523999673322  0.43677810271601586  0.44149287544808713
  0.44619701426398695  0.45074886525442392  0.45504786179613899  0.45921342581992708
  0.46335474000282256  0.46744053307854067  0.47149353895804130  0.47569821009635233
  0.48005381882134329  0.48456062398069394  0.48912419244354871  0.49376926171725227
  0.49837001561143485  0.50281586010669277  0.50703437166824294  0.51105655816124707
  0.51507999514035874  0.51926521641570222  0.52343664511625809  0.52780773771695888
  0.53211900710691207  0.53651957706161446  0.54091772139031924  0.54519281954346077
  0.54933428144423257  0.55335184001994897  0.55727614018184690  0.56120618736705596
  0.56523580948819108  0.56923656157832525  0.57313217552471585  0.57710931502257778
  0.58126614970821200  0.58583371764271652  0.59072789734025422  0.59575905030972121
  0.60067462500899904  0.60596342011233917  0.61148419677444299  0.61737663742351689
  0.62333090967366089  0.62933361031387680  0.63546309138073487  0.64176699327550624
  0.64830106754702033  0.65509821698487802  0.66222197723552634  0.66962541860755986
  0.67700356130943651  0.68426630953291379  0.69200855380540138  0.70069156272821875
  0.71116271622133009  0.72343321436933505  0.73782609811689659  0.75379917419517639
  0.77281228958319559  0.79782325705529489  0.84224810675763528  1.00000000000000000
   7.3631118873376613E-010  -1.0000000000000000     
 T T T T T T T T T T T T T T T T T T T T T T T T T T T T T T T T T T T T T T T T T T T T T T T T T T T T T T T T T T T T T T T T F F F F F F F F F F F F F F F F F F F F F F F F F F F F F F F F F F F F F F F F F F F F F F F F F F F F F F F F F F F F F F F F
  <DiscreteSampler_grid>
  grouped_processes
  1 # 1 for a reference and 2 for a running grid.
  10 # Attribute 'min_bin_probing_points' of the grid.
  1 # Attribute 'grid_mode' of the grid. 1=='default',2=='initialization'
  0.0000000000000000 # Attribute 'small_contrib_threshold' of the grid.
  0.5000000000000000 # Attribute 'damping_power' of the grid.
 # binID   n_entries weight   weight_sqr   abs_weight
    10   10   1.374333666776327E+002   4.307092406897184E+004   1.374333666776327E+002
    16   10   1.374333666776327E+002   4.307092406897181E+004   1.374333666776327E+002
  </DiscreteSampler_grid>
