  0.01451154417944016  0.01481341544200071  0.01505304712170381  0.01523121786986974
  0.01533829218103215  0.01543203737080736  0.01552978595074138  0.01562485259303391
  0.01571550001915407  0.01580376034724616  0.01589160341783855  0.01597991042607140
  0.01606839901646773  0.01615745751436537  0.01624496717990614  0.01633117093707497
  0.01641821511542653  0.01650745459590388  0.01659856982865363  0.01669154360911713
  0.01678415738629562  0.01687491746187045  0.01696390802700622  0.01705445902213748
  0.01714499253406509  0.01723531675623064  0.01732730110793085  0.01742166520603754
  0.01752025656394282  0.01762459984990676  0.01773367978874753  0.01784644652669536
  0.01796097399184976  0.01807797031099020  0.01819735550038123  0.01831699530284959
  0.01843762845940947  0.01856038226229290  0.01868759884292098  0.01881902354135248
  0.01895444842738358  0.01909851735615028  0.01925051985090612  0.01940680271042159
  0.01956605002956811  0.01972733901337338  0.01989638434365789  0.02007078840411008
  0.02024831039894308  0.02042888575806219  0.02061110380519055  0.02079856816612831
  0.02099292975982476  0.02119503258282410  0.02141002853580777  0.02164208941017348
  0.02188195599969206  0.02212182590938798  0.02235904592994766  0.02260454555161916
  0.02286591877508270  0.02314661697548895  0.02345783488414445  0.02378119068375140
  0.02411125521842712  0.02446563355274058  0.02485516183943895  0.02526131611835919
  0.02570820794713207  0.02620071159753111  0.02672167690966100  0.02728011749975158
  0.02785736439724524  0.02847230279888472  0.02912918102870389  0.02982703501410530
  0.03056949232712936  0.03137136280090532  0.03226070710333270  0.03324268664564909
  0.03431789115632769  0.03552940968843551  0.03684766529256291  0.03836628984383943
  0.04012307872475741  0.04208777534651422  0.04428808063928397  0.04696224551222273
  0.05043228358425631  0.05451477759752540  0.05973370277186878  0.06657342178636026
  0.07657491599848711  0.09445543349663005  0.66974105883703505  1.00000000000000000
  0.00260904316773434  0.00358707807643883  0.00398729038474342  0.00434566505187819
  0.00473023421922617  0.00511554131008108  0.00548768766327720  0.00584404071407503
  0.00617562925416632  0.00649495910987131  0.00681787328917583  0.00699037008831806
  0.00719913000214703  0.00742564731518785  0.00767171371017011  0.00796751267813193
  0.00828702304392450  0.00859670933711611  0.00887625589398573  0.00915667524115311
  0.00944645346811253  0.00973890997783831  0.01006254102695442  0.01038485578717168
  0.01075699260850393  0.01112314470324548  0.01150513140435118  0.01188721433071898
  0.01227165480761231  0.01266676749550189  0.01306119115221668  0.01346699459100644
  0.01389295128081211  0.01433610415148129  0.01481698941115217  0.01532051058012050
  0.01591466762838736  0.01652815800327522  0.01716466701757973  0.01783346207843994
  0.01856500184374130  0.01934461357048696  0.02015832963360046  0.02100904817440822
  0.02192246302413100  0.02293139076686635  0.02402770088434755  0.02519166857038071
  0.02639775345576705  0.02765348842626573  0.02902289223615205  0.03044358722412822
  0.03190059386485116  0.03342996877276928  0.03504485124226599  0.03674821856832650
  0.03852763735232471  0.04024343018373634  0.04186437562961291  0.04350808700178068
  0.04527444239520789  0.04720455554255609  0.04928575002816144  0.05144821682536972
  0.05361733208693899  0.05575748088943093  0.05779043602305574  0.05969998980825775
  0.06171449914922321  0.06398756640259312  0.06633532874459694  0.06881302745892139
  0.07142724942667399  0.07410712664599242  0.07687028670888293  0.07960354628411490
  0.08244938250500412  0.08553445354440209  0.08894840126355341  0.09287471968325897
  0.09690729430364430  0.10117201874533380  0.10566181402688364  0.11096928819782748
  0.11657907473523692  0.12268897876583008  0.12916069482271605  0.13653332266567436
  0.14447596945696356  0.15363731270429698  0.16536565050697019  0.18310767374633691
  0.20469554708600007  0.29343815836782633  0.65805514265850618  1.00000000000000000
  0.00024723385059283  0.00031534547430684  0.00035215990330145  0.00037934715649620
  0.00040739404839181  0.00043751012333601  0.00046436007390075  0.00049411380263010
  0.00052710639609293  0.00056149054661858  0.00059508012399492  0.00062588771230050
  0.00065774775364884  0.00068886717154872  0.00071962220746433  0.00075222427406663
  0.00078587446931539  0.00082163340317114  0.00086098952676312  0.00090337768198523
  0.00094944446358944  0.00099427524914897  0.00103960344148763  0.00108419825488962
  0.00112962836448820  0.00117543959314682  0.00122247800652130  0.00127136551119999
  0.00132186283898664  0.00137287943097862  0.00142361266664294  0.00147738497614668
  0.00153310214303679  0.00158750908549408  0.00164560111968227  0.00170531823783716
  0.00176650265393018  0.00183089982938940  0.00189956699303731  0.00196980862902558
  0.00203896232726938  0.00210800395605308  0.00217957623891003  0.00225464476502727
  0.00233219825146777  0.00241343802563539  0.00249933958235975  0.00258780638839494
  0.00267831840715769  0.00277862306643150  0.00288972815686349  0.00300104020716493
  0.00311998062636423  0.00324359072024551  0.00336825785810472  0.00349737528430006
  0.00363510479898269  0.00378119603152912  0.00393051397152896  0.00408406957705126
  0.00424977104640193  0.00441872613055565  0.00460771032245875  0.00479911130893025
  0.00500375952007612  0.00523534538144911  0.00547913736035786  0.00573453740590462
  0.00598381143180265  0.00626204469787099  0.00656222328948370  0.00689313186273799
  0.00725407791112431  0.00765465072001141  0.00809901936239785  0.00857631763726336
  0.00909641207515918  0.00965437440282687  0.01027745363970743  0.01094373886616733
  0.01168888717968312  0.01252012445643868  0.01344891945076930  0.01448066370651896
  0.01565864480429505  0.01711580007764444  0.01883580188715046  0.02077571385781980
  0.02311948049520136  0.02613531490987587  0.03078581684502667  0.03730371581131437
  0.04595898799098180  0.06371282208519476  0.62504352795690643  1.00000000000000000
 -0.00250581732363376  0.00906776326095116  0.01936530588501214  0.02897457190490099
  0.03869046152969183  0.04822690483001845  0.05791816814162053  0.06727158834727529
  0.07661792409902501  0.08556349683599175  0.09409819510039277  0.10252526004710646
  0.11047978021577316  0.11809710180648562  0.12551532826743880  0.13314005198530804
  0.14052624284261978  0.14876557288758932  0.15763896540372357  0.16623315634077754
  0.17440323298878035  0.18249414882671902  0.19069881368226080  0.19894771722803364
  0.20712130882694763  0.21527485333184906  0.22348552276345418  0.23152884155134537
  0.23928207116349443  0.24700116792082014  0.25495485901907999  0.26329835426340664
  0.27156411023689714  0.27976630900705585  0.28801664939852029  0.29645677366074991
  0.30528982301035262  0.31400008518923977  0.32252703577546604  0.33099016186897234
  0.33952763842055977  0.34824732208921205  0.35684197060454331  0.36506286619796241
  0.37312879245037978  0.38108173070633405  0.38911511865463405  0.39715088902489765
  0.40498401223138519  0.41267166229446306  0.42018524514049477  0.42784185592668339
  0.43595992546480722  0.44447904808391120  0.45323073863100788  0.46203999902643705
  0.47119141285384020  0.48084276045122659  0.49088520237798983  0.50121081758818686
  0.51181221175357283  0.52254831834585846  0.53384364784767402  0.54441214033697938
  0.55458208224665151  0.56430855173152317  0.57438548933076738  0.58492729778875396
  0.59614111936444159  0.60776484289188404  0.61877761543028564  0.62943842564168462
  0.63975636667120594  0.65110507085212610  0.66273218379548693  0.67564663896542443
  0.68886707750408349  0.70237828304787209  0.71533357560258315  0.72847689255992965
  0.74173383769045553  0.75555256347518607  0.77004245879826594  0.78516836086502362
  0.80144194366901289  0.81718513964721862  0.83384491877478006  0.85088683396927023
  0.86771022149348598  0.88480618065458105  0.90252501056939505  0.91945396678629354
  0.93817101850141038  0.95712093426560585  0.97826804872385553  1.00000000000000000
 -0.00219524888242227  0.00836384881456080  0.01921450778970358  0.03029070396933792
  0.04229263086207660  0.05422218065555975  0.06612279533022367  0.07794159261544194
  0.08939933335555933  0.10079390967860109  0.11229994091189023  0.12391239503614999
  0.13587137766940655  0.14747946378711466  0.15865731511282133  0.16941175994120025
  0.17981212416061867  0.19016787110795216  0.20070978180967905  0.21135920634732758
  0.22218931144122656  0.23354490531883937  0.24534856351676204  0.25651465062008488
  0.26685415716351524  0.27664131261564523  0.28595024995105439  0.29533880811157814
  0.30493900599305784  0.31390874363903337  0.32422619490862375  0.33462112459219284
  0.34540529817255206  0.35610721963623743  0.36630151514912335  0.37614392275422248
  0.38639726813739156  0.39649718026120162  0.40695479868716217  0.41739168918345892
  0.42785438750782834  0.43836522108127957  0.44806168944597530  0.45822482876556303
  0.46854083714595890  0.47919097781181919  0.48944115779713038  0.49985523024017037
  0.51011856264984434  0.52079813340362957  0.53225448567720524  0.54364080977170415
  0.55407538903494336  0.56393884182959464  0.57381546090690994  0.58335922127048900
  0.59281528668195893  0.60234579807019373  0.61189131793811891  0.62150641144416063
  0.63108591069135178  0.64068147229998373  0.65013786325344425  0.65973100554296160
  0.66934773672603443  0.67895292036856059  0.68847103074851723  0.69814375662115458
  0.70819566467510997  0.71943047169819407  0.73107294977829562  0.74239095323168725
  0.75363030793256036  0.76487822433984454  0.77668033998006214  0.78825526520857192
  0.80005751894172450  0.81117257198431691  0.82284432768410531  0.83397574271370700
  0.84490589528004101  0.85567395552108561  0.86579837521126557  0.87592779381769426
  0.88583037434703726  0.89587952624644063  0.90594980627613608  0.91606379462346810
  0.92650592653385389  0.93684750338024803  0.94687653185426324  0.95706004766415687
  0.96732993235852838  0.97843607108697528  0.98905174253275685  1.00000000000000000
 -0.00224404618492226  0.00934918955824800  0.01887960541943771  0.02884791457260518
  0.03951528033394210  0.04949761481914839  0.05929575483594927  0.06835290033450667
  0.07811364156143895  0.08813740597346494  0.09702286404101776  0.10598959166437520
  0.11530191451870639  0.12458463561092323  0.13366383036265073  0.14304695016814140
  0.15287157150900851  0.16276934585057279  0.17259383941564296  0.18266221824086043
  0.19351809098275621  0.20505080202338033  0.21692195808827019  0.22912173642590772
  0.24169720589973179  0.25411579162158632  0.26591500175826827  0.27770097352182277
  0.28953652942501290  0.30026264348308540  0.31043450618385321  0.32088883414453029
  0.33145756262554016  0.34136902582270279  0.35147221611544710  0.36217589156282826
  0.37278743320695262  0.38251127391506290  0.39185910596848872  0.40128501399032662
  0.41126464835746368  0.42159237484203527  0.43241840698639539  0.44317061823453668
  0.45338908993881488  0.46347302511206157  0.47322427733083766  0.48322074991041686
  0.49352942456404614  0.50406979953087350  0.51451032830097232  0.52506385189640037
  0.53589128406417263  0.54586887839880205  0.55602165521014502  0.56593999475646961
  0.57603703934758066  0.58603788794749023  0.59614498144374362  0.60585888179086567
  0.61517948019601720  0.62449644830939799  0.63443384489455679  0.64499232637141324
  0.65570671185183582  0.66667731879708081  0.67811032999724918  0.68923602910626958
  0.70012495097790772  0.71133398570835493  0.72298569699440118  0.73471774303967274
  0.74564491772133401  0.75688186702018045  0.76844904059475183  0.78008243655521126
  0.79121979298617562  0.80275187397770198  0.81444071012467589  0.82638840062412200
  0.83871796731709636  0.85093717403286018  0.86262050243763377  0.87358533701935337
  0.88460244689748135  0.89539636287927715  0.90588706758116444  0.91647790747928704
  0.92771591682205101  0.93892124503633079  0.94967729913432319  0.95973263149574384
  0.96924557838845127  0.97885256583429459  0.98923826094904010  1.00000000000000000
  0.01453698542098520  0.01487193445213515  0.01513191963218905  0.01531261034237551
  0.01547853669300767  0.01564225475713019  0.01581304074682282  0.01599061168599976
  0.01616982958776070  0.01634766144519606  0.01652724283564012  0.01671519609230459
  0.01691430627980436  0.01712984136094469  0.01734591968559003  0.01757925198985608
  0.01781550102763741  0.01805548754789449  0.01829767590784800  0.01854052452916794
  0.01878765553854266  0.01904175381963732  0.01930044924374763  0.01956004189163848
  0.01982206805230665  0.02009446805344536  0.02036966830117283  0.02063627613099790
  0.02091353625286790  0.02127771927608782  0.02168797306070639  0.02209814801772410
  0.02250260946024108  0.02291106508788970  0.02333224670262949  0.02376411868102908
  0.02420941479835957  0.02467182814405337  0.02515926760044992  0.02565325413538670
  0.02615588185498623  0.02666783916943222  0.02718664806182421  0.02771868854253207
  0.02826592685044342  0.02882800754708657  0.02941459131810750  0.03003156601478746
  0.03066819561915889  0.03130856624063273  0.03195080347994909  0.03261285896362617
  0.03329371614148731  0.03400456111829017  0.03473761481375778  0.03547531565855734
  0.03624136606976652  0.03703739202977533  0.03788259048769448  0.03876375569188301
  0.03967945766991746  0.04060006993468811  0.04158122412475163  0.04264398626755220
  0.04374748344433640  0.04490283235686171  0.04611218969617547  0.04747031588773488
  0.04877520067838246  0.05008755786000724  0.05144175767344973  0.05287691171274506
  0.05449082408442046  0.05623366186728800  0.05796951727630924  0.05970639981386334
  0.06162139689266562  0.06381888470302691  0.06631022510492246  0.06876660515098498
  0.07131803147507360  0.07397183455872855  0.07683017590000098  0.07991188981272344
  0.08324208078600395  0.08793992959418204  0.09242299469961202  0.09735266391542344
  0.10301068076559931  0.11050389250356921  0.12020733826046763  0.13261521715737906
  0.14731719302598245  0.17232144914562186  0.69010684821850243  1.00000000000000000
 -0.00183712135281648  0.00758205916465565  0.01637653447318339  0.02550574310537532
  0.03463498543274737  0.04419426707214783  0.05367681181569012  0.06344391627658473
  0.07357613530289432  0.08371364909405341  0.09339185424032016  0.10268016277180364
  0.11179113371617608  0.12105354229131408  0.13049565265736937  0.13976651391724160
  0.14900300614036183  0.15814168276355797  0.16707918544115341  0.17575023811031856
  0.18453213318301798  0.19370545500017153  0.20322301539399559  0.21283599037268947
  0.22247865719070026  0.23274170374048112  0.24375108766226183  0.25467887417165158
  0.26540621110873330  0.27662114288886364  0.28838169794217339  0.30032844824153232
  0.31243677229120970  0.32528337433933113  0.33835946047230969  0.35058643785126703
  0.36241014305667379  0.37381605799143636  0.38570220579820219  0.39734245618181147
  0.40941651417106667  0.42193149388376155  0.43470049900714675  0.44743821423128260
  0.46012719934564539  0.47270439025888344  0.48478844244268149  0.49616666602373005
  0.50767947096816690  0.51918178909133683  0.53043540865868499  0.54155918930952218
  0.55279510032422430  0.56398116890672001  0.57513883154787282  0.58629812315825980
  0.59791474825087021  0.60982270784950787  0.62207919778201659  0.63472152866594789
  0.64709059422977167  0.65877160270466373  0.67020833567089000  0.68156663726222355
  0.69255326266596184  0.70310671432751948  0.71363087464006270  0.72449253172864359
  0.73566994680675724  0.74705598963635178  0.75850270829550148  0.77000026993384019
  0.78158056459513303  0.79293474489975069  0.80355692522601130  0.81352061344543403
  0.82335433265216429  0.83309972862918380  0.84276331925891856  0.85246593262600556
  0.86219069913886182  0.87212922837436635  0.88177595928185903  0.89153008791204724
  0.90116945568849949  0.91078279128721951  0.91983175243303683  0.92856525045901783
  0.93713887890285374  0.94607379246084078  0.95462570152819581  0.96326184127232084
  0.97109592534507194  0.97992107270588291  0.98970860959555884  1.00000000000000000
  0.08505088274255791  0.15046541215825629  0.17930757337376924  0.20040834147997763
  0.21938906948396952  0.23585293933222631  0.25022003026366219  0.26253079551619368
  0.27415066315761139  0.28513834057164489  0.29570062763490124  0.30551498701637692
  0.31484176384619950  0.32360259727653745  0.33165654081294926  0.33925010255794691
  0.34686422693306884  0.35451006079894520  0.36164806354596724  0.36858969563406818
  0.37526350261282326  0.38136592138060205  0.38724145543188759  0.39334834579046807
  0.39948169138712913  0.40523553011322283  0.41052650166059518  0.41576495041108946
  0.42114680961155693  0.42665143109338816  0.43211635911900786  0.43752048648951486
  0.44291185848415210  0.44828495097124893  0.45367007114808372  0.45903705023975105
  0.46439590794784369  0.46978113687080553  0.47505160338642344  0.47999780131974562
  0.48504964230848308  0.49001489323498854  0.49486148722433299  0.49966083850127080
  0.50445440932850882  0.50930636037384602  0.51439766081264238  0.51945002856382683
  0.52411291526518700  0.52856949893896787  0.53295068856956862  0.53740696026316337
  0.54194288470241903  0.54664371035313519  0.55147278505185049  0.55621714113972931
  0.56098213778547656  0.56569354685254614  0.57033713626480143  0.57473267663326233
  0.57895559261341867  0.58330781203893711  0.58786894295597270  0.59259934248721102
  0.59747080831549682  0.60244060300623892  0.60750150346229470  0.61266433329907266
  0.61806377741439100  0.62337787899904140  0.62845054177632553  0.63360568500635717
  0.63889464131990958  0.64434206711901365  0.64976413997736271  0.65516678089146385
  0.66051447773121119  0.66610514767365159  0.67209355868636322  0.67844745139334262
  0.68498328339352188  0.69171452119425769  0.69863196837129105  0.70553222587507569
  0.71276752185533643  0.72059387002148856  0.72901054659358844  0.73814716588018969
  0.74779499545435568  0.75818182463534767  0.76940123691410833  0.78222499878767471
  0.79747411012810066  0.81699159542593369  0.85424719849338304  1.00000000000000000
 -0.03229291264434988  0.16027459407584599  0.20438218458832771  0.23068360352394457
  0.24910451474151152  0.26390192005772523  0.27706959286010574  0.28862606307038124
  0.29909971431860688  0.30858490943665351  0.31715839780601018  0.32505218714840900
  0.33247859358108761  0.33943617292054923  0.34621690900674917  0.35262340718074797
  0.35843567621028788  0.36377592030540606  0.36893878000582331  0.37400603362766299
  0.37902806786835114  0.38391027313059478  0.38871927345035645  0.39341167987289377
  0.39801861854425646  0.40246701345160191  0.40681033439994080  0.41110537243935508
  0.41551555819559094  0.42011651640393438  0.42473398231628051  0.42921970357605099
  0.43363086287293456  0.43795945990523605  0.44208638147295631  0.44601368907362349
  0.44979240369782297  0.45362510977381126  0.45752741214211379  0.46157098342589220
  0.46567624106614014  0.46983894293818140  0.47398664646059285  0.47810781987339757
  0.48229881565699417  0.48641300669884341  0.49055405654536166  0.49470566602843713
  0.49883266999091436  0.50288770352989365  0.50681042124601472  0.51065977360284709
  0.51453173950283493  0.51846923039681170  0.52248491982213674  0.52633590485651616
  0.53017521356727038  0.53402047313765488  0.53784315378728109  0.54166218575533653
  0.54554700503061171  0.54949968588527232  0.55361280936768387  0.55789672111078303
  0.56226634830353828  0.56670844696750045  0.57123706903584426  0.57580489006523328
  0.58042237143843234  0.58533341575016151  0.59078529913367939  0.59629886778664698
  0.60150150112130907  0.60659388582954432  0.61193885951545712  0.61739145340020429
  0.62318198894979682  0.62903287400113828  0.63476146726453897  0.64079266877691310
  0.64716852632873545  0.65381502297489058  0.66061987236048625  0.66769300243042495
  0.67523017617840475  0.68347263927151480  0.69243120588853513  0.70199731261745169
  0.71209729204893579  0.72329488723131574  0.73613643805804285  0.75104271078648954
  0.76929721268864115  0.79583624400009922  0.84068637906760024  1.00000000000000000
   5.8993167804366965E-010  -1.0000000000000000     
 T T T T T T T T T T T T T T T T T T T T T T T T T T T T T T T T T T T T T T T T T T T T T T T T T T T T T T T T T T T T T T T T F F F F F F F F F F F F F F F F F F F F F F F F F F F F F F F F F F F F F F F F F F F F F F F F F F F F F F F F F F F F F F F F
  <DiscreteSampler_grid>
  grouped_processes
  1 # 1 for a reference and 2 for a running grid.
  10 # Attribute 'min_bin_probing_points' of the grid.
  1 # Attribute 'grid_mode' of the grid. 1=='default',2=='initialization'
  0.0000000000000000 # Attribute 'small_contrib_threshold' of the grid.
  0.5000000000000000 # Attribute 'damping_power' of the grid.
 # binID   n_entries weight   weight_sqr   abs_weight
    10   10   4.028272333647022E+002   8.781708168745311E+005   4.028272333647022E+002
    16   10   4.028272333647024E+002   8.781708168745313E+005   4.028272333647024E+002
    22   10   4.028272333647022E+002   8.781708168745311E+005   4.028272333647022E+002
    28   10   4.028272333647024E+002   8.781708168745313E+005   4.028272333647024E+002
  </DiscreteSampler_grid>
