  0.00000482845887471  0.00000820994346758  0.00001399381090053  0.00001971473427311
  0.00002500251236599  0.00003008769989157  0.00003506226800136  0.00004000812037434
  0.00004499542973673  0.00005005952076722  0.00005518424889519  0.00006033377419936
  0.00006547085820942  0.00007061104361860  0.00007588407775514  0.00008129096544972
  0.00008680550643671  0.00009236001687844  0.00009797381670118  0.00010370766676636
  0.00010956565034606  0.00011555828716217  0.00012172295045065  0.00012807364936062
  0.00013449210183725  0.00014104459730477  0.00014778181741953  0.00015467074746670
  0.00016170537248945  0.00016886789772031  0.00017619544565552  0.00018363406398965
  0.00019122380900007  0.00019903059353337  0.00020709205088739  0.00021541802050825
  0.00022402387742844  0.00023287798575997  0.00024207189422880  0.00025166008231053
  0.00026166577083377  0.00027216908655655  0.00028316623403456  0.00029464533783793
  0.00030652911381273  0.00031882745463280  0.00033174568983092  0.00034521540178285
  0.00035923467768128  0.00037379784215702  0.00038892922041425  0.00040474951530004
  0.00042152147979431  0.00043908140918106  0.00045766755699910  0.00047716816909655
  0.00049785382933532  0.00051992534711851  0.00054320144879641  0.00056785726711314
  0.00059392912333701  0.00062162082525110  0.00065097365856636  0.00068211787266441
  0.00071528943066394  0.00075089338328765  0.00078945317408340  0.00083092927442985
  0.00087582706026756  0.00092378885041116  0.00097588450178879  0.00103297367629864
  0.00109633372776814  0.00116669669236248  0.00124559039021489  0.00133230433637053
  0.00142734617358072  0.00153399934903010  0.00165386476671789  0.00178593307857366
  0.00193169288950070  0.00209581020664945  0.00229032001637650  0.00251618487472178
  0.00277103848867514  0.00307184715235172  0.00345519349982124  0.00392462190610462
  0.00450619443650538  0.00523133985884113  0.00611785027978948  0.00723979434099545
  0.00878678613387142  0.01145056906090657  0.12155339072145567  1.00000000000000000
 -0.00236359957811443  0.00951911826970888  0.01987714216080038  0.03035579870653515
  0.04079649194961108  0.05141564603914135  0.06222651848321145  0.07313674833632729
  0.08392382690615048  0.09481452565939552  0.10555139010549439  0.11610301073112755
  0.12673235014174508  0.13722590118729444  0.14769711465430452  0.15788116642118327
  0.16821455767362678  0.17888402792524272  0.18940634986470972  0.19982251029629494
  0.21007968247977535  0.22078479992848610  0.23151082018762240  0.24212794323310022
  0.25276948256546033  0.26310112173640088  0.27372011929683804  0.28418130673650382
  0.29459919567818843  0.30477055000963332  0.31499942169159367  0.32562914042951185
  0.33616039745529269  0.34656685684634281  0.35698936059967307  0.36728560258999626
  0.37765678864438018  0.38811906137241231  0.39856589583312640  0.40896425600166686
  0.41922278322795353  0.42970969028286976  0.44033576509390121  0.45095409203043874
  0.46151555973645247  0.47189526145644295  0.48227400241066082  0.49286561575462318
  0.50336028004862710  0.51375614340757225  0.52424310269723395  0.53489056007819991
  0.54555541890133719  0.55596891533227288  0.56644621056868494  0.57665830551724362
  0.58689386995945758  0.59712808362450198  0.60762486898086498  0.61827771453815528
  0.62900663952592895  0.63973041227830030  0.65056256139857926  0.66134428480686458
  0.67206493092834185  0.68262240587622403  0.69309582855695673  0.70364938482846429
  0.71415296883269608  0.72478757474662803  0.73546719940435834  0.74628218853695172
  0.75700909785137915  0.76769391496471617  0.77819057993674168  0.78871541332306450
  0.79931254136171304  0.81004039029048236  0.82072308616724965  0.83113678632102284
  0.84153851954398462  0.85186100307471857  0.86252969570582327  0.87329475137675228
  0.88425226494371922  0.89527081112791818  0.90594189028921179  0.91666112331376048
  0.92707303190400026  0.93750210936986911  0.94768962056544592  0.95790140844043470
  0.96836423430118523  0.97882312691159967  0.98939044749975324  1.00000000000000000
 -0.00530203926318287  0.02912954749780746  0.05248855217315452  0.07176672317888241
  0.08897906409552049  0.10483916944684471  0.11964006066371967  0.13360556264778092
  0.14682173065055332  0.15939451251316183  0.17145311905807231  0.18313440056640970
  0.19445110666374860  0.20546718319780211  0.21613981275521832  0.22656161696615351
  0.23669250385409574  0.24670310278021138  0.25649934522228129  0.26616510100447532
  0.27572409648873475  0.28517474616179567  0.29446394554072192  0.30349702516031185
  0.31242694195126675  0.32127662954409736  0.33012289432841951  0.33884475013902393
  0.34744348434942435  0.35592208129338165  0.36430785921165759  0.37264029384201985
  0.38091414091079745  0.38913795211343860  0.39735953369256000  0.40562735883405343
  0.41387978836397687  0.42197668764980012  0.42989008287202063  0.43768793092885344
  0.44542169048973046  0.45319129447915885  0.46099442179091582  0.46868818055690403
  0.47633771193667951  0.48395057012870929  0.49156377682628660  0.49922564796317020
  0.50696466351695435  0.51471418143463643  0.52242482144542279  0.53009827008890809
  0.53788699274858509  0.54548238872612920  0.55314225809518280  0.56077493860256666
  0.56842628347543245  0.57610782752119072  0.58379948470668364  0.59149981885822533
  0.59925036852578628  0.60705212287613131  0.61491252013600828  0.62278389727761330
  0.63062082458792712  0.63842636582485301  0.64623098937125145  0.65409346565997917
  0.66200326933777009  0.67007862177778654  0.67828529854491715  0.68645955024674221
  0.69455654513354337  0.70262724139733090  0.71083068055320964  0.71918115116270109
  0.72764623512900384  0.73623286711131430  0.74492079011407497  0.75378563096093820
  0.76291001512495915  0.77240789991791248  0.78228696040694223  0.79243788965911410
  0.80274178312839373  0.81338486687587475  0.82445051632274546  0.83589099579642223
  0.84775727179070404  0.86039503033173892  0.87402529881937485  0.88870405229842109
  0.90508146774405351  0.92444354228587222  0.95164618917445953  1.00000000000000000
 -0.02501540051918878  0.12008514321046659  0.15570739998512434  0.17695481090437903
  0.19364060803370933  0.20799521435056811  0.22099244228671383  0.23275912614305794
  0.24360310548802713  0.25374684492029936  0.26344239191544228  0.27265791531707478
  0.28137792895352154  0.28977979240456420  0.29785963287484513  0.30572126116879816
  0.31331007224902840  0.32054672669345807  0.32761560223322495  0.33452868443412159
  0.34131213013786366  0.34798710498603735  0.35457112100061400  0.36101583116429187
  0.36733336648260834  0.37358692959335899  0.37972567424517933  0.38580074820113031
  0.39180848955730979  0.39772442380495743  0.40352638075705338  0.40925930808221955
  0.41497777804700137  0.42066815670410868  0.42636064214855413  0.43201081307915673
  0.43762131939716942  0.44319439065902411  0.44871098930718806  0.45415765256961943
  0.45954152756640237  0.46488989900312233  0.47024890203250319  0.47564414510570246
  0.48104317108178229  0.48644848932096590  0.49184005192681812  0.49723862552763165
  0.50267584197193305  0.50804357986587534  0.51343223739947352  0.51884953817143031
  0.52424518240136631  0.52961793712762029  0.53496967612186253  0.54030335689191489
  0.54564522658004921  0.55100454449964276  0.55638803638201850  0.56179926000076763
  0.56727829944571107  0.57282683953016800  0.57844015591622655  0.58412671139122452
  0.58988291639756640  0.59567704089659401  0.60147930790274262  0.60733121524325073
  0.61324368135910889  0.61923263262637374  0.62536505269947651  0.63163001190411361
  0.63802417834765746  0.64452581672132803  0.65122971475599356  0.65812613298936695
  0.66513552302733436  0.67225280210499594  0.67952115648265388  0.68681455603496300
  0.69441535282694766  0.70227569984541671  0.71039295804235991  0.71878335207533894
  0.72742306992364958  0.73665422347955090  0.74632501924126737  0.75651940249678673
  0.76727376402125702  0.77897240234149190  0.79188796425384111  0.80640399960929809
  0.82344206477600934  0.84494788277512767  0.88021819953064451  1.00000000000000000
   1.7035295808593186E-003  -1.0000000000000000     
 F F F F F F F F F F F F F F F F F F F F F F F F F F F F F F F F
