  0.00004016352025819  0.00004143111998487  0.00004327320379571  0.00004517621485913
  0.00004712385629927  0.00004919737054564  0.00005144801287250  0.00005386959815681
  0.00005640328031261  0.00005905508814375  0.00006185921398585  0.00006485390261172
  0.00006806270615608  0.00007139684973509  0.00007486889592068  0.00007847212493847
  0.00008212863187782  0.00008597355987922  0.00009003627209428  0.00009439189059102
  0.00009890753756013  0.00010362459985468  0.00010843406288334  0.00011349196787474
  0.00011893377675160  0.00012473697254121  0.00013068296832821  0.00013732012915537
  0.00014414042844743  0.00015147229598085  0.00015932844672890  0.00016756393218983
  0.00017653192286938  0.00018570996183352  0.00019501029478507  0.00020471204873951
  0.00021493380010876  0.00022546240516222  0.00023610958719320  0.00024717540086653
  0.00025878670027936  0.00027088639097741  0.00028363379168695  0.00029686714036257
  0.00031045626556853  0.00032449822010317  0.00033902572285397  0.00035410371067023
  0.00036989971124054  0.00038688473734717  0.00040466145071979  0.00042317853040841
  0.00044193234489330  0.00046096893359320  0.00048070686600751  0.00050076339282619
  0.00052135709980828  0.00054264148306578  0.00056406908865461  0.00058646532412807
  0.00061023944565955  0.00063438803894936  0.00065990257882172  0.00068741091789310
  0.00071554282948253  0.00074556919977740  0.00077798827352230  0.00081190335425432
  0.00084757076867553  0.00088542883712206  0.00092572827895124  0.00096826862958696
  0.00101344618691472  0.00106100479976375  0.00111109784472097  0.00116472434187728
  0.00122301021590166  0.00128807064487254  0.00135884559731436  0.00143685230434708
  0.00152588674227962  0.00162643793199910  0.00173860426414278  0.00186700196663965
  0.00201428328703578  0.00218518542571150  0.00239332036851729  0.00266093564053361
  0.00301449615387128  0.00347645395051211  0.00407608678155609  0.00494720809425155
  0.00645648878639294  0.01019230609837577  0.07581304249849041  1.00000000000000000
  0.05279154516677364  0.05493935292595330  0.05632096441652496  0.05744103624761343
  0.05842120793525535  0.05936957411095947  0.06026119744941520  0.06111931053640011
  0.06195742686797443  0.06279221762936817  0.06363202991327917  0.06447174432629857
  0.06530349018808294  0.06613362056868023  0.06694288969315733  0.06774687640533716
  0.06853933662333914  0.06932074833210192  0.07010415589648814  0.07090012534082980
  0.07168697865278408  0.07248725797234470  0.07329292421781500  0.07410047671403469
  0.07489609636251517  0.07566914165943309  0.07644940338582770  0.07724979015124497
  0.07807255832059332  0.07890291806003148  0.07971585937615848  0.08052914120593854
  0.08135414940066325  0.08218973849220594  0.08304007400376122  0.08390942701368168
  0.08478083767168881  0.08564443957373065  0.08649028473743378  0.08732285456885031
  0.08817268611154888  0.08904486018418808  0.08993349108657010  0.09083201349569046
  0.09173240159005633  0.09266908255970426  0.09364837589515866  0.09466274964982900
  0.09570365018740366  0.09674526284548238  0.09777754195040565  0.09882738952152806
  0.09993913205769543  0.10110952114917005  0.10230999197381724  0.10351935121307128
  0.10472330916298184  0.10594338134775831  0.10718163538425016  0.10840941867194062
  0.10964302766483935  0.11092471815429973  0.11228853302468186  0.11372895107006380
  0.11518104783289602  0.11666759382581429  0.11827411956483323  0.11999429751438678
  0.12180575065251639  0.12354142939668507  0.12536858281035693  0.12710502881577385
  0.12890292278354262  0.13076300341916125  0.13284582672788564  0.13517938364176355
  0.13752992201646957  0.13983597748571339  0.14221483056176543  0.14479450716346895
  0.14776969990322145  0.15121810807628050  0.15471162861952334  0.15781933300227144
  0.16104222891688083  0.16456676955005189  0.16799058666605618  0.17231644827856094
  0.17696045067484401  0.18215211840882803  0.18805541329498435  0.19506060067028885
  0.20340673963052078  0.21281778926201922  0.22586627724241543  1.00000000000000000
  0.00013077062525276  0.00116221025400786  0.00148738909670481  0.00167800641705032
  0.00187831030403238  0.00206898149399144  0.00226096422198552  0.00244898949744473
  0.00262121023702221  0.00278703837686114  0.00295878047071877  0.00313695535563511
  0.00330690920869363  0.00347535958706048  0.00363962665778019  0.00380335099246226
  0.00396235771938884  0.00411899663148602  0.00427447844647646  0.00443022960756402
  0.00458941536914158  0.00474949931936195  0.00490624369136467  0.00507491248829469
  0.00524506582842261  0.00542598184560449  0.00561396437549856  0.00580574913729224
  0.00600389183500941  0.00620682981962277  0.00641157011701494  0.00661716667766369
  0.00682178083278131  0.00702264019872125  0.00721991139627422  0.00741710279729613
  0.00762084993461774  0.00783240583134664  0.00804715030237546  0.00826889720152187
  0.00849451087036365  0.00872376660010075  0.00896071698220068  0.00920651760287494
  0.00945708497699666  0.00971133684908543  0.00997586648698764  0.01024765245558228
  0.01052917237648545  0.01082475821748593  0.01112827710920898  0.01143867447320976
  0.01176257279076107  0.01209536246946836  0.01244615316592985  0.01281328786368498
  0.01318915605888235  0.01357425773885949  0.01397279173469760  0.01439360552608835
  0.01484456864557651  0.01531719241630292  0.01580841274296976  0.01632287240170031
  0.01687035544608468  0.01745600458025519  0.01807547617648722  0.01872231471190482
  0.01938928209007802  0.02008850460347699  0.02080575726642334  0.02155635539904025
  0.02235152787901574  0.02320006372366938  0.02409959272055612  0.02505775915978788
  0.02609442087650340  0.02722425777884034  0.02848024502027416  0.02987721320689215
  0.03139048191349315  0.03302741234407940  0.03488575955207762  0.03699802940001491
  0.03923473112461009  0.04157965048232554  0.04412955979309460  0.04710399663650059
  0.05095848332534916  0.05593914692296615  0.06189046155206232  0.06887671042704414
  0.07873577526144707  0.09159592442894766  0.11865285720182267  1.00000000000000000
 -0.00176659040993538  0.00713492970391658  0.01490687537798629  0.02306559891793050
  0.03082320236824902  0.03891501511500417  0.04735923348433017  0.05651586641071522
  0.06556684125462610  0.07481757963265123  0.08430604996844770  0.09433225746813781
  0.10460689557767361  0.11494470083101194  0.12506431030883433  0.13625501337383547
  0.14701516603840203  0.15818557533315566  0.16947146328175522  0.18130855137862162
  0.19298127501801982  0.20457864868324957  0.21618880214763206  0.22765115552547838
  0.23847839475179439  0.24939924427893551  0.26032053667747646  0.27141581563070050
  0.28253729377029796  0.29390159146396871  0.30544047192722484  0.31682861445070676
  0.32837412579604280  0.33978254482143389  0.35132348668992164  0.36283263520670472
  0.37452482391962727  0.38557702391818305  0.39686964403894992  0.40734942545167691
  0.41816874587520203  0.42904635113099093  0.44016469418806847  0.45102349828443344
  0.46173520409014307  0.47247583357082223  0.48333447242810440  0.49415253467904685
  0.50447581716498124  0.51454344451534828  0.52475589228238673  0.53548164559184086
  0.54626994554210029  0.55690908587223009  0.56776891778104221  0.57903287076025278
  0.59066153378322783  0.60197958011743724  0.61322455432987755  0.62441279441391850
  0.63587158313688119  0.64744721189944543  0.65889563907924975  0.67043249969283270
  0.68194004972756805  0.69324492727433651  0.70461051684425269  0.71595371448232448
  0.72722840921364584  0.73864041921784807  0.75014656898796106  0.76165307855984998
  0.77325210103365116  0.78497899708618613  0.79673816339171188  0.80911570453570514
  0.82108126713848251  0.83234224740003959  0.84269444101616631  0.85283316253985597
  0.86271269721538846  0.87220102441368663  0.88220761675711057  0.89257248387298360
  0.90292732085117300  0.91295967253677046  0.92248700261756800  0.93197727989414925
  0.94096764875642991  0.95002936050556419  0.95878340323052402  0.96760052146673459
  0.97578175731217065  0.98374569790600552  0.99159780429656841  1.00000000000000000
 -0.00211717113270891  0.00839133391681388  0.01791444351086029  0.02773467244016490
  0.03813238966538213  0.04912398497833773  0.06045878762378722  0.07118789722876449
  0.08138179836042396  0.09193149546184649  0.10261115899423300  0.11327023646448378
  0.12359562900588318  0.13400446989050541  0.14436785876596989  0.15470721977919813
  0.16513853479017243  0.17505955537035495  0.18465356844534467  0.19431165676914100
  0.20383774893092926  0.21308831588612664  0.22253088115201006  0.23258169678805721
  0.24333561474995996  0.25398566175321985  0.26430077748798625  0.27442051230920939
  0.28456083464392973  0.29513967271480823  0.30577944793025591  0.31647369521259044
  0.32720116138480143  0.33815779301222587  0.34917582356618304  0.35993168222507915
  0.37041336833973548  0.38069967478087485  0.39145962872129925  0.40244125784359736
  0.41388716558243299  0.42476688434163318  0.43515382850198919  0.44585154480439754
  0.45660312788314428  0.46754840724027352  0.47797615562983625  0.48838271180751269
  0.49896336354864307  0.50934105746871927  0.51980274802036819  0.53056463632659945
  0.54112657990828772  0.55159554757685825  0.56189704075148306  0.57249205983105955
  0.58324267165038490  0.59367238452658944  0.60439963285287934  0.61492886464162266
  0.62512720952578671  0.63553088631741883  0.64636401501162721  0.65696969403570948
  0.66712191255504150  0.67694052223505330  0.68672285131039312  0.69653917696881251
  0.70642124690451136  0.71644814560776460  0.72669684317748995  0.73731675865830015
  0.74870010455672165  0.76039049303528006  0.77201531031352466  0.78346156144220336
  0.79466351433338545  0.80576940662432450  0.81672423826458651  0.82669162629686266
  0.83654478704893165  0.84652121608976105  0.85680649159879041  0.86715716740884996
  0.87768869710056441  0.88843976771653066  0.89943606955616318  0.91039109808655094
  0.92148305587723256  0.93234610214484237  0.94336724385078896  0.95447035825498683
  0.96545295328340042  0.97625641041818401  0.98719897759683695  1.00000000000000000
 -0.01155714238840556  0.05089204891235859  0.08970762814068028  0.12045895106859622
  0.14599687262558025  0.16833665844735415  0.18822449417046780  0.20587714078925132
  0.22166048833088070  0.23591623013646673  0.24887063787405850  0.26071277193245251
  0.27174893862223681  0.28200468362573777  0.29170599115805579  0.30096404946352795
  0.30980319282028806  0.31826195176999572  0.32633167079726361  0.33411974518682935
  0.34171579718665523  0.34919589084586850  0.35648222193899082  0.36354078363708531
  0.37045512966979982  0.37718788407906495  0.38378426380530301  0.39019347169568808
  0.39630955343660268  0.40217253918575968  0.40783334840985097  0.41347336512488198
  0.41913390062837574  0.42477493903892427  0.43039571662453685  0.43593934129316725
  0.44149457465103648  0.44697922143040514  0.45243190904337027  0.45776247976184892
  0.46290275083846644  0.46804097070471201  0.47315744344037763  0.47829763614326343
  0.48355409719942993  0.48889520649906515  0.49420653542829046  0.49938549078815891
  0.50445326081941921  0.50950746349567899  0.51461754762156586  0.51975425708115175
  0.52486974024113364  0.53001681834573344  0.53524715485444796  0.54050330034681970
  0.54574215922515723  0.55099332072705154  0.55616841346317036  0.56130507995996026
  0.56667209554300557  0.57222649110340107  0.57792811663651311  0.58363862977148406
  0.58933054607831070  0.59505505852959661  0.60094703376846592  0.60702713736981995
  0.61324246569268193  0.61946932926534748  0.62581890440242793  0.63234966704624207
  0.63905561609375428  0.64586666996048425  0.65300008795903675  0.66035434140332605
  0.66775293065736219  0.67517657777213391  0.68298334624337442  0.69116369387050214
  0.69953194244719585  0.70799620181780887  0.71716925389950437  0.72684521595598794
  0.73802359536615059  0.75030195990164372  0.76357200627648047  0.77750603141366470
  0.79216293963928475  0.80903209040123492  0.82841669424942888  0.85029213547180182
  0.87401775165346252  0.90308789492313790  0.94467918391412187  1.00000000000000000
 -0.00224758978571387  0.00923532660891745  0.01948279896695735  0.03008614992631634
  0.04077620314326155  0.05124151889614823  0.06168800357662849  0.07218383268363184
  0.08291858230012332  0.09348525574539848  0.10435538250222513  0.11512061003680508
  0.12579870572296736  0.13637046647670351  0.14702501789856490  0.15821532775433719
  0.16977175454636936  0.18134295868788872  0.19242796445785929  0.20327931144677197
  0.21412657345311167  0.22496892894829479  0.23596995516677377  0.24698908107571713
  0.25778628636532491  0.26814088433962757  0.27824264673201909  0.28817740322734425
  0.29817374825188475  0.30837293295014701  0.31885064622523235  0.32956469862364951
  0.34029784071990976  0.35086426822329936  0.36137716572322764  0.37216832730791405
  0.38318309959868196  0.39401021633190392  0.40443318136787976  0.41488738566972377
  0.42543827903497239  0.43602046901018432  0.44687312138334628  0.45771130181276598
  0.46799521551559714  0.47827538056968089  0.48892546088815497  0.49982993142026122
  0.51002917261964564  0.52009229295154724  0.53039429050811160  0.54108069458488750
  0.55174948498705489  0.56229145961104132  0.57255587159796584  0.58277092332788738
  0.59284878566158639  0.60313766644192079  0.61355804892540966  0.62384182816420441
  0.63393890594085600  0.64388053449670102  0.65411826579605026  0.66461220398486565
  0.67508336020221882  0.68568065546878743  0.69614737878718436  0.70624763042777594
  0.71601506125998016  0.72550508657739921  0.73529087989947284  0.74557831282091858
  0.75611428332212482  0.76637932973858436  0.77632230965331850  0.78602760863290078
  0.79592225381825588  0.80639964655680485  0.81740531743625799  0.82860210352419983
  0.83979488004192160  0.85087555434214823  0.86178092853390387  0.87238872720280403
  0.88253413972292516  0.89265719075526428  0.90291047363040255  0.91327814068329083
  0.92374717504539339  0.93447669095450669  0.94525392167389799  0.95645611729549895
  0.96728171106091176  0.97890549560936324  0.98942218477053634  1.00000000000000000
 -0.00253870036101069  0.00973839161066690  0.02021403333772813  0.03120303295575576
  0.04207535789318841  0.05286899564973480  0.06334351798505171  0.07340906767687289
  0.08327978898881395  0.09312821403566868  0.10308386316603850  0.11319372025604076
  0.12337175760537161  0.13400069125733513  0.14442891809847586  0.15449872004451565
  0.16436178258534068  0.17499432845602200  0.18610051048349258  0.19685301090106805
  0.20736961706216167  0.21787304827545478  0.22827611809598611  0.23849892567468328
  0.24867832521591368  0.25930244805198549  0.26996977652241605  0.28056975695045405
  0.29108878077018335  0.30178254455438525  0.31264373087736347  0.32339339310656828
  0.33396581066272074  0.34447736963086439  0.35516017330588640  0.36596229625397358
  0.37692038570311398  0.38827116822732011  0.39954557208306363  0.41087246062426958
  0.42174900288566081  0.43235120637040336  0.44288190495444518  0.45288524069676217
  0.46293318659646238  0.47301710143758258  0.48349789829918444  0.49414910909539389
  0.50472764782467250  0.51551093907304657  0.52651146422337136  0.53781511681380934
  0.54866454937606890  0.55928267010871846  0.56999680050352097  0.58077163298411039
  0.59134460867100913  0.60159109333855509  0.61200584334597141  0.62259052679769411
  0.63318597053077375  0.64363980938292575  0.65415605090441464  0.66472058871063611
  0.67556316282305406  0.68645229065629187  0.69715888034511497  0.70762258516381149
  0.71783693855810093  0.72812487894721589  0.73853666504549476  0.74910063882271838
  0.75959661094690833  0.77005295238763360  0.78080650343921643  0.79157489478630105
  0.80212735908237764  0.81256463315010274  0.82334042255384110  0.83411439596790493
  0.84477945608477611  0.85529320150165167  0.86594394833223098  0.87657658519011550
  0.88683798492499732  0.89687389227504066  0.90694315034909978  0.91754599191857189
  0.92791018711303674  0.93851518584981519  0.94902075030591349  0.95979726565439727
  0.97012315369125091  0.98011945345585427  0.99016818404686746  1.00000000000000000
  0.06633486132479083  0.14270035634062439  0.16830241282305677  0.18580942048570692
  0.20094278554858733  0.21463930575191187  0.22740567469487488  0.23903054771065405
  0.24957780238465682  0.25935431189020530  0.26876501212695247  0.27774391181100738
  0.28618287547454013  0.29402222263323990  0.30144959248366437  0.30858623277959996
  0.31547704202412513  0.32210028370347504  0.32868076709332256  0.33529871166732317
  0.34182492581802099  0.34816883402592824  0.35425265116883425  0.36014852968195776
  0.36594882454712119  0.37158357359903421  0.37699639477092095  0.38221667860006620
  0.38750523248724095  0.39286887050106745  0.39818733510757182  0.40337217515284440
  0.40855019641236173  0.41376467818929302  0.41900323123342920  0.42422629243075610
  0.42932492472339229  0.43431925658536752  0.43931009026283330  0.44436793675835018
  0.44948272301583048  0.45459979644717696  0.45961938097426897  0.46454459807933124
  0.46932438413414246  0.47419412427507979  0.47900621801673676  0.48364792503001558
  0.48821979095041229  0.49276817090915864  0.49732228120194005  0.50182247470078423
  0.50644217773462197  0.51099723232812466  0.51561138184152999  0.52023701244377141
  0.52492303105809901  0.52968333740217100  0.53430756639629939  0.53895205858685236
  0.54362974455926727  0.54842777066652271  0.55327438718499711  0.55808939093342680
  0.56295261286713116  0.56811222489802993  0.57325359879815052  0.57850562335604283
  0.58383777598955244  0.58915262760197529  0.59455319044991539  0.60003835925570170
  0.60560376931309556  0.61136337921008010  0.61722891763208054  0.62314009249397861
  0.62901470809047333  0.63483446661954213  0.64073208233529710  0.64688954101991403
  0.65355370973078808  0.66052852426896402  0.66751236819853721  0.67453761891319708
  0.68190053852570709  0.69006621053676598  0.69898473197768574  0.70820237462281710
  0.71801135681006645  0.72884549747671223  0.74109312230593138  0.75536506683691562
  0.77233864058093893  0.79434965400761892  0.83088723775685691  1.00000000000000000
 -0.03852507320378393  0.17304833465289024  0.21610016295697862  0.24071695642701588
  0.25932813201316562  0.27441123064978301  0.28692860865487541  0.29789052890346801
  0.30766565432909082  0.31658029818301259  0.32478406873627913  0.33240795766726511
  0.33966373009246958  0.34656137582645630  0.35319643591373112  0.35953273361742144
  0.36564082895031030  0.37153173273395612  0.37726178509653635  0.38274563061310363
  0.38810174521668189  0.39334175165991431  0.39842724182380396  0.40339736676458460
  0.40830716185311966  0.41314210912649962  0.41778168694144124  0.42214986680876854
  0.42632154727947330  0.43035508081571955  0.43457661134231157  0.43860431533975647
  0.44262067242967701  0.44660794485821631  0.45052994672355862  0.45438963135475297
  0.45818936706573665  0.46185375180499488  0.46541204336669068  0.46893724845180612
  0.47249070124318399  0.47615303719538971  0.47985622248069548  0.48365647258597516
  0.48739864582230319  0.49118848247884439  0.49497632561982341  0.49872429799553947
  0.50233691995753449  0.50582864368384850  0.50925760010930099  0.51272293704548000
  0.51623755893544709  0.51981790443245679  0.52347598068358114  0.52713949217336875
  0.53085953708256950  0.53465677709183190  0.53853123736563968  0.54241708387036858
  0.54632295353234739  0.55030240557776888  0.55426638594519440  0.55819301567151125
  0.56218420643950517  0.56628251890639369  0.57045804888876950  0.57471894025163806
  0.57906858065332323  0.58348510165333944  0.58795889546283786  0.59253158065261047
  0.59727965262753024  0.60207927452936871  0.60695791116421727  0.61201231578091175
  0.61722537044198289  0.62247874635143108  0.62800728531622629  0.63361003190010490
  0.63947620387246296  0.64569533852651051  0.65232083006750075  0.65927069301163366
  0.66649374190806776  0.67419025926973530  0.68233206891450160  0.69109058051880612
  0.70066864895954462  0.71156264428973393  0.72407890592419055  0.73857273472320761
  0.75671268957836335  0.78201110610897895  0.82578235507379960  1.00000000000000000
   1.4295801003176022E-011  -1.0000000000000000     
 F F F F F F F F F F F F F F F F F F F F F F F F F F F F F F F F F F F F F F F F F F F F F F F F F F F F F F F F F F F F F F F F F F F F F F F F F F F F F F F F F F F F F F F F F F F F F F F F F F F F F F F F F F F F F F F F F F F F F F F F F F F F F F F F
  <DiscreteSampler_grid>
  grouped_processes
  1 # 1 for a reference and 2 for a running grid.
  10 # Attribute 'min_bin_probing_points' of the grid.
  1 # Attribute 'grid_mode' of the grid. 1=='default',2=='initialization'
  0.0000000000000000 # Attribute 'small_contrib_threshold' of the grid.
  0.5000000000000000 # Attribute 'damping_power' of the grid.
 # binID   n_entries weight   weight_sqr   abs_weight
    10   10   1.032568621489267E+002   6.366242734534708E+004   1.032568621489267E+002
  </DiscreteSampler_grid>
