  0.00003846406419549  0.00003982137920577  0.00004084539364514  0.00004196435811257
  0.00004325674653048  0.00004488867980947  0.00004651366179501  0.00004794381150906
  0.00004953579603917  0.00005113816309278  0.00005294545307002  0.00005483781712512
  0.00005693656264978  0.00005899388151835  0.00006115258081076  0.00006328794950056
  0.00006549374297352  0.00006776120484038  0.00007029983053253  0.00007319521090266
  0.00007627099069068  0.00007942583592936  0.00008266952512746  0.00008604942483433
  0.00008975401606413  0.00009389005683414  0.00009851660933297  0.00010350750010736
  0.00010866415535528  0.00011396646354900  0.00011963792196549  0.00012567070339345
  0.00013197906846296  0.00013818653301798  0.00014436191275665  0.00015131988190760
  0.00015876038396060  0.00016649248090668  0.00017443503543687  0.00018259534822517
  0.00019135510561183  0.00020088144367908  0.00021084782360564  0.00022102941040070
  0.00023168388309032  0.00024281184198187  0.00025413040299005  0.00026594296877188
  0.00027844920583851  0.00029181255271075  0.00030519480361463  0.00031934844825094
  0.00033402650357863  0.00034981848481047  0.00036731270428296  0.00038583661203807
  0.00040469076733691  0.00042372461221667  0.00044293155963619  0.00046235188980688
  0.00048241334538892  0.00050318554065511  0.00052503538311666  0.00054858874461339
  0.00057419254713357  0.00060139383991610  0.00063036417308060  0.00066084009268793
  0.00069235435557735  0.00072405893778563  0.00075756918788003  0.00079295574737759
  0.00083051607881409  0.00086979373689343  0.00091063696484249  0.00095379200334704
  0.00099993742017180  0.00105054282126372  0.00110732278345466  0.00116983820375546
  0.00124044873419644  0.00131970539091659  0.00140884842808170  0.00151218391778328
  0.00163371004866753  0.00177815333195088  0.00195336349578109  0.00216927409526227
  0.00244005838187809  0.00280633817086090  0.00334132758195456  0.00420271644549976
  0.00587561034382644  0.01175563355307227  0.52001587588326048  1.00000000000000000
  0.00052037851723600  0.00086733121581357  0.00107536577921647  0.00120778392177827
  0.00132715049635994  0.00146033616226376  0.00159555054590426  0.00171910800979745
  0.00182782620733677  0.00193179745687070  0.00202122385176024  0.00211225772749851
  0.00221489471098205  0.00231232323661567  0.00240069438422154  0.00248155184696492
  0.00256554929096202  0.00265206988917435  0.00273607262643322  0.00281710886542705
  0.00290036179375033  0.00298821525908070  0.00309052942511450  0.00319360059148845
  0.00329457203131749  0.00339345483488461  0.00349194832146480  0.00359198880238945
  0.00369224798122616  0.00379029273319835  0.00388468230719159  0.00397487892830919
  0.00406450735392818  0.00415541691449731  0.00425065698844631  0.00435402103865514
  0.00446280374429765  0.00457575337625448  0.00469002346523625  0.00480391541610586
  0.00491611596724238  0.00502659268615898  0.00513859679510494  0.00525230794378863
  0.00536779027771676  0.00548962391869771  0.00561710466965642  0.00574853220047203
  0.00588440019062412  0.00602334732005797  0.00616213114644976  0.00630263549261774
  0.00644974820977305  0.00660466316795555  0.00676580964013293  0.00693121997288338
  0.00710200695009074  0.00727528946388851  0.00745275278325132  0.00763831206681404
  0.00783591294824838  0.00803465733425920  0.00823764439709652  0.00844348217031579
  0.00865702010184862  0.00888208568416745  0.00911666525566762  0.00935583789045731
  0.00960270011620281  0.00986596756341343  0.01015190421025519  0.01044450357458977
  0.01077688786230546  0.01113506108351060  0.01152088065987725  0.01194360322865399
  0.01238371793963054  0.01286081144608782  0.01337860976468180  0.01394293182134190
  0.01458333174869894  0.01527775486160756  0.01607433150926797  0.01699730612544944
  0.01804503558905636  0.01926975973587942  0.02074788569869008  0.02249797831802020
  0.02460878476333626  0.02731719087561773  0.03094944060126773  0.03578905987902031
  0.04444173763318465  0.08422604927928556  0.62487308777323258  1.00000000000000000
  0.00175985683526528  0.00318003079267677  0.00410039809459655  0.00457787056995435
  0.00510464497146592  0.00560883829731831  0.00605260207171312  0.00646325852164261
  0.00684155312254966  0.00709087038662490  0.00731406667042963  0.00755099099534297
  0.00778057145527532  0.00800677680399110  0.00823174839585097  0.00845520796244786
  0.00867784421946931  0.00889673512916595  0.00911999961206783  0.00935109234252882
  0.00958197641054050  0.00981236753225558  0.01004474651494066  0.01027621102858829
  0.01050428438290166  0.01072199792803666  0.01093721654492557  0.01115236408105920
  0.01136428553616457  0.01158133643502833  0.01180916921468589  0.01203081425115151
  0.01225224841869887  0.01247772961852327  0.01270735289743285  0.01294065651734496
  0.01318059164947258  0.01343094024249550  0.01368475990973659  0.01393578617754842
  0.01420037454056589  0.01448128733595352  0.01475960073421219  0.01503354979976119
  0.01531282574912828  0.01560201409394777  0.01588562915327563  0.01617541776134581
  0.01648003100159992  0.01679688214791223  0.01712921688171534  0.01748498385037582
  0.01783812540008118  0.01819847017424269  0.01856009947467427  0.01893980019086751
  0.01934740294801812  0.01977055335938574  0.02023160559068139  0.02070648777948297
  0.02121933728942962  0.02173634551325901  0.02227181685431108  0.02280828934865841
  0.02337246226169894  0.02397429913475565  0.02460923680610397  0.02526830670280334
  0.02596178850672432  0.02666437977601827  0.02740524901013730  0.02816576384102455
  0.02897401280688618  0.02981730245547835  0.03066046314064377  0.03159911346707523
  0.03266137114940987  0.03370888207368227  0.03473277311622981  0.03587781271004999
  0.03716510830376677  0.03862602523227804  0.04028089085682610  0.04205834739223438
  0.04385358761042447  0.04576277772999886  0.04780789146482211  0.05044955764449399
  0.05335793739158782  0.05638871826695935  0.06040338470718476  0.06619237612858761
  0.07306119741548908  0.08426618020144053  0.65034552484148844  1.00000000000000000
 -0.00219576241390576  0.00843652705850154  0.01636485323927052  0.02433904424940279
  0.03204395589615927  0.04021839206178539  0.04989689558562060  0.05942167064373854
  0.06877129749293134  0.07792811891757755  0.08765578848148169  0.09824121937078444
  0.10926042744215204  0.12026232710871848  0.13134874198543475  0.14278206487475570
  0.15443531751605527  0.16598360056976744  0.17710914815050402  0.18824262483753229
  0.19975097708009174  0.21109196600631455  0.22157895702442953  0.23176831476583568
  0.24225585739662769  0.25319632660300706  0.26415624101651164  0.27482443978085086
  0.28536335332043689  0.29630761920993631  0.30724458093060580  0.31791350675921892
  0.32800690995326798  0.33836649273835107  0.34892052714427702  0.35968034855825026
  0.37037650717219672  0.38125011934883618  0.39217710293007962  0.40255532496913882
  0.41343456904494924  0.42476742935599565  0.43618777704001516  0.44695577312336071
  0.45745517164707622  0.46833472533877946  0.47902523608330538  0.48996863032154858
  0.50096781621922304  0.51219569557939582  0.52344184729876175  0.53476456526394522
  0.54635556972579091  0.55834619804415964  0.57060244873588262  0.58258556346843215
  0.59391276279165484  0.60503107094153952  0.61572408577302795  0.62667208756572068
  0.63762392340233476  0.64863515854303067  0.65965355210907550  0.67093295577106837
  0.68247032191304435  0.69359148866165032  0.70429670964199853  0.71462974497729026
  0.72504049036552720  0.73557850916613465  0.74600361138806492  0.75651182827057839
  0.76789889743688744  0.78019955112342665  0.79282577718802583  0.80484940511335834
  0.81633290953211946  0.82727757714627903  0.83817472510459179  0.84857875562671914
  0.85875016471179366  0.86899601133722404  0.87961867360290757  0.89019409325674403
  0.90040472665359428  0.91043439751340560  0.92019510735993970  0.92946333835013795
  0.93830024928943301  0.94677497563510071  0.95528771483708907  0.96407125775931257
  0.97301914110655974  0.98200616249653860  0.99104527097938422  1.00000000000000000
 -0.00268482227435656  0.01009529728334775  0.02105232633380852  0.03187077825592154
  0.04246085950860767  0.05266706147895951  0.06242667188068489  0.07155648298483157
  0.08121398696503120  0.09157217507810715  0.10128447442980398  0.11096146411442924
  0.12089003872394721  0.13187506340098695  0.14291300040880678  0.15324331148144243
  0.16391288598004497  0.17457992329422586  0.18557004874263772  0.19622876269270964
  0.20692640860248354  0.21734869606605434  0.22765169753744882  0.23829731463414774
  0.24899776750781533  0.26005052776659432  0.27135504224543411  0.28265114842479711
  0.29414871317129121  0.30560075653198499  0.31667765813936782  0.32748047182847256
  0.33799367360031640  0.34823294790244219  0.35844281769469510  0.36853641869861842
  0.37885702879104882  0.38873634442964394  0.39897799306900539  0.40956804974251088
  0.41987224654455402  0.43000481647271177  0.44038363053726248  0.45053451979145109
  0.46078719890514730  0.47100804014502884  0.48170995365818331  0.49250255964038864
  0.50288951185413311  0.51294192536119498  0.52315558394150141  0.53340922357963627
  0.54348826541049322  0.55332850964806546  0.56318287299780301  0.57330873642291957
  0.58358639078229235  0.59368387005291390  0.60399748229510108  0.61358266978657816
  0.62327508231689810  0.63300083597228707  0.64263623062789343  0.65217350213652292
  0.66156529403380093  0.67139950452470654  0.68222737530745459  0.69362789228069788
  0.70567742174464787  0.71778720326225631  0.72960670715257459  0.74060051309070496
  0.75166364735995617  0.76187210086501223  0.77141642513643671  0.78111969506426215
  0.79142300748441330  0.80198297766017701  0.81278192085674605  0.82431520647896783
  0.83594583547953549  0.84731524550180459  0.85832979249951780  0.86914125985416790
  0.88003590380483221  0.89106065039342841  0.90248515421237474  0.91440231622695312
  0.92615814975178379  0.93820811113990954  0.94925279358762138  0.96024819224631308
  0.97047803182718173  0.98025354933427322  0.98991710333033212  1.00000000000000000
 -0.00290306626297373  0.01045620830160657  0.02218863156449745  0.03378325956153471
  0.04494521807391676  0.05557614463258832  0.06613241419300352  0.07638623547650800
  0.08660699583910203  0.09668987860604317  0.10685170922561534  0.11757073706911106
  0.12762654993645192  0.13772445407729686  0.14767976136672153  0.15774523228520163
  0.16757479484936821  0.17657111819434401  0.18595704455414988  0.19609677401086278
  0.20694330043909484  0.21760717412208400  0.22817939449278271  0.23904871722519486
  0.25012282539555863  0.26108379679262644  0.27176824417335893  0.28194378871348025
  0.29188437078686380  0.30182873187204579  0.31202032349261938  0.32292195889003800
  0.33389588642436452  0.34566060597726961  0.35781784799218030  0.36963295851767070
  0.38081576169259923  0.39118944258353977  0.40129614465831487  0.41143541870193401
  0.42124941979317843  0.43108865303514343  0.44140590930627860  0.45182125931989603
  0.46159224565851359  0.47104200285259701  0.48042101388827929  0.48995251206125501
  0.49972603592254039  0.50973574881027917  0.51963896657631126  0.52957106811518051
  0.54016242961614602  0.55125849893680712  0.56173184477042326  0.57152917866885777
  0.58090124776454499  0.59093110239120572  0.60163665390197718  0.61261609650919835
  0.62373917668773848  0.63486900820908343  0.64623116864471264  0.65683029172077967
  0.66696458082614318  0.67664767529307646  0.68707693248526580  0.69751801242408029
  0.70768868889689351  0.71783463046027229  0.72803393811656880  0.73858911658192195
  0.74949243196328785  0.76027280391698393  0.77144206430474771  0.78182852562661120
  0.79233361567400307  0.80292267091653069  0.81356757756476672  0.82447356540466576
  0.83575182276470328  0.84792070881647319  0.86032060428901347  0.87220341115397648
  0.88347877921288986  0.89439260743275650  0.90556381482301274  0.91639085462712144
  0.92677778321129811  0.93687004564078913  0.94738346869753465  0.95801196486013007
  0.96859875826959962  0.97913346817981484  0.98959255232328391  1.00000000000000000
  0.05296054665721860  0.05469737401939425  0.05623809692259508  0.05745864818012086
  0.05854984859086348  0.05956027725158928  0.06053021092609163  0.06145960805153382
  0.06234090743690674  0.06329917731532261  0.06433736251590517  0.06531049038685340
  0.06627246589753198  0.06721776079373101  0.06815700574315751  0.06911099237998104
  0.07005112566585091  0.07099118841407719  0.07194368648980159  0.07289971839115045
  0.07384315059211451  0.07477207470725362  0.07571036947861268  0.07665215379132481
  0.07758350610218721  0.07850801301283709  0.07944143469433326  0.08038161944850208
  0.08131339463539575  0.08223656977777767  0.08315513709384088  0.08408685517536350
  0.08504859041150141  0.08601338185680046  0.08699999254054992  0.08798230021938554
  0.08894408846972802  0.08989190508295478  0.09083896890659814  0.09179907978178878
  0.09279233443985221  0.09382401081805537  0.09486611794044414  0.09590882572829425
  0.09690199670288634  0.09788008649857299  0.09888659021190287  0.09992091759491006
  0.10096109604865937  0.10203661364668297  0.10313212732412712  0.10423877337465447
  0.10544431753252187  0.10668285827891846  0.10784945045692056  0.10902830011461648
  0.11027162107360745  0.11163849175602528  0.11312469466431116  0.11462457549871607
  0.11604401052818408  0.11742979643297118  0.11882831567074736  0.12031813585780170
  0.12197248084359606  0.12373345719922046  0.12562416181992361  0.12766625593703049
  0.12974654691738985  0.13175005794158692  0.13367128270760037  0.13551782030825818
  0.13765156350978372  0.13995857550204474  0.14213531236054666  0.14437064247833209
  0.14688508462087607  0.14969276957134714  0.15279058777026683  0.15614110111797780
  0.15991823649351891  0.16476118026311481  0.16907266924542300  0.17341694615826664
  0.17741814571852438  0.18210350241046785  0.18748308109616571  0.19370217402238249
  0.20319100690358641  0.21133333687207162  0.21994158491509586  0.23050903725327870
  0.24567754188441193  0.26605165904208372  0.83369279368220017  1.00000000000000000
 -0.00250788504428384  0.00963909895781305  0.01960705479467182  0.03017524706316975
  0.04039055365641710  0.05053504199653932  0.06039367933413504  0.07006359369918168
  0.07941878664574495  0.08884881835487923  0.09839332300895638  0.10798627271394343
  0.11739492638691532  0.12677937220309249  0.13652310845369195  0.14664204709984213
  0.15651779249889636  0.16666504636390317  0.17621608460433669  0.18554388177049977
  0.19529857290480626  0.20521710785780739  0.21549432705618152  0.22570827495113230
  0.23574619941311037  0.24556299262391912  0.25595696303228849  0.26614830584465649
  0.27637681353966631  0.28688620280272781  0.29782847874830826  0.30908988045757135
  0.32033606485710076  0.33214809689881619  0.34414073204142648  0.35567797357555447
  0.36731905915712748  0.37818793548716811  0.38861360360654107  0.39928635744901042
  0.41025097427334256  0.42121644001182695  0.43214578397687831  0.44305705548105007
  0.45429045146361047  0.46542386746372733  0.47658593848086861  0.48791193281676898
  0.49936979078791549  0.51108030727452869  0.52294837500412872  0.53482614383931160
  0.54608944323264708  0.55748098618484188  0.56848101180012911  0.58019393338891834
  0.59171725214354731  0.60272314572346564  0.61312684415200147  0.62324352880295619
  0.63312832885559933  0.64300304877058601  0.65363839394786027  0.66466530741365848
  0.67563011108161963  0.68658389555956234  0.69800652845475875  0.70946133986120441
  0.71998785627507333  0.73022922656036138  0.74049885416704897  0.75083946461582052
  0.76127444400980582  0.77187782685929307  0.78267293296196239  0.79343878685541991
  0.80359668037833587  0.81361250474312063  0.82352581890122900  0.83321779919371808
  0.84266888197410539  0.85229314616321195  0.86282292671530525  0.87422504215728347
  0.88513314459127768  0.89567766827998452  0.90688443811188668  0.91846221441841092
  0.92879267642664720  0.93899043136460214  0.94904940398857407  0.95917638788379289
  0.96881337209853491  0.97940689976625350  0.98966379512965175  1.00000000000000000
  0.08706988685591860  0.12913370937716565  0.14906334180917252  0.16690607543303537
  0.18263559491182091  0.19555741087200823  0.20649190838563530  0.21677387947868146
  0.22655317913680256  0.23551783040549781  0.24385494704142782  0.25202018409145982
  0.25961825250456866  0.26695017958781964  0.27435973361319060  0.28188256832437503
  0.28889364656614508  0.29534252400479272  0.30202633433646503  0.30853179790443602
  0.31501515706800493  0.32138125713972421  0.32775342864434193  0.33414177633825060
  0.34012555144653939  0.34601932012185321  0.35168421262384675  0.35719869199818510
  0.36260252584504693  0.36791748233514093  0.37312172537844129  0.37821549487583322
  0.38330687586514040  0.38847937066605398  0.39362167966019057  0.39851312537818095
  0.40329311025515124  0.40812161102638878  0.41292845932948963  0.41761432048260522
  0.42215026689279533  0.42670804390981593  0.43136238959045281  0.43610872948674539
  0.44087994339512637  0.44575802165234846  0.45073762940982587  0.45563508875202524
  0.46050123650960706  0.46520605871966852  0.46981471261943619  0.47444174448820026
  0.47920580530393053  0.48431675741256841  0.48940943717139956  0.49441738012510328
  0.49946642331470570  0.50457683770203932  0.50970813476970445  0.51485863519609687
  0.52001776218766316  0.52519276741061494  0.53046969917458320  0.53585060881615643
  0.54123138480237987  0.54665611106526535  0.55205356674180961  0.55740999152240867
  0.56287181653706109  0.56843199603871863  0.57413724711276337  0.57976273197449957
  0.58529870790788852  0.59112691073857315  0.59697583452280301  0.60304756318393637
  0.60918877246403702  0.61543781904936012  0.62185915690253302  0.62866075267279065
  0.63601435952926810  0.64368554177867932  0.65141780297084195  0.65921016148269151
  0.66722274674768844  0.67544526572229702  0.68428836875527654  0.69390958285763782
  0.70464912002919500  0.71631414330845233  0.73006126916100789  0.74650505719759908
  0.76547157867264870  0.79006988764807429  0.83258140121754431  1.00000000000000000
 -0.03238407660549075  0.16135419615558494  0.20389506067036622  0.22960528471849434
  0.24725644668431873  0.26192375506110305  0.27460672567283223  0.28594414040837335
  0.29579110528385033  0.30445392638446711  0.31272646329391957  0.32094144583699785
  0.32879076698416965  0.33585726363533636  0.34239920284515840  0.34869014907140961
  0.35492340304674536  0.36110889146652952  0.36726829701918245  0.37326717273271881
  0.37890960192603529  0.38415239647940574  0.38918183615768431  0.39414968777992848
  0.39902760646318691  0.40381137822652213  0.40850709375718619  0.41303989195030166
  0.41730454105453180  0.42139696915881308  0.42557107883423989  0.42977190790099717
  0.43393657068633051  0.43815899292406357  0.44221074444303149  0.44639428500631412
  0.45036584968247750  0.45454137766809322  0.45862084096092998  0.46283360462902773
  0.46702758283858548  0.47115969223507970  0.47520470679077365  0.47923701782673805
  0.48339538582561331  0.48756805088821742  0.49167506542785633  0.49573724673335590
  0.49984350896631702  0.50403974134506446  0.50828846034365238  0.51254010058690902
  0.51671195376089041  0.52095867167359655  0.52522214322072747  0.52958701820661824
  0.53402661587804390  0.53842146695488036  0.54269589996945578  0.54688966508632753
  0.55102187461755137  0.55506754697576555  0.55908076602863777  0.56316167902132930
  0.56736415397489437  0.57176631342012874  0.57628449386826119  0.58086323297266940
  0.58556126078795445  0.59036039929504747  0.59508514605165341  0.59979869969700539
  0.60472987047512594  0.60994050858441307  0.61532391355049276  0.62069545682974325
  0.62606753247690861  0.63151961124753686  0.63721457987555152  0.64326155472563462
  0.64968633897305472  0.65638247468159971  0.66321637313529835  0.67032899815017799
  0.67791297803420492  0.68604390569050666  0.69482335595350420  0.70444319448508241
  0.71491739710762259  0.72632657133301037  0.73921880220023484  0.75422531410563365
  0.77273513392546089  0.79806707721229531  0.84259217674663855  1.00000000000000000
   4.5714125809581543E-009  -1.0000000000000000     
 T T T T T T T T T T T T T T T T T T T T T T T T T T T T T T T T T T T T T T T T T T T T T T T T T T T T T T T T T T T T T T T T F F F F F F F F F F F F F F F F F F F F F F F F F F F F F F F F F F F F F F F F F F F F F F F F F F F F F F F F F F F F F F F F
  <DiscreteSampler_grid>
  grouped_processes
  1 # 1 for a reference and 2 for a running grid.
  10 # Attribute 'min_bin_probing_points' of the grid.
  1 # Attribute 'grid_mode' of the grid. 1=='default',2=='initialization'
  0.0000000000000000 # Attribute 'small_contrib_threshold' of the grid.
  0.5000000000000000 # Attribute 'damping_power' of the grid.
 # binID   n_entries weight   weight_sqr   abs_weight
    10   10   5.039356347452569E+003   1.196316436434669E+008   5.039356347452569E+003
    16   10   5.039356347452571E+003   1.196316436434669E+008   5.039356347452571E+003
  </DiscreteSampler_grid>
