  0.05293273882175007  0.05439222370317320  0.05512729351730106  0.05586648704749569
  0.05652053654939294  0.05712301819671077  0.05768997023908826  0.05824834748322368
  0.05880361793786044  0.05935351639440593  0.05990157910699348  0.06044346426566705
  0.06097776616573953  0.06150017090959457  0.06202137661582720  0.06255212162532015
  0.06309251621512706  0.06364382662739844  0.06419643099180186  0.06475040850655703
  0.06530904444860008  0.06586670015695265  0.06641397803907506  0.06695420108466919
  0.06749885417248035  0.06805523796972929  0.06861680505166262  0.06917172444717581
  0.06972637138018034  0.07030693034290961  0.07090954668236277  0.07152090986307262
  0.07214610985636045  0.07279416474130102  0.07344969222068763  0.07410328069495885
  0.07476709946170138  0.07545584517753927  0.07616605323899762  0.07686819559764266
  0.07754652619109588  0.07821512321541754  0.07891139239846770  0.07962915621591941
  0.08038460527125509  0.08116403826361808  0.08192860122617787  0.08269036067643394
  0.08346651072872205  0.08427796862185437  0.08511553468722104  0.08599410399436935
  0.08690189289294657  0.08781707223655905  0.08872248773504589  0.08960717736864046
  0.09048567470015996  0.09139071709322141  0.09234748759143928  0.09333128630264309
  0.09431313929382631  0.09534615503819410  0.09643336126274747  0.09757356232377247
  0.09870526485217111  0.09986447856070346  0.10106488134182791  0.10229670595196182
  0.10354967470475300  0.10485356030218326  0.10628522303066533  0.10779700456555180
  0.10939439213989653  0.11111410378922380  0.11289409744589626  0.11470673216015735
  0.11655042118095152  0.11841581456774414  0.12035603329244510  0.12247449915670441
  0.12477964904878341  0.12724813549384967  0.12972967365256111  0.13224988032878870
  0.13505148724775415  0.13822156299338845  0.14188161847039951  0.14582352990262654
  0.15031822401341671  0.15567660745972536  0.16223697383917368  0.17042531304305281
  0.17908012467376183  0.19120098238888983  0.21078555060357054  1.00000000000000000
  0.00027351443935681  0.00033099507815794  0.00039187677386949  0.00044287014936235
  0.00048354184397970  0.00052144883279171  0.00055897921063695  0.00059659776614353
  0.00063542901131378  0.00067428573990145  0.00071001636642117  0.00074478472584231
  0.00078014898818807  0.00081555035782107  0.00084981549313074  0.00088466675133729
  0.00092034330973904  0.00095639655318667  0.00099045732217155  0.00102407316308266
  0.00105681622008624  0.00109121018388400  0.00112713785802327  0.00116406078492615
  0.00120153724980566  0.00124205993094261  0.00128208316244136  0.00132221004829497
  0.00136341365906971  0.00140498279978976  0.00144716622251691  0.00149035999657200
  0.00153463689377068  0.00157955517278135  0.00162511170526407  0.00167107677061272
  0.00171513332555611  0.00176040325937423  0.00180812553445491  0.00185704665718768
  0.00190748935408217  0.00196016089247762  0.00201540248127269  0.00207238494807687
  0.00212958126615913  0.00218603892122580  0.00224478568349458  0.00230677523283249
  0.00236939420920921  0.00243415271096971  0.00250211944423101  0.00257131682490083
  0.00264309152048613  0.00271940084880790  0.00279825170513316  0.00287919121137439
  0.00296173590534224  0.00304838852692677  0.00313686235273826  0.00322824451064036
  0.00332491274951665  0.00342744965612601  0.00353286367178858  0.00364548230264518
  0.00376308789667861  0.00388534187369843  0.00400843166364264  0.00414366569991497
  0.00428051437744935  0.00442547721870226  0.00458447829939332  0.00475568509437618
  0.00494092439424807  0.00514251224500610  0.00535849138002306  0.00558573516686341
  0.00583580544614751  0.00611033214477718  0.00641593947087272  0.00675915170854398
  0.00712423990313666  0.00754310827941157  0.00800367468761052  0.00855038777886590
  0.00920136443765388  0.00998351776618429  0.01090916556906682  0.01202728380038697
  0.01341963167203246  0.01531480730124174  0.01800085929101840  0.02211367623936930
  0.03041096709761202  0.05212279240990185  0.55753846506665672  1.00000000000000000
  0.00010546464908120  0.00037698390329643  0.00058262035136450  0.00076329927251692
  0.00081564924854472  0.00086799922457251  0.00093228511840415  0.00100657685461775
  0.00108791113804601  0.00117161343920112  0.00125290373253539  0.00133008873954462
  0.00140906448217806  0.00149042527162550  0.00157307257209633  0.00165304330370355
  0.00172727587869689  0.00179879441650880  0.00186374091712488  0.00192822666837004
  0.00199460158069711  0.00206176770043341  0.00213031363138580  0.00219744301642511
  0.00226542471667821  0.00233378247575479  0.00240393318194953  0.00247872571901610
  0.00255787318191968  0.00263906940386124  0.00272111435359597  0.00280287668633515
  0.00288425229215626  0.00296647451739474  0.00305161186907287  0.00313821242018045
  0.00322329003632477  0.00330824743990444  0.00339766599512950  0.00348911255600023
  0.00358388934693926  0.00368376832129906  0.00378650440475069  0.00389316925865017
  0.00400233515564360  0.00411307176913816  0.00422558968818662  0.00433964403824958
  0.00445893277069466  0.00458429975017584  0.00471361892893811  0.00484587699618468
  0.00498661708601400  0.00512929348265406  0.00527283411807109  0.00542423005386907
  0.00559273400756114  0.00577291320227247  0.00596397318393190  0.00616923837615257
  0.00638642569291502  0.00661187794007915  0.00684592276459561  0.00708933056188316
  0.00734573219554256  0.00762743834403363  0.00792749511142455  0.00823820601664086
  0.00856191692131114  0.00889947517161163  0.00926430466906269  0.00966101646014144
  0.01009276474660289  0.01054869968391796  0.01103054730463671  0.01155602709769639
  0.01212696598124126  0.01275984982264012  0.01347384894575288  0.01428032130842213
  0.01521684939041915  0.01628553341713588  0.01749349754179340  0.01882240030892162
  0.02028483428096755  0.02195091065410522  0.02390757665290830  0.02623932879623213
  0.02910796861562258  0.03267367108633683  0.03688179922911144  0.04257532841981350
  0.05067535551964777  0.06161921407142665  0.07909327585857236  1.00000000000000000
 -0.00215133324052890  0.00794015383670956  0.01694571865187014  0.02621149373126854
  0.03537137778869170  0.04455438323586784  0.05431599213336967  0.06400037170866679
  0.07379804246299976  0.08355196103669564  0.09321963631381361  0.10289053475160463
  0.11245001121482734  0.12180709385184492  0.13153229540190942  0.14174582360775093
  0.15207517222970612  0.16252314045634436  0.17320609424408856  0.18405622113863784
  0.19507683369062867  0.20597410364412427  0.21678524855806966  0.22722840038780917
  0.23740388153251712  0.24745130709764224  0.25774498970346549  0.26812316784631646
  0.27897314501345610  0.29027947367133200  0.30177771785600199  0.31304293717774834
  0.32402293971843038  0.33481520734110182  0.34545071491612189  0.35636124357667687
  0.36718520217982592  0.37781742528271733  0.38839598531482178  0.39943241796748163
  0.41108509320703202  0.42249646417672976  0.43366250928937355  0.44478724416716497
  0.45598938665459937  0.46704188665019786  0.47805811068663107  0.48916898762928074
  0.50040706984202554  0.51142175397303535  0.52230700593052981  0.53365580261696510
  0.54537830823697764  0.55696704128023455  0.56871003536261200  0.58037643410709694
  0.59204280574974655  0.60381129031272396  0.61602428063541093  0.62814062770117918
  0.63979548216967796  0.65077820680137044  0.66148170500975589  0.67232738877485043
  0.68309409455609227  0.69368795381589921  0.70419406823493269  0.71515255778701048
  0.72677921876482976  0.73798491240681663  0.74921200042308256  0.75987396439374844
  0.77063683562694518  0.78121089308004066  0.79174147787750671  0.80211503922399652
  0.81267897654080734  0.82355760535618749  0.83435323858959887  0.84458457774997597
  0.85435094142464652  0.86371383641905297  0.87281480797707789  0.88217361648126247
  0.89173655015710585  0.90181921970077739  0.91172453514574503  0.92133286991832175
  0.93103868151361380  0.94088616720978546  0.95114301538011725  0.96120762550336014
  0.97083345137542010  0.98031096542542773  0.99005060299523384  1.00000000000000000
 -0.00278592828718751  0.01003909917148983  0.02161450135592715  0.03291466177333376
  0.04432398182104360  0.05560999741403358  0.06666806559563616  0.07764918121562818
  0.08879023421469961  0.10001858592660104  0.11096480499363204  0.12194719349697875
  0.13323581053407621  0.14461753726917945  0.15583636959958549  0.16656143361736167
  0.17691776847369187  0.18723508272066799  0.19739298181116396  0.20724081521787732
  0.21691527003003561  0.22662518928118902  0.23686125348505471  0.24720648237391368
  0.25713045428856701  0.26697569833149221  0.27695165177739756  0.28698077733839478
  0.29705397583483162  0.30689071501895260  0.31675660906014214  0.32694182375084752
  0.33747487504414320  0.34828459115914107  0.35911941141693415  0.37017225027039186
  0.38064006973710307  0.39076204766780065  0.40134037094293901  0.41197638498903061
  0.42272540938330327  0.43325275955133752  0.44395308868624950  0.45489178397465113
  0.46484438917393256  0.47476448258545295  0.48452400106956073  0.49449171861069102
  0.50458674820593341  0.51518520093971309  0.52597562014991739  0.53681232357466302
  0.54735023488266665  0.55745397547033226  0.56762560051812194  0.57769236391193513
  0.58810434634502828  0.59894577002221061  0.60999077015383574  0.62141764503558339
  0.63238363334121117  0.64290720727913730  0.65355427483741357  0.66399030697336314
  0.67451529440615088  0.68458812076532671  0.69532838052311041  0.70604458535836045
  0.71670473691872827  0.72665611616109949  0.73713867918276388  0.74777690287083742
  0.75882407523495166  0.76978828364827123  0.78031919871158317  0.79100858961366538
  0.80151538360725849  0.81213192119132116  0.82282005114242218  0.83360289836754420
  0.84449420033093214  0.85493209086360367  0.86544721888188691  0.87620384884231339
  0.88749957979423044  0.89841458856714784  0.90868743637645399  0.91896630062069451
  0.92916670491545095  0.93913639382576330  0.94885891828571944  0.95882913297215466
  0.96928387259916493  0.97966508752174208  0.98975790095958760  1.00000000000000000
 -0.00306281915463814  0.01061986665694603  0.02196170370679446  0.03294239628250720
  0.04372869518474165  0.05409067039515066  0.06381612063808927  0.07310019027674837
  0.08244607351481864  0.09247377950794577  0.10231876492594959  0.11244035250917843
  0.12236257719886592  0.13309353392130899  0.14387614285167377  0.15483294684442786
  0.16579989168307788  0.17722012246409463  0.18853878942544766  0.19929707920461326
  0.20979119077317535  0.22027991264523505  0.23110536777951374  0.24156641225678754
  0.25228124090832754  0.26289367838198052  0.27331620136629925  0.28367725111819214
  0.29422962916425516  0.30496038644841983  0.31549342210352938  0.32560482666292756
  0.33577511498270196  0.34592217501039502  0.35617572246257828  0.36688428633319659
  0.37745290541042387  0.38927718369510228  0.40105162212172851  0.41255029995339731
  0.42364717188037770  0.43424653051175116  0.44464198779152492  0.45509731097433842
  0.46555769234571454  0.47597887079382989  0.48614119918187865  0.49632011331655412
  0.50648640515540000  0.51660530506751223  0.52670444020277829  0.53660826748570267
  0.54655026215853975  0.55659994793532175  0.56656615777136132  0.57651867937922030
  0.58645427444677456  0.59693270390216180  0.60732786391214033  0.61742839847663966
  0.62731646745354819  0.63793897538945521  0.64882473267431595  0.65956706319344882
  0.66993094717401624  0.68049144007205331  0.69092918930321079  0.70124400687958588
  0.71164647385732616  0.72227950869541235  0.73259895697922717  0.74279677671309630
  0.75305448373720907  0.76320281010296898  0.77311471038559687  0.78326673143445624
  0.79368638037591943  0.80419204298453728  0.81443008198191547  0.82457617248503179
  0.83458158640133939  0.84482580421095743  0.85550991073275184  0.86659276203039892
  0.87765875346556343  0.88855694218875914  0.89948452613666297  0.91018228601468054
  0.92114050013857152  0.93232124713558506  0.94338474127443417  0.95442290815534958
  0.96521654569643389  0.97657086441487495  0.98812692077956910  1.00000000000000000
  0.06012523200472805  0.06127691936188000  0.06247143216221943  0.06400043892828139
  0.06558243320047011  0.06702041637540165  0.06849207158681103  0.06994880995910345
  0.07134840166590364  0.07270198207734925  0.07403940495590119  0.07538286820369490
  0.07671786243471874  0.07804122989033016  0.07937508754792863  0.08070677305527496
  0.08203008423659956  0.08329851153130886  0.08451725681066453  0.08570602988215989
  0.08688281185622879  0.08805553784351937  0.08922292627759884  0.09037528397949490
  0.09155323579670918  0.09274969690837567  0.09395750550001292  0.09518679090078502
  0.09644114815900597  0.09770350114811614  0.09895505341949933  0.10017728470954831
  0.10137616327660111  0.10258485198450025  0.10382461354279567  0.10512399108666361
  0.10647088491984132  0.10782496474906604  0.10917580412091324  0.11052009466172268
  0.11187012639081381  0.11324866976191014  0.11464381522477118  0.11605753734746628
  0.11747171004269301  0.11889450250933700  0.12035389048585809  0.12184500045390641
  0.12337908880682377  0.12494247459174869  0.12650568115810620  0.12805733798054394
  0.12959399466659413  0.13114659607413306  0.13270540247953944  0.13433565591634222
  0.13593956287565961  0.13757873417386837  0.13923719872650209  0.14097051535977317
  0.14272307533101755  0.14449233252283111  0.14640177416919117  0.14840422699448486
  0.15048048205858111  0.15251365405956499  0.15458476441844540  0.15669123825814030
  0.15883970623857391  0.16112346737301778  0.16343233106973601  0.16579369283009110
  0.16840387127354009  0.17123179603879593  0.17424224767018645  0.17740833690896116
  0.18060022385547736  0.18385799543033449  0.18738755982563418  0.19133627982614373
  0.19575234908058423  0.20047036655722839  0.20541263001763713  0.21078545961176920
  0.21658377061751752  0.22242644512625140  0.22859651079698065  0.23594840373120116
  0.24471818138451731  0.25495017436185147  0.26916448158904510  0.28968611385087945
  0.31756426940679694  0.36070352580992104  0.91044896014413901  1.00000000000000000
 -0.00258094142446856  0.01084930434557813  0.02262528809536331  0.03460370368422441
  0.04636056807308887  0.05812745140785180  0.07055088216677682  0.08314077622031948
  0.09528211861194642  0.10695252454268701  0.11871194758503195  0.13044060329992199
  0.14213169838679135  0.15330158811920575  0.16411351039948083  0.17502602134466314
  0.18585563853363485  0.19621908983151073  0.20649687751822735  0.21747260511701033
  0.22853274105914423  0.23875480979414748  0.24859822925177402  0.25850164029215694
  0.26851685314848356  0.27817237376431975  0.28791347027680697  0.29803309505684761
  0.30810184370231397  0.31782382362256745  0.32747807501004617  0.33725803431036583
  0.34728545280454276  0.35750916914355885  0.36768717385506433  0.37771707743015182
  0.38770966371364624  0.39742600696748981  0.40708908658110526  0.41680128607525135
  0.42614269415351591  0.43512691508399742  0.44375324196335675  0.45232603940481875
  0.46128752452343319  0.47066788974378249  0.48005368817995442  0.48922521748545861
  0.49831142485501384  0.50741290913876647  0.51671599773943955  0.52623859067238365
  0.53585580579161740  0.54535095724337246  0.55458934488943634  0.56349777870962803
  0.57237477688672034  0.58154791620269097  0.59110993243183263  0.60050854668084686
  0.60992991381891781  0.61938244740402049  0.62884287551914531  0.63853088115060808
  0.64821159307392429  0.65822482096809265  0.66817492519080968  0.67818646600490595
  0.68818340304351655  0.69830620672636790  0.70829295025975003  0.71844330131527190
  0.72833900223491033  0.73825146981975376  0.74871616747062730  0.75948317019405476
  0.77028201090649251  0.78104042211368008  0.79230345878646058  0.80441310306948022
  0.81701234971587311  0.83000620161629746  0.84256238403878969  0.85513727662450845
  0.86720714027363233  0.87897073991682539  0.89063491681587870  0.90259209855757838
  0.91459592571692749  0.92753381119219780  0.93978159513517578  0.95156837425871565
  0.96343756694977678  0.97586623306945974  0.98794340887651078  1.00000000000000000
  0.14804808643696379  0.15998403106236567  0.16476104083558754  0.17030334684459020
  0.17568712512190973  0.18221409535438024  0.19024129926186964  0.19805104956823319
  0.20503893640070309  0.21150132121815504  0.21759040612249964  0.22354651417415455
  0.22937241520553053  0.23521473924835568  0.24120413000144322  0.24720333143723699
  0.25299904877855622  0.25846334270196808  0.26372109548715511  0.26890819252227516
  0.27429900693496290  0.28011728199012309  0.28604118964481112  0.29180991676659401
  0.29706898733826476  0.30219172960628865  0.30747595307608860  0.31287624696817296
  0.31784257489062384  0.32260796207671472  0.32733356899694366  0.33222101197197212
  0.33728888131800294  0.34233350437173810  0.34729905191483773  0.35209755768700141
  0.35686409587659634  0.36162821894537039  0.36627812882335598  0.37106620209598351
  0.37581505502099999  0.38093129578553520  0.38591644935023839  0.39083660672680193
  0.39570778286358432  0.40053701396837593  0.40553813204650430  0.41065061911452810
  0.41574361545905220  0.42079706179706450  0.42594739556161071  0.43115702398942635
  0.43639324913570676  0.44162578342690900  0.44678886295447706  0.45197505274938787
  0.45718102477961398  0.46265145567941496  0.46829992609254972  0.47391070919836475
  0.47951502283504222  0.48513296978794263  0.49080646296236724  0.49648599837800961
  0.50237932117519501  0.50836738532852555  0.51447555107720544  0.52062621059875858
  0.52689232566328792  0.53326634664782546  0.53977984766061260  0.54650135451976578
  0.55343138249544288  0.56047543848788928  0.56759278322351725  0.57479166878240462
  0.58215625157615059  0.58965971669119466  0.59729168602558125  0.60515983791977346
  0.61314875114881096  0.62131806682322321  0.62976884496389718  0.63847356365929231
  0.64743975999305514  0.65690607370913889  0.66713715886032887  0.67823441227336512
  0.69042486822874916  0.70389701982471953  0.71872314084929090  0.73559847738877859
  0.75563277947008589  0.78168343936960172  0.82501960666582841  1.00000000000000000
 -0.03279572071743873  0.15934670394926265  0.20283239515345783  0.22977511472561019
  0.24881938299374690  0.26416100932703146  0.27716269584028402  0.28836004197156401
  0.29830005923158759  0.30746129530023164  0.31595956089450361  0.32391003278834662
  0.33145307823755815  0.33854861042923429  0.34530387392733131  0.35182130157657238
  0.35803826941228117  0.36399312793036348  0.36978661874864022  0.37542537530189357
  0.38091573929911060  0.38617158166328380  0.39137442412913825  0.39647397775808657
  0.40147854850062348  0.40651880748296537  0.41149571694272508  0.41648893896738437
  0.42115139837368515  0.42564976598497395  0.43010764760883724  0.43455738373728320
  0.43891829668095850  0.44311834876896289  0.44726156318512555  0.45139014186375198
  0.45555753734788140  0.45974679768625254  0.46387398978023836  0.46791973533079795
  0.47193389314322320  0.47593678579096949  0.47990936189189276  0.48378538426946099
  0.48769516917272626  0.49162415913722207  0.49551825271358935  0.49939290679221732
  0.50321596062890728  0.50704046181353368  0.51089857464101185  0.51476529640722590
  0.51863137723327812  0.52249933274791871  0.52637416646555635  0.53025316711681869
  0.53409173391676013  0.53789047304074156  0.54172883987920395  0.54566545251680842
  0.54970567228643508  0.55383690842438937  0.55810656068595399  0.56237714656123072
  0.56674741063708056  0.57124299702130010  0.57577378312651939  0.58041136062326792
  0.58506643209072851  0.58964714600086754  0.59418071234250491  0.59884496990934788
  0.60356100249770095  0.60866497764244842  0.61403657182684546  0.61955668450711388
  0.62510545704151854  0.63064780919729424  0.63627586767255839  0.64193783715247954
  0.64778436477919454  0.65400273697765954  0.66072117743541103  0.66796542341927967
  0.67556252119916871  0.68347995112428872  0.69198603105465306  0.70143736781802046
  0.71205376539940013  0.72409083207603886  0.73756604392332492  0.75283280329822178
  0.77188077968252600  0.79830763396488980  0.84218115018210293  1.00000000000000000
   7.2668953212975048E-010  -1.0000000000000000     
 T T T T T T T T T T T T T T T T T T T T T T T T T T T T T T T T T T T T T T T T T T T T T T T T T T T T T T T T T T T T T T T T F F F F F F F F F F F F F F F F F F F F F F F F F F F F F F F F F F F F F F F F F F F F F F F F F F F F F F F F F F F F F F F F
  <DiscreteSampler_grid>
  grouped_processes
  1 # 1 for a reference and 2 for a running grid.
  10 # Attribute 'min_bin_probing_points' of the grid.
  1 # Attribute 'grid_mode' of the grid. 1=='default',2=='initialization'
  0.0000000000000000 # Attribute 'small_contrib_threshold' of the grid.
  0.5000000000000000 # Attribute 'damping_power' of the grid.
 # binID   n_entries weight   weight_sqr   abs_weight
    10   10   5.669544294655680E+003   2.487502850042372E+008   5.669544294655680E+003
    16   10   5.669544294655680E+003   2.487502850042372E+008   5.669544294655680E+003
  </DiscreteSampler_grid>
