  0.00023912681353455  0.00028831795275249  0.00032234274596498  0.00034640914589760
  0.00036688831441631  0.00038667325669637  0.00040572345056339  0.00042429663306317
  0.00044289386989589  0.00046068588196833  0.00047848861010140  0.00049597110304616
  0.00051246341286493  0.00052789598238909  0.00054346782019011  0.00055861245689569
  0.00057267333597207  0.00058799984517979  0.00060401402757425  0.00062043083261147
  0.00063718747729289  0.00065441351657311  0.00067145631276522  0.00068803591103361
  0.00070474332238058  0.00072217246433558  0.00074000875219448  0.00075773100466316
  0.00077546865174379  0.00079314421725643  0.00081053157987634  0.00082809867319985
  0.00084616504807835  0.00086478266560203  0.00088382772824453  0.00090306890345524
  0.00092258527508487  0.00094229571419849  0.00096209230610496  0.00098213406120090
  0.00100245592010855  0.00102346247847314  0.00104413270663894  0.00106584568510846
  0.00108831850876577  0.00111130427437086  0.00113496995554468  0.00115938256742575
  0.00118505932685124  0.00121256494976768  0.00124050296559856  0.00126783605876401
  0.00129568137229688  0.00132512468401330  0.00135791909983964  0.00139394405146160
  0.00143119021645591  0.00146875467494541  0.00150697829080946  0.00154558592607464
  0.00158467788247154  0.00162478394436114  0.00166718476680233  0.00171266672206242
  0.00176198344962880  0.00181634826630196  0.00187378217742439  0.00193003039488076
  0.00199079917543656  0.00205620785572558  0.00212566779293675  0.00219976369018224
  0.00228033585187105  0.00236512682189699  0.00245630790823090  0.00255656222723231
  0.00266851957234398  0.00279006923624740  0.00291592967559145  0.00305180537807353
  0.00320289488994943  0.00337724897838035  0.00357572182532170  0.00380010691632713
  0.00405774438126290  0.00435814464522753  0.00471475539436285  0.00515153100043016
  0.00567930962152641  0.00634276468739460  0.00735806896376940  0.00906197534771095
  0.01238645293130596  0.05119573545596516  0.71308615905389705  1.00000000000000000
  0.00011706042797234  0.00048199291016336  0.00067498963642707  0.00075482826628463
  0.00082013473464257  0.00089091765739136  0.00096341330515245  0.00104084258648355
  0.00112630076754479  0.00120606265185170  0.00127892346062689  0.00135215808480034
  0.00143126437072048  0.00151452789251586  0.00160046846942445  0.00168803307404075
  0.00177429659418097  0.00185748931548819  0.00194039715259431  0.00202338788549879
  0.00210925261132767  0.00219508783422364  0.00227976237032142  0.00236566520214081
  0.00245368127838786  0.00254114972718629  0.00262713508853492  0.00271486446884410
  0.00280623012363835  0.00290102870613629  0.00299722617347193  0.00309426622282263
  0.00319138035701438  0.00328992803463861  0.00339289566656585  0.00350023035838621
  0.00360819556452349  0.00371549793789128  0.00382126396792127  0.00392509762309286
  0.00402904846668077  0.00413266665369011  0.00423877261946523  0.00434776071365359
  0.00446266180636986  0.00458364096295412  0.00470747158528333  0.00482857104419411
  0.00495817350867942  0.00509294343907544  0.00522703879827351  0.00536349382375740
  0.00550527378873332  0.00565440284292464  0.00580959674135469  0.00597018810069946
  0.00613487132258394  0.00630341306174083  0.00647510173487191  0.00665106228612607
  0.00683445378768831  0.00702465610161102  0.00722396143257295  0.00743499729377665
  0.00765025979859349  0.00786988433696234  0.00810221211166552  0.00835439293647249
  0.00862279215050299  0.00890617651173145  0.00921363295439966  0.00954608215989909
  0.00990521481750681  0.01029911849703055  0.01072366546509393  0.01117068134556061
  0.01164399312508323  0.01214972387876943  0.01269083455058763  0.01326216377607820
  0.01387171131876491  0.01454293201963277  0.01529479712307615  0.01616613563679379
  0.01715896824732621  0.01827655016154199  0.01954639558193249  0.02102856191225839
  0.02273888325842713  0.02480876747450922  0.02764892705333667  0.03135692855899792
  0.03658847971434637  0.04885014906591491  0.53405826851344840  1.00000000000000000
  0.00155843062655699  0.00221847428187599  0.00293557131490278  0.00358769380875300
  0.00414236502305482  0.00456804525220990  0.00485375291799095  0.00509379732607377
  0.00537367139757874  0.00565246029725557  0.00591824768916983  0.00618408532580759
  0.00645560145148504  0.00671364353390222  0.00693148813111705  0.00710812337444024
  0.00731528124252211  0.00751431746761786  0.00771641689606320  0.00793129489977187
  0.00815249238101037  0.00837441983244877  0.00859427229242403  0.00881295089260463
  0.00903563421177366  0.00926025402471255  0.00948675250361140  0.00969108220866211
  0.00989291098921382  0.01009983373754102  0.01031451031003063  0.01053053874118545
  0.01074498935967035  0.01096291868792563  0.01117508188856535  0.01138516924577707
  0.01159559700376251  0.01180937282824251  0.01203342348475517  0.01225668803763771
  0.01248100597696901  0.01271400748484595  0.01295589100872901  0.01320225420000935
  0.01344646625960557  0.01369119428722377  0.01393756559309815  0.01418927590746751
  0.01444711622595704  0.01471615372711474  0.01499849626248115  0.01528924051491836
  0.01559094816753562  0.01589525363426513  0.01621622172843324  0.01655914642377020
  0.01691831721281168  0.01728663860483429  0.01765406853967980  0.01801704845658251
  0.01838184792674405  0.01876166929231559  0.01917145589032877  0.01960743612743696
  0.02004997143504127  0.02049097934588617  0.02093807592304723  0.02140281009369837
  0.02188907393791572  0.02239686383680587  0.02292849717453820  0.02348657117535075
  0.02408201220024929  0.02472140205722716  0.02541263128934131  0.02615329038707284
  0.02695469811814414  0.02784317449977699  0.02881876667380277  0.02983009639178297
  0.03083868860292267  0.03186138906677117  0.03299376262270955  0.03418707144740233
  0.03546160689911018  0.03696378425988309  0.03873844273795762  0.04061806638082201
  0.04278777106955753  0.04560739887373301  0.04911158741718036  0.05273156861765014
  0.05690870998827631  0.06305845184657193  0.23883363633340493  1.00000000000000000
 -0.00218351141075866  0.00866337041303761  0.01837294193515521  0.02804867630619272
  0.03778268498887282  0.04765698883725995  0.05732394396365963  0.06731650073409839
  0.07750340924885685  0.08787097585338272  0.09817926907246334  0.10825672047354613
  0.11841753676754568  0.12885210238958916  0.13973425078450746  0.15012265102017630
  0.16068254014232505  0.17149318961467913  0.18243804876084796  0.19313614375943186
  0.20366799795885945  0.21457515612958694  0.22586187121546925  0.23696060376897995
  0.24788080731032527  0.25914018948001971  0.27044765924860115  0.28146728889686501
  0.29249626779517457  0.30369656455668576  0.31449209172452136  0.32466311872019099
  0.33438054612075230  0.34376358092602016  0.35320091666672510  0.36283196393518052
  0.37307876897204906  0.38387909416735205  0.39459303623490088  0.40556411482733595
  0.41678277322563678  0.42768840317341045  0.43799932428489108  0.44818915342168181
  0.45873328603989022  0.46930157494084218  0.47953481752173061  0.48976654553011517
  0.50022754443325790  0.51094285000099571  0.52150040205674386  0.53185680677304514
  0.54213192708912306  0.55239902532697405  0.56284625536050359  0.57351601461409063
  0.58489443188737622  0.59581056604390914  0.60651485475476774  0.61746242707401611
  0.62859376546976209  0.63890379532271568  0.64921360281088203  0.65951851001764961
  0.66978548958260631  0.67985124528227470  0.68991702377767128  0.70034783265602463
  0.71102723155943304  0.72169738798938599  0.73253307914787480  0.74359563392186256
  0.75441667652548083  0.76544330165339769  0.77612262266076060  0.78691141602118908
  0.79710107026832921  0.80772433347324757  0.81868875085333725  0.82941976801932982
  0.83976479219097888  0.84989586901430214  0.86007979311426175  0.87046779961429643
  0.88135791529920915  0.89303646425429195  0.90481728290370123  0.91645217391503653
  0.92759359507870498  0.93838107062675935  0.94815502620455416  0.95820406064590358
  0.96779048477697782  0.97872678716788486  0.98892256187705319  1.00000000000000000
  0.05719483874535165  0.06139414060191279  0.06378909606509675  0.06614153891031790
  0.06817981087166611  0.07004141870393120  0.07177991888037745  0.07341366834042043
  0.07500032829949785  0.07655714737112949  0.07805386083176166  0.07947971783910245
  0.08085358206006538  0.08219040209666365  0.08349450509456303  0.08474079594254443
  0.08598181789901524  0.08722272073854064  0.08845154181490744  0.08966411938398018
  0.09088390924259722  0.09213018783192523  0.09338988722380349  0.09460919467252241
  0.09579906812525084  0.09698975792539603  0.09819778411758055  0.09939245258152896
  0.10058793111841602  0.10180030706251139  0.10302089208088125  0.10425506424879113
  0.10544758914284884  0.10662793980855244  0.10782266392556436  0.10903422552116580
  0.11025770562498122  0.11149650068682886  0.11276780075481491  0.11405501433915922
  0.11537665714058093  0.11674288401968411  0.11815147707689598  0.11958584308791533
  0.12100841043479078  0.12245981103334402  0.12390645665534411  0.12536172755156258
  0.12684566304731376  0.12832041940150313  0.12978008976427977  0.13122263113627997
  0.13269960555905361  0.13421596393468918  0.13575179112582667  0.13732321644889239
  0.13894813966019146  0.14062289461951460  0.14228522861959045  0.14398044577388611
  0.14569215270111333  0.14750345147338573  0.14944482933040693  0.15145862618204808
  0.15355266481236504  0.15564146586675595  0.15771874200252703  0.15984292537926173
  0.16190144031934384  0.16399536624420111  0.16602002823626019  0.16824124552575201
  0.17056974854454493  0.17320294675571068  0.17587734098892316  0.17853548315638684
  0.18127830791648009  0.18406564302100964  0.18692198099542207  0.18989734757881579
  0.19297746443641189  0.19610351427189232  0.19935473905023571  0.20294407796915262
  0.20667155486328229  0.21101725702133847  0.21631629368669744  0.22245115999561277
  0.22903620068785108  0.23559135434273082  0.24299119483583792  0.25249899900841360
  0.26305051427629866  0.27693161185927267  0.29862097475320798  1.00000000000000000
 -0.00452936647226297  0.01740662297033824  0.03384918720146926  0.05143708753720140
  0.06875192694046982  0.08602406562931983  0.10323217908980939  0.11938705252821265
  0.13491035686981387  0.14941885357302151  0.16386037478796192  0.17710534860601909
  0.19034826865902521  0.20330339596453920  0.21526638617849597  0.22627050020038575
  0.23685643080415830  0.24753716253009952  0.25787190796424281  0.26787530472856486
  0.27756215417497099  0.28709673744685632  0.29643632370279122  0.30568417624214633
  0.31487483090694524  0.32381362292689170  0.33240306440926959  0.34066190420107578
  0.34898931690084256  0.35743727846813794  0.36587140413679142  0.37409693320405335
  0.38239509466505678  0.39050141971459912  0.39866397037287882  0.40680218726194317
  0.41499149499521293  0.42297862465751285  0.43072982526101533  0.43806888977138941
  0.44517799926701440  0.45217897210560842  0.45925714612024299  0.46655083395230401
  0.47397621510614318  0.48155351456873541  0.48925314263105241  0.49683313749878505
  0.50421200288292922  0.51150596012282334  0.51877921957923201  0.52624757285061918
  0.53401710624841747  0.54196039432263143  0.54993770410041276  0.55786807466827382
  0.56579198612731407  0.57369893523428284  0.58161602298523907  0.58968015818708275
  0.59799534817302347  0.60653145068636360  0.61500599412647650  0.62329590915602529
  0.63143192642338164  0.63977972037114061  0.64847858466750430  0.65775373894251943
  0.66713026221849314  0.67617930948028415  0.68479558923192652  0.69334247512781333
  0.70211732694889872  0.71142975163988709  0.72073820664828092  0.73035215530701425
  0.73996362234575153  0.75002834370646687  0.76004857773170309  0.77092555202164281
  0.78227399378015527  0.79402836240008312  0.80586432558490018  0.81836048743876944
  0.83198613682099565  0.84581670292133748  0.85962623594949983  0.87430404801200856
  0.88968459419250168  0.90514124625402670  0.92096682585957335  0.93789857482091987
  0.95458411103783969  0.97026734275649074  0.98527604064485708  1.00000000000000000
  0.05293179297711224  0.05466270734131692  0.05600939635429152  0.05710817748229519
  0.05809978628941517  0.05903184825702001  0.05991687279646091  0.06077630553823575
  0.06161521722059742  0.06244659343876725  0.06331311166849347  0.06419678670070886
  0.06506510373457816  0.06591671432827112  0.06675822794982053  0.06759940359998363
  0.06843884776213627  0.06926969861748078  0.07010538941903141  0.07094023346671147
  0.07176335068129637  0.07254866961846734  0.07335677883059698  0.07416224268402657
  0.07496514565531943  0.07576198783650701  0.07657419874535480  0.07740777466224134
  0.07825919449729921  0.07911894911632796  0.07998339527459387  0.08085545328456535
  0.08171727991055032  0.08258048540087340  0.08346246460470455  0.08437350902144651
  0.08530530820579972  0.08620089803646393  0.08710638971178442  0.08802616912876220
  0.08893125512960433  0.08982433780344966  0.09070042928011945  0.09159161161160823
  0.09251235262973760  0.09346613088129985  0.09442391137584213  0.09536780644058229
  0.09633198482551036  0.09731473237860211  0.09833892296017503  0.09932591485525499
  0.10032357867484773  0.10133640441009560  0.10233345234249765  0.10338063373084881
  0.10449659073415644  0.10572659423240591  0.10701961106609000  0.10836587272506402
  0.10972903272226300  0.11099096334439358  0.11222199184434233  0.11347775137371796
  0.11473529355886880  0.11607361240041818  0.11745077665058126  0.11889393514922160
  0.12043405688220142  0.12200910437388743  0.12359135135342472  0.12517539862240132
  0.12672554750063891  0.12838255134505847  0.13019379645517856  0.13192973801558910
  0.13346245593049966  0.13480645823225679  0.13605451546091449  0.13738528022068366
  0.13889805940974359  0.14057753655202232  0.14235476881393089  0.14431303088884362
  0.14650686312692210  0.14868323152554233  0.15073682639700614  0.15271524117944671
  0.15487770989671915  0.15719111519978204  0.15969607821460222  0.16252913587564338
  0.16572347935200529  0.16997476186691410  0.17534399899007638  1.00000000000000000
 -0.00225027658071974  0.00901427891193803  0.01944903158853095  0.03034495275611765
  0.04165875002492933  0.05263216081807472  0.06324574584326891  0.07396525422538719
  0.08501709085803613  0.09628854613457069  0.10781976583105007  0.11871212065213781
  0.12927640190758791  0.13956951068939588  0.14998107086841947  0.16082707138101299
  0.17148774416878326  0.18208057058092880  0.19264369713488977  0.20336598998279493
  0.21451410164816995  0.22555176911337774  0.23557222351583051  0.24525961956416115
  0.25546972767282344  0.26618302320222020  0.27634074151126875  0.28572814281871700
  0.29578022828989131  0.30599490133737339  0.31654183213781445  0.32687590583751008
  0.33711034447279808  0.34762560924397501  0.35856279708584265  0.36924836423325402
  0.37934747048336304  0.38894558890360614  0.39912415253515554  0.40967743238191623
  0.41973801998532617  0.42942271529656362  0.43868993775184134  0.44758322600249301
  0.45663641335266508  0.46585006937753753  0.47574536175726218  0.48601204911165119
  0.49666895822782869  0.50744100528432923  0.51812782274569447  0.52863185165747895
  0.53883013480229036  0.54883174667117296  0.55891124848779117  0.56989163596124459
  0.58151568089330175  0.59264147549044455  0.60263100584278706  0.61257524198936963
  0.62265904147445772  0.63325405840024374  0.64373577929034720  0.65422894876950577
  0.66440681180278427  0.67467702643106231  0.68504627679777030  0.69511656104861685
  0.70549893566401090  0.71649307085094149  0.72810770379121237  0.73884268847014423
  0.74981342923109406  0.76064733329693057  0.77170184906366479  0.78186142399841518
  0.79193456343076729  0.80173605986260166  0.81179118977111797  0.82242002629633559
  0.83329834207465736  0.84390928414871125  0.85425102410921794  0.86477187321809335
  0.87577264129409160  0.88704503019389003  0.89843902708240886  0.90981066127224686
  0.92114913140463284  0.93270426667829354  0.94432557628924141  0.95636511100452959
  0.96730582822307198  0.97799244713114997  0.98896894059715823  1.00000000000000000
  0.10659186091328521  0.17450625976069117  0.21506004640454587  0.23949555623587945
  0.25885641837538403  0.27454518896750224  0.28725709836344671  0.29823390307842068
  0.30792389465674125  0.31699207599044943  0.32537966269622759  0.33339950008160324
  0.34088308108602089  0.34790232572107382  0.35475335921332279  0.36161981962151396
  0.36851990904223997  0.37525945163066921  0.38170592370016238  0.38782922815190851
  0.39363639439571030  0.39923338437245226  0.40473157336920218  0.41026100386279868
  0.41575060701774730  0.42101588119046918  0.42603859548841394  0.43083791893674173
  0.43566134232583520  0.44034319497468610  0.44496234430694548  0.44948210911972891
  0.45383846541766992  0.45820070077778341  0.46253148762785912  0.46686281784696215
  0.47107431286977175  0.47539086315493023  0.47969784011967609  0.48399692339038342
  0.48823068382735724  0.49260948265807109  0.49690370960187452  0.50112497559163605
  0.50531134183464743  0.50952932717818611  0.51381865739541754  0.51822078378193337
  0.52260396280167321  0.52703231721810972  0.53135005199856777  0.53549716758863297
  0.53958686218366947  0.54376208912882362  0.54805680943842594  0.55236361196709061
  0.55673500074670368  0.56117494292784020  0.56564985405162027  0.57021671502586557
  0.57483029033927868  0.57943886738969230  0.58404896769170456  0.58865956088713745
  0.59327177185439761  0.59792820297456362  0.60261262417339623  0.60735973450839154
  0.61198655704751004  0.61670166973326923  0.62146486650046695  0.62631740159816218
  0.63118168578839517  0.63609863701099056  0.64106470157695816  0.64616814597095307
  0.65134216066773254  0.65665955908262885  0.66212197654381533  0.66800217492895642
  0.67414244786919564  0.68048358242451346  0.68707397702761941  0.69405891080197091
  0.70143510184925406  0.70905021345228691  0.71704960935787687  0.72560802035392924
  0.73494930180553220  0.74509558087533989  0.75601079851824426  0.76811360429513043
  0.78309353854609287  0.80400947166835268  0.83915433896142388  1.00000000000000000
 -0.03784883981930966  0.17120766311116320  0.21468787024417199  0.23980513212746254
  0.25752336272131465  0.27138146599220048  0.28334498779412148  0.29404410985290075
  0.30378960238635033  0.31287603478756132  0.32130657073028335  0.32901948634100142
  0.33638056805344002  0.34357025560849824  0.35063803418809392  0.35703381154363673
  0.36297406820215650  0.36860689980948713  0.37420100116874078  0.37958883412147970
  0.38486171577625700  0.38989314646290307  0.39470716767660541  0.39933948684201181
  0.40382724140714404  0.40833844329454999  0.41288500503767933  0.41741739994947458
  0.42187024187518679  0.42621898995950602  0.43028480710947892  0.43421957001102141
  0.43813243666302792  0.44215448883569058  0.44622802303664894  0.45038630669203844
  0.45452126916758617  0.45847437522512924  0.46226102627682830  0.46596274045595559
  0.46961150634996540  0.47324471210871455  0.47694990683248545  0.48070854363548432
  0.48448759240889877  0.48821516364279866  0.49189693184781663  0.49563451569031269
  0.49941133517928971  0.50319616979613624  0.50690046565957747  0.51059562899895283
  0.51425004142608521  0.51786104501458563  0.52148860219559601  0.52520112374712080
  0.52885033138669246  0.53255748106147582  0.53627238489932472  0.53998802504667587
  0.54381019802425945  0.54778648314056688  0.55185452312344330  0.55594245258617692
  0.55999494654360904  0.56407729614051672  0.56816843142028228  0.57225461728597971
  0.57642829636492432  0.58083644603948037  0.58551613696444871  0.59041646322566110
  0.59529724669297546  0.60015238846370023  0.60516479535319090  0.61026005425002483
  0.61546802475155216  0.62074014848628634  0.62623349766188730  0.63199321500231909
  0.63793884751386321  0.64403542383359214  0.65048374099067785  0.65745330557233905
  0.66496219225795739  0.67311667591600621  0.68189267462095005  0.69129099228825797
  0.70176457216894916  0.71337310515296914  0.72618871999953505  0.74091564502243590
  0.75953812426107359  0.78480575279369413  0.82816436126850002  1.00000000000000000
   6.5762549765096634E-010  -1.0000000000000000     
 F F F F F F F F F F F F F F F F F F F F F F F F F F F F F F F F F F F F F F F F F F F F F F F F F F F F F F F F F F F F F F F F F F F F F F F F F F F F F F F F F F F F F F F F F F F F F F F F F F F F F F F F F F F F F F F F F F F F F F F F F F F F F F F F
  <DiscreteSampler_grid>
  grouped_processes
  1 # 1 for a reference and 2 for a running grid.
  10 # Attribute 'min_bin_probing_points' of the grid.
  1 # Attribute 'grid_mode' of the grid. 1=='default',2=='initialization'
  0.0000000000000000 # Attribute 'small_contrib_threshold' of the grid.
  0.5000000000000000 # Attribute 'damping_power' of the grid.
 # binID   n_entries weight   weight_sqr   abs_weight
    10   10   3.929933989433200E+003   1.174785130863525E+008   3.929933989433200E+003
    16   10   3.929933989433198E+003   1.174785130863524E+008   3.929933989433198E+003
    22   10   3.929933989433198E+003   1.174785130863524E+008   3.929933989433198E+003
    28   10   3.929933989433198E+003   1.174785130863524E+008   3.929933989433198E+003
  </DiscreteSampler_grid>
