  0.00021983204127180  0.00033774852453967  0.00040210094263537  0.00045513757887165
  0.00049770727641182  0.00053482423217376  0.00056990636191884  0.00060214670314653
  0.00063677113328752  0.00067676562059346  0.00071847895699280  0.00075802874763742
  0.00079681779347817  0.00083920276996249  0.00088140413647414  0.00092388026715236
  0.00096715900357680  0.00100938873104062  0.00104914849061780  0.00108829212007193
  0.00112719593845044  0.00116618577192945  0.00120671176131774  0.00124786964967862
  0.00129116367036813  0.00133438607739219  0.00138270676290254  0.00142883908535900
  0.00147614356665739  0.00152669326503098  0.00157806954532133  0.00163028994076762
  0.00168381247548772  0.00173794377065204  0.00179326490633286  0.00185121129071923
  0.00191095622940586  0.00197110371291456  0.00203156267413332  0.00208902038015565
  0.00214654971322541  0.00220541466869156  0.00226587556421636  0.00232973916069354
  0.00239816098953669  0.00247196200626607  0.00254679441375307  0.00262025535822882
  0.00269693690426937  0.00277538134041240  0.00285427144407447  0.00293590359053537
  0.00302193343772451  0.00311228006778608  0.00320556362016525  0.00330077004816401
  0.00339769795682840  0.00349564342973677  0.00359518438587682  0.00369851421576457
  0.00380493798792039  0.00391648474514860  0.00403745702988683  0.00416951417759656
  0.00431406557829689  0.00447003699893818  0.00463783584985750  0.00480895485297172
  0.00498263186303384  0.00516501754913098  0.00535715132096030  0.00556544964197543
  0.00578830075598765  0.00602469662110388  0.00627357241118089  0.00653834672383055
  0.00682699912082996  0.00714120195356938  0.00748463506398705  0.00787670756898891
  0.00831216466439149  0.00877918006016723  0.00928703414875553  0.00988893124442551
  0.01060798041832092  0.01147259430911902  0.01244064831066164  0.01364963339685678
  0.01514030652074869  0.01697737140080350  0.01932161712815408  0.02243473671405289
  0.02743602050090728  0.04517706015549673  0.59306506589596164  1.00000000000000000
  0.00021577475417969  0.00026933605764311  0.00031978748541827  0.00034855531608189
  0.00037654255590466  0.00040627313382951  0.00043871988131629  0.00047290549987483
  0.00050618323598359  0.00053967224796511  0.00057348948873746  0.00060776776205400
  0.00064201383159027  0.00067727598146272  0.00071418298372932  0.00075284504498002
  0.00079255358344854  0.00083340429116547  0.00087506710351355  0.00091732392792967
  0.00095961324703549  0.00100099338594787  0.00104099202486447  0.00108046432491323
  0.00112046854684841  0.00116063714256265  0.00120262507754276  0.00124714361194871
  0.00129302896694285  0.00133874947260620  0.00138500006264907  0.00143336127484316
  0.00148407265438147  0.00153705287180387  0.00158969655243054  0.00164264292743066
  0.00169821017449710  0.00175414042323141  0.00181186347186226  0.00187146660913797
  0.00193097131515905  0.00199228081380900  0.00205774433055806  0.00212202737406010
  0.00218759878132455  0.00225482412285488  0.00232149967101441  0.00238930872332926
  0.00246318213048946  0.00254415815716530  0.00262928880685475  0.00271499077027863
  0.00280516743665864  0.00289590454574313  0.00299114555480164  0.00309306729604251
  0.00319584524937799  0.00330133443071173  0.00341036105482610  0.00352339155022409
  0.00364164657072185  0.00376638332758522  0.00389786487836096  0.00403968962479775
  0.00419884690571698  0.00437060894896783  0.00455049573969281  0.00473805850061678
  0.00493129309236932  0.00513310088535305  0.00534500398090702  0.00557596367734004
  0.00582579571840871  0.00609156023110009  0.00637929776469745  0.00669667031395037
  0.00705494508660625  0.00745035658211835  0.00787108178823620  0.00832948006622114
  0.00884155063755966  0.00940047377361025  0.01003554050020304  0.01077113940143206
  0.01159755744701136  0.01259424429133469  0.01373250055576840  0.01515088180225181
  0.01693054278707214  0.01913207988577501  0.02174669870581222  0.02536946074965056
  0.03231385252710697  0.10192219505278893  0.45917587771432289  1.00000000000000000
  0.00283458641659296  0.00334561117329206  0.00381003253422346  0.00419883572644829
  0.00452900133868143  0.00486513730051908  0.00517272253576126  0.00546566401045615
  0.00575671659658924  0.00604227954221029  0.00629595184929965  0.00653165961255057
  0.00678933035675446  0.00697805204921723  0.00715718614729472  0.00734322223817025
  0.00754089595516992  0.00774892672368975  0.00797236324117019  0.00820342765385979
  0.00843502830675043  0.00866810247103596  0.00890971983347780  0.00915981638281064
  0.00940715463285499  0.00964789776966885  0.00986232649838122  0.01007636582755162
  0.01029770443780960  0.01052036554019013  0.01074664851692854  0.01097603298275105
  0.01120538037786493  0.01142969443337832  0.01165976368287774  0.01189396262648312
  0.01213939402604927  0.01238963270722894  0.01264150020649949  0.01290251720344420
  0.01316860031036326  0.01342986347147295  0.01368472443233132  0.01394274610387459
  0.01420743997446597  0.01447715790755179  0.01474710641088902  0.01502218825217872
  0.01530418544151319  0.01560928768382071  0.01593742928542419  0.01626625777044997
  0.01659659197683777  0.01693778428701829  0.01730253000785835  0.01768408287879155
  0.01807026153364780  0.01846045765117199  0.01886252831212648  0.01928741431245901
  0.01973058913327140  0.02017523296000674  0.02062323249947012  0.02109079244994997
  0.02157287168298990  0.02207653533719138  0.02260740847331183  0.02316827331733104
  0.02374968324452182  0.02436223644938562  0.02499495668114204  0.02566845543489246
  0.02636245603333617  0.02709952838514013  0.02786171848910761  0.02866234872602541
  0.02953498151472667  0.03051387776030094  0.03157220749530801  0.03263719335507319
  0.03375781165758528  0.03492323356518326  0.03618374547515202  0.03768581081711482
  0.03942334495431484  0.04124226257217280  0.04313755745260339  0.04549895573002281
  0.04841139432055312  0.05163034083557428  0.05507630480303537  0.05916077345285462
  0.06457505506148145  0.07312943358965637  0.47982709311345162  1.00000000000000000
 -0.00207072402845255  0.00866909070740860  0.01866747969355400  0.02900043367514624
  0.03941924398717207  0.04950898629737201  0.05930897652676938  0.06988538846166616
  0.08042648949437690  0.09102458741474802  0.10163597791617576  0.11157678790234547
  0.12163844424631798  0.13261642789153877  0.14416133509450829  0.15519541159554209
  0.16642746206154355  0.17774919790249533  0.18871958464294331  0.19863403768048127
  0.20839570049813558  0.21874669333985947  0.23048724912558163  0.24322521091609614
  0.25471532648834205  0.26495235485376928  0.27484379022030747  0.28513094899314723
  0.29526230347330107  0.30504546802790899  0.31502411914610773  0.32512504002389642
  0.33551819445446573  0.34568692945624729  0.35667642990447346  0.36716747241580039
  0.37767149106591763  0.38841157226220308  0.39926907590686234  0.40998547401662888
  0.42047959371598947  0.43097500945023598  0.44164074515542578  0.45261145920094725
  0.46369791845123332  0.47464667940483268  0.48524147840503157  0.49586731528064226
  0.50687158604998550  0.51809310046607193  0.52899543638065005  0.53942719693222152
  0.55011471233094378  0.56102331674795802  0.57148995129791391  0.58159725797877859
  0.59230828603700414  0.60346694006636159  0.61450117452493591  0.62572418690397458
  0.63676704239484172  0.64753450541526847  0.65777029601775083  0.66807327790824211
  0.67807011469107892  0.68780929380187494  0.69740128482153196  0.70712025495658093
  0.71730565418197423  0.72811665723359387  0.73955864562900719  0.75086420929787956
  0.76175402143843784  0.77285419357764418  0.78437884904862742  0.79508708616020274
  0.80473338941518868  0.81390600679446046  0.82332620179388938  0.83340349588099427
  0.84434784376753702  0.85470289561455137  0.86555248010894570  0.87594762714829821
  0.88672526377998140  0.89733606959950585  0.90818013095620942  0.91883974474474872
  0.92934671716469563  0.93977603699954637  0.94986437941118607  0.96002378636996921
  0.96997190217551377  0.98058887660705896  0.99019898515156379  1.00000000000000000
  0.05788694486694387  0.06162516839299449  0.06430054806445899  0.06687871035959474
  0.06915562934404734  0.07123954727993442  0.07315684903778630  0.07493338362188247
  0.07661778589438885  0.07821945161544107  0.07978810546590853  0.08131347377328980
  0.08280995711133241  0.08422379372570805  0.08558765614257034  0.08692703694715362
  0.08822205351828082  0.08946862960641758  0.09069346945763092  0.09195928046530101
  0.09323342909268953  0.09450119406765695  0.09577019305402029  0.09701463799419176
  0.09821123252122176  0.09941212304917910  0.10060873990628703  0.10177023490337365
  0.10294681379576583  0.10412773348659897  0.10537159560961856  0.10661895321080027
  0.10784856635618603  0.10910234372078099  0.11040023604653855  0.11172791883059467
  0.11305638777998685  0.11433758642553646  0.11560545406337523  0.11686511434295463
  0.11813191557884298  0.11946764146030306  0.12081771483940620  0.12210333131712664
  0.12336821941076148  0.12461489484014034  0.12596405350990117  0.12733590275221013
  0.12870795676939917  0.13006120475066568  0.13143670448682662  0.13281628269884116
  0.13421048178319947  0.13560132193353477  0.13712960945513222  0.13882414887684491
  0.14058024433777452  0.14221726098468115  0.14382450392553617  0.14538314180231976
  0.14708223245037824  0.14884551357728182  0.15055780820052844  0.15238801815217404
  0.15434307232858921  0.15642631648554442  0.15861538666223154  0.16085808617548070
  0.16314203959233478  0.16550226232895082  0.16807186572468474  0.17063943504563278
  0.17304767707999699  0.17542189462958208  0.17795600921735016  0.18081856640794497
  0.18387050121733198  0.18683025600450753  0.18980046069655923  0.19320945758771968
  0.19700046534962756  0.20135304079518773  0.20564179263054105  0.20988251132057814
  0.21433990150650548  0.21898740897994931  0.22395670574090218  0.22972904760872140
  0.23694559766802106  0.24670395007336887  0.25962663116850954  0.27381199419827829
  0.28693980961655718  0.30380118870678080  0.87090441844384758  1.00000000000000000
 -0.00207555022473545  0.00835838316828456  0.01777855847539426  0.02800542176462754
  0.03775442569891614  0.04733570985309390  0.05735803161928528  0.06786043453493033
  0.07910361255280848  0.08982582057719718  0.10065288223683405  0.11097723125497727
  0.12152871536002675  0.13160796473542918  0.14168143753397755  0.15180403877944842
  0.16162801030519638  0.17158798421451171  0.18156919134895388  0.19137764477935379
  0.20144512399081480  0.21181826988510044  0.22264983113349973  0.23304362689507516
  0.24319091275544119  0.25346606094357949  0.26405944306557272  0.27447567805643003
  0.28436772474040350  0.29391864340362456  0.30403158397280866  0.31452701225408652
  0.32510724232683219  0.33534437050172239  0.34593575084641659  0.35690207844118566
  0.36784035835225837  0.37878492463494884  0.38945772551644470  0.39984879154040626
  0.41026730747622875  0.42081411592027174  0.43151861898254307  0.44228483718477152
  0.45300859737048810  0.46347041380719267  0.47404973757676000  0.48517977597566070
  0.49674599420543508  0.50835048585176845  0.51974772324186835  0.53142482643243338
  0.54360713428802598  0.55621847994163176  0.56866863408259150  0.58024706185748864
  0.59161722518359716  0.60282661747243138  0.61417405877126874  0.62536796574180542
  0.63634580591494427  0.64726928875021728  0.65837903730881875  0.66943543391526461
  0.68047086105113141  0.69142403948200237  0.70231196875489432  0.71351290197890593
  0.72502346634548498  0.73669675239668486  0.74805314794612543  0.75879386308613572
  0.76869717168095020  0.77824652992449495  0.78818002341927973  0.79799029180930181
  0.80785871528083197  0.81749112693335702  0.82690278632101544  0.83617073552825294
  0.84524387821142122  0.85444332102984699  0.86420814538466539  0.87391970216972181
  0.88423398735728675  0.89463608388474902  0.90477267549073526  0.91486936260316565
  0.92506681707702509  0.93546619861010138  0.94571733095329569  0.95575174474382008
  0.96608132469915442  0.97714752218115097  0.98831836908708048  1.00000000000000000
  0.05296535979203942  0.05471025996125039  0.05620690234302338  0.05745748678400581
  0.05861164148219124  0.05971197168781895  0.06073705639531193  0.06169896920850158
  0.06267982522095544  0.06374651132585066  0.06481131650343712  0.06584483642266881
  0.06687439317160472  0.06789054927834595  0.06888217317771424  0.06983690239809058
  0.07078383521835285  0.07172404515984732  0.07267138368378639  0.07361697741199488
  0.07455050546807002  0.07547910627182414  0.07637365681533732  0.07728150835721516
  0.07818003904254585  0.07908485154963615  0.07999086288485178  0.08095159520228618
  0.08190932925255558  0.08286419924727985  0.08383369619513441  0.08478367066459837
  0.08571744652447300  0.08661828876580818  0.08751050092733055  0.08838857881768783
  0.08926119554149699  0.09013073772066423  0.09103047439935158  0.09195497938034640
  0.09291068468808499  0.09382528830695655  0.09468676757744703  0.09553178734301086
  0.09641057666252327  0.09733108903591056  0.09831401695068731  0.09938347382034712
  0.10046210261496862  0.10149572307037244  0.10251290538681043  0.10354196460801074
  0.10459318781976956  0.10565698665570109  0.10672231764527471  0.10782462395080276
  0.10895742537250444  0.11007732592577525  0.11119778338513096  0.11232462554812937
  0.11341792086265946  0.11452103145563318  0.11557171063380926  0.11663829121933951
  0.11774848691837031  0.11887149178242264  0.12011963193149917  0.12136714637080422
  0.12260416652810223  0.12396735971625944  0.12534149655385984  0.12717132577896698
  0.12874469769432545  0.13021674056109472  0.13172576963145372  0.13335998155339301
  0.13504002071132637  0.13688347538911910  0.13864440620194665  0.14032840049783898
  0.14193929616646553  0.14352176681880224  0.14530183369700689  0.14722110297674368
  0.14923495162852954  0.15153784600456072  0.15410568980936062  0.15629130176902103
  0.15814775738557318  0.16075383475460381  0.16333933904823414  0.16600808362436822
  0.17155064065282544  0.17951144281630857  0.18569259350987191  1.00000000000000000
 -0.00218094218282698  0.00828957914042123  0.01870011983107751  0.02986386182116452
  0.04130879932187329  0.05205415478288888  0.06214098893338552  0.07185490361847928
  0.08181352147640844  0.09188036894457891  0.10196027521739524  0.11203352291540139
  0.12204127802975531  0.13208248832634853  0.14218919954220641  0.15269135038741846
  0.16363977961343523  0.17499079889608946  0.18626446809451905  0.19707249296180629
  0.20793297200668598  0.21888069364475113  0.22975743089976916  0.23985838054792846
  0.24959970025478079  0.25951945451666092  0.26953162849997792  0.27877692775228513
  0.28800110575912585  0.29819296487900809  0.30902360027957654  0.31949756020968267
  0.32954765944842035  0.33991731320367191  0.35078385432739717  0.36187185139494771
  0.37273846905549524  0.38347078664567569  0.39450944333960453  0.40649910711087112
  0.41878175490377767  0.43018710918387770  0.44064721087852304  0.45052715511194158
  0.46048164805719771  0.47070382486941981  0.48129597379391986  0.49236304272095804
  0.50383156616437019  0.51592820034590792  0.52813128172149604  0.53936781924335520
  0.54966187430230040  0.55959514774418806  0.56972087992143305  0.58017337698464599
  0.59082111494337741  0.60159053201325552  0.61240580849368731  0.62303584635964426
  0.63368935957584949  0.64468088155938419  0.65550923316432108  0.66565845350172759
  0.67573016097028216  0.68575139038865041  0.69596890931031219  0.70583267222015833
  0.71601219638326152  0.72568731947213971  0.73506453843176134  0.74425306708525629
  0.75406831581612932  0.76422477475215389  0.77458631470073247  0.78516913606777217
  0.79616274069405235  0.80728387725100592  0.81830960587983959  0.82971369820848861
  0.84133999348622635  0.85327155429603774  0.86471589243770985  0.87570102421834195
  0.88592555597218103  0.89593898124199434  0.90615291818842814  0.91633259449079107
  0.92628493452790772  0.93618440674977155  0.94666462666840845  0.95718698166461735
  0.96754949583413963  0.97819085679509044  0.98901533758005145  1.00000000000000000
  0.11420619902770210  0.16589294508489261  0.19362553125175025  0.20752303175819820
  0.21977496952429601  0.23117711768283433  0.24116390334521393  0.25023151111817882
  0.25849815257752023  0.26692477272488963  0.27489503652873593  0.28172113732051418
  0.28815649245740410  0.29494703274165335  0.30218954888768407  0.30904214190557666
  0.31532840177911664  0.32126146731542787  0.32739416846087133  0.33336227312322814
  0.33924889382024304  0.34505511321895682  0.35073055364147304  0.35590439061902890
  0.36059374492724605  0.36528732413068243  0.36991110442735270  0.37489393212394878
  0.38029077611395279  0.38527296713055059  0.38982135939927071  0.39417732622122520
  0.39860078071284100  0.40303987084676202  0.40752072569379000  0.41208480581622370
  0.41690084064547711  0.42198208440091561  0.42711346501083280  0.43219904255874764
  0.43722857992773129  0.44208761916891837  0.44675604118607637  0.45137710016981136
  0.45604821219459368  0.46061606659013432  0.46531340970532720  0.47008298819998845
  0.47494622508207546  0.47986042582419736  0.48476507591802609  0.48948646028413473
  0.49401564334047687  0.49862851624187415  0.50343923019758796  0.50836732065345025
  0.51328315508419742  0.51817108469155826  0.52315754825547489  0.52827742322546967
  0.53363747858378163  0.53908696760639174  0.54435281178979134  0.54943808454702525
  0.55436330339139361  0.55907651720383156  0.56368946000556186  0.56826847511592926
  0.57302382331472346  0.57808372086076787  0.58337748170634773  0.58888239097343076
  0.59456248312460169  0.60038597852658027  0.60632349184651213  0.61234395473129000
  0.61831062322905339  0.62437851606580341  0.63081751656959484  0.63760865639672970
  0.64483751591901417  0.65207458858025091  0.65956327684234839  0.66716603666962759
  0.67501267061896175  0.68321297093490541  0.69215267800039693  0.70198150907518253
  0.71274045246799911  0.72438594548703783  0.73740115312903243  0.75260577056707534
  0.77061285236447419  0.79454077867919970  0.83379534560729884  1.00000000000000000
 -0.03289179978156808  0.15872655251854900  0.20315530528435169  0.22859770887974371
  0.24708273776386575  0.26327313240734673  0.27680328252791730  0.28842256661672161
  0.29923078232986883  0.30929712384515273  0.31849915588920158  0.32693994057830972
  0.33458239589371569  0.34144931059201244  0.34786305017742614  0.35413201692798973
  0.36026965648275372  0.36637800633786238  0.37244468717156848  0.37807667434809494
  0.38336687856344537  0.38855660045201096  0.39363724378016257  0.39864093784611843
  0.40349478395063593  0.40814289858472813  0.41276876716511735  0.41734491047771594
  0.42191849219468808  0.42639954882446524  0.43099405674974056  0.43555195754433268
  0.44009727118532183  0.44445439592060537  0.44859533168131754  0.45267852148623466
  0.45679637597134437  0.46096929860442720  0.46516576625016876  0.46925667636437784
  0.47317317132221504  0.47705617080646190  0.48088117881802378  0.48478399521815274
  0.48858698935419875  0.49234916715751376  0.49608882949411470  0.49995068234251760
  0.50407849094065837  0.50826514184832017  0.51228802361632164  0.51625815335133407
  0.52020564761296118  0.52410361606891420  0.52801997430635828  0.53193437547788280
  0.53575471944474440  0.53956208192336375  0.54345989585217014  0.54742430191238078
  0.55147650271697568  0.55559081501017371  0.55980702331473220  0.56422492829392823
  0.56874395251948695  0.57319670009261348  0.57747852111910258  0.58189793550276647
  0.58641570873644611  0.59091869510310879  0.59546810642601578  0.60013738231365077
  0.60488672746116756  0.60988853929249576  0.61501218294809312  0.61995349159792756
  0.62480713753678685  0.62976634282553823  0.63499909951457101  0.64052874669666415
  0.64648036762247352  0.65311715726448072  0.65994998253249637  0.66735320641676221
  0.67510402810396619  0.68333827251378454  0.69189293933236484  0.70130130560713422
  0.71179376312559128  0.72349211973786365  0.73680209922012518  0.75240754232066742
  0.77106648536878375  0.79613870271826348  0.84146000504269636  1.00000000000000000
   6.2136372561695469E-009  -1.0000000000000000     
 F F F F F F F F F F F F F F F F F F F F F F F F F F F F F F F F F F F F F F F F F F F F F F F F F F F F F F F F F F F F F F F F F F F F F F F F F F F F F F F F F F F F F F F F F F F F F F F F F F F F F F F F F F F F F F F F F F F F F F F F F F F F F F F F
  <DiscreteSampler_grid>
  grouped_processes
  1 # 1 for a reference and 2 for a running grid.
  10 # Attribute 'min_bin_probing_points' of the grid.
  1 # Attribute 'grid_mode' of the grid. 1=='default',2=='initialization'
  0.0000000000000000 # Attribute 'small_contrib_threshold' of the grid.
  0.5000000000000000 # Attribute 'damping_power' of the grid.
 # binID   n_entries weight   weight_sqr   abs_weight
    10   10   6.962318725179804E+003   1.984532130962909E+008   6.962318725179804E+003
    16   10   6.962318725179804E+003   1.984532130962910E+008   6.962318725179804E+003
    22   10   6.962318725179806E+003   1.984532130962910E+008   6.962318725179806E+003
    28   10   6.962318725179804E+003   1.984532130962910E+008   6.962318725179804E+003
  </DiscreteSampler_grid>
