  0.01432121694046459  0.01480835117359952  0.01513739877736583  0.01533561445271811
  0.01554188688290386  0.01571481125847591  0.01588077547552412  0.01603991613712234
  0.01620019412319643  0.01635771589370645  0.01650065692494110  0.01664571484031123
  0.01679253602462085  0.01693402369605849  0.01709771190126684  0.01725513466115485
  0.01740324965511716  0.01754346874315179  0.01768230259227728  0.01782138791388473
  0.01796043768465198  0.01810431451424494  0.01825536769563271  0.01840186305289543
  0.01855218204741139  0.01869599708898306  0.01883442118358415  0.01897347017003511
  0.01911758260410317  0.01926588857814646  0.01942392833894268  0.01957404647333400
  0.01972362299850791  0.01987072307136399  0.02002352738314485  0.02018244898045368
  0.02034362438506723  0.02050297231987219  0.02064865495712138  0.02078568986010378
  0.02092825457080501  0.02107818105884463  0.02124298852287968  0.02141214869417996
  0.02158668500925151  0.02176780316939430  0.02195560065325923  0.02214322214505391
  0.02233409549509208  0.02253678310157952  0.02274651333184850  0.02296472918148840
  0.02316884748686934  0.02337833158400909  0.02359924771302048  0.02383800932718631
  0.02408254171826027  0.02433595882004686  0.02458569562095598  0.02484542659050601
  0.02510068943061045  0.02535287377257764  0.02560509444088555  0.02586609027054664
  0.02614114156602442  0.02641973190715543  0.02671738310359995  0.02703591275627688
  0.02738774617187033  0.02781198695575355  0.02823292209460187  0.02867795343882476
  0.02913767776632128  0.02961316282048837  0.03012500177764999  0.03066961719288184
  0.03127647227679289  0.03190454783818261  0.03252780455963900  0.03316980707641677
  0.03381154003789168  0.03451537478648137  0.03535085286452423  0.03641976073590933
  0.03772870344494766  0.03919978731074594  0.04085458974803377  0.04275495371688019
  0.04534197344876882  0.04872751169073050  0.05325174837616295  0.06016247840600628
  0.07262646819880772  0.09654101848857266  0.61260042003317439  1.00000000000000000
  0.01815476507044630  0.02587652621345302  0.02920649066269000  0.03158211610763952
  0.03358433595114832  0.03518776783503010  0.03653232341991818  0.03777945876983820
  0.03902563031447753  0.04031322816668630  0.04156324759964328  0.04273892912115693
  0.04392184676698477  0.04513900325259437  0.04634669643202650  0.04744574253831386
  0.04846117308757399  0.04947576895671891  0.05038693851545838  0.05131802436736697
  0.05223453218023127  0.05316492410267593  0.05408161016631126  0.05490805783632890
  0.05572211260064636  0.05657813681390974  0.05745533813568294  0.05835214005945939
  0.05918721656460397  0.05999867477279493  0.06083680868183065  0.06174360868076210
  0.06263083491011835  0.06357133621933643  0.06455912691331862  0.06560932192300742
  0.06672369227416904  0.06792521301940652  0.06909380542334154  0.07017644791042373
  0.07120567117341937  0.07224571805324269  0.07330088074894167  0.07436670710399071
  0.07540303891252878  0.07639976030035056  0.07742438493202154  0.07846140880877270
  0.07948511209230404  0.08051652104436681  0.08159438019702073  0.08276640486391508
  0.08398843821065653  0.08522074760583874  0.08648206214489212  0.08783763901621833
  0.08927198377851922  0.09073256828174046  0.09222849993621372  0.09375498321961907
  0.09521054798228425  0.09658397302126991  0.09809027464684825  0.09967911902158123
  0.10136923178941197  0.10312119573723595  0.10490583514124815  0.10690567399942039
  0.10916004593464297  0.11178229403852755  0.11468894337951364  0.11731604881024074
  0.11972255418404613  0.12198859760015104  0.12419672436498852  0.12644585203206099
  0.12900770862006694  0.13202632140473805  0.13526695923126161  0.13859752507874251
  0.14198024979530624  0.14557616313286251  0.14943044112359641  0.15361326441703643
  0.15830575709720751  0.16340811010330794  0.16910957782499114  0.17567754535628016
  0.18319252530048494  0.19146031922502554  0.19990237301974739  0.21159070742899819
  0.23942650390961934  0.37175157063758130  0.74294149470701543  1.00000000000000000
  0.00129711393297697  0.00721185471863906  0.00869730843849256  0.00967651595378657
  0.01052532317386838  0.01130154542285840  0.01202964428500677  0.01266741109534788
  0.01325816838547335  0.01383979433894768  0.01440401699372838  0.01492919952293567
  0.01544169008074439  0.01595510525517657  0.01652411148328034  0.01713381711107007
  0.01768576283229416  0.01819171553416020  0.01866046382408053  0.01910946018257287
  0.01956085991111877  0.02002621765243753  0.02050254981983941  0.02097534068494648
  0.02143271297856159  0.02189126152132454  0.02236358399967805  0.02284264691895402
  0.02334475862715312  0.02386926635597380  0.02436954828927532  0.02482251324421601
  0.02527224721483772  0.02573711643564804  0.02621551856484019  0.02669556352206968
  0.02718748855734810  0.02768687493030783  0.02818319554215218  0.02874407671220892
  0.02931927448750133  0.02987560851815761  0.03042024649189441  0.03097138692948613
  0.03153876261029720  0.03213418356431567  0.03274191535732588  0.03323082070811746
  0.03365479516293054  0.03409839009529585  0.03455212278412351  0.03501648548300160
  0.03549840261832574  0.03598577091098294  0.03648254204700280  0.03701415373869275
  0.03756791465443524  0.03811676579627386  0.03874890344112480  0.03948857962068666
  0.04023430087570061  0.04104654709886105  0.04194746540238654  0.04293360787611117
  0.04398317328326968  0.04507262241299782  0.04616686394573737  0.04724561985944475
  0.04833026868249098  0.04941550531067961  0.05056294525320217  0.05173292628561088
  0.05288234866764602  0.05407316847117662  0.05535435811392252  0.05661312632598740
  0.05798958248653915  0.05948586917424629  0.06107922238809781  0.06281818526031822
  0.06479990994123343  0.06703284627762225  0.06941256426205838  0.07198247873724718
  0.07470899681278032  0.07784803679551132  0.08124186128777647  0.08505195519900234
  0.08927648091462738  0.09402465728221286  0.10036635544145560  0.10841333265451562
  0.11924965383097554  0.13850196728851230  0.18794940707863045  1.00000000000000000
 -0.00980910049542117  0.05024438470895705  0.08499737089479927  0.11233232071711281
  0.13572361253898971  0.15682074358718023  0.17438947248766948  0.18861680205009990
  0.20144662070783401  0.21312583776103378  0.22382894290164626  0.23495961570461488
  0.24687321348670851  0.25892210255853404  0.27015936809392771  0.27997811790976368
  0.28895625123448210  0.29770831080445703  0.30599839600514439  0.31397420754730665
  0.32154843512953657  0.32892629455404343  0.33653525007225293  0.34444549131609586
  0.35231154810962856  0.36007326358297936  0.36808729453795641  0.37632553910052630
  0.38469044026752564  0.39302620702066654  0.40074819124208910  0.40798165696097882
  0.41503397326666042  0.42188010100461454  0.42831295982960782  0.43459209838127438
  0.44105404843864732  0.44750889156410995  0.45381024942850789  0.46017846265763684
  0.46662804207293956  0.47284226606357294  0.47889821700839519  0.48447186350846611
  0.48994151652497575  0.49522811699339137  0.50042651158272244  0.50557657610804452
  0.51105797387815921  0.51654872617896019  0.52183298134806666  0.52701100450508864
  0.53227417147705491  0.53752668674737369  0.54286156015605780  0.54875684503735334
  0.55488773511263201  0.56096901449752568  0.56727509512062091  0.57351351437241760
  0.57975663510410924  0.58565426119855757  0.59188930395798423  0.59851249958516439
  0.60534060897187614  0.61204707111974777  0.61857897255561756  0.62528725811858732
  0.63237655104502033  0.63984499177869802  0.64759051213714636  0.65546745300426368
  0.66372514036260022  0.67268293531000045  0.68228640844386568  0.69044613249226627
  0.69776770055905424  0.70583380436712506  0.71402175469273144  0.72257254035701557
  0.73084881628898546  0.73926068208956885  0.74762258168416174  0.75705997476533471
  0.76735019970520746  0.77786560246249170  0.78927896050851187  0.80278978168776738
  0.81800365432734101  0.83504670320972385  0.85297032061891931  0.87129568128803769
  0.89085543644770149  0.91481826774273822  0.95220854067173799  1.00000000000000000
 -0.00248931195611539  0.00956988785823606  0.01975094353240197  0.03055870858617096
  0.04141281186876396  0.05168304178741020  0.06300111527618008  0.07502164297296385
  0.08732555138423904  0.09881385337212278  0.10964600056067551  0.11929512741934878
  0.12914638020389907  0.13938339912121225  0.15070458137626103  0.16271683872868400
  0.17341791886935640  0.18334398332635332  0.19319070061764837  0.20276684343883922
  0.21247560461921827  0.22236317736934341  0.23198117614543240  0.24093722051188263
  0.24963797792128822  0.25874234876797875  0.26785987338051859  0.27592278321946184
  0.28394150263184437  0.29242565978966173  0.30163759689067232  0.31081842168596197
  0.31957428636050672  0.32805703755631410  0.33745360213275732  0.34833044692539145
  0.35888946340693845  0.36903544978938896  0.37956982583374410  0.39066200164062520
  0.40177632711125982  0.41294540389199091  0.42430438577737595  0.43581457416101099
  0.44730763198821627  0.45868181517617373  0.46963701907313449  0.48072407012728530
  0.49224335403475328  0.50291957609748683  0.51267872995575536  0.52273419381356778
  0.53381052682091557  0.54480029160040921  0.55493388485914330  0.56507961532980877
  0.57535784030074744  0.58582688464570176  0.59654708760946973  0.60706466976600715
  0.61754942905491073  0.62865064865413878  0.64116918840663273  0.65426974775146740
  0.66642053963282011  0.68029594696964535  0.69336002844495270  0.70541590615236238
  0.71543147771455029  0.72404107682785002  0.73344700815079711  0.74394490308770611
  0.75511437340251386  0.76551293794078601  0.77512673729074821  0.78495203904994215
  0.79506463262110516  0.80485423285264979  0.81393154705062132  0.82258449535087441
  0.83170622566025276  0.84219164818279346  0.85343674299601047  0.86451417728093705
  0.87521005094987114  0.88588009468603035  0.89667026628996882  0.90755710317423688
  0.91888927893664996  0.93131862622881267  0.94449964002239006  0.95703953627105753
  0.96801123058239602  0.97870857333861094  0.98932564041003024  1.00000000000000000
 -0.01410407484207694  0.08001791237467895  0.12254064852374387  0.15815941006452666
  0.18898120245645045  0.21383625963763536  0.23190993741031976  0.24524845443785495
  0.25701068063751209  0.26879857082420833  0.28002129513794488  0.29076439140369958
  0.30071294691145756  0.30987483793218701  0.31844555240008837  0.32680788792807092
  0.33468904858394605  0.34172607883311573  0.34836805256933095  0.35463425642802460
  0.36093706420605604  0.36718186780453260  0.37354898262865055  0.38003925297151281
  0.38641855595928037  0.39251084922514212  0.39805278525772148  0.40299659927587073
  0.40753674523174227  0.41186506477788903  0.41623549889063804  0.42062143097928389
  0.42483943245177536  0.42898737084492783  0.43307778167833899  0.43716446695809996
  0.44170285607340865  0.44604153621855885  0.45037103461909345  0.45430208617090739
  0.45868027128584227  0.46370127943583977  0.46891806660553159  0.47404835559694658
  0.47925221007383928  0.48491894142058761  0.49061895849457898  0.49618364816179134
  0.50138807433238963  0.50582009863253896  0.51021087128247034  0.51489174597208665
  0.51951714774721947  0.52397372397168873  0.52836436091713779  0.53292751602093247
  0.53747680372076090  0.54197213272705047  0.54602445521904330  0.54992223239996940
  0.55362230495398235  0.55744028041770699  0.56121672591003235  0.56577680877479453
  0.57054630167550235  0.57507159716473766  0.57941885963814355  0.58377495901197229
  0.58833450506664553  0.59297068279226650  0.59790134879240653  0.60314512920014896
  0.60937087970735171  0.61626111558365171  0.62287990352749478  0.62954629012798302
  0.63602363313276633  0.64235829878271167  0.64872652610630355  0.65531511097440587
  0.66231412909406806  0.67009624594420425  0.67852366244684315  0.68705287417319372
  0.69601030791046881  0.70516595393041326  0.71423234083601739  0.72396193283191046
  0.73521495065052378  0.74803123488909051  0.76135521991373079  0.77840292179388015
  0.80298723742897515  0.83647689958509464  0.88420868482468096  1.00000000000000000
 -0.00202556518916172  0.00850853770700264  0.01682537571642043  0.02611573923629508
  0.03585693053471800  0.04536685120496387  0.05410991217221833  0.06316462682750999
  0.07455078117083981  0.08590538457571466  0.09695305500891475  0.10793749472659005
  0.11818840739647866  0.12836323578034178  0.13863651705223623  0.14957222416010360
  0.16059381968645023  0.17158835867860739  0.18246905813595540  0.19238616277118092
  0.20190764052565943  0.21175616224149990  0.22315075376230611  0.23593571648622716
  0.24850850814815953  0.26027611687431346  0.27275877017256889  0.28555494310853841
  0.29683218802984063  0.30682521523532985  0.31637733419131109  0.32611485656885469
  0.33622282216936711  0.34640651612323942  0.35743075272764074  0.36972384895326649
  0.38174448407799177  0.39308362438378402  0.40468215025370324  0.41679838967246441
  0.42927124933554128  0.44135164250063502  0.45440523174033476  0.46621876291553666
  0.47725220231492343  0.48824128317225851  0.49922049339304236  0.50984823343818875
  0.52014586556159403  0.53003915579396699  0.54030946837306548  0.55153502106535446
  0.56322846847904640  0.57394655219912449  0.58338993775965187  0.59222613482317765
  0.60113126681759477  0.61053437757301576  0.62059774779608035  0.63080549408489661
  0.64079844864649360  0.65047972946599730  0.65945127158602435  0.66792656926837757
  0.67634069049456347  0.68490597995641000  0.69379816747018530  0.70256004402353556
  0.71218664884622518  0.72267731189344786  0.73269092996051766  0.74227063178051400
  0.75167863457253803  0.76133867841762992  0.77128554118163140  0.78203453846171578
  0.79308577107027989  0.80312519612823918  0.81352868068778295  0.82397512267880890
  0.83452911111914829  0.84473881296753239  0.85537560319017603  0.86691235365324892
  0.87872685436133835  0.89008326200142651  0.90100572446254601  0.91163068539282099
  0.92258873300829058  0.93349077294818372  0.94417419831074212  0.95467806694350821
  0.96525441180316207  0.97618589557468127  0.98787587277196354  1.00000000000000000
 -0.00149812365462349  0.00664434125903138  0.01425454127750756  0.02254977952560640
  0.03157851379795821  0.04183150781527446  0.05408664216676863  0.06657837063898335
  0.07804023658337844  0.08882803894717811  0.09952440816465712  0.10999887694906990
  0.12054080931145404  0.13101164868163892  0.14155247230592513  0.15262845008168599
  0.16451379195526641  0.17697553718033718  0.18985101465815235  0.20369540648766554
  0.21713782791443836  0.22964143635681705  0.24183926164202699  0.25305889939749410
  0.26332748611661300  0.27338656609082551  0.28450426723402211  0.29619760029592312
  0.30866287759308320  0.31920869271460972  0.32939237918267750  0.33996643727529524
  0.35065538266223722  0.35982639818874534  0.36849407458610894  0.37775233050379808
  0.38851450442187968  0.39928896763719685  0.40926415183359660  0.41876050264235870
  0.42836474890742654  0.43808887046617123  0.44817973489354879  0.45822757603901138
  0.46859109523179021  0.47956735628445352  0.49115124769544671  0.50294127351143525
  0.51435278284674402  0.52519610268330019  0.53509863461602947  0.54402253650227017
  0.55213476326766986  0.56111506550081469  0.57064787810540718  0.58033485753745995
  0.58907097000155562  0.59756265226454186  0.60684515614527923  0.61791433011303143
  0.62918761449469796  0.64050887146161262  0.65157921908162886  0.66250138275637849
  0.67334493813377838  0.68354178831312717  0.69265662002849027  0.70114617583381800
  0.70989004498306141  0.71866249486555522  0.72732803295573767  0.73616469783100469
  0.74533862864276201  0.75528733156343053  0.76570036767094618  0.77593880795054071
  0.78647947648730754  0.79760826752204950  0.80879555148809501  0.81973708887695562
  0.83047206562718756  0.84172502977233266  0.85425429422997146  0.86776704847146935
  0.88142188131606991  0.89264551666580383  0.90414134227956233  0.91532558412502418
  0.92494577484423424  0.93437518911623829  0.94393222680590549  0.95416225855941317
  0.96453340772661389  0.97454063575826211  0.98507272460290940  1.00000000000000000
  0.06686834232222510  0.26526827979428441  0.32806152497288632  0.36890435580286007
  0.39555421318851963  0.41586628346985727  0.43187488009765296  0.44607987615722589
  0.45978473542293219  0.47300192656766454  0.48491294561581799  0.49467176703783056
  0.50329752015545293  0.51056787567847484  0.51750054489729158  0.52330089471404528
  0.52898935847519712  0.53486797113975271  0.54114576695553429  0.54741019853443140
  0.55329805872003268  0.55892256903152304  0.56414268491435327  0.56938053119505894
  0.57467040338915720  0.57979300083920682  0.58444966549818334  0.58877429336978238
  0.59294912909879050  0.59702840873549623  0.60104597067092713  0.60494921693885517
  0.60882041120679498  0.61268685678163226  0.61645615329361469  0.62001271993593532
  0.62345449592947200  0.62702334684736227  0.63063202287264486  0.63412034738405731
  0.63740714835587042  0.64083323870272180  0.64427618728694058  0.64754147047168198
  0.65078040633825585  0.65404488094950652  0.65736247524697577  0.66070847906757313
  0.66400595273392493  0.66732194482067653  0.67074708286563745  0.67431123015080918
  0.67794609758926805  0.68161888870904086  0.68509850778232517  0.68832613667314690
  0.69139288167048452  0.69454369262478022  0.69788686447686632  0.70123707353213083
  0.70451364468706901  0.70779554811284728  0.71115059705175210  0.71455191703199361
  0.71788882721587366  0.72113477058862363  0.72465566030164419  0.72821328722163758
  0.73168854288758078  0.73510290631251640  0.73862690157359812  0.74220771951782716
  0.74584218456689921  0.74954468375349337  0.75327855928585596  0.75709436417885378
  0.76104144852620381  0.76515069733612595  0.76937052550401086  0.77390683797922122
  0.77850375432609176  0.78309256974449104  0.78762617689547154  0.79245828722547562
  0.79732893304449859  0.80279798700226757  0.80828059581132639  0.81441898837755400
  0.82115054893772810  0.82843039493513226  0.83633336938334857  0.84529894207615086
  0.85699927538093668  0.87226419901126251  0.89584718370323657  1.00000000000000000
 -0.03260065497199019  0.15918109165313321  0.20094208684102541  0.22618600885528736
  0.24483799116648483  0.25946628895027946  0.27218681925193922  0.28379144646868076
  0.29403915612384773  0.30313895668282131  0.31179426134052390  0.32029915908663714
  0.32844283476501668  0.33581671547938863  0.34254106940931156  0.34895405377298339
  0.35514935408549758  0.36082548396734460  0.36662154292754606  0.37227927532328653
  0.37826794895962729  0.38406889923768994  0.38968991521351704  0.39512604834392556
  0.40046791556207606  0.40562271197563365  0.41035064735856669  0.41441380804769196
  0.41876182564875936  0.42363136209393254  0.42840113841453042  0.43324126549664066
  0.43819377371807194  0.44285833639325645  0.44720904474073631  0.45150947325494922
  0.45589979790698415  0.46031137454916798  0.46469215462890129  0.46916848096309871
  0.47368121530266205  0.47828664548474120  0.48285044055070281  0.48757813491425389
  0.49235409632882021  0.49701354163036426  0.50139618463360569  0.50546561865166706
  0.50938084150135687  0.51325635579187312  0.51720140344755217  0.52100305465656138
  0.52450007506867169  0.52806175641630249  0.53163202595309433  0.53516463970275818
  0.53876981415903791  0.54236357411295111  0.54618311585984947  0.55029192441321417
  0.55427228888406277  0.55816550179450342  0.56200151097555029  0.56567275895615232
  0.56911449469336362  0.57238958920065452  0.57569281061917732  0.57918975542239848
  0.58300513110891194  0.58722737244573620  0.59155457184017446  0.59595278179444433
  0.60040312172975208  0.60489171818445464  0.60935222237425735  0.61381183558531582
  0.61845447074324800  0.62340820610653258  0.62879335174719353  0.63453608072149437
  0.64045407064936655  0.64661761706363463  0.65339620598339831  0.66030204656790992
  0.66756675922900766  0.67516586182032590  0.68323916579701183  0.69175205546310836
  0.70103776380925531  0.71210514969457595  0.72648737718371625  0.74396157666282936
  0.76525942154918236  0.79327556784326692  0.84054414070611150  1.00000000000000000
   1.1491213392286490E-013  -1.0000000000000000     
 F F F F F F F F F F F F F F F F F F F F F F F F F F F F F F F F F F F F F F F F F F F F F F F F F F F F F F F F F F F F F F F F F F F F F F F F F F F F F F F F F F F F F F F F F F F F F F F F F F F F F F F F F F F F F F F F F F F F F F F F F F F F F F F F
  <DiscreteSampler_grid>
  grouped_processes
  1 # 1 for a reference and 2 for a running grid.
  10 # Attribute 'min_bin_probing_points' of the grid.
  1 # Attribute 'grid_mode' of the grid. 1=='default',2=='initialization'
  0.0000000000000000 # Attribute 'small_contrib_threshold' of the grid.
  0.5000000000000000 # Attribute 'damping_power' of the grid.
 # binID   n_entries weight   weight_sqr   abs_weight
    10   10   6.374856539901374E-003   9.218763336766420E-005   6.374856539901374E-003
    16   10   6.374856539901372E-003   9.218763336766415E-005   6.374856539901372E-003
    22   10   6.374856539901370E-003   9.218763336766413E-005   6.374856539901370E-003
    28   10   6.374856539901370E-003   9.218763336766412E-005   6.374856539901370E-003
  </DiscreteSampler_grid>
