  0.00004029553433459  0.00004808031763145  0.00005317573513473  0.00005858206858335
  0.00006237838553716  0.00006559804885417  0.00006872399126502  0.00007214544751408
  0.00007556353829892  0.00007946181349214  0.00008365660562863  0.00008791178105354
  0.00009297680299432  0.00009903023944638  0.00010507709107048  0.00011165040162837
  0.00011839301404886  0.00012518699675028  0.00013236544658077  0.00013991817668874
  0.00014742365169206  0.00015458377409040  0.00016190470263522  0.00016961014291984
  0.00017802196987523  0.00018666754336954  0.00019552428307685  0.00020456553063469
  0.00021398623924197  0.00022407870793263  0.00023462738976896  0.00024461941271002
  0.00025335393273095  0.00026227937907203  0.00027166829570125  0.00028204496110519
  0.00029333728065731  0.00030429832561721  0.00031523025739944  0.00032640378801716
  0.00033794540088461  0.00034930676492871  0.00036359435675717  0.00037770907379223
  0.00039189875390882  0.00040632672953611  0.00042159657690905  0.00043772840716337
  0.00045513138001643  0.00047365863083796  0.00049234432342538  0.00051104104751716
  0.00053017654755841  0.00054890439986630  0.00056846536251786  0.00058961261779746
  0.00061186845922808  0.00063486645981517  0.00065821502264119  0.00068514382765084
  0.00071257919696212  0.00074245792717695  0.00077625212022140  0.00081134623948894
  0.00084879869171234  0.00088734803259382  0.00092761528089594  0.00096856274307322
  0.00101151654805034  0.00105538043390462  0.00110163209526377  0.00115206887853248
  0.00120585542344409  0.00126714777667549  0.00133275697994858  0.00140387338110766
  0.00148276767601704  0.00156674109554689  0.00165802046095016  0.00175819483498578
  0.00186935600870874  0.00199268297264462  0.00213159599649294  0.00229640945757557
  0.00249191855217588  0.00271229641016656  0.00296784625718916  0.00328813841584644
  0.00367236851658191  0.00412533763933806  0.00469434145949697  0.00559089887053333
  0.00701384100937018  0.00936734109326659  0.01575175667597901  1.00000000000000000
  0.01650380994712044  0.01828495916107424  0.01858719763301737  0.01884692487902640
  0.01904954087326516  0.01921823195085209  0.01938285151889305  0.01954752333543266
  0.01972335939616513  0.01989968225281723  0.02008581670444245  0.02028638901656888
  0.02050952167173078  0.02075886009850638  0.02100629760582628  0.02125481453221242
  0.02150890212243164  0.02177175272031956  0.02203329420315109  0.02229395097706767
  0.02255235603600341  0.02280295161968844  0.02304533379058630  0.02329377525333155
  0.02354622594911461  0.02379404558942427  0.02404369771658927  0.02430423867872405
  0.02457678052144003  0.02485456317426528  0.02513076450492573  0.02540020112863435
  0.02567997442297778  0.02596230255161636  0.02625910366712754  0.02654710833621495
  0.02683885446430430  0.02713727475078869  0.02744651833011112  0.02776846068060407
  0.02810305404969999  0.02844449467089290  0.02879594747075074  0.02916573911728540
  0.02954873682077351  0.02992992729697979  0.03031549311583556  0.03071028764241979
  0.03110772856512484  0.03150919914176218  0.03192873964477586  0.03238914042328463
  0.03286987999408827  0.03335817352616126  0.03384566678895943  0.03433994117764472
  0.03486139391803073  0.03541418654913558  0.03600087288117265  0.03659610098571191
  0.03726217780852068  0.03795875880289114  0.03868062335676957  0.03948209978173772
  0.04032440492934023  0.04116896690571176  0.04201755645792802  0.04288558370774209
  0.04379369125867410  0.04475573135733683  0.04573711114553115  0.04677989548960065
  0.04793263248585315  0.04920271993007860  0.05047043600983673  0.05174039529644245
  0.05314281596047354  0.05469582882095788  0.05639156865174225  0.05823234354638911
  0.06015717124162479  0.06215817704047241  0.06438138997879328  0.06695326797348586
  0.06979784849499429  0.07287101812556313  0.07633053870810994  0.08034430160129859
  0.08507506058014942  0.09039663274047259  0.09661154748388440  0.10450744299330955
  0.11604677432457663  0.13216020245703414  0.15576629541988443  1.00000000000000000
  0.00294590538018734  0.00502395177182007  0.00635357303080082  0.00714485590183728
  0.00765799725308765  0.00814865064004244  0.00861340715378384  0.00906182184736176
  0.00950950880449537  0.00995799996853969  0.01042025480247730  0.01089858742050450
  0.01135524522752455  0.01176318974086357  0.01214659805650806  0.01251145917303907
  0.01286092008240773  0.01321273450394347  0.01356853834667730  0.01392558378032355
  0.01428885755367934  0.01466472663159829  0.01504512983452079  0.01543032786354114
  0.01586127731054419  0.01629652759396095  0.01672919552116267  0.01713215850399219
  0.01750946268023389  0.01787489952115443  0.01827020100153644  0.01866508162218127
  0.01907089919220115  0.01944959148988193  0.01983685571312016  0.02025353519428572
  0.02068199731450664  0.02113471302217793  0.02161077721341750  0.02211179009149682
  0.02263765729046241  0.02316944600257925  0.02376547785462680  0.02437300358681458
  0.02495971881781679  0.02554219903143794  0.02611176966808121  0.02667087477558332
  0.02723813721349858  0.02782743399672323  0.02848381799333940  0.02923071326211435
  0.02995509292454419  0.03063837844816007  0.03135024570446833  0.03206092567666840
  0.03278881266213477  0.03353506630346577  0.03432948577267272  0.03519084765252836
  0.03611265156269317  0.03710529472295655  0.03819727880979910  0.03920878280712663
  0.04020996652402734  0.04120092030168576  0.04216247714668328  0.04306580195717720
  0.04395955668274577  0.04485914649279294  0.04579154313685994  0.04676735136577875
  0.04783435843991651  0.04892742211660362  0.05016610037711701  0.05157551555201659
  0.05314971620138573  0.05499690384825913  0.05696639096383785  0.05913598608477930
  0.06135840601903483  0.06368609123508269  0.06618936162232783  0.06901675724263988
  0.07221791533871925  0.07606874769757999  0.08061811916106716  0.08538645990295493
  0.09066057678426930  0.09668426531480614  0.10484511203372697  0.11483808418163541
  0.12739074267321934  0.14794007248777594  0.78469416305671058  1.00000000000000000
 -0.00168103392332540  0.00604362464442856  0.01289147781888960  0.01995107152849927
  0.02798614611728950  0.03589684637267196  0.04373298977192907  0.05161986045757826
  0.05950302490867271  0.06870847633286715  0.07883634697688946  0.08873855736584392
  0.09865156053456396  0.10862879067828221  0.11921344531180685  0.13029348013009584
  0.14225894322028426  0.15416497428922774  0.16578540138297254  0.17847624039323759
  0.19057409451105872  0.20234976214240902  0.21367400748361406  0.22488805471671588
  0.23606988382433808  0.24695373958091371  0.25725588907877067  0.26725450787054850
  0.27780607383574074  0.28897309470742077  0.30048519120703227  0.31147145389175751
  0.32381535301903053  0.33654355885467996  0.34854184549106149  0.35938196144327533
  0.36974285923888439  0.38113510736383305  0.39290780316342511  0.40450596815922180
  0.41606222095769413  0.42769799087524557  0.43943456629334920  0.45093999562752907
  0.46203253996566385  0.47295651024470203  0.48417771299883522  0.49589048771384814
  0.50725380817974031  0.51849968396473478  0.53031548021016184  0.54247622640811843
  0.55435046535396915  0.56547591966235689  0.57650723272747106  0.58806539666055335
  0.60007468283268939  0.61104386513863851  0.62094093883075940  0.63077058708801959
  0.64099952950758610  0.65174924337845519  0.66211935498649621  0.67354151171941201
  0.68511935774277821  0.69724426540444639  0.70893377695791449  0.71990569746692357
  0.73125773757433310  0.74240479395886061  0.75392462402899441  0.76515743130909664
  0.77765153493964212  0.78950036918208910  0.80078051081555746  0.81161327453157428
  0.82240335173724333  0.83291686289272027  0.84354169985224681  0.85408557794424045
  0.86460393731956520  0.87471133648643240  0.88509716080580125  0.89532635667691118
  0.90533639613460026  0.91406199567597568  0.92283755148898161  0.93190803965077329
  0.94089777658719553  0.94989954330268911  0.95861986905356966  0.96700047631970432
  0.97582803916326555  0.98413831177926547  0.99226163047276583  1.00000000000000000
 -0.00231567414536389  0.00945984440586530  0.01864297516129733  0.02795923331560575
  0.03769953053207700  0.04792758094574515  0.05818549933745046  0.06766062669265353
  0.07790937985131809  0.08882905328747459  0.10097716381026778  0.11293001814743839
  0.12471823037319675  0.13496721001970580  0.14514016551874370  0.15523491328920619
  0.16502240765543233  0.17455016427798137  0.18416590365226618  0.19398965377056138
  0.20387500689071722  0.21346080996463038  0.22315662495299193  0.23304215084844179
  0.24257099748918470  0.25152596051372683  0.26030873700435192  0.26978831029685268
  0.27993501357560158  0.28995273930348631  0.29964031700495364  0.30958729523381340
  0.32081022407764043  0.33268041266200343  0.34448316696414927  0.35618546885356622
  0.36812680568279949  0.38043121474928865  0.39260982016679463  0.40432714118368079
  0.41543213831207260  0.42642184348039219  0.43698968139465388  0.44756975164904789
  0.45818902748765566  0.46941822697381169  0.48016515210515137  0.49088633595432113
  0.50143018194337829  0.51197071948260020  0.52263560946104692  0.53429447008674302
  0.54576053455004536  0.55720383699868570  0.56753284564174844  0.57794995842669838
  0.58778980606484665  0.59820712104219864  0.60884550689240113  0.61915970471689941
  0.62949134723032651  0.63930855677845844  0.64981020425916736  0.65915051511396017
  0.66860125330696274  0.67849455119977597  0.68848530393305996  0.69855643709757087
  0.70827608162315747  0.71789661821517525  0.72756343466679230  0.73832705920309794
  0.74977190567448049  0.76092737009464373  0.77127397982949664  0.78175263240579518
  0.79241201222661539  0.80254761224702253  0.81281457187424522  0.82323711096925012
  0.83393867262211385  0.84462272526422655  0.85528798752353696  0.86551041841267762
  0.87575131791824401  0.88613500403434897  0.89688156884404269  0.90772256937910833
  0.91871570990765550  0.93056504270913143  0.94273711539669314  0.95491109055112466
  0.96669451214314983  0.97814254268941003  0.98921200840041612  1.00000000000000000
 -0.00718489371759326  0.03791658867939980  0.07273629158668357  0.09987787882483315
  0.12100763651029381  0.14157809455862627  0.16235747068007439  0.18112272698292073
  0.19754310939334355  0.21184707550989787  0.22563597534463012  0.23887716397397182
  0.25134503907336569  0.26231372933404157  0.27340557668726650  0.28475741116329645
  0.29634032062792787  0.30724143651327623  0.31695687818365614  0.32590378215669086
  0.33431162947091797  0.34249981881622893  0.35024246188248587  0.35752898940532518
  0.36449080572432718  0.37126205698297660  0.37797113962684437  0.38479644788905859
  0.39195497819659625  0.39883118555849978  0.40521812445568317  0.41119953241145613
  0.41697631190610313  0.42265833179030893  0.42851420900535758  0.43459535060354448
  0.44066411987842707  0.44673063158292337  0.45256099751403916  0.45827252728250578
  0.46479700673887531  0.47105264642297712  0.47730507327067584  0.48351913161045612
  0.48961110585064127  0.49558529624533276  0.50147328955217563  0.50726441150150470
  0.51334302586269442  0.51936546249847138  0.52489650706186275  0.53015993222212554
  0.53556388612635997  0.54087053764062298  0.54609386195563603  0.55128150264100373
  0.55666606444990585  0.56234333169808570  0.56821893795389278  0.57397609225272561
  0.57946761338785757  0.58500840511403984  0.59059611028139680  0.59650632787618196
  0.60270697915148685  0.60915814320713546  0.61602428577484813  0.62289535108785643
  0.62974825863081418  0.63620679547032022  0.64253931698563327  0.64927043494324033
  0.65647408705469401  0.66379690133785552  0.67101600939715311  0.67828069929166146
  0.68598546274379457  0.69429483815571680  0.70278229572948347  0.71204197893490428
  0.72211579731606157  0.73258374597184717  0.74368775298858780  0.75537728508973589
  0.76788032881474588  0.78153372021302925  0.79629581138895467  0.81284322714221069
  0.83031638738805935  0.84807878282994742  0.86572755326909334  0.88313649554553542
  0.90230352210200959  0.92558525844961947  0.95766495760236336  1.00000000000000000
 -0.00221294635473094  0.00874230465617031  0.01842863371900415  0.02834482366017477
  0.03819592234417922  0.04813221094866019  0.05805556703741865  0.06837460837085510
  0.07863301750518793  0.08914437290399857  0.09994180028408634  0.11099565311263558
  0.12233658972301488  0.13394658098386711  0.14566023511390683  0.15734326377340319
  0.16900196295659667  0.18048565914704798  0.19131251481034794  0.20195044394119252
  0.21266055883649221  0.22409347961070356  0.23543829550776574  0.24602894267002595
  0.25588813018171358  0.26519598710468062  0.27482850472411635  0.28458856613590372
  0.29442844808052848  0.30407271670373170  0.31370431098183021  0.32435108272059954
  0.33507829039362391  0.34542728214385432  0.35588196018554813  0.36622243204632593
  0.37650257548216398  0.38701195938552246  0.39768025402331997  0.40790696363235818
  0.41780057042759572  0.42791731208421419  0.43814552735319828  0.44780109016300262
  0.45714408396625150  0.46727927302594480  0.47759818878565069  0.48769954521897207
  0.49774934833014967  0.50868207030893442  0.52049163218034533  0.53249008155586308
  0.54453659083431127  0.55553876029429405  0.56657914775558404  0.57728590060483365
  0.58773842480996052  0.59781751490209900  0.60789158488081285  0.61854361777968536
  0.62981014127400203  0.64224815706879701  0.65445780336212744  0.66576445917598215
  0.67614895136349984  0.68604024373261130  0.69591099387115318  0.70542381484679029
  0.71519958673295836  0.72473684803135052  0.73413354435761990  0.74361781911073099
  0.75365432007973976  0.76465736904594106  0.77549341418141771  0.78606211007797366
  0.79619910871747845  0.80617356065766088  0.81624287623833192  0.82650079984352520
  0.83631379854780852  0.84595095781234741  0.85584538367082419  0.86631040722464248
  0.87695115559908177  0.88739886315322325  0.89789156056087582  0.90885979989466104
  0.91998026959388213  0.93123685427378400  0.94249662821372737  0.95409731592075375
  0.96575922011258097  0.97695744085898206  0.98849530304041633  1.00000000000000000
 -0.00227014294637014  0.00913849506793888  0.01884251715465166  0.02886382902693830
  0.03945590939516697  0.04885801516415324  0.05776668518089031  0.06702608053054010
  0.07712905420015879  0.08737085578878098  0.09726017892449848  0.10782779661055714
  0.11919683823999787  0.13057521467545269  0.14158398966884933  0.15175465144373293
  0.16146947832409336  0.17125819049001703  0.18125195782985373  0.19081778663800586
  0.20016360359113705  0.21028499716271401  0.22194667349257488  0.23300395109837491
  0.24322643557197132  0.25318484054506918  0.26328856111636761  0.27371799270687913
  0.28392317301704662  0.29403373520281478  0.30476860582241211  0.31591198367255119
  0.32756094891502829  0.33901252723475356  0.35050863930779802  0.36223618978846911
  0.37376676899375921  0.38479962009076490  0.39548036992580321  0.40568359978941415
  0.41591201072617623  0.42665181776666333  0.43752875624103887  0.44834442538592550
  0.46008644047434094  0.47264661581502937  0.48425909980582676  0.49475937492306227
  0.50478512026716382  0.51514244143758037  0.52593447970663798  0.53679854272177574
  0.54780689989990494  0.55865777374575010  0.56911050392840767  0.57950474643889172
  0.59055517892070786  0.60266235286000813  0.61395153001234215  0.62527714062942219
  0.63731753835668492  0.64889264259888202  0.65876698985901316  0.66874288987614194
  0.67968752971685931  0.69104367754227491  0.70253545663153361  0.71325379456143401
  0.72378754652414667  0.73360001432615507  0.74338984758425564  0.75282668102572903
  0.76209474570373581  0.77172940865384076  0.78201750179335272  0.79242086065110728
  0.80324694816913200  0.81391258227185859  0.82397643138871401  0.83406650761968548
  0.84538838268072725  0.85688162927429001  0.86773019413824692  0.87845416912648377
  0.88933548250809225  0.89922327352867337  0.90843752366051200  0.91837935323306763
  0.92874121569418933  0.93878001416938872  0.94834691278153438  0.95744792604992812
  0.96825229540344715  0.97900178124585668  0.98960762999604435  1.00000000000000000
  0.09061262542809950  0.12874149383914202  0.16224482921963637  0.18406462711493832
  0.20081493871443190  0.21545883959815762  0.22838632098679604  0.23988462257599924
  0.25062728135342927  0.26073681370936541  0.27039268379110892  0.27940680229624787
  0.28822277040678251  0.29673813460805076  0.30541136516792317  0.31385459957040862
  0.32201749086463910  0.32955240653475126  0.33640302233532454  0.34288487453917321
  0.34931181068262124  0.35602396604537440  0.36222125372167957  0.36882415089790033
  0.37517957091677878  0.38140405605995442  0.38748056840511125  0.39359736461678113
  0.39958773463091235  0.40527347134163810  0.41057291438979499  0.41559642439258698
  0.42062690031445932  0.42585476756053997  0.43137962154847459  0.43701906905814503
  0.44293520309875339  0.44894390342873730  0.45490436985089849  0.46060195134571474
  0.46598179730536937  0.47121843614854275  0.47626002030531239  0.48118190177880238
  0.48608671604095305  0.49120641422984013  0.49636442535235464  0.50144655030706164
  0.50645186204058223  0.51146771298366367  0.51654189796207295  0.52156681476667932
  0.52636863820732716  0.53088184350549628  0.53541248428324872  0.53997693365458133
  0.54459477095222908  0.54928379466877519  0.55389914526690998  0.55868051098689353
  0.56367270140629055  0.56888675853186843  0.57411128961525848  0.57922146795840024
  0.58432148908883697  0.58958992822453782  0.59510696168253885  0.60054069843651503
  0.60610095905677486  0.61161766923272343  0.61748273253999608  0.62333507222479934
  0.62919265554756587  0.63494042877958845  0.64090079728780169  0.64692197249101047
  0.65274333061396583  0.65881108556134649  0.66483820927810977  0.67079566126496648
  0.67685374311852609  0.68313763847763476  0.68994057204314041  0.69706175186882857
  0.70430889767066618  0.71250824052009598  0.72237285081115599  0.73330630750268866
  0.74451737880650470  0.75587141025406002  0.76801255770923538  0.78231861682654258
  0.79984408663094020  0.82348031637261088  0.86371237195346828  1.00000000000000000
 -0.02293500071956513  0.13681066989842708  0.18000317285405817  0.20787093858056885
  0.22917455340676654  0.24696697618450927  0.26079701345200423  0.27324791147912880
  0.28391063685026835  0.29414065417492624  0.30332022992543489  0.31167222357835106
  0.31926266443769369  0.32663031764169692  0.33382765123152425  0.34050304669015236
  0.34663540374769880  0.35246364316156603  0.35807670845655221  0.36365969374308571
  0.36935125789164702  0.37515466253641194  0.38102555571904706  0.38663950403707892
  0.39179680177952958  0.39672965544678501  0.40137251067069057  0.40591164245385597
  0.41044957794337411  0.41498305550894488  0.41978825419717580  0.42468123195189594
  0.42947369303885263  0.43427193400388164  0.43912178925998352  0.44391849535579503
  0.44859470998026590  0.45311177188837837  0.45761048513386404  0.46229964864813378
  0.46713255058475989  0.47199105806118369  0.47678861363506181  0.48152035639774754
  0.48603832572099875  0.49075550710407534  0.49544575409366176  0.50004666061945668
  0.50458536174451052  0.50901670992287784  0.51358226652157413  0.51827132960296940
  0.52295993303336841  0.52749125668492247  0.53212819712832671  0.53689079912603399
  0.54169959926057853  0.54648890117017490  0.55124097433554309  0.55593290699505182
  0.56048320451518807  0.56478749935359929  0.56888270562679355  0.57321108719895875
  0.57765497332446158  0.58197269547712227  0.58620178045903892  0.59026745477795117
  0.59435082998519939  0.59860059181639313  0.60292162352732870  0.60728942718505829
  0.61169315731043650  0.61618805651317343  0.62081751954828357  0.62570948471877808
  0.63125086143834219  0.63701995816263057  0.64260810742748886  0.64870740316433428
  0.65552627417304232  0.66257880510387202  0.67025549236466375  0.67874875747016394
  0.68763202558588998  0.69651054799199796  0.70552758061106025  0.71527471435688561
  0.72654226591820059  0.73934663975398307  0.75353786187305627  0.76999178082766018
  0.79022597310517917  0.81602835424050335  0.85816041977405866  1.00000000000000000
   2.5483178859519906E-010  -1.0000000000000000     
 T T T T T T T T T T T T T T T T T T T T T T T T T T T T T T T T T T T T T T T T T T T T T T T T T T T T T T T T T T T T T T T T F F F F F F F F F F F F F F F F F F F F F F F F F F F F F F F F F F F F F F F F F F F F F F F F F F F F F F F F F F F F F F F F
  <DiscreteSampler_grid>
  grouped_processes
  1 # 1 for a reference and 2 for a running grid.
  10 # Attribute 'min_bin_probing_points' of the grid.
  1 # Attribute 'grid_mode' of the grid. 1=='default',2=='initialization'
  0.0000000000000000 # Attribute 'small_contrib_threshold' of the grid.
  0.5000000000000000 # Attribute 'damping_power' of the grid.
 # binID   n_entries weight   weight_sqr   abs_weight
    10   10   1.476610046542516E+002   1.117578954101120E+005   1.476610046542516E+002
    16   10   1.476610046542516E+002   1.117578954101119E+005   1.476610046542516E+002
  </DiscreteSampler_grid>
