  0.05310599070905674  0.05360676215983452  0.05380493441321341  0.05400612007175061
  0.05424416409022528  0.05446111997048027  0.05466528256134973  0.05486251054276710
  0.05505564683329067  0.05525167867160309  0.05545211485014871  0.05565243950896741
  0.05585096588172408  0.05604962119512720  0.05624809946100755  0.05645016023288209
  0.05665973637404275  0.05687026333150367  0.05708383775439239  0.05729438479519556
  0.05751031604696438  0.05771932761187754  0.05793092047445803  0.05814642927411143
  0.05836475460515782  0.05858616502707975  0.05881052759123262  0.05903951631317329
  0.05927569769629022  0.05951887214509699  0.05976528566914259  0.06000895341109876
  0.06026143361534234  0.06052325769426449  0.06078462829733436  0.06104332437946017
  0.06129830356860585  0.06155223012108686  0.06180699796105744  0.06206562798667535
  0.06233542121386696  0.06262040065352263  0.06291431630393446  0.06320632302948123
  0.06349639941943251  0.06379435868833647  0.06408733072018272  0.06438934728533599
  0.06470995642881523  0.06503537064352276  0.06535433864163026  0.06567083252985867
  0.06600658663998007  0.06636228438771112  0.06673859356429465  0.06713360324968987
  0.06750160160192403  0.06789998343790757  0.06829524120815438  0.06870682173620139
  0.06913458192508813  0.06958410829453385  0.07006595713997800  0.07058931179835280
  0.07110531965962104  0.07161875917520547  0.07214549291200030  0.07271829058359208
  0.07331536021104332  0.07394198218715703  0.07459073111683676  0.07533604050501455
  0.07611503737823176  0.07692663647343291  0.07774925296512682  0.07859185603387647
  0.07948903517986053  0.08049433765693431  0.08161673659540800  0.08281061399354916
  0.08404098223448390  0.08532596450305986  0.08674539321471507  0.08832603237801670
  0.09009087989953438  0.09221256028592648  0.09451553488964419  0.09670056314728205
  0.09935339854718256  0.10307002966580420  0.10765539684260414  0.11347273650811367
  0.12173547985523893  0.13564841809928457  0.16608456933375634  1.00000000000000000
  0.05730337548931203  0.07094451788326213  0.07840271522911099  0.08360852730388511
  0.08799214190399909  0.09189054168893672  0.09554859003773863  0.09893001051541093
  0.10184761420235465  0.10463949294520096  0.10733908690155324  0.10991367143170890
  0.11246834501038122  0.11485168321020314  0.11714287087736984  0.11946057672853105
  0.12175029025204595  0.12388882471959731  0.12586276635818278  0.12776900028032362
  0.12967072671140611  0.13148728498940018  0.13326720170978282  0.13498494303365227
  0.13673072202821443  0.13853860281014371  0.14037573511350038  0.14209917656930418
  0.14378033604422405  0.14556142626446578  0.14729542855439035  0.14902493530813346
  0.15082384585898018  0.15267726347371899  0.15470726726553471  0.15683390851840970
  0.15892065246438228  0.16104613176620863  0.16320603692560084  0.16536724744697462
  0.16751583597134026  0.16956780691408646  0.17168776126266472  0.17403264326191673
  0.17652537732327864  0.17913406450042507  0.18170669791753544  0.18410684438271852
  0.18639967013151809  0.18886239494432194  0.19160348562463800  0.19444804043544478
  0.19717662877256026  0.19971262138446055  0.20221536841919574  0.20463530767714211
  0.20715424120229126  0.20976180127173716  0.21238782595204359  0.21468144889842095
  0.21729131757634457  0.22049751031372530  0.22344521761364458  0.22647710134321050
  0.22955271246061720  0.23259300325732662  0.23567552185397703  0.23887341537602122
  0.24224823028443682  0.24569621232731190  0.24944802052874324  0.25323594629010254
  0.25722227214457405  0.26125061003442490  0.26514391582928004  0.26878445670488416
  0.27206920396781920  0.27507477154183130  0.27817664002654324  0.28160700264553279
  0.28529846668119913  0.28908828747338972  0.29295846316263491  0.29702289823151345
  0.30151073756106767  0.30671738391572856  0.31266182277261700  0.31950406050408359
  0.32741363502315102  0.33561805117441035  0.34522836305298232  0.35631540122158589
  0.36935109430313418  0.38179173847639986  0.40202984214983167  1.00000000000000000
  0.00016626869951061  0.00042850150840080  0.00054482839903575  0.00063015546970350
  0.00071456155467647  0.00079445682308442  0.00086788286354807  0.00094012635368695
  0.00101352357950341  0.00108650502407595  0.00115818745732544  0.00123257514834194
  0.00131036508463788  0.00138679045173813  0.00146160636872972  0.00153641655710647
  0.00161023969086824  0.00168253382179045  0.00175766393699523  0.00183675759960750
  0.00191864917667575  0.00200398873965220  0.00208727651547692  0.00217291062732860
  0.00226201240794285  0.00235365277396444  0.00244259124711732  0.00253050566208161
  0.00261849949312245  0.00271492648856694  0.00281598793752321  0.00291889900545256
  0.00302545563017303  0.00313388115873920  0.00324077629876619  0.00334940248045776
  0.00346397588279098  0.00357957953442294  0.00369704966402237  0.00381829000648446
  0.00394191490204177  0.00406998143668651  0.00420125569668436  0.00434014793185867
  0.00448154029533974  0.00462113949044327  0.00476232117498298  0.00490564166932379
  0.00507092725965013  0.00524667745743121  0.00542540485875039  0.00561171635351267
  0.00581047994795121  0.00602166426148053  0.00625180312408658  0.00648229473209561
  0.00674066207396515  0.00702109485646412  0.00732695750011643  0.00767034905097287
  0.00804888135423395  0.00841510199962585  0.00878008691796213  0.00918163608595653
  0.00962617654333949  0.01011119703870921  0.01063190148971283  0.01118283620523263
  0.01178300826404521  0.01244966844422658  0.01317908417150366  0.01395660631137227
  0.01477956132306088  0.01567803369547891  0.01659012302614540  0.01752816295530592
  0.01852131083150107  0.01955430942873658  0.02067161984008166  0.02193369644880205
  0.02329362017728533  0.02483923377006774  0.02671059486981065  0.02849059219425563
  0.03051468184017996  0.03284319031302037  0.03553235936021542  0.03875561680620789
  0.04253675074590548  0.04676443807547316  0.05195363803962504  0.05908852161854648
  0.06883398097703278  0.08270337581947397  0.23763994979431619  1.00000000000000000
 -0.00718881337226644  0.03229788106251723  0.06301834001228129  0.09106322267211076
  0.11432341265097681  0.13425092560106996  0.15241259345290795  0.16963423950111520
  0.18548628166394526  0.20015837767405945  0.21434245804569191  0.22774875066963832
  0.24030558912114725  0.25222993439326163  0.26389037134862758  0.27438919044840804
  0.28269505961081182  0.29078464547966537  0.29893089056763600  0.30695224876300947
  0.31473625530434873  0.32204061842776366  0.32914109075625364  0.33672733587574860
  0.34486591155466195  0.35282077089569297  0.36044315318411507  0.36795923781728734
  0.37533990139309364  0.38276312334326679  0.39026105617442408  0.39784370355616100
  0.40512337340933741  0.41181119366636204  0.41825119362207797  0.42458901390317766
  0.43100229636770482  0.43735349933941953  0.44363645915473504  0.44980718420012955
  0.45583267221940049  0.46225295793739907  0.46869109240067403  0.47491633538548728
  0.48096214051696190  0.48695238752584458  0.49281472986388564  0.49849967163776898
  0.50417462190792517  0.51009809146741691  0.51621362271161531  0.52247620500938519
  0.52888789400617164  0.53540392238809942  0.54199494288873196  0.54861570365383894
  0.55517299275187637  0.56167026839449041  0.56827535558867459  0.57494898780476911
  0.58160256981199554  0.58823272905358570  0.59528239054242760  0.60231728517418859
  0.60946224167742691  0.61662788022989889  0.62396214086890411  0.63157699192624683
  0.63940242253106583  0.64705464992285133  0.65479534756615843  0.66275952763565660
  0.67038415818990615  0.67740765835660954  0.68512237727442193  0.69324639379486419
  0.70110158086094077  0.70893590818383012  0.71719479505213712  0.72557678309206297
  0.73470997036398522  0.74502351978603276  0.75613955450886938  0.76811601959518461
  0.78135210373140318  0.79573806442947081  0.81095797118143387  0.82672634800907585
  0.84305575374162534  0.86027642914680680  0.87880249546966849  0.89955873658899210
  0.92278403500618933  0.94679715109850604  0.97392083420282682  1.00000000000000000
 -0.00262050127449726  0.01042741329819324  0.02058907031868908  0.03154632972616254
  0.04125043600487231  0.05228502732028224  0.06312088953106330  0.07383024147976469
  0.08481818989603698  0.09619471323492422  0.10745445917897581  0.11780010345059394
  0.12783182268592533  0.13572127724141811  0.14568081698080451  0.15540320316504874
  0.16524672528910692  0.17478637198540825  0.18413754061956994  0.19423723875271678
  0.20474348429492573  0.21499946234531528  0.22534210235488344  0.23619116028549167
  0.24649246483936108  0.25611455787554921  0.26583908875394574  0.27628369118413432
  0.28750007837278357  0.29860996074599566  0.30945387102792438  0.32049091275056102
  0.33193497505954245  0.34349791578619210  0.35497699273494632  0.36638976625516573
  0.37773735553231375  0.38899377561924231  0.40039031929383695  0.41152051394832284
  0.42276126550651033  0.43421111657021261  0.44520159426450051  0.45579513134166527
  0.46590591999272890  0.47596043400866400  0.48663458871237841  0.49744508368191070
  0.50801636401912731  0.51793193939005289  0.52808584674208470  0.53917772637730454
  0.55041820878968439  0.56199370184766873  0.57331525860565735  0.58426405400142312
  0.59552227331382779  0.60742634309912547  0.61907010230445969  0.63047546733942883
  0.64165214620268773  0.65251264718830060  0.66316912280925866  0.67339987648766586
  0.68343510370660099  0.69355325586856087  0.70374992187258401  0.71401161122661960
  0.72454871122782083  0.73550552052604556  0.74640566420642984  0.75695803961097108
  0.76710623843736447  0.77664047096852074  0.78630475380267395  0.79652341730173792
  0.80744357408265699  0.81839197330511815  0.82868843560858974  0.83858672542933688
  0.84829888255846342  0.85810274866803060  0.86853360187267314  0.87950987985986950
  0.89029279990124854  0.90124655961846400  0.91187428082023947  0.92110525514580377
  0.92993625618541909  0.93943653912094893  0.94929909344599650  0.95890482470873317
  0.96812502143205859  0.97719654529986832  0.98770046022352143  1.00000000000000000
 -0.03449030286898443  0.16169497492884663  0.21219072429852726  0.24150353193403631
  0.26173206125591758  0.27824828359154619  0.29202599211388808  0.30363085049498195
  0.31428011558042618  0.32439800810555142  0.33347957763107700  0.34181385853948471
  0.34961253910859524  0.35714358385140799  0.36444898122784919  0.37118460797811487
  0.37718646246277437  0.38223150703800768  0.38752730522256107  0.39279497033845484
  0.39765871565343408  0.40209951481597000  0.40649452370199768  0.41084919449232515
  0.41521275200508251  0.41951686198350868  0.42368354697119726  0.42760881145994739
  0.43140294096742748  0.43529933835965290  0.43946246321216037  0.44370747959556650
  0.44771792892194345  0.45139814841603371  0.45494977601491388  0.45868066459476897
  0.46261388118884761  0.46658784280680460  0.47054778070544739  0.47448804582385634
  0.47839420716558145  0.48229880145901777  0.48625662453976354  0.49020928291999322
  0.49406151482360888  0.49791612559564236  0.50193850401773676  0.50614889982503219
  0.51027006811631981  0.51422733583569469  0.51816951771514330  0.52220243360776875
  0.52638423546577662  0.53046330421009291  0.53451819075219931  0.53874632081604845
  0.54319641390164553  0.54781776208377730  0.55248528062151558  0.55708235814096996
  0.56142268882076996  0.56585845197824280  0.56980492502003321  0.57382435798138043
  0.57790280342407774  0.58208900513514938  0.58647941924766200  0.59108412840578439
  0.59579367762214908  0.60042826307129138  0.60509066162136316  0.61000904908934950
  0.61505869927484469  0.62036404617838725  0.62566734900771470  0.63087577093610192
  0.63625766759272606  0.64210316155272773  0.64821865749871399  0.65434475837088180
  0.66052788415424901  0.66706337527393988  0.67396104991841188  0.68103922651368420
  0.68852092595960646  0.69667195068529197  0.70560477646466890  0.71516399043143919
  0.72610527304129557  0.73834712814174686  0.75220375495212244  0.76720745656100364
  0.78655322644169012  0.81261715727762662  0.85735770186478022  1.00000000000000000
 -0.00260072481691714  0.00910145354218506  0.02103614138575044  0.03301351523500429
  0.04469569376515999  0.05589732405969672  0.06661559371804236  0.07720606266830136
  0.08794980503403706  0.09864877103091070  0.10941652095903141  0.12037655703636882
  0.13124515609011483  0.14180153918123151  0.15197646386000335  0.16182151936618858
  0.17167772420029900  0.18188104023969251  0.19214421787742630  0.20228534505804113
  0.21228608163234539  0.22255420892685207  0.23327722586323457  0.24397881467000990
  0.25440975973574093  0.26486641334011490  0.27585253645704466  0.28749153134288830
  0.29849057238383975  0.30910182901617289  0.32012049935273845  0.33150274222774950
  0.34301703366974051  0.35455000214264898  0.36612534426548610  0.37784496128023437
  0.38950737240144301  0.40078261500391621  0.41139446752315795  0.42139576131588385
  0.43123144489437709  0.44115993057465158  0.45122040255260443  0.46136568979781439
  0.47201829731980915  0.48295400792648341  0.49381744746009415  0.50463266511711546
  0.51533806435725860  0.52618053834262424  0.53691685060231420  0.54651103782040722
  0.55542238938788979  0.56463525890730981  0.57402081405394945  0.58346512704416120
  0.59283246440433801  0.60199671927510645  0.61163915827160631  0.62214060616197053
  0.63286203889432335  0.64428418802643062  0.65489476837998417  0.66506177342110129
  0.67560783381488487  0.68681231012786359  0.69871683997695344  0.71097216851364953
  0.72351393717834722  0.73639222377175861  0.74850636791535363  0.75867809062627822
  0.76797791789776904  0.77761016217249490  0.78729905230737962  0.79666707419908667
  0.80572449567046389  0.81627934864784357  0.82830444830141714  0.83977394260731741
  0.85031922163956997  0.86079438780480766  0.87141168475347219  0.88157569226486754
  0.89099045737875782  0.90123192435566390  0.91258753176742469  0.92229454635774977
  0.93149304902338403  0.94132865633660634  0.95206025630086255  0.96199953026090879
  0.97077991353718907  0.97942786911340329  0.98866747597590043  1.00000000000000000
 -0.00166194925598702  0.00790278029439689  0.01591423144824237  0.02442500329440434
  0.03360796593868186  0.04317522335927586  0.05301610589599005  0.06284663785142018
  0.07261395274749528  0.08249717369953599  0.09264435496407815  0.10352824311298581
  0.11519441886950191  0.12713492429697154  0.13881757705852879  0.14980382980850743
  0.16003482418340786  0.17009209728809385  0.18017169577777697  0.19047459462167213
  0.20094545414515436  0.21206109999384656  0.22375526574817631  0.23505957049893178
  0.24586749982693723  0.25683492523920576  0.26874496276681337  0.28046100721883427
  0.29189766770240844  0.30300892327432311  0.31358614536320278  0.32396465079251624
  0.33451729213175252  0.34516814850117578  0.35573911064343006  0.36598712864797323
  0.37626148897297085  0.38643288298390549  0.39650914592594017  0.40700045351901681
  0.41771469353298035  0.42825662732966774  0.43867356295532633  0.44916853906380949
  0.45991046291196130  0.47093087803327954  0.48208259343623489  0.49270366307868213
  0.50336493446540476  0.51462427314350812  0.52566935725651853  0.53748943173308494
  0.54801258321595492  0.55846786340644405  0.56734238662617364  0.57595662086687582
  0.58507853194883375  0.59368508484515314  0.60253777574298473  0.61196550052445831
  0.62187643864321074  0.63261678700865098  0.64403150706712753  0.65512364806734047
  0.66544329508424716  0.67498639920794945  0.68436870847207332  0.69402415306961318
  0.70376024563224682  0.71364587302874483  0.72392078836136342  0.73467893178549348
  0.74558479444035763  0.75624483774490714  0.76670588318555655  0.77709551269094390
  0.78747920008673034  0.79807937386957151  0.80907751332145594  0.82032020975797693
  0.83163807355885822  0.84289208939228721  0.85407001524157955  0.86537321280844104
  0.87687329593214314  0.88853617647151673  0.90016310251095477  0.91183093326504039
  0.92373669626389499  0.93536610729962666  0.94626718833149925  0.95611345453409602
  0.96674925319715932  0.97759190601733803  0.98819508190872729  1.00000000000000000
  0.11597348003183325  0.23986621492257934  0.31414423181776008  0.35579166375157506
  0.38230069254852284  0.40093337806992263  0.41790432481809259  0.43191286870510792
  0.44393960853527970  0.45509116202817440  0.46572993272031449  0.47542189821531355
  0.48410643386884566  0.49198181179491135  0.49927594780962514  0.50641038026803764
  0.51354516421607965  0.52039361349991231  0.52714433195498156  0.53378327078033461
  0.54004970790808782  0.54605073352229627  0.55189297494432155  0.55758964821377555
  0.56318447686676865  0.56857815727590411  0.57382539893828954  0.57901454923546880
  0.58385254548549714  0.58830100087526505  0.59256086824928211  0.59670641074418784
  0.60074147358000773  0.60468049616137631  0.60852868476649691  0.61237220552351013
  0.61619989591167179  0.61995075168935176  0.62350464490827218  0.62693176887964164
  0.63022214310545399  0.63343117616770916  0.63656728438545518  0.63971711469833981
  0.64290354376416015  0.64624270108921156  0.64979951522676793  0.65334352662201833
  0.65682520839629499  0.66024681181945299  0.66363723070858904  0.66705769669447179
  0.67054183744594131  0.67411826892744842  0.67764540550506747  0.68113660152212929
  0.68467433648338183  0.68825500775082782  0.69187883549948326  0.69557425457040345
  0.69920899843733186  0.70278346378187884  0.70631159647431041  0.70977632187198103
  0.71321964725474385  0.71668620488157164  0.72020696118393568  0.72374931741721760
  0.72735613853892445  0.73098615450156901  0.73469279409149746  0.73824609321674639
  0.74193064087935423  0.74566330050251206  0.74955656956734873  0.75371811690050361
  0.75810276736346682  0.76251547324175728  0.76688218320883283  0.77122199142971293
  0.77563700558682824  0.78017702217479212  0.78494126351444637  0.78999743208315143
  0.79546301637747496  0.80120152097540653  0.80696987775030293  0.81303816193235912
  0.81986685934476233  0.82737192739192267  0.83524515011576062  0.84395348121783353
  0.85422335440682673  0.86904932933026113  0.89661895604056430  1.00000000000000000
 -0.03858284488849625  0.17174533684039914  0.21421042053511880  0.23817245040169574
  0.25626023091841782  0.27135897521083613  0.28392119279333056  0.29510182470491919
  0.30569059893248057  0.31556335568163268  0.32442074797615572  0.33241097069459291
  0.33968240412315709  0.34657176519571087  0.35332139806343454  0.35978444131164838
  0.36598022714976436  0.37200769326270861  0.37792084094708400  0.38372037707015577
  0.38941604640395167  0.39494120935517135  0.40011380875563601  0.40486034022699363
  0.40936047353320593  0.41380076737285321  0.41815704566796252  0.42258322891967010
  0.42708456963063762  0.43147934508281532  0.43575659360128738  0.43980291033027907
  0.44371607900188326  0.44749683093611625  0.45117485293472492  0.45473503438466184
  0.45840446864496803  0.46226221920189131  0.46622075619753284  0.47025701387131547
  0.47425163736622716  0.47826021648706490  0.48215222265388341  0.48603038566404710
  0.48999241234690183  0.49408154259629800  0.49821794267215491  0.50226970368454815
  0.50618344541676374  0.50990318118340539  0.51362911492437058  0.51760949965926939
  0.52161729619993258  0.52538124366240813  0.52909023308939718  0.53274972807293419
  0.53633708626201348  0.53991759654748595  0.54357057774965956  0.54730262433624366
  0.55115405713228793  0.55495095797216520  0.55869470570036150  0.56249132878063324
  0.56650815821592604  0.57077935384157630  0.57506651068608317  0.57924827299822357
  0.58335773233535071  0.58765753532051002  0.59230200572332947  0.59692129728377130
  0.60164009755647652  0.60638900577539301  0.61121381920584983  0.61606956418373293
  0.62107819410057785  0.62616446645979984  0.63137872346034574  0.63683224464560173
  0.64281222138958583  0.64944054257936612  0.65650955618000062  0.66350271457649157
  0.67070621022022037  0.67845162966553652  0.68713450058902614  0.69683251939600932
  0.70718995678385166  0.71810534245382640  0.72996007192690548  0.74359746504107871
  0.76090031807955849  0.78522502872558031  0.83098783726627856  1.00000000000000000
   3.8263360778820083E-015  -1.0000000000000000     
 T T T T T T T T T T T T T T T T T T T T T T T T T T T T T T T T T T T T T T T T T T T T T T T T T T T T T T T T T T T T T T T T F F F F F F F F F F F F F F F F F F F F F F F F F F F F F F F F F F F F F F F F F F F F F F F F F F F F F F F F F F F F F F F F
  <DiscreteSampler_grid>
  grouped_processes
  1 # 1 for a reference and 2 for a running grid.
  10 # Attribute 'min_bin_probing_points' of the grid.
  1 # Attribute 'grid_mode' of the grid. 1=='default',2=='initialization'
  0.0000000000000000 # Attribute 'small_contrib_threshold' of the grid.
  0.5000000000000000 # Attribute 'damping_power' of the grid.
 # binID   n_entries weight   weight_sqr   abs_weight
    10   10   5.489867685882063E-004   2.201427027828630E-006   5.489867685882063E-004
    16   10   5.489867685882063E-004   2.201427027828629E-006   5.489867685882063E-004
  </DiscreteSampler_grid>
