  0.05319505938003641  0.05325832789342744  0.05362719898778422  0.05386801787715578
  0.05403878207732263  0.05417955870601712  0.05431816179702596  0.05446445341047296
  0.05461548426910100  0.05476619429758894  0.05491407893964292  0.05506013327923361
  0.05520903581935882  0.05535936349468657  0.05551441147200866  0.05567310446565036
  0.05583201962764847  0.05598994870968025  0.05614367380524679  0.05629450839541369
  0.05644777866059962  0.05660030599993941  0.05675365284617857  0.05690507706113151
  0.05705743258216420  0.05721471600419944  0.05737322893084321  0.05753431533398368
  0.05769644041226155  0.05785912532572673  0.05802414427971800  0.05819067040838711
  0.05835826058702318  0.05852850667960666  0.05869410471434450  0.05886725628197612
  0.05904512345775502  0.05923691209509909  0.05943371918212315  0.05963375824698598
  0.05983400800598862  0.06003570780085929  0.06024171457817073  0.06045087053198112
  0.06066186801701393  0.06087806238641691  0.06109901022287741  0.06131610539122898
  0.06154609350744938  0.06178769503526574  0.06203453983002655  0.06227509002425686
  0.06251517620324357  0.06276896926055596  0.06303529975002427  0.06330501079430835
  0.06357835393715100  0.06386102762003205  0.06415704971381711  0.06446731255173982
  0.06477196982783559  0.06508486700327760  0.06539815953153758  0.06571561886394002
  0.06605588258657974  0.06640246504769363  0.06675434800169371  0.06710917001405690
  0.06747242037109578  0.06787367585961228  0.06830213645526227  0.06877298559548266
  0.06924366990089631  0.06972140396737125  0.07024596619621815  0.07082759356454990
  0.07147416190360469  0.07217394409263678  0.07289270069345220  0.07364493629849163
  0.07445776057690696  0.07539674430837225  0.07640048172494032  0.07743945071010663
  0.07849162283375195  0.07962644726160423  0.08095076793329778  0.08246209559873034
  0.08399407607784753  0.08579899536508834  0.08872427705207590  0.09278092735431923
  0.09966059350024825  0.10972474692829685  0.15495110114756805  1.00000000000000000
  0.05778396411332885  0.05935667201517828  0.06043562741270816  0.06139603901330500
  0.06225937658423754  0.06312973824462829  0.06403143416171435  0.06491050095687344
  0.06575113814304047  0.06653668142104815  0.06727981490702767  0.06807712505088619
  0.06884222398384277  0.06957472815915909  0.07023320787769136  0.07083387813928813
  0.07141387310007473  0.07198809005977383  0.07258262696392019  0.07318943165883757
  0.07378926282034660  0.07438218754006926  0.07494596520825114  0.07550610636685211
  0.07608418855845314  0.07664772180917431  0.07722665386980875  0.07779719416137838
  0.07836543703697342  0.07895148215886472  0.07955325984651078  0.08017040992288968
  0.08078763273589945  0.08140049357079421  0.08203424357000146  0.08268641133131381
  0.08337936885262981  0.08408451625594282  0.08477194210646637  0.08544947112471150
  0.08614142952035143  0.08686476349258866  0.08760364580922990  0.08835272230242716
  0.08911857354213550  0.08989244298000910  0.09069136867405653  0.09153465666743626
  0.09240812043627762  0.09331920819990361  0.09422483310956073  0.09510991893033716
  0.09598093646269390  0.09680950490743137  0.09763460025634936  0.09848362619022676
  0.09942176683359956  0.10046589636097379  0.10158731525956972  0.10275101621910246
  0.10392807707224730  0.10512499659150952  0.10639033267922963  0.10776752223294819
  0.10905334027341924  0.11020897022655099  0.11139485963878745  0.11262841676706059
  0.11388706176283946  0.11514169619497283  0.11635543619289203  0.11755068125620299
  0.11877398000627529  0.12007025318383169  0.12155708570386205  0.12323092919332883
  0.12507347234288665  0.12714297692622606  0.12951146561131016  0.13209367067706693
  0.13482227502181898  0.13773485944573569  0.14078645734208234  0.14401661258979759
  0.14748561984028366  0.15127067872921157  0.15551149537099768  0.16042950291710739
  0.16641918314270066  0.17414098737475639  0.18306868612640131  0.19401220556847218
  0.20852413086821114  0.23369695396577361  0.28676500556484058  1.00000000000000000
 -0.00954627083594018  0.03887870977338105  0.04875478860109296  0.06315176139513459
  0.07696228364863425  0.09291479300363133  0.10867745379768008  0.12046755193998755
  0.13529863159617100  0.14824022208011189  0.15973910984305897  0.17111827107103308
  0.18346521436281304  0.19522948323944553  0.20570500105280667  0.21913109963069899
  0.22890804072774543  0.23862810354376612  0.24847587301798774  0.25871667448860197
  0.26860533344243598  0.27849056142528417  0.28800115906643708  0.29735377780295635
  0.30672991908128228  0.31579530318181415  0.32456638689350947  0.33309597477248126
  0.34127862946306897  0.34903255614231116  0.35704611336113456  0.36469725923211727
  0.37283497014719280  0.38122175960636068  0.38889719164093339  0.39601614480341824
  0.40279331868512919  0.40951007793219807  0.41615168481689757  0.42292663986662399
  0.43039904864781559  0.43853565279529583  0.44679851420794131  0.45467221772431121
  0.46182922453467279  0.46838306949225306  0.47471791317576473  0.48076765095043633
  0.48671192489127363  0.49310638571361542  0.49992023687619436  0.50689632581364730
  0.51400951580962584  0.52130327657939501  0.52829332764382986  0.53547754273924475
  0.54218932819688470  0.54808526342688224  0.55380458776864205  0.55972744267937269
  0.56606403946835659  0.57297324028011976  0.57985555328468430  0.58614326751391888
  0.59221306155570297  0.59867947930569365  0.60600125352781864  0.61363128234300324
  0.62148254699853367  0.62899644658341036  0.63638767126741036  0.64387465412249045
  0.65181805747751909  0.66026461359583777  0.66875592270226802  0.67746352837199020
  0.68683072922601529  0.69727590436713305  0.70864010876005412  0.72061617769702624
  0.73311013330872177  0.74614955411012740  0.75971267146784438  0.77340898756764931
  0.78708556211843461  0.80062360079576333  0.81385285981183830  0.82770148347873018
  0.84287288176430886  0.85983383994443141  0.87778666477580591  0.89737212987787196
  0.91954489223242664  0.94346112880041832  0.96874210534905325  1.00000000000000000
 -0.00216705130684547  0.00905619729865203  0.01917734996846821  0.02929288132884902
  0.04028152173035542  0.05213831191810925  0.06421106173464128  0.07647496086676110
  0.08730344640669874  0.09695793729196860  0.10722753971629699  0.11742336963105854
  0.12687639024139583  0.13549986662186192  0.14478459619530942  0.15474671853473071
  0.16455408287842713  0.17420502313839942  0.18415066064683627  0.19466187152565720
  0.20525835989954036  0.21566501449338524  0.22605457938137649  0.23653053153926773
  0.24723040428778592  0.25753451735753302  0.26755611114365785  0.27720206846175693
  0.28673029384172138  0.29664297560682967  0.30732550457062130  0.31875307206924669
  0.33043685428214931  0.34158951791910713  0.35234815251150969  0.36330627080858058
  0.37476296985883994  0.38628017697273992  0.39782482520907630  0.40971217174978619
  0.42199278378454241  0.43474894318065938  0.44719793998373425  0.45790657007832247
  0.46612142552234193  0.47408428059041563  0.48424396826563432  0.49369709499988523
  0.50326023783589358  0.51247431737452465  0.52196534447065868  0.53255180054408413
  0.54287680434562702  0.55287134465749044  0.56263026082525658  0.57256886997698042
  0.58275335170427645  0.59288809118502916  0.60258199225164888  0.61217311737231295
  0.62220551897251697  0.63323133952811383  0.64479899869750090  0.65616405186195326
  0.66700594245995781  0.67722124685982010  0.68715441560885826  0.69752447045123089
  0.70831782947528033  0.71889572702989191  0.72927376794956322  0.73961715564266850
  0.74982697579710345  0.75988864746224494  0.77001844654257134  0.78083655597739321
  0.79246731366993417  0.80471966007232931  0.81734969435790039  0.82937946704812393
  0.83960736305458206  0.84974125509312115  0.85945626279951737  0.86968648163898976
  0.88048921686206616  0.89114046887406717  0.90190440010465722  0.91278710900425863
  0.92364193767854919  0.93466972582659935  0.94566892703271688  0.95669281233465409
  0.96783191743773045  0.97835416399375108  0.98890296111944809  1.00000000000000000
 -0.02336868475241976  0.10688738974000711  0.14994747405310316  0.17741287397214001
  0.19945161102161477  0.21847650624778878  0.23447167350348405  0.24774193794978983
  0.25922877981343029  0.26996565299637476  0.28063465859887315  0.28973873401091527
  0.29812862481704300  0.30635224092034130  0.31401162125606319  0.32040877646318711
  0.32737139491396972  0.33426309674985838  0.34070806181298557  0.34696979746297157
  0.35302674969293374  0.35879948680276696  0.36453048100747021  0.37030346489855620
  0.37629304025979959  0.38252353510075121  0.38842664780971725  0.39400765511539659
  0.39925283404140199  0.40438853846583400  0.40955959743696041  0.41473534707783588
  0.42001181795060033  0.42480293008375297  0.42929145757514470  0.43363202260809397
  0.43806657657627157  0.44271149117761999  0.44767147718359640  0.45252879716449507
  0.45720376227098214  0.46192992012902967  0.46666018077191862  0.47130667859468273
  0.47611934906681513  0.48131333560772299  0.48683488728766039  0.49252192279416734
  0.49829496261731360  0.50405761980821839  0.50958166348826373  0.51493699017025263
  0.52030137156658096  0.52567664255637869  0.53122223998659412  0.53661895665844750
  0.54198466501633069  0.54734602056921544  0.55270075872325952  0.55815406106579146
  0.56384658732020865  0.56990599013516763  0.57622653810212099  0.58210076036357772
  0.58709649825142152  0.59193087015010004  0.59671733055263965  0.60153823340594859
  0.60661728972393203  0.61193038131806510  0.61782420554832107  0.62403745444605907
  0.62993773457394919  0.63579608296193812  0.64162947611251953  0.64765379950095447
  0.65422388230815443  0.66124482469795465  0.66843946783433150  0.67584592948903288
  0.68363003803682476  0.69123197329586195  0.69865153657258050  0.70577182241755931
  0.71422847716744831  0.72411713399858513  0.73404561842800231  0.74426170435111116
  0.75550804687463602  0.76895885319154189  0.78395471296498609  0.80194543666333373
  0.82504344126351903  0.85409876753649050  0.89817717822874454  1.00000000000000000
 -0.00301032286718208  0.01084525512484891  0.02222735612542192  0.03361017210091729
  0.04571276005793653  0.05748478009641612  0.06852435787065596  0.07926997025491919
  0.09116206497448215  0.10388524886063238  0.11672410623986386  0.12928383528199303
  0.14127686321389724  0.15256142176759413  0.16319662174016170  0.17330347606693414
  0.18350652280590093  0.19375885371245816  0.20403391835042015  0.21513822914904970
  0.22652487162620408  0.23737531396511824  0.24870612325781483  0.25903643048747321
  0.26956665314385397  0.28036036268865372  0.29123079886383213  0.30180178725929480
  0.31237825577633926  0.32290440438010271  0.33298839534631097  0.34282438767324080
  0.35292382499645614  0.36300992002941962  0.37340446853366616  0.38389715248075496
  0.39463955782060578  0.40550345779418745  0.41614141385366615  0.42659878664803574
  0.43696798795721836  0.44727526772663478  0.45743256026468260  0.46754451539824615
  0.47805716205652804  0.48907526366128157  0.50031351452861639  0.51139084270966972
  0.52294664609267605  0.53489795665786533  0.54600662102678665  0.55576797933917510
  0.56539793224125789  0.57567366171302603  0.58684161941928725  0.59761141458334954
  0.60867110791553658  0.62018811023444265  0.63235869859297433  0.64429207322771687
  0.65546377845849524  0.66577975656413690  0.67555870685329666  0.68537268175775157
  0.69525156752828166  0.70460082447193884  0.71398105718997384  0.72295491615982443
  0.73224354420150084  0.73984109039630519  0.74879621862663770  0.75810397045041555
  0.76766642202547242  0.77698219554229753  0.78672570769887273  0.79774780204442020
  0.80963862136606468  0.82135577379672087  0.83243688823026307  0.84316637340416845
  0.85379427956897624  0.86463371092227814  0.87543884656001347  0.88558398252547033
  0.89534921334297946  0.90502153426031040  0.91456458637160332  0.92434497636790713
  0.93432473560456075  0.94389941562524593  0.95306354973143670  0.96230611099551067
  0.97174990123817417  0.98157298791122882  0.99108181973416010  1.00000000000000000
 -0.03062436385455171  0.15705470644462818  0.20237751905007567  0.22799709391226372
  0.24705523259244272  0.26218192284873615  0.27413190194256326  0.28553363139042681
  0.29560433247238482  0.30412235713888919  0.31170634191028801  0.31908657501802562
  0.32637575406920816  0.33341999510694870  0.34025499289558253  0.34711953455175815
  0.35401264036936464  0.36066376311288367  0.36698310324577421  0.37299756329185502
  0.37864608301626479  0.38410171496394002  0.38948403126151865  0.39457967436633357
  0.39966915341641457  0.40479336531138549  0.40997002382149450  0.41474070092872523
  0.41928306426271189  0.42377189120099551  0.42811026505946487  0.43239357331560102
  0.43668444789377842  0.44095752820345757  0.44525077739282970  0.44965693859780387
  0.45424029832008034  0.45876285757122559  0.46284645439815481  0.46709708607013117
  0.47132322658258186  0.47554525739230125  0.47985238768049371  0.48428283210010209
  0.48875862049691782  0.49313881857447683  0.49746420842330474  0.50156830457685586
  0.50537614729615110  0.50921191251336506  0.51305909809988659  0.51696357400069326
  0.52117130089225261  0.52563571674284304  0.53026632915846506  0.53488397711368718
  0.53950347790905728  0.54423569349683032  0.54898379712694434  0.55370387430928591
  0.55834383842522295  0.56287210835274004  0.56719257118093103  0.57142385542733087
  0.57581418336474999  0.58042705325184585  0.58520085514254772  0.59003926496011028
  0.59484154471042971  0.59958260092800131  0.60412414235953193  0.60834931353139177
  0.61266865176606400  0.61713830477627563  0.62195813904990416  0.62716975966680899
  0.63260451598886613  0.63819587944266865  0.64381279852453022  0.64960037516085611
  0.65541119028748507  0.66145082763871010  0.66797970729309486  0.67516892985707722
  0.68270067014825930  0.69042762680728786  0.69863789228003015  0.70776977621217396
  0.71793647412355432  0.72866403915515954  0.74064453333120017  0.75564439998398547
  0.77353912758982879  0.79780699418696055  0.84393254275878882  1.00000000000000000
 -0.00201191211249415  0.00796862522813560  0.01822136458441161  0.02736330698159571
  0.03588226465113949  0.04515690360852649  0.05486916291163843  0.06507437901334373
  0.07550982694196121  0.08646670927909048  0.09661407351761010  0.10673169023238820
  0.11674930529948883  0.12716897402687274  0.13777812847102966  0.14861575853775691
  0.15949587099564461  0.17033863783416262  0.18109871321105406  0.19135468502643824
  0.20099985081414365  0.21051263282081548  0.22019171126085227  0.22981330924839269
  0.23932543006961221  0.24918084262846377  0.25946387342820354  0.27019062358205043
  0.28104618828239231  0.29165388816297316  0.30208911184516152  0.31235148006709734
  0.32195403671202494  0.33089303337878567  0.34008174857991202  0.34979056759099181
  0.35895019897042035  0.36778779866191674  0.37690487942963052  0.38782907188451859
  0.39937465749921641  0.41127936264750187  0.42308424589405463  0.43446717284072439
  0.44599919838380842  0.45769386040547344  0.46911424388588574  0.48052008969617060
  0.49224869548208461  0.50434730187357601  0.51660706830165881  0.52883262904490813
  0.54107868201764298  0.55317253120962528  0.56421805632223687  0.57343061949311391
  0.58182116807159445  0.59116579835124528  0.60133706070838644  0.61098640026223405
  0.62032486560265032  0.63103597573066605  0.64261729092983610  0.65387526701802223
  0.66462816677922043  0.67557935600508079  0.68700981071518563  0.69830658901292775
  0.70931951946804539  0.72024928528529941  0.73110613456979345  0.74207002973528469
  0.75330354036662439  0.76476100970184102  0.77558763576554934  0.78647188378266009
  0.79728634544670918  0.80868634893877878  0.81960265085926631  0.82974097624536369
  0.83994038000372373  0.84966172911636340  0.85972007819090490  0.87010782677114273
  0.88085180873639535  0.89171669527058650  0.90264671053326062  0.91328993142466885
  0.92388494609630067  0.93465606684729974  0.94693373901633660  0.95978659159022961
  0.97090973623863097  0.98117173888497911  0.99063709664439381  1.00000000000000000
  0.02249094609247475  0.39400990652919404  0.46369354014092207  0.49799206933876761
  0.51760194326608988  0.53568109756874072  0.55118818465710617  0.56435607889466877
  0.57545113301706374  0.58536387727396366  0.59427727711221123  0.60238008147896449
  0.60950730560430422  0.61636397589587844  0.62277332514434680  0.62950308659413434
  0.63585682455762049  0.64196706097707645  0.64764022841137681  0.65285181081846044
  0.65769880128751546  0.66247403529470461  0.66708419905631511  0.67115315502598849
  0.67507107191489502  0.67885865722495375  0.68243904018802581  0.68608453071205489
  0.68983812539795508  0.69355760286938695  0.69723465928069228  0.70083428627190303
  0.70431293036516940  0.70761182389892519  0.71068460161678038  0.71363063751165201
  0.71657414744823533  0.71943357168379340  0.72230017901682264  0.72508555305715383
  0.72795824876091642  0.73072172383406098  0.73348505909750306  0.73621079101138154
  0.73886438658906028  0.74140911937268972  0.74389343841461708  0.74619416081898415
  0.74858314567443929  0.75098355356659063  0.75334336152913406  0.75570144768292236
  0.75807307426104487  0.76046584435967668  0.76284308531453193  0.76523817166956842
  0.76762394555453517  0.77000536386934504  0.77242911718335616  0.77490831992736897
  0.77742009563350367  0.77989829722564175  0.78235059249774352  0.78481647362828022
  0.78731747051809053  0.78986248510207302  0.79244584791552342  0.79509294693534593
  0.79781615726448807  0.80055798830188896  0.80339186708346622  0.80620611666235309
  0.80890701642499796  0.81156122654592222  0.81430379731100277  0.81720052489801553
  0.82021967207720214  0.82326029293402303  0.82639769489529225  0.82966601835414366
  0.83300597495626139  0.83639144976438962  0.83984447267511120  0.84348366136927899
  0.84737050979615014  0.85148280788733677  0.85592912787479447  0.86075216040077263
  0.86593132341255596  0.87160349686258121  0.87776949958821215  0.88458582567897970
  0.89246495211040877  0.90223814702436900  0.91964511944668459  1.00000000000000000
 -0.03546487903602657  0.16140877864118514  0.20583055977800238  0.22971363210560239
  0.24710396893203626  0.26067426834234469  0.27263346705810787  0.28329836238427897
  0.29280547836504428  0.30144973859971907  0.30956543573627898  0.31713222705753752
  0.32457529070523611  0.33183261871265790  0.33886058506300609  0.34552151650561408
  0.35192630430583466  0.35838016977934795  0.36472653614918066  0.37069281420398603
  0.37646267275718104  0.38216589697220893  0.38778859998182069  0.39314030625201984
  0.39786817699287363  0.40225189277082996  0.40680449312974010  0.41145635570670125
  0.41597321428273948  0.42033797391592465  0.42458563769309532  0.42882537995102321
  0.43309717537498488  0.43738741050520802  0.44133096011375939  0.44501073712395167
  0.44869496045648022  0.45245764670646998  0.45645211795058188  0.46083297056901290
  0.46531877885322975  0.46965726196952978  0.47379075695993089  0.47778321410342411
  0.48171704301314938  0.48562117877409811  0.48957068519309194  0.49369104148109044
  0.49794128964048850  0.50213529312604954  0.50613478257536970  0.51012801487477322
  0.51418283023884181  0.51830039638482772  0.52252648058108719  0.52692752776421570
  0.53146488959105143  0.53604928053160217  0.54060857069139234  0.54507942201535453
  0.54937830502455531  0.55355775398328266  0.55780727768637117  0.56223815719667025
  0.56691051675984960  0.57188050584463201  0.57691226252125927  0.58188399704447058
  0.58675206972314375  0.59160068688636425  0.59648167227111648  0.60135815831174788
  0.60615289488357948  0.61117100482179409  0.61661869754335330  0.62214599348600830
  0.62768666315767152  0.63307165133065535  0.63864226122597689  0.64449325650591360
  0.65071123397203112  0.65713304546306639  0.66340523053356049  0.66967443981137220
  0.67653512404198202  0.68402638945057681  0.69249815143286919  0.70159030115364363
  0.71158040838505077  0.72289821290334488  0.73585503397922070  0.75145045781708653
  0.77011352317795634  0.79230692557909166  0.82970389094752417  1.00000000000000000
   5.9535876815945029E-019  -1.0000000000000000     
 T T T T T T T T T T T T T T T T T T T T T T T T T T T T T T T T T T T T T T T T T T T T T T T T T T T T T T T T T T T T T T T T F F F F F F F F F F F F F F F F F F F F F F F F F F F F F F F F F F F F F F F F F F F F F F F F F F F F F F F F F F F F F F F F
  <DiscreteSampler_grid>
  grouped_processes
  1 # 1 for a reference and 2 for a running grid.
  10 # Attribute 'min_bin_probing_points' of the grid.
  1 # Attribute 'grid_mode' of the grid. 1=='default',2=='initialization'
  0.0000000000000000 # Attribute 'small_contrib_threshold' of the grid.
  0.5000000000000000 # Attribute 'damping_power' of the grid.
 # binID   n_entries weight   weight_sqr   abs_weight
    10   10   3.821174334591537E-007   1.363056408203955E-012   3.821174334591537E-007
    16   10   3.821174334591535E-007   1.363056408203954E-012   3.821174334591535E-007
  </DiscreteSampler_grid>
