  0.01400592392145747  0.01479995701980811  0.01500162902956790  0.01517638613365829
  0.01534735069300516  0.01551496403631582  0.01567844927198286  0.01583276982875089
  0.01598134805650154  0.01612746679708690  0.01628494586643099  0.01646420456955782
  0.01664195275307207  0.01681155974932077  0.01697524611872700  0.01713800152857074
  0.01730032077433982  0.01746042808363961  0.01761627386012152  0.01776882517850503
  0.01791959683260120  0.01806915623537255  0.01820521363217439  0.01834363713716897
  0.01848837576050000  0.01863441247114932  0.01877976316516525  0.01892850255931304
  0.01907937475439177  0.01923634613545432  0.01939739727750150  0.01956326049800807
  0.01973791801213170  0.01991552207402470  0.02009471270378301  0.02027850972686182
  0.02046107600711534  0.02063592412678650  0.02080834450439747  0.02099392868596963
  0.02118747935006023  0.02138559826307944  0.02158214102293407  0.02178099343390827
  0.02199002480984227  0.02221006792175050  0.02244308632529693  0.02268964011017534
  0.02292369270988142  0.02315323403798213  0.02340621795418995  0.02367699671769128
  0.02394421887962568  0.02421105529906831  0.02448438356114525  0.02476074275891486
  0.02505486130894006  0.02536207825496581  0.02566697014856606  0.02596709387966914
  0.02625991625360784  0.02654964096302803  0.02685058941718724  0.02716608756736817
  0.02748564483980548  0.02780271859064886  0.02811196044711103  0.02844586142960358
  0.02878656773034517  0.02914042238088927  0.02949604432373672  0.02990569775599794
  0.03040513375251677  0.03095633086373819  0.03151110130707726  0.03205691660629464
  0.03261611025788327  0.03322921011453733  0.03386866160837210  0.03454209841724257
  0.03525463870996062  0.03604567692118067  0.03702817720007452  0.03819577944395059
  0.03949042890886692  0.04088612346740454  0.04251224896817636  0.04432274221300774
  0.04659633489312566  0.04942052188722094  0.05315838946967281  0.05808105668463005
  0.06397206484255201  0.07160951724380937  0.09507426829285075  1.00000000000000000
  0.01798626301074532  0.02465276007402645  0.02740546907605343  0.02944479526545234
  0.03076508395572877  0.03186281922744166  0.03297425502871940  0.03394067767401331
  0.03488713855189214  0.03594920757324019  0.03705494415590036  0.03812675056374605
  0.03918706025936626  0.04018816092875578  0.04115565290744832  0.04210108936881212
  0.04311010462069566  0.04410793573760385  0.04510470158476456  0.04611419416050246
  0.04715826833641752  0.04819829781878625  0.04919286644722466  0.05016563036794087
  0.05107237400421578  0.05194758722095274  0.05286265359941778  0.05383281294523892
  0.05478808239410982  0.05569806286729672  0.05662311439840732  0.05756079139268032
  0.05852714203586931  0.05948016383977692  0.06040175711393256  0.06134808256144887
  0.06232108295651816  0.06327051513329179  0.06435466303084392  0.06545390249083251
  0.06655187885385666  0.06762334457424667  0.06870257510827492  0.06985285981612382
  0.07102208941273622  0.07214725493826807  0.07324211219331583  0.07432730080889348
  0.07545687973206129  0.07666349265186193  0.07780297120197602  0.07889290450692035
  0.07998626477202068  0.08110918565288272  0.08225998041925452  0.08339076291925683
  0.08450352243097004  0.08567998767381854  0.08700398990272271  0.08842873664434132
  0.08990928060475231  0.09145973886546691  0.09297232727320566  0.09437711291805788
  0.09574240344561739  0.09719773771686954  0.09883864256629205  0.10036678716471699
  0.10175776077957420  0.10313658156983624  0.10450952518600005  0.10593925772124725
  0.10748950438431296  0.10901815696197137  0.11051937147803464  0.11204050644948582
  0.11368188234199569  0.11544496088112763  0.11742224137977039  0.11940600801201087
  0.12166004240336693  0.12462503652378905  0.12861492392231075  0.13373130575792624
  0.13997242486595510  0.14607665437509015  0.15158818964118118  0.15656718027635108
  0.16184060228072808  0.16758047590394634  0.17443513774886327  0.18430459112759970
  0.19665727100430361  0.21455757177564985  0.25273969262336721  1.00000000000000000
  0.00126576253567860  0.00769628820229152  0.00884872993846144  0.00967336921780996
  0.01041526139173342  0.01121196837333948  0.01192360489669004  0.01252538404267929
  0.01315485682147758  0.01376192297782610  0.01430857316815154  0.01480497922388235
  0.01523056101783855  0.01566203926423269  0.01612624873998935  0.01660869060045990
  0.01710011477680059  0.01756222568523827  0.01799949014799147  0.01843206651328798
  0.01888662067685509  0.01937011515906937  0.01985747463512404  0.02032796611330341
  0.02077242389070127  0.02119771644799765  0.02161478012114906  0.02202785023969715
  0.02244056382593790  0.02285776846978834  0.02327132708734822  0.02367181372030364
  0.02406629148393283  0.02447912890524727  0.02494213614832603  0.02543310477080533
  0.02594306123134203  0.02645442708757000  0.02696995620447492  0.02748117362226533
  0.02798243871668180  0.02847448896597075  0.02896551169683679  0.02946209719555527
  0.03002038486765209  0.03060752341004689  0.03120904804857690  0.03184561047817437
  0.03252445807752122  0.03317218680415519  0.03389097838138706  0.03459350326009895
  0.03528836222369573  0.03600691702264160  0.03671569651052627  0.03738218090461445
  0.03802129336968656  0.03867572134808314  0.03932851598077917  0.04003680235340070
  0.04087608474110533  0.04185831164736160  0.04286532901137649  0.04390433029816483
  0.04484526760728556  0.04561237535995068  0.04640296604430286  0.04721766048996064
  0.04804180031796174  0.04888759431615133  0.04982464193568611  0.05079070097232272
  0.05196754091247822  0.05348624051647838  0.05499507784760724  0.05644357576693910
  0.05800451232878866  0.05992289943776996  0.06207549299892558  0.06449742491281754
  0.06699643734475449  0.06954060601379425  0.07242980256890068  0.07536015598163658
  0.07868954686313062  0.08218418522733560  0.08604922899162303  0.09062179274308690
  0.09626188839930221  0.10226625640566317  0.10788388420961985  0.11529280218737299
  0.12563509828197211  0.14039149984006483  0.16629115738145764  1.00000000000000000
 -0.00804224547411668  0.04706661802718039  0.08261996762638668  0.10992173015712581
  0.13022610224223560  0.14903789780147086  0.16596108466137252  0.18100172506672435
  0.19514620544367531  0.20873417691887264  0.22146749857057843  0.23334781303286295
  0.24421935760832797  0.25419489651015442  0.26289751191050265  0.27101221660706620
  0.27882958047285611  0.28707130966480343  0.29504557559488237  0.30236279647926440
  0.30933581732439991  0.31661794392576187  0.32478123947307735  0.33277035383615372
  0.34064157802035427  0.34878781989626689  0.35695378040179826  0.36457036887645933
  0.37255846753763328  0.38031027651243160  0.38764722037855320  0.39470817971424649
  0.40156457549375474  0.40828184049984201  0.41485554130702701  0.42115538599070262
  0.42748248081148249  0.43389932477719906  0.43980254880625502  0.44527216374260514
  0.45085659268049899  0.45663692402675637  0.46215555343577652  0.46793900208829275
  0.47311458850301852  0.47802872462912066  0.48257576613616288  0.48717590172199254
  0.49206956325634188  0.49783637118625101  0.50457338085124348  0.51125888654813700
  0.51753104741412559  0.52394863870840325  0.53065078221059814  0.53749964334175038
  0.54413540871688948  0.55025768506999118  0.55641764120927040  0.56240733088440187
  0.56838661346141262  0.57441236829662190  0.58089111060470977  0.58762995392471329
  0.59377034040343901  0.59968077560084232  0.60580063633939529  0.61239989342604573
  0.61966749694033851  0.62694401014100509  0.63537435489930849  0.64304749111074400
  0.65028294901766370  0.65670882133745345  0.66323235830740879  0.66967996567476373
  0.67663143692237859  0.68422223217375466  0.69150003147202466  0.69888675554746804
  0.70691858099644944  0.71688253385968759  0.72720511361355511  0.73715643007638787
  0.74827254133415255  0.76187994608300635  0.77694447124666532  0.79184973624942978
  0.80713889105144876  0.82261739937161771  0.83948691733878489  0.86022838764493281
  0.88685344858860804  0.91789363763164711  0.95475514139576345  1.00000000000000000
 -0.00234661077265349  0.00798737177025847  0.01770977940468665  0.02811629946355150
  0.03940829729800503  0.05034521602976824  0.06108532159805379  0.07189227470051565
  0.08323595353289225  0.09622366981710054  0.11092386048980724  0.12421304586806414
  0.13504678841657000  0.14456504033155529  0.15585772872902376  0.16765564406816066
  0.17853410300944161  0.18856004088863956  0.19880533278618145  0.20960220145762834
  0.22178339590503815  0.23380497253257662  0.24495563018439070  0.25614661508588882
  0.26690651598298026  0.27594165337730059  0.28400361853169714  0.29241768223993286
  0.30237130172648152  0.31341227426308005  0.32431626777330780  0.33499033390112676
  0.34469889964456135  0.35378833141872468  0.36338375999830475  0.37413318677956786
  0.38566628369334927  0.39839970722792534  0.40916989283069316  0.42033888955454779
  0.43213702138087956  0.44403433287168997  0.45540381307092498  0.46679451088237878
  0.47888559874547809  0.49093221698721773  0.50338766641728772  0.51512365199843368
  0.52683090170984581  0.53892406585746255  0.55092477835160114  0.56283686828014756
  0.57427517143827267  0.58532536565454030  0.59573224821215942  0.60608123500763145
  0.61434526354080243  0.62225219885947258  0.63043273256687038  0.63910401938323746
  0.64833660998998921  0.65848253211231000  0.66942186110135860  0.68105009287949869
  0.69178098253384857  0.70174634596716678  0.71236867142400306  0.72466808671386129
  0.73577691572112391  0.74580695267652697  0.75398336626123186  0.76143368780830345
  0.76916449896062622  0.77694959600664160  0.78497179556622920  0.79287123400759352
  0.80155357449908060  0.81023730775104297  0.82205601625199309  0.83520674880870716
  0.84764967870078756  0.85835086399847615  0.86768527429866504  0.87691810273767690
  0.88637116197576626  0.89629663622952338  0.90640647866804314  0.91654024189055572
  0.92728082824591340  0.93820275100386608  0.94858736550829337  0.95880534815884944
  0.96961145617348177  0.98030795897842282  0.99019281466179832  1.00000000000000000
 -0.00960149329049353  0.06623653036839351  0.11820205751031224  0.15319256304109416
  0.18161212627536596  0.20099454362856581  0.21685946302849049  0.23163103520494221
  0.24547768061823025  0.25762125390038648  0.26791480354216901  0.27740734818804180
  0.28676948053401069  0.29608307817773305  0.30501203696758961  0.31367114944155056
  0.32245236635230889  0.33102101034173675  0.33930686058475179  0.34685828325761797
  0.35400833197797360  0.36083543220701536  0.36709683553119560  0.37306597456894142
  0.37884411924884753  0.38429386639465402  0.39022656846578424  0.39634272602946663
  0.40256578525715742  0.40894951162181797  0.41517227691950831  0.42145057593708346
  0.42806890709314227  0.43488334930057659  0.44149214770331374  0.44757549453864942
  0.45317860515161146  0.45826775300928330  0.46289438048396642  0.46723824765458294
  0.47159461523201052  0.47598954158738482  0.48018646702285844  0.48445035697702249
  0.48884167912573229  0.49312470441614964  0.49731034584402878  0.50177865286021406
  0.50662944517410957  0.51171448901529581  0.51665548706152353  0.52144423799550099
  0.52643742432141538  0.53128551054114803  0.53630072276490681  0.54133763608895080
  0.54675957699502076  0.55239160733752946  0.55804280543884022  0.56360905402734640
  0.56938747093488740  0.57527905490967457  0.58107059760499313  0.58662615034746601
  0.59222040074968185  0.59819713956447618  0.60434210693188095  0.61070601748035203
  0.61690435647438369  0.62295202806113492  0.62871901033542099  0.63433748307565951
  0.63992116619863959  0.64535786853567556  0.65082972118740190  0.65660418623292549
  0.66260487521068401  0.66884306500055746  0.67551260651359346  0.68259588411341054
  0.69016498797287285  0.69896564349569545  0.70828864170396888  0.71892976390830665
  0.73020849729758663  0.74256333924617668  0.75583603082210638  0.76947107496412681
  0.78369185658366158  0.79898390770763617  0.81615981986521091  0.83673927470928655
  0.86293529540322700  0.89368760658491930  0.94019138002864167  1.00000000000000000
 -0.00409427717364906  0.01263412530274300  0.02558999761626222  0.03751210396878094
  0.04928703201175752  0.06128707130616691  0.07417773459659273  0.08676856447880341
  0.09818842978898093  0.10857855835983043  0.11875024823576412  0.12900924404232353
  0.13922476069306533  0.14890425567222035  0.15879790622289297  0.16898985416040924
  0.17943289666340984  0.18913256123791899  0.19741083847858351  0.20549102174854683
  0.21408353107352013  0.22313000517474305  0.23202478660799472  0.24085691197458595
  0.25000364638097278  0.25975637494146286  0.26825770728817250  0.27626376920989398
  0.28467620637435204  0.29313620470239926  0.30194020193219445  0.31044472259984279
  0.31992881191302958  0.32993479631159206  0.34012288565802912  0.35067955019082986
  0.36151662510633487  0.37224057534688193  0.38341247888133184  0.39484092608756272
  0.40724759115216691  0.41942452480581877  0.42912748961653385  0.43908609556466183
  0.44855426242308055  0.45825900728276087  0.46802910383633689  0.47739468617670561
  0.48755479889898556  0.49863354889066153  0.51028667459775712  0.52212793541994262
  0.53439825056993406  0.54650128329793435  0.55804290524496991  0.56871277856980895
  0.57836755360475012  0.58890542040518834  0.59960898725836709  0.61026657388198713
  0.62102184364878921  0.63234751091850339  0.64451029593886511  0.65728705252670627
  0.66961905305707570  0.68187834525064728  0.69277162835277184  0.70376511368426320
  0.71490288854425366  0.72710230219809302  0.74100679177687057  0.75494303000459295
  0.76816491377202134  0.78067559364742944  0.79268338547612482  0.80499492158295505
  0.81570512117014249  0.82435650089504975  0.83339932877128697  0.84248619738232933
  0.85195510901704474  0.86165144688540229  0.87213524075304416  0.88463114450791036
  0.89786077537445763  0.91021849285717782  0.92127412338516257  0.93178291700469795
  0.94192340863680291  0.95070729125737785  0.95870680536417385  0.96614589726777789
  0.97423231670831822  0.98223325392719840  0.99092821696896316  1.00000000000000000
 -0.00204185156812432  0.00766655137011074  0.01724422087048351  0.02707762589002588
  0.03777406289790717  0.04749672191963539  0.05731534683353462  0.06722727270415486
  0.07748208098327058  0.08775644921696042  0.09846703219739140  0.10964682999095259
  0.12117066740695441  0.13336208243030373  0.14474324461359658  0.15548724704724010
  0.16517257697247248  0.17390175679977854  0.18346474925995160  0.19295238807646684
  0.20267703455043809  0.21288543526228618  0.22330232538499062  0.23413267116529457
  0.24545072112509705  0.25675249569727254  0.26833911856761256  0.27969219042868843
  0.29031572896261765  0.29990470411825210  0.30902694436290579  0.31861230208317165
  0.32867892735864151  0.33871239027362460  0.34865909088249536  0.35923471561224823
  0.37070942735447671  0.38202924297697871  0.39315311083109927  0.40458185067648755
  0.41572057589540412  0.42581354495485985  0.43460111450195987  0.44352074507459199
  0.45305675291530945  0.46376284117029215  0.47444427486993540  0.48637366422791473
  0.49874219810499670  0.50967624034980985  0.52065122748667736  0.53117586160408548
  0.54103301226319800  0.55071864226329914  0.55977921785086082  0.56957816095742841
  0.57962495915398338  0.59080465194282261  0.60284674479096223  0.61579091001831410
  0.62876650169003934  0.64108767047996607  0.65184559112610596  0.66187639904716056
  0.67248935671357601  0.68276044212151987  0.69244557921098115  0.70196520362282544
  0.71227278239869229  0.72375808089321625  0.73600944791873579  0.74844827614708831
  0.76071607153839338  0.77275638883891606  0.78504707786616834  0.79605257975494736
  0.80651979693815778  0.81569452141500753  0.82457550630087906  0.83384385638802261
  0.84417999100511754  0.85362183546205395  0.86245311618364218  0.87112742126089437
  0.88177894222872877  0.89348572044332686  0.90518082702829594  0.91597297287012780
  0.92710914665874067  0.93782253221837231  0.94805803908224129  0.95812765208925454
  0.96831676498737351  0.97886358645704108  0.98949495969520784  1.00000000000000000
  0.12861025472271723  0.24809498538355212  0.29811211024274231  0.33129170185284929
  0.35906740266819326  0.37777302882491320  0.39441067754924636  0.40867319470296176
  0.42122544892063868  0.43344915749050089  0.44503625777168176  0.45612642778978835
  0.46667420688721584  0.47722756595679089  0.48557106281272927  0.49374004114130021
  0.50162071350188941  0.50882017248949740  0.51574707604174908  0.52229097647243206
  0.52836550449451125  0.53417204609821489  0.53972292720038784  0.54537530989331851
  0.55143562659894652  0.55777781743114729  0.56421098602822028  0.57065432242367264
  0.57640821307995949  0.58239793481457258  0.58807210032607327  0.59356837002850726
  0.59900654221243765  0.60408302650773060  0.60867693813198287  0.61296218411423165
  0.61713700632265767  0.62117713809191821  0.62496996152913054  0.62873051924685086
  0.63252803737050667  0.63643845387335185  0.64025570183773295  0.64415402137916522
  0.64803534129176532  0.65165343548448262  0.65515601142315305  0.65842531803804127
  0.66169840331024132  0.66501756642170062  0.66844245606704367  0.67194044550853160
  0.67547076560543184  0.67902285665852435  0.68260815508823414  0.68632737727503690
  0.68973284324853867  0.69298694907584413  0.69617716075380209  0.69944978313264405
  0.70299861668412411  0.70687994773840668  0.71094665568071325  0.71462986534288553
  0.71788111859523851  0.72095713670590600  0.72410477022339259  0.72734234214620841
  0.73070194224575680  0.73425408352328947  0.73788718093605676  0.74158194654719289
  0.74526664212387594  0.74898253858185759  0.75311498443876201  0.75722659534757031
  0.76123339984477367  0.76510748143276608  0.76903811845341030  0.77315959377511623
  0.77753612305409892  0.78210474708470890  0.78673751193099228  0.79164778850600181
  0.79732882787713577  0.80339158449105097  0.80960998504513848  0.81635315268921849
  0.82427191747745487  0.83241555308870041  0.84167031992563124  0.85154765383973685
  0.86486862554034927  0.88251924757135625  0.90944119348418440  1.00000000000000000
 -0.02189785762131201  0.13887366592986999  0.18254235152263523  0.20814281794792677
  0.22758991232362305  0.24252330008704928  0.25549486033515789  0.26710381261684130
  0.27708989395878608  0.28667680324325029  0.29663529332074817  0.30597475974732163
  0.31406118453920323  0.32192427434419296  0.32999937705857252  0.33867576307893177
  0.34725182957189593  0.35498163845790498  0.36188506924626668  0.36812830107782180
  0.37504201861189124  0.38077794937301995  0.38635172057591860  0.39198871902888871
  0.39720479466388792  0.40200488497015263  0.40671757225437821  0.41129988725345396
  0.41563396523643742  0.41971898286337628  0.42360278547652391  0.42760315292862194
  0.43160884966214869  0.43571527258053172  0.43985991907625088  0.44430132598041333
  0.44864186837300885  0.45302730521013229  0.45751141387790306  0.46230364124720419
  0.46715131623692091  0.47186025961389111  0.47652805955008287  0.48137850534749277
  0.48637706913596851  0.49114878966803821  0.49574302044653518  0.50018510108366043
  0.50500483420976150  0.50991229061859300  0.51484008172231421  0.51962318964926346
  0.52392501862133867  0.52749416749162514  0.53103831444751559  0.53469834450709974
  0.53844905702275747  0.54291914884690651  0.54776399744673643  0.55276943155738134
  0.55754165956461599  0.56191476431152476  0.56591349432675386  0.56979051072385700
  0.57371722670104075  0.57782519864913084  0.58239009932690899  0.58749056026281965
  0.59285572107957474  0.59786667568053797  0.60287096026347908  0.60800757005630179
  0.61290541895184525  0.61798470442954279  0.62289382160034246  0.62876871950957069
  0.63483252052706152  0.64038548317785871  0.64611810228225564  0.65216618130871595
  0.65864724509730288  0.66552051564118042  0.67241897569761722  0.67929911752119054
  0.68732728459800452  0.69630128790329615  0.70577059898016437  0.71588792151193803
  0.72684216821450232  0.74053942315283672  0.75621084017719620  0.77395783502502824
  0.79400159599713604  0.81840420222459587  0.85831296380182243  1.00000000000000000
   2.2804479821130942E-013  -1.0000000000000000     
 F F F F F F F F F F F F F F F F F F F F F F F F F F F F F F F F F F F F F F F F F F F F F F F F F F F F F F F F F F F F F F F F F F F F F F F F F F F F F F F F F F F F F F F F F F F F F F F F F F F F F F F F F F F F F F F F F F F F F F F F F F F F F F F F
  <DiscreteSampler_grid>
  grouped_processes
  1 # 1 for a reference and 2 for a running grid.
  10 # Attribute 'min_bin_probing_points' of the grid.
  1 # Attribute 'grid_mode' of the grid. 1=='default',2=='initialization'
  0.0000000000000000 # Attribute 'small_contrib_threshold' of the grid.
  0.5000000000000000 # Attribute 'damping_power' of the grid.
 # binID   n_entries weight   weight_sqr   abs_weight
    10   10   3.204272217967626E-002   5.957761298875907E-003   3.204272217967626E-002
    16   10   3.204272217967626E-002   5.957761298875907E-003   3.204272217967626E-002
    22   10   3.204272217967627E-002   5.957761298875909E-003   3.204272217967627E-002
    28   10   3.204272217967627E-002   5.957761298875909E-003   3.204272217967627E-002
  </DiscreteSampler_grid>
