 -0.01070175328661264  0.05237564448548275  0.07705861108005649  0.10049300955657318
  0.12289578915695770  0.14332844734525466  0.16132955531421181  0.17777371308642340
  0.19328367521040410  0.20766655744179524  0.22085981628569429  0.23297991947534746
  0.24432478633686328  0.25530963406776908  0.26602082059266285  0.27620148857735655
  0.28573777173527343  0.29477025386119227  0.30349023566086636  0.31204254254322966
  0.32057084312823453  0.32890920762977488  0.33690242433332251  0.34454359304609122
  0.35183614932952417  0.35883795294252985  0.36567309066206660  0.37235308817827151
  0.37880501983370751  0.38503206635226672  0.39111610006843589  0.39705079172462299
  0.40270362678846894  0.40811860882040585  0.41349018192350634  0.41880493466745838
  0.42409278798088684  0.42938555327075445  0.43470870168583670  0.44005675008306094
  0.44529947106201867  0.45054715384220528  0.45563609376591985  0.46059573168374601
  0.46542815757183292  0.47024564161394816  0.47510604453511474  0.47996524415509501
  0.48479301233174898  0.48967640152965658  0.49466896491566037  0.49967076777781394
  0.50471982638300450  0.50981196638018644  0.51493345569747140  0.52005789372418221
  0.52515290967756356  0.53028258875502554  0.53540494151620122  0.54054365280534622
  0.54572713105742066  0.55095542981835210  0.55627646993544322  0.56174465391328010
  0.56731713635051739  0.57295269987022979  0.57867168830978610  0.58448206834047023
  0.59033380405472835  0.59628030299908563  0.60243806871451588  0.60880251002573427
  0.61534649077086612  0.62211211895155583  0.62909500639240645  0.63624393307935589
  0.64356399783943352  0.65115687795104604  0.65904387705854939  0.66723842380010712
  0.67580339260250244  0.68453207727186960  0.69357896097017702  0.70305166799913854
  0.71313772148710330  0.72395441570868013  0.73594389990530273  0.74928777996459084
  0.76398663360385621  0.78040884322779092  0.79960297132150571  0.82207503976472462
  0.84907574052023582  0.88287620876967832  0.93068782257307603  1.00000000000000000
 -0.00261303243602372  0.00959028409528725  0.02035528074585961  0.03094988628234964
  0.04158735909452708  0.05200355397313748  0.06243691503752508  0.07270648228500792
  0.08330287375334718  0.09442729831900774  0.10513547566332306  0.11532100660198227
  0.12550745958594001  0.13614144057320704  0.14671895947111366  0.15710623602985871
  0.16763176908052807  0.17867927189158780  0.18958730425614159  0.20003405830360774
  0.21032292408785397  0.22083246491138142  0.23140440449081617  0.24178901627118793
  0.25205781916014608  0.26266291213269438  0.27327433493676878  0.28364240471024482
  0.29402296920141924  0.30458992749194136  0.31501939234498116  0.32539738469961094
  0.33586095370554681  0.34640207707445564  0.35705343694813602  0.36806289538740039
  0.37890227867201376  0.38928825732216482  0.39974208041528403  0.41021935524883818
  0.42098865484030218  0.43147286464698570  0.44191815660313777  0.45241328425997202
  0.46310499910441644  0.47402577964626208  0.48522219725916754  0.49663411810187474
  0.50757482180124047  0.51816247319104036  0.52864981988857440  0.53909889399173150
  0.54964246659449090  0.56034158735609008  0.57101594225078522  0.58153039189161815
  0.59191974250637769  0.60235293801513190  0.61278148683662692  0.62299108133657188
  0.63330706543590332  0.64385083983312652  0.65422405938389561  0.66465233294536796
  0.67492540134582624  0.68493933967089782  0.69485919000318086  0.70485445674876634
  0.71512309239766214  0.72563564021595894  0.73602096713718845  0.74618602622105945
  0.75621890359400890  0.76631269663231594  0.77648256844401009  0.78700730217159853
  0.79792445958101188  0.80902001000552715  0.82019312140367029  0.83141474678136862
  0.84257400072095845  0.85416222585223678  0.86464161062740574  0.87565036239617033
  0.88550747016707221  0.89539435354530228  0.90534366022856805  0.91533031888187433
  0.92569657586441567  0.93632143325280859  0.94696204828298058  0.95791854845205204
  0.96850271298096891  0.97892016986640529  0.98945548753912838  1.00000000000000000
  0.05143785796469137  0.06247130001868811  0.07398943197529960  0.08382816812533567
  0.09246921114782901  0.10057590540152457  0.10839495721386722  0.11591616453945909
  0.12319730324933166  0.13019402176986472  0.13683051543586472  0.14341245919975279
  0.14999247447019917  0.15650273568971870  0.16310348361231530  0.16934467815833412
  0.17527878199079486  0.18127857453490839  0.18726154027320255  0.19330856122470164
  0.19918383853611424  0.20504219007343344  0.21083193120136293  0.21649862704793810
  0.22215275905383644  0.22771469039830616  0.23340812076308723  0.23914324450165944
  0.24480608191168626  0.25042049163972746  0.25598746407884593  0.26154285872177874
  0.26715970547421408  0.27284652181915831  0.27856092146614869  0.28421584025579189
  0.28974068366179445  0.29530698607821837  0.30101399416425284  0.30670254155371179
  0.31227847230648226  0.31769328201083569  0.32299593081232103  0.32833059470378134
  0.33387696031274688  0.33957375832198888  0.34528390667490005  0.35102954564378364
  0.35659045032808268  0.36203333897060846  0.36747896435771804  0.37284519064263844
  0.37831613249239632  0.38392037248910971  0.38971835684959216  0.39549336537075441
  0.40114016798738344  0.40673831985946074  0.41237390836851379  0.41801865332308064
  0.42360704708937141  0.42918195859151409  0.43482552566422383  0.44062346920177220
  0.44656870046191327  0.45253674724870041  0.45863645713334583  0.46504984721717679
  0.47159217905379935  0.47809453438161870  0.48471968215401606  0.49153927360593980
  0.49846580867199325  0.50545030178793049  0.51243230555380959  0.51948395945106884
  0.52654142018269301  0.53374417359858273  0.54128528659748876  0.54917126828794305
  0.55727342516878886  0.56575181187854973  0.57475564174055416  0.58416585006524357
  0.59412946863129867  0.60468639558338677  0.61588965883888025  0.62786576306133013
  0.64086169094334156  0.65489338780011075  0.67073872014480385  0.68906187837729660
  0.71099662612959302  0.74156826961026545  0.79102774974299916  1.00000000000000000
 -0.03220109879809822  0.15773606215621702  0.20159875030991478  0.22789658224642559
  0.24704887707587520  0.26208045730200380  0.27510314995931440  0.28633420180849117
  0.29642291876628218  0.30550509261070830  0.31397964780320603  0.32185513172289221
  0.32933824640758252  0.33653638021272780  0.34336566637113530  0.34985518120593911
  0.35618232216966189  0.36222997580117333  0.36813627729173787  0.37388141241038014
  0.37948674383812481  0.38506761726944916  0.39056989779801432  0.39586159382570896
  0.40097052303310560  0.40596437091503457  0.41088682648063396  0.41568012016963291
  0.42039768183511284  0.42499744000029699  0.42958874417827847  0.43414500459690553
  0.43863976947262656  0.44308390044033868  0.44746215211930701  0.45181940550316868
  0.45617670124046800  0.46039594420407248  0.46446952288346322  0.46855431681727461
  0.47263474813233319  0.47677625104329691  0.48095186281495383  0.48492643651034550
  0.48887098450291983  0.49284276792995890  0.49682486236678819  0.50080114507790163
  0.50471336376025844  0.50857886566610644  0.51242934063586743  0.51629756482843836
  0.52020961820454326  0.52419362044872075  0.52823080674871603  0.53225332441517181
  0.53627019943294130  0.54035754628857491  0.54453484373183225  0.54878986890889558
  0.55311500898304167  0.55753659090825713  0.56198810014870959  0.56649426035616990
  0.57098315812480671  0.57540556199181092  0.57991598430159519  0.58446184928124323
  0.58903863311478855  0.59368992989661029  0.59842786527444003  0.60328713842394466
  0.60824291946327180  0.61328055366205392  0.61832475348532889  0.62340470943772630
  0.62862523682461313  0.63400577093758215  0.63959247516060491  0.64540106066794500
  0.65153605955937643  0.65796910163717259  0.66469753150796818  0.67185677573055158
  0.67935325118136625  0.68733445528633064  0.69600588043256439  0.70525905820589374
  0.71545233511385120  0.72672839490012509  0.73931828727977256  0.75418313502623091
  0.77282628294297706  0.79766914284481549  0.84143252094907695  1.00000000000000000
   8.7712020741253269E-010  -1.0000000000000000     
 F F F F F F F F F F F F F F F F F F F F F F F F F F F F F F F F
  <DiscreteSampler_grid>
  grouped_processes
  1 # 1 for a reference and 2 for a running grid.
  10 # Attribute 'min_bin_probing_points' of the grid.
  1 # Attribute 'grid_mode' of the grid. 1=='default',2=='initialization'
  0.0000000000000000 # Attribute 'small_contrib_threshold' of the grid.
  0.5000000000000000 # Attribute 'damping_power' of the grid.
 # binID   n_entries weight   weight_sqr   abs_weight
    10   10   4.682630907740557E+005   5.770370508271075E+011   4.682630907740557E+005
  </DiscreteSampler_grid>
