  0.00649731140009883  0.00815161806186490  0.00999947192432781  0.01200656523489172
  0.01417436271286281  0.01648582422616167  0.01892225311772611  0.02153024808098459
  0.02424589855713692  0.02710149524955958  0.03005087092862967  0.03315209338975884
  0.03635499449717595  0.03968201413860149  0.04311476361865316  0.04666099689781726
  0.05032862051219750  0.05410994518745767  0.05800204826320343  0.06199139287277713
  0.06609044944131599  0.07026966226318007  0.07462038788850894  0.07900209665744524
  0.08355069615715424  0.08818488011907252  0.09291513110845394  0.09781064752544348
  0.10273024138361786  0.10780142635526557  0.11304133266576219  0.11829381301913681
  0.12369755642451681  0.12931200643821428  0.13492362307532182  0.14061997814546601
  0.14660352589086600  0.15263647924222151  0.15867552301212134  0.16498028553537680
  0.17147529281918725  0.17797892216246852  0.18458932119937063  0.19148508336142189
  0.19853268802593807  0.20559303851897265  0.21280807193330153  0.22033214929719031
  0.22804580941290470  0.23578764763600019  0.24364483949434138  0.25180744225374535
  0.26034624937985373  0.26889599994276370  0.27743855956730545  0.28646597406614011
  0.29582761891459125  0.30529217235104822  0.31486526907475448  0.32459164520847089
  0.33495502328005716  0.34566823056214352  0.35640335828703590  0.36735228062184239
  0.37877034820363986  0.39070497350346334  0.40299690701250612  0.41541591585273102
  0.42785614946404893  0.44173445669350403  0.45587282310195432  0.47023692455345972
  0.48487175130334276  0.50025044381030503  0.51661559112501199  0.53354646431755259
  0.55066172512077016  0.56843045716944562  0.58751254722408230  0.60750730752954540
  0.62784898475660278  0.64841926345473244  0.67063811504794901  0.69410572193880238
  0.71773079953979269  0.74176791697306876  0.76665869472027637  0.79242932592179338
  0.81836244966053895  0.84399090363389040  0.87006020944914253  0.89667431542597487
  0.92315147483251248  0.94917232314894251  0.97471491992333348  1.00000000000000000
 -0.00256965968888792  0.00989526526796143  0.02037750657683195  0.03093580323613949
  0.04155795126944276  0.05242774955080761  0.06317775942927344  0.07379775909256049
  0.08442856504390975  0.09515667793238090  0.10580275105601690  0.11643213396743671
  0.12711135519572964  0.13775659673082796  0.14844041516523629  0.15904685762488693
  0.16973471462192621  0.18036140262064720  0.19094586899879282  0.20146699255827769
  0.21190963944396476  0.22230447147512186  0.23265763910184550  0.24296367647359304
  0.25335445190159223  0.26371162378899404  0.27411333090106232  0.28461103162050178
  0.29520035565878755  0.30586968011005178  0.31660761895556844  0.32736872736620226
  0.33804545332213626  0.34854662336154030  0.35894683066327659  0.36939855133626703
  0.37986191039386297  0.39032350822590928  0.40085962282179943  0.41144025104800608
  0.42207328800864996  0.43252555168376755  0.44296558822912224  0.45353503747968038
  0.46402768121498139  0.47446733287121606  0.48489200510202007  0.49546415394876325
  0.50601008438491035  0.51645593323349015  0.52682900585650372  0.53726953578868308
  0.54769023674389283  0.55822856522157316  0.56872763414259109  0.57922612818969432
  0.58972791938297175  0.60020745824883559  0.61055089916203353  0.62084717967773495
  0.63113519289101361  0.64158974703226745  0.65205036040284503  0.66244632833891004
  0.67271320183378291  0.68297990649921148  0.69338861346590874  0.70390484970208933
  0.71448657278243566  0.72516858939008932  0.73577417693797109  0.74629663101454591
  0.75668852791579311  0.76704420094750325  0.77756395404955436  0.78822025585266353
  0.79904855417801302  0.80983956951739933  0.82054968041727239  0.83128594460684624
  0.84166552586146570  0.85230607312295037  0.86295591330212951  0.87375645885688846
  0.88427662831531995  0.89468264433686917  0.90527816256095994  0.91602944317774804
  0.92663322974355689  0.93724927755842580  0.94758541402795449  0.95799117657539401
  0.96834754766146158  0.97871517249898476  0.98930566014575738  1.00000000000000000
   1.8082703212004947E-007  -1.0000000000000000     
 F F F F F F F F F F F F F F F F F F F F F F F F F F F F F F F F
  <DiscreteSampler_grid>
  grouped_processes
  1 # 1 for a reference and 2 for a running grid.
  10 # Attribute 'min_bin_probing_points' of the grid.
  1 # Attribute 'grid_mode' of the grid. 1=='default',2=='initialization'
  0.0000000000000000 # Attribute 'small_contrib_threshold' of the grid.
  0.5000000000000000 # Attribute 'damping_power' of the grid.
 # binID   n_entries weight   weight_sqr   abs_weight
    10   10   5.684374880575389E+006   3.298242426766477E+013   5.684374880575389E+006
  </DiscreteSampler_grid>
