  0.00004596916768163  0.00004882415645078  0.00005055753202844  0.00005218727498002
  0.00005389107358861  0.00005566021158606  0.00005746313305375  0.00005939020694531
  0.00006150407403161  0.00006375606939636  0.00006603040444949  0.00006826431796604
  0.00007052085536361  0.00007284710236843  0.00007525195644648  0.00007779148643650
  0.00008054527566696  0.00008348758134185  0.00008650699846713  0.00008957645112559
  0.00009278519818711  0.00009608237738575  0.00009945782051943  0.00010285602737683
  0.00010634318653334  0.00010991253976965  0.00011348555979381  0.00011738494526856
  0.00012137457426536  0.00012546453466356  0.00012973543071228  0.00013430613765949
  0.00013904619181890  0.00014390324989683  0.00014899093807668  0.00015434415475602
  0.00015988289222782  0.00016575435973572  0.00017187039658778  0.00017805360431273
  0.00018439918450525  0.00019118342503547  0.00019846975210626  0.00020604103008967
  0.00021385033063648  0.00022204002822812  0.00023052357338373  0.00023932316897191
  0.00024834773426766  0.00025777726387896  0.00026756679505381  0.00027789619663910
  0.00028862554229761  0.00029973367813979  0.00031137328645490  0.00032359669651799
  0.00033616305811589  0.00034937320315433  0.00036346699896553  0.00037847029268834
  0.00039423257460726  0.00041085050934952  0.00042834160339615  0.00044659277056112
  0.00046676042082958  0.00048829628791973  0.00051169975437350  0.00053705054908101
  0.00056403525502195  0.00059345079419434  0.00062540781484331  0.00065956081109970
  0.00069626508763402  0.00073633981291130  0.00078046761700091  0.00082889867050149
  0.00088214554148948  0.00094132476607627  0.00100764283999579  0.00108179465007426
  0.00116542941112679  0.00126312148545179  0.00137858602211607  0.00151498323061237
  0.00167995858271153  0.00187822456645113  0.00212822859382846  0.00245409125404776
  0.00288405862767986  0.00349345765187255  0.00443018291242336  0.00600095718147191
  0.00921850879714423  0.02167197152402567  0.48530399940714680  1.00000000000000000
  0.00090724479884953  0.00278179317406834  0.00352621651360000  0.00399159852646949
  0.00436223787987057  0.00469920119900877  0.00501099646425101  0.00530658649308909
  0.00560083897838271  0.00589907998212485  0.00620424326942598  0.00650547911998648
  0.00679911691556812  0.00708662087501198  0.00736351760639049  0.00763025768542123
  0.00789403295979307  0.00816383285891296  0.00844580285257735  0.00873642940424769
  0.00902530159955457  0.00931926956252920  0.00961104823768400  0.00991452295985303
  0.01022958471847390  0.01055247371425918  0.01088306573505046  0.01121545409514802
  0.01155129357649277  0.01189743992859305  0.01225109200555959  0.01260817968161357
  0.01297817976508034  0.01335109391369010  0.01375420707432587  0.01419605723569934
  0.01464481774493013  0.01511187266261601  0.01559626569057355  0.01609688467031127
  0.01662142262325638  0.01718060359796692  0.01777020953203572  0.01838880256356561
  0.01903305124670077  0.01970905173377863  0.02041625018229876  0.02115724044518195
  0.02192368659914772  0.02272760423856898  0.02357652506726308  0.02447194681749952
  0.02536767609697882  0.02628180658208476  0.02721400973901500  0.02818224397910840
  0.02915991206705050  0.03016467881746695  0.03119651326730368  0.03225784971334941
  0.03333800998546124  0.03443065548780788  0.03552705752490014  0.03665683668405269
  0.03780377543518342  0.03900562095469724  0.04025373799988411  0.04157927737933629
  0.04294674272952050  0.04436053243606799  0.04582875334646441  0.04740154624095731
  0.04905927154676580  0.05079153271826232  0.05254350797376472  0.05436903321410531
  0.05633455317911083  0.05845405815017662  0.06074155707059990  0.06322629209968084
  0.06585775575746211  0.06866326977870774  0.07175416260378201  0.07522498871143127
  0.07913122235744185  0.08369803701277963  0.08887942817597842  0.09467619335057033
  0.10126130576735953  0.10905760715265074  0.11924731904713431  0.13279417302962793
  0.15495101166965053  0.25766623018564450  0.53405128245240907  1.00000000000000000
  0.00148867247247039  0.00278534544585686  0.00383417657548740  0.00470494637331109
  0.00546458896593007  0.00615464649437429  0.00681336676944426  0.00713223858211336
  0.00757409042402464  0.00803862823894878  0.00852707593396637  0.00901810378875915
  0.00950613261876718  0.00999738295067373  0.01048644011198556  0.01097130322595075
  0.01145874667530663  0.01194033080581504  0.01242035220749596  0.01290950245640552
  0.01341356454160730  0.01393226706924807  0.01446208014346143  0.01500307444271048
  0.01556012316230820  0.01611851812351650  0.01668749973979121  0.01727653052289402
  0.01789168585447036  0.01852115378353267  0.01916973730531035  0.01983755559515041
  0.02050300696206585  0.02117383922447206  0.02186139062732297  0.02256007718202110
  0.02326827707888206  0.02399412514978633  0.02475085704575973  0.02553614299714162
  0.02633002701405938  0.02712536875843136  0.02793807699758787  0.02876441690758900
  0.02959859177053799  0.03042829970018395  0.03127165896486676  0.03214922230726876
  0.03307588097721872  0.03402947037966442  0.03502854702266280  0.03603883987322803
  0.03704828033184930  0.03805427199530041  0.03909637487708587  0.04016143573464236
  0.04128498575935395  0.04243930729418683  0.04362661676547383  0.04482982136995567
  0.04608195480031279  0.04735446614095670  0.04868032612427908  0.05001464283912894
  0.05139527347223775  0.05283958096171976  0.05430922619658072  0.05582094382999935
  0.05737180631360237  0.05894923384988738  0.06056648941397869  0.06223534229247676
  0.06403748688552263  0.06596348057180211  0.06814461729879928  0.07062247699845317
  0.07302669451506974  0.07544524108803856  0.07785436378365289  0.08041693091541177
  0.08303743758713944  0.08580180444185256  0.08883832582591585  0.09188153365917580
  0.09500177181541303  0.09830561303563759  0.10184925933585606  0.10599063665468721
  0.11074117955537105  0.11629605182498241  0.12224188524326052  0.12844507324918281
  0.13493342171879974  0.14177771694843044  0.61737747984323932  1.00000000000000000
 -0.00199386320433558  0.00802584947954855  0.01622516261995143  0.02499090131229018
  0.03393590520448977  0.04276388811586653  0.05162969115280384  0.06050735376759100
  0.06964298511750676  0.07875889684237279  0.08794239268179496  0.09716995127425797
  0.10657838719125616  0.11616589594260458  0.12587714203456660  0.13574610624383890
  0.14594418153274030  0.15643005133909879  0.16695935589577698  0.17732258418596522
  0.18755115554873725  0.19787820515763674  0.20845469388561447  0.21931424354282700
  0.23048669581004561  0.24179186604990091  0.25285638551697998  0.26350961446515681
  0.27402583655544960  0.28469691978241685  0.29557305198992007  0.30661018984412519
  0.31786907517314561  0.32928855125448664  0.34062464683364330  0.35190682158701181
  0.36336033702186998  0.37503564601971096  0.38678342374596808  0.39836977939288842
  0.40976804988347887  0.42136440790012314  0.43318013264470068  0.44481678889859222
  0.45630184324706236  0.46801025435711591  0.47969620049528833  0.49063281541455733
  0.50151577755302268  0.51235645502130400  0.52314269608183095  0.53362740645945761
  0.54426603914897975  0.55504938829127337  0.56604648708293981  0.57681011384300429
  0.58755356684023607  0.59859107894761532  0.61000092720049914  0.62184404241537794
  0.63332940604241361  0.64482980640798093  0.65624673783237064  0.66794181009896103
  0.67998670931739646  0.69159681721972310  0.70274467762409254  0.71389385221565260
  0.72483037962659858  0.73525452286356507  0.74541075841811211  0.75592240215875695
  0.76639604441512532  0.77694365199680182  0.78787697909740262  0.79893322575552261
  0.81026357918824032  0.82143668964946126  0.83281433363066248  0.84380870579539935
  0.85492552134648792  0.86584787162446142  0.87637809253681975  0.88642881997001188
  0.89640943181236910  0.90600078984476329  0.91584968535316669  0.92506810140679308
  0.93424410458496643  0.94340780578552874  0.95301903332347815  0.96227153942088506
  0.97179504110519377  0.98097925108792716  0.99074880133499188  1.00000000000000000
 -0.00243237531221072  0.00947098811676580  0.01906596838081920  0.02947672272495698
  0.04011619367124116  0.05031457031249228  0.06057887184898168  0.07080915799066506
  0.08148534836178538  0.09201984124723235  0.10304235540917357  0.11343330723775069
  0.12363941349858716  0.13391137606524969  0.14408167638000263  0.15436442946924614
  0.16464239331500830  0.17498063460924465  0.18564028355332876  0.19624705941318407
  0.20721461192477958  0.21789316457826011  0.22872651842893593  0.23966370655040600
  0.25048600356700396  0.26080586865514155  0.27128476973487037  0.28212013313905460
  0.29297152552231598  0.30343385626685465  0.31384621595248713  0.32462032156232407
  0.33558753000194846  0.34618362238923006  0.35660971743127473  0.36685660155643807
  0.37774495732157665  0.38859575112596756  0.39925606452153345  0.40962657855393519
  0.42004843540961651  0.43058386986675773  0.44116731796632341  0.45199486951817136
  0.46305692104545415  0.47411531614152225  0.48490578795896533  0.49549204775298378
  0.50565578212220952  0.51583540982119680  0.52610309594902027  0.53651182314390922
  0.54672298473953440  0.55695869891907124  0.56757568453154483  0.57827796951635257
  0.58876488289907347  0.59920123004054671  0.61003330168595127  0.62106105539036205
  0.63137021315961928  0.64144993485757229  0.65154516303090271  0.66208293445232580
  0.67270778458653246  0.68369392887763369  0.69463057527225291  0.70570261009447122
  0.71591401570244928  0.72635299612152993  0.73652389745915903  0.74726769702931040
  0.75765722559180193  0.76811486825738184  0.77892526400210083  0.78977797179815035
  0.80037460651852632  0.81052536868475078  0.82075134194242050  0.83102408549710594
  0.84162223574231243  0.85244558735105036  0.86326239924568215  0.87373238066523840
  0.88378466941451361  0.89370035005129411  0.90386524328820106  0.91439262469455773
  0.92498885181440882  0.93560394842357342  0.94613794980275234  0.95706644869348156
  0.96813434206953342  0.97900239785484211  0.98969127496257803  1.00000000000000000
 -0.00228943576477670  0.00941823256727854  0.01956066835312359  0.03050631513022786
  0.04081132435905831  0.05037305132166743  0.06013060535295418  0.06997337160531490
  0.07995532419913226  0.09001335956747913  0.10032417681529870  0.11079860761446007
  0.12135101489960554  0.13174983079016395  0.14253771861600592  0.15331131534811077
  0.16406437170144000  0.17455721916714267  0.18483731357019043  0.19523250018495916
  0.20560885547870789  0.21597024538063248  0.22672493918514627  0.23742770893163156
  0.24814810422033853  0.25883150195779597  0.26951335771061907  0.28011650006922950
  0.29070644110832272  0.30142581045320171  0.31237356928763621  0.32333584221922906
  0.33424131008185831  0.34512379863866077  0.35579411377686532  0.36614247827581586
  0.37637160280988857  0.38675597088258562  0.39744811284161102  0.40813682828028180
  0.41861155045959197  0.42893145124174376  0.43933131116300855  0.44986427535901552
  0.46047991351296197  0.47108748628192670  0.48180002208855049  0.49256091505500732
  0.50328351124692228  0.51354938076198708  0.52368059516070131  0.53390800273373262
  0.54442999021535110  0.55511002944380172  0.56573284834109228  0.57606748489184434
  0.58638696511578015  0.59664048573718031  0.60692271323433788  0.61725957828248723
  0.62775057025015835  0.63834476344027380  0.64887869458500169  0.65941535589834044
  0.67002805886063443  0.68070264464685459  0.69134079372664470  0.70184625584516391
  0.71231969591757915  0.72292132172904500  0.73367402534266946  0.74459236751734104
  0.75552362262747652  0.76622920275551298  0.77691185057561951  0.78764074524583794
  0.79841835536622452  0.80915472285822621  0.82003036832175491  0.83112620644804436
  0.84215644595396177  0.85270788257840613  0.86328119865492425  0.87389082993744527
  0.88468137547317849  0.89516600827072834  0.90577806650430803  0.91642241194646412
  0.92691277070577838  0.93766191147823696  0.94807235024885650  0.95872309879345863
  0.96913359502985397  0.97926909991827893  0.98967075690418849  1.00000000000000000
  0.01691965129159109  0.01818523456885233  0.01909077520697145  0.01976335841907969
  0.02034304655293406  0.02089885182648359  0.02154311451161760  0.02230436179360362
  0.02302276446516579  0.02374461521127178  0.02447134986357653  0.02520026865197005
  0.02592650428677408  0.02664886179592561  0.02737870176263262  0.02811882379885904
  0.02886976152238382  0.02962767945894918  0.03037771347637582  0.03111440390323599
  0.03185545071937789  0.03259500265428808  0.03335805097181601  0.03412245309826010
  0.03488763498137364  0.03564962168537920  0.03641352303009995  0.03718085836652298
  0.03795984809865409  0.03874772770648446  0.03955318646105788  0.04035391687683268
  0.04118550166679357  0.04202777305959478  0.04288643599758984  0.04375195375758949
  0.04460950296671698  0.04547612654990072  0.04635585349052181  0.04725208028376023
  0.04815307930148496  0.04905811820543626  0.04996617403311018  0.05087481267239439
  0.05179638838346748  0.05273450392135202  0.05367712590867041  0.05460044146565235
  0.05553692482345231  0.05651795902322737  0.05753540888661683  0.05856235437696462
  0.05960970384904153  0.06066016977217233  0.06173815907430322  0.06285126444644386
  0.06400747692693387  0.06520266058999764  0.06640325704259585  0.06760517381450569
  0.06883471608371686  0.07008663482363488  0.07138778458700598  0.07273668108968973
  0.07415182439934394  0.07560216929157682  0.07708986130280655  0.07861615116357970
  0.08019494493666342  0.08186403829554725  0.08361457591878317  0.08550563237906382
  0.08748848869397464  0.08947976371443156  0.09158117966449071  0.09376007111353667
  0.09600551668523338  0.09827294982370878  0.10052581530701918  0.10287444890512593
  0.10544877728498750  0.10826324547934588  0.11125355111346799  0.11443374889466625
  0.11788052323640238  0.12163272856992857  0.12577375480318909  0.13034096432430806
  0.13540190680977723  0.14122329502932102  0.14837631979870911  0.15767401905568076
  0.16784726961442187  0.18315521066641927  0.21153089166259170  1.00000000000000000
 -0.00186686320737966  0.00733776145685020  0.01584424979545211  0.02462068736625907
  0.03335210192980163  0.04218141871727965  0.05102834981900856  0.05986550427927326
  0.06861949639846168  0.07714428138140822  0.08561513072988901  0.09408094407373160
  0.10274633322533148  0.11169349762892798  0.12069621402646655  0.12968204032175512
  0.13865248078997000  0.14775798534703197  0.15735414901766301  0.16705910895947548
  0.17696003925481793  0.18669510581140233  0.19587001494779180  0.20527907603668596
  0.21459478556389991  0.22392119342741740  0.23339093015839507  0.24308989096277975
  0.25317477427229129  0.26368156981367902  0.27427062302192357  0.28492326155070585
  0.29557233083038148  0.30631706773275302  0.31749027083692860  0.32918911257695777
  0.34130683308986076  0.35346995120290259  0.36561908406255861  0.37796699574889014
  0.39070239449620348  0.40423416728930744  0.41853713590829023  0.43270671706613389
  0.44635158392274815  0.45950603131914336  0.47294148474135472  0.48670082114977531
  0.50084375548591542  0.51492641024383345  0.52880850681535896  0.54284173647131895
  0.55710546877538381  0.57105214838627583  0.58446882467481165  0.59729416897254695
  0.60958970073495511  0.62183856240402624  0.63428387691651711  0.64676722644040874
  0.65904243420108399  0.67096487007149197  0.68255810019857499  0.69397000521291441
  0.70530649026828873  0.71650057861801186  0.72733525702021729  0.73781404369688819
  0.74803094923784852  0.75807309170322457  0.76792905690589575  0.77768587400181100
  0.78745466411555942  0.79711072027588903  0.80645787131310387  0.81561375034185302
  0.82486586963938124  0.83430846489946875  0.84376549171601067  0.85310706998987795
  0.86248362168576764  0.87199895918412984  0.88162192781058102  0.89126999654533645
  0.90094159939051566  0.91063708529082932  0.92009013822447583  0.92917085867775817
  0.93793737393244281  0.94685715254189118  0.95582000156202462  0.96478323923747866
  0.97361335504352708  0.98220513994045411  0.99130458871645666  1.00000000000000000
  0.07696891565904995  0.14687953552622665  0.17704321337523693  0.19579433163245522
  0.21108208697270503  0.22544275885127857  0.23830593837584685  0.24997615512342020
  0.26066925471431568  0.27095095963275145  0.28073922267243345  0.29044666615626091
  0.29947804972113234  0.30803386655684944  0.31600754371985618  0.32354840087838133
  0.33107321371234805  0.33838350694936037  0.34545570746232118  0.35227752218873049
  0.35882293607534604  0.36523254348835182  0.37147502863337090  0.37768575838741208
  0.38364616691590009  0.38960850297231953  0.39528182561114694  0.40083993040432697
  0.40634922167540793  0.41168699037690698  0.41703113400736663  0.42227602787353119
  0.42763756594811392  0.43299641566314295  0.43836130446078070  0.44371097471225968
  0.44895498030617437  0.45416565062061037  0.45921811883317037  0.46413368904325802
  0.46900256241777000  0.47376889814929807  0.47846264731646787  0.48314232171006799
  0.48791634645800597  0.49276505438945511  0.49759113160729723  0.50230501673368433
  0.50691945109540570  0.51153960322277903  0.51621376990954415  0.52089985487033241
  0.52553331450381291  0.53013832672859684  0.53477597256471310  0.53947634542266631
  0.54427472981432878  0.54909969625014321  0.55385702530446290  0.55861631082118779
  0.56344192146374383  0.56836656500551208  0.57337769028816510  0.57842486588996211
  0.58348743039807816  0.58860806848915592  0.59367984423636888  0.59879976011526570
  0.60388385191122596  0.60893818000453270  0.61400314676391843  0.61905895269370081
  0.62417283022045400  0.62942291453720711  0.63484196265347848  0.64037148222934204
  0.64597144047441990  0.65163155835343356  0.65744551414932595  0.66345875875675131
  0.66976637580810527  0.67629350773597585  0.68303320190806605  0.68990999480379156
  0.69697314548683109  0.70436218807768225  0.71231406302457756  0.72084911554522979
  0.73003180485090680  0.74006487953382938  0.75122031453784877  0.76430946530075949
  0.78044076812113350  0.80167096528486648  0.83877416880407130  1.00000000000000000
 -0.03795414604427835  0.17105011634087619  0.21528183205292029  0.24043196789097063
  0.25815513170365317  0.27249423014989360  0.28477109167295278  0.29575082515581053
  0.30568710342189853  0.31469968292521433  0.32287601285192535  0.33056317461468071
  0.33785296013292615  0.34483999216453654  0.35144767782288411  0.35769450203296804
  0.36362409677581353  0.36935471560875788  0.37498208883051681  0.38049588741280338
  0.38589342802735088  0.39119076911168227  0.39620152180073631  0.40100915760116634
  0.40562401919508612  0.41018505744872968  0.41471861882672817  0.41905692588060806
  0.42328065097839579  0.42746175133144065  0.43160835458378233  0.43577977711181670
  0.43991125869191788  0.44394048338405906  0.44793603953274791  0.45187998921331790
  0.45582186076958259  0.45981742448955198  0.46378917723611662  0.46772988063946525
  0.47162526525729132  0.47548406606409771  0.47929512376440786  0.48304407169694469
  0.48683088672016317  0.49066540334861486  0.49445489392002429  0.49828958968277648
  0.50211583823297523  0.50586114369601354  0.50965166716596111  0.51341043977095802
  0.51719556273765566  0.52103984318357655  0.52490834751100135  0.52878997779056403
  0.53266638818442391  0.53653110820638861  0.54042605036566027  0.54438603344254677
  0.54839691925320810  0.55242452256950891  0.55646019446746031  0.56051081491182375
  0.56462408822820132  0.56881449508438287  0.57300326912243071  0.57727741893694717
  0.58164859591220675  0.58610517027317210  0.59058469281053094  0.59517289818269781
  0.59982426496070351  0.60459815879407497  0.60959713803792737  0.61473484845238058
  0.61990232037060000  0.62511433852497955  0.63050474755530872  0.63615294878696549
  0.64208958466459098  0.64825800740616435  0.65475566993378331  0.66154923196721127
  0.66873415327759755  0.67633969091970136  0.68452569932107432  0.69358409776433727
  0.70354846289489914  0.71442645178679798  0.72655729804477387  0.74111254302149732
  0.75889465575547510  0.78313285691552947  0.82705424540734418  1.00000000000000000
   5.0539098390743853E-011  -1.0000000000000000     
 T T T T T T T T T T T T T T T T T T T T T T T T T T T T T T T T T T T T T T T T T T T T T T T T T T T T T T T T T T T T T T T T F F F F F F F F F F F F F F F F F F F F F F F F F F F F F F F F F F F F F F F F F F F F F F F F F F F F F F F F F F F F F F F F
  <DiscreteSampler_grid>
  grouped_processes
  1 # 1 for a reference and 2 for a running grid.
  10 # Attribute 'min_bin_probing_points' of the grid.
  1 # Attribute 'grid_mode' of the grid. 1=='default',2=='initialization'
  0.0000000000000000 # Attribute 'small_contrib_threshold' of the grid.
  0.5000000000000000 # Attribute 'damping_power' of the grid.
 # binID   n_entries weight   weight_sqr   abs_weight
    10   10   9.109826273369757E+001   7.808467321420280E+004   9.109826273369757E+001
    16   10   9.109826273369757E+001   7.808467321420278E+004   9.109826273369757E+001
  </DiscreteSampler_grid>
