  0.00022738526514861  0.00034631558987134  0.00040360375074798  0.00045671017592165
  0.00049826017316163  0.00053314626664448  0.00056788392484645  0.00060308961398355
  0.00063884329062168  0.00067199809603566  0.00070253622626819  0.00073277290388653
  0.00076383370564143  0.00079593757798346  0.00082790734511288  0.00085765566379765
  0.00088583250880041  0.00091438850857103  0.00094428787975953  0.00097568762403298
  0.00100694875491593  0.00103776926012220  0.00106908080221078  0.00109993142761013
  0.00113059260002608  0.00116145881402997  0.00119322693434275  0.00122647703821469
  0.00126033553672264  0.00129380324250001  0.00132694195823421  0.00136019880276918
  0.00139420119899880  0.00143019106435761  0.00146865971526898  0.00150832518068140
  0.00154773076190885  0.00158687580620506  0.00162546008914458  0.00166390437535363
  0.00170260141205312  0.00174210252602928  0.00178279564483178  0.00182551502121641
  0.00186661540868200  0.00191067896793761  0.00195529018587929  0.00200029738124820
  0.00204782866765945  0.00209970084081478  0.00215429959428243  0.00221224925721645
  0.00227491529251995  0.00233825909961020  0.00240173799168943  0.00246406451490267
  0.00252554114725983  0.00258741261776941  0.00265263386766918  0.00272369496564662
  0.00280025148926092  0.00287875653984538  0.00295861585580190  0.00304019111184310
  0.00312302355918282  0.00320681596645284  0.00329592697765615  0.00339335138162745
  0.00349646189359381  0.00360738326165341  0.00372675615813511  0.00385302306300872
  0.00398344151136216  0.00411884779793890  0.00426251795208232  0.00442050015788749
  0.00459736282216195  0.00479497202730450  0.00501091960398015  0.00524317182871665
  0.00550304514229757  0.00579088202485641  0.00610420961809239  0.00644861901065341
  0.00687567866372304  0.00738947657038625  0.00798654956367345  0.00867218922240022
  0.00949364522743208  0.01049518802914056  0.01185128540872663  0.01385817778129751
  0.01724934669489869  0.02609581120941445  0.59046635871874886  1.00000000000000000
  0.00413582809275790  0.00430764096288518  0.00441902398292563  0.00451371265852959
  0.00460194660838894  0.00467851328787925  0.00475943775650928  0.00484633343474053
  0.00493825520312434  0.00502617946237721  0.00510602576020111  0.00518997805858511
  0.00526985259338041  0.00535020316856373  0.00543215225766736  0.00551816077431659
  0.00560663371807995  0.00569550207193266  0.00578521642244332  0.00587533489462208
  0.00596472563471613  0.00605408022265500  0.00615230284028119  0.00626420226428177
  0.00637522933784868  0.00648499019639229  0.00658828300342653  0.00668753052680240
  0.00679162762672685  0.00689831534541694  0.00700319102106061  0.00710551173816560
  0.00720652139179421  0.00730844010996125  0.00741260047419478  0.00752511813765937
  0.00764118685879079  0.00775959155764292  0.00787829635268903  0.00800405934111715
  0.00812742499980611  0.00824809818139869  0.00837109151296363  0.00849883421790823
  0.00862991666432435  0.00876183243062121  0.00889507292523257  0.00903141478530462
  0.00917349269821029  0.00932013412123926  0.00947368701833666  0.00962694267902820
  0.00978201786978385  0.00994523814503720  0.01012201922645800  0.01030893878070416
  0.01049873928352908  0.01069226345983338  0.01088481256660803  0.01107988946122559
  0.01128297330228980  0.01149961682474794  0.01172324673037598  0.01195407578601125
  0.01219872616226808  0.01245531070500056  0.01272628661985777  0.01302419789877995
  0.01332676694620238  0.01363667333884397  0.01394831496188131  0.01428338075977890
  0.01464172705326132  0.01503173536453236  0.01546350143071992  0.01593298060968551
  0.01644348204100280  0.01700155365296148  0.01760291809721398  0.01824579952062897
  0.01896045080071300  0.01978164303806926  0.02071881258253839  0.02180607473576020
  0.02303271444859558  0.02441018015490170  0.02596443457323158  0.02786400748680086
  0.03036712676247859  0.03363117434777601  0.03785083517478146  0.04427506344915750
  0.05718419130677409  0.19313479831910724  0.62361290055046081  1.00000000000000000
  0.00115158565340610  0.00241300151761408  0.00285575197758608  0.00311570887234989
  0.00340130448454506  0.00350845442227031  0.00359790988252334  0.00370985374585021
  0.00380445995950373  0.00388344798524658  0.00396011404014652  0.00403189227303326
  0.00409924158735259  0.00416428445689450  0.00422735685742668  0.00429123144762233
  0.00435987302711914  0.00443970437089011  0.00452683383296260  0.00461464976550897
  0.00470172630936513  0.00478168386336495  0.00486380047498356  0.00495713330120959
  0.00506283137022959  0.00517991461634921  0.00529166235369444  0.00539298930800458
  0.00549502262060965  0.00559121703502842  0.00568355911507211  0.00577535129270848
  0.00586717586582918  0.00596361648626737  0.00606903387603911  0.00618578162621123
  0.00631003351310060  0.00643634800923927  0.00656744285773183  0.00669989081102076
  0.00683668432919404  0.00697704186421015  0.00712087750384622  0.00726775707143851
  0.00742287897809618  0.00758603914365770  0.00775344280660497  0.00792550194664704
  0.00810148206183415  0.00827682162459032  0.00845502564473216  0.00864159598691900
  0.00884094152259242  0.00905031080004734  0.00926170120646466  0.00947643586500366
  0.00969858058682268  0.00993588900702867  0.01018887207772649  0.01044814629531082
  0.01070673375897444  0.01097455177126103  0.01126342663265241  0.01156346144398110
  0.01187217158585252  0.01221030210564892  0.01256845628541334  0.01292156011908952
  0.01329677543271084  0.01371406391130665  0.01415338667252655  0.01460752108419866
  0.01508254231393153  0.01560030004725812  0.01615335703097205  0.01673815585840355
  0.01735492621623387  0.01800850145576395  0.01869523054986197  0.01943361038280374
  0.02028831165038218  0.02128877430928276  0.02237420547078751  0.02355843665707795
  0.02486877925153972  0.02638104615746390  0.02815981846493727  0.03023747367124301
  0.03264703691253192  0.03557722257139120  0.03937055212146774  0.04494498831829462
  0.05275744281799018  0.16809522787095157  0.61630932888169887  1.00000000000000000
 -0.00277931963266981  0.00974163226733659  0.02148490390725137  0.03286949830243247
  0.04367255223711607  0.05391263408651080  0.06422225029621387  0.07474816318593397
  0.08552777625315175  0.09636620186757520  0.10749919567377643  0.11909504796011451
  0.13080872900990034  0.14230935384195328  0.15349076034836623  0.16446784164212416
  0.17497513729271849  0.18507779405943878  0.19498576385396046  0.20505430274828196
  0.21527111788677453  0.22512994792872412  0.23486862562870847  0.24474484412736172
  0.25493409271260420  0.26537151277705229  0.27620661914990619  0.28719575288923488
  0.29787165003322258  0.30817455848223629  0.31840040588239882  0.32879907716064199
  0.33928440082209932  0.34974678954357602  0.35988142913146248  0.36995789319658373
  0.38012735019831484  0.39057690373189657  0.40102212544114502  0.41134354029258186
  0.42149235460559309  0.43147556771505230  0.44138672982407262  0.45145675753427805
  0.46183935829845346  0.47295356792035970  0.48455257174863681  0.49599563772165850
  0.50711893047154999  0.51786819047315757  0.52865727617056946  0.53963048316595885
  0.55047970463038287  0.56101451694063587  0.57111684003609819  0.58064974598808317
  0.59015133425977850  0.59942076184086535  0.61046263542803603  0.62081756637007579
  0.63080685150539373  0.64024099266078749  0.65032678088502682  0.66167502926557031
  0.67324056905815644  0.68510976416500158  0.69602387237565078  0.70664191560123113
  0.71716852789902441  0.72753959490714637  0.73786594708285980  0.74827683459702532
  0.75906084156576648  0.76989586768152429  0.78075599109737448  0.79125291868600023
  0.80177210745580574  0.81281492060044647  0.82440007488797129  0.83603424711743413
  0.84739392534618663  0.85838641928638026  0.86927696889704020  0.88010484507361375
  0.89090170627470400  0.90128136386609559  0.91107816363450767  0.92070155362496997
  0.93044291479320973  0.93999152841749734  0.94952750978189693  0.95901292149014694
  0.96869409298907283  0.97828198111165721  0.98811103198634886  1.00000000000000000
  0.05460178359304415  0.07419119090008884  0.08133163872121851  0.08567764659530261
  0.08894498890964496  0.09177357483449573  0.09431508156829264  0.09657060609563488
  0.09858985907795417  0.10052558886485630  0.10244553153900210  0.10431576640967885
  0.10606971232123401  0.10773685087525717  0.10938143633124081  0.11101900144985101
  0.11263124379606464  0.11423583934594160  0.11582415012499421  0.11736214008426521
  0.11894841151562130  0.12049844643931934  0.12205288636007611  0.12355321628921090
  0.12502476247059266  0.12643728659895623  0.12786031315246729  0.12928538456112043
  0.13075987295022767  0.13221621122527824  0.13364192421028045  0.13511049572395428
  0.13663324690570677  0.13821288191423739  0.13977846165033994  0.14130236622193634
  0.14277600056492901  0.14425768389998292  0.14569248120183720  0.14705242757917675
  0.14841443716130590  0.14977649933261208  0.15127572206680248  0.15287133367134451
  0.15445574773328763  0.15594084707550501  0.15741001112168462  0.15879055513161713
  0.16022962615050199  0.16174236575334250  0.16326742232933175  0.16484750193860559
  0.16650528930825365  0.16820731793552593  0.16990057291297694  0.17153491196882922
  0.17310463364758066  0.17474782683981910  0.17638821772340346  0.17800586909080790
  0.17982761169931163  0.18167200758101243  0.18359526542061810  0.18556256096477095
  0.18754282235149053  0.18946728903788870  0.19146843898076443  0.19361089460047343
  0.19573923740063448  0.19781462572454800  0.19980728614318083  0.20205513168631897
  0.20437290628176258  0.20668113675877164  0.20911454652942948  0.21175731745098963
  0.21458779736703701  0.21760021914676481  0.22094128501761368  0.22457181151870653
  0.22778076428936125  0.23076162236039729  0.23352581790222660  0.23623669921958920
  0.23908706690160164  0.24286905202120626  0.24718969411329317  0.25141423459769080
  0.25665487181681079  0.26294715937108304  0.26976324215336850  0.27856506891906624
  0.28971862892235073  0.30401345759490134  0.41278288301534810  1.00000000000000000
 -0.00236453282559426  0.00979687327574447  0.02170662243267993  0.03353176546938687
  0.04641600987356816  0.05860936491801667  0.07017517569710632  0.08134623045142356
  0.09248363541248733  0.10450258017828382  0.11486668963046272  0.12605293437587528
  0.13689489829888116  0.14739293486563362  0.15783072366611281  0.16807440812075805
  0.18019950066245838  0.19227310372750711  0.20446779895606634  0.21645572733437332
  0.22766304732226292  0.23761492838233311  0.24749303240424422  0.25758618626680213
  0.26820543233352684  0.27862557721734749  0.28919168267091538  0.29930342098712975
  0.30997199749611504  0.32079553933957511  0.33177550875299167  0.34285513125201583
  0.35356140679412734  0.36357752465662252  0.37321178594380017  0.38277152826734490
  0.39184879704916170  0.40046103052625803  0.40934371689298332  0.41901388109341892
  0.42885986193513631  0.43840016925820940  0.44737002765897954  0.45620858361097716
  0.46521007003253906  0.47473508079203819  0.48400029490425794  0.49430400556052789
  0.50426381117927632  0.51328674731878432  0.52189112498652879  0.53047565045287881
  0.53961191093499461  0.54857930300698576  0.55760939833056866  0.56673261531561714
  0.57631833987000325  0.58603410512599197  0.59588773889183988  0.60529963740041071
  0.61475201663634049  0.62453366060622650  0.63471683006930835  0.64516314960848353
  0.65549445006612972  0.66575180914810572  0.67601555791062629  0.68637967689649249
  0.69690411211129744  0.70721359125820038  0.71750692379981351  0.72766024791844786
  0.73786847100252295  0.74774081541170956  0.75772066870513366  0.76820755031793231
  0.77954560318247657  0.79130109192205544  0.80327160423291533  0.81498664244533092
  0.82609425617367482  0.83650967608169358  0.84701491697950426  0.85792723843796126
  0.86868866950921220  0.88021134014878233  0.89268511123157734  0.90544191835620724
  0.91795217667404372  0.92980840760780603  0.94107155374171769  0.95221406130742547
  0.96357453181915065  0.97640896839635916  0.98837788100501789  1.00000000000000000
  0.01410100599785575  0.01653663441503197  0.01789806108716595  0.01885829276018225
  0.01967771878972609  0.02037951458349936  0.02106965572319010  0.02176449453764463
  0.02247356390716268  0.02318521534065297  0.02387237211671393  0.02455186957359140
  0.02521902316288542  0.02589917727605589  0.02658205078897015  0.02726211412072449
  0.02796542151659379  0.02870369430004459  0.02944425992581408  0.03018852456578818
  0.03093232182818673  0.03167718202194269  0.03244105534004486  0.03321714604975660
  0.03401287809858511  0.03482098252710643  0.03563502667737023  0.03644606568844368
  0.03727957007934981  0.03812595786391298  0.03900310216162054  0.03985166234092820
  0.04070457514269989  0.04156340873039823  0.04244980539015306  0.04333105562823641
  0.04423554144850410  0.04514013608737091  0.04605745991872097  0.04700318063111639
  0.04799985470577377  0.04896719231541211  0.04997162784366572  0.05097703711724044
  0.05196345796073411  0.05294385810711413  0.05395464606253502  0.05504581334004910
  0.05619516774794180  0.05731097485875659  0.05835670165871100  0.05934173576905474
  0.06035825618888092  0.06135123841901990  0.06235742212095616  0.06338279107386081
  0.06444313078527483  0.06556184968458464  0.06664239238820394  0.06766326295400867
  0.06867900531633686  0.06978145099349572  0.07086135742035775  0.07177188819513980
  0.07281985974856341  0.07410432620265302  0.07556431620942732  0.07715159457997615
  0.07870359037711833  0.08005838175723340  0.08140482366049542  0.08244750122265965
  0.08351751232321337  0.08468688121739602  0.08604430015463602  0.08708970225353904
  0.08800959342730608  0.08891987278031047  0.08998583651525921  0.09145267028884332
  0.09302389784262759  0.09457360264954051  0.09630813479193834  0.09781638762721503
  0.09946891503923118  0.10125688211791500  0.10375832211538411  0.10660018134640072
  0.10985864174966872  0.11250896935558498  0.11485129148003727  0.11710698505552820
  0.11962757119471211  0.12174024960127708  0.56918835682545521  1.00000000000000000
 -0.00175375066193958  0.00705214871215117  0.01610985137384942  0.02467593261032542
  0.03280083360822712  0.04086688673975805  0.04915233280005891  0.05792442301188983
  0.06652225236010464  0.07500992912704274  0.08356383745729985  0.09243958300298764
  0.10103908502706603  0.10974160423014115  0.11858622716187746  0.12787007262963018
  0.13655440252193454  0.14504566583303094  0.15393460214754370  0.16288025653772262
  0.17340823770880209  0.18307578893811532  0.19296859037449215  0.20272509948418055
  0.21209466894997639  0.22157297357451705  0.23132098114897534  0.24159421429272299
  0.25241368275446385  0.26368035113315730  0.27517963160183606  0.28645649763284553
  0.29773571244586866  0.30930596782856395  0.32129048332492405  0.33395447359841834
  0.34697869872655057  0.36060338679925830  0.37436322010960127  0.38783543006782012
  0.40125734491587600  0.41475698751748369  0.42839891422084708  0.44203313780690001
  0.45574617169201315  0.46997367194933926  0.48428555617416202  0.49874042422982562
  0.51344135508220456  0.52764657751434252  0.54223998212515234  0.55706190527920907
  0.57217725855450474  0.58691242082973760  0.60114061746167402  0.61484017242177247
  0.62785265881571228  0.64026176139155000  0.65236161648177993  0.66418024618912852
  0.67529730117137443  0.68633360561934820  0.69702487500072818  0.70692005634607580
  0.71695510387485395  0.72684067410445519  0.73645196481828479  0.74595676343965167
  0.75560693750634866  0.76585297970805455  0.77609466296311147  0.78564299539316140
  0.79466957238413682  0.80364530210047513  0.81262816691119155  0.82212603447344978
  0.83184742290627622  0.84136860992520190  0.85072963830994974  0.85999103893055284
  0.86902484784754497  0.87782123509917298  0.88625934440788401  0.89445019873720333
  0.90267380966298638  0.91110861379422792  0.91969870534031262  0.92868582178887160
  0.93762744183767588  0.94673235924792709  0.95585778262519749  0.96485818480121399
  0.97355208188881726  0.98202744708338285  0.99081805117377653  1.00000000000000000
  0.09585921180559402  0.26159092826732511  0.30542986714374110  0.32882319009851013
  0.34659582994155014  0.36032306171135547  0.37244972754405348  0.38387780816653932
  0.39483291241080548  0.40493386165951967  0.41476013704978132  0.42343912020222807
  0.43148640101886854  0.43904975647888633  0.44616211437371256  0.45291217178232113
  0.45925591022681722  0.46559607555827526  0.47164469364356826  0.47742117921875005
  0.48330919142602335  0.48917107860826164  0.49476266924361545  0.50008457051407096
  0.50508953808088686  0.50980195241153825  0.51433508975641085  0.51880602339444515
  0.52329316222722444  0.52767738434611711  0.53200661039156694  0.53626330312710713
  0.54055888422131348  0.54479549566545649  0.54910996101402842  0.55334109227517159
  0.55734999244233063  0.56126563773480154  0.56505953845835299  0.56889937241998556
  0.57277159917171561  0.57654191722567327  0.58026271220617409  0.58382158229620873
  0.58733989303835543  0.59077958611577752  0.59429856735309028  0.59815974384063364
  0.60190190069664329  0.60537016431218205  0.60867982915117613  0.61195421860951782
  0.61526627081929008  0.61861848215155824  0.62199295038957747  0.62536057034962467
  0.62872958484658026  0.63211438528630681  0.63555149739719119  0.63900460855707097
  0.64242634619616323  0.64578237165990360  0.64914462818492880  0.65254201668186851
  0.65589042735636627  0.65924476297335011  0.66265501665975735  0.66624643229888203
  0.67011956425889263  0.67412001018882084  0.67819952895581481  0.68226054928444979
  0.68623762496414209  0.69013561612874330  0.69396696815529180  0.69793960747146278
  0.70220868890294785  0.70669272055284371  0.71125179908985481  0.71580897819634304
  0.72044031064387537  0.72532648604881889  0.73055314296891116  0.73605657218141318
  0.74171019643717595  0.74753089445422882  0.75368827945363803  0.76026055660621539
  0.76726883794190059  0.77517162147761143  0.78446227102930055  0.79536741036892100
  0.80850576757317660  0.82563722245983773  0.85594222441339318  1.00000000000000000
 -0.04204290454437412  0.17886755444183500  0.22210320528405980  0.24576483157895507
  0.26430815475076763  0.27878868840994192  0.29041130676179810  0.30067644958051315
  0.31007698798411865  0.31886102548016909  0.32703845850329044  0.33447216368579613
  0.34149064441010707  0.34812541039465367  0.35420618172213031  0.35982059733802541
  0.36528646972130585  0.37075755996503579  0.37622194321791752  0.38164786926886118
  0.38700272628441174  0.39224784312343769  0.39727563563775037  0.40211894089597960
  0.40688240085944233  0.41162867338317066  0.41619518860187049  0.42042694474970077
  0.42451309849817487  0.42859839088176466  0.43268836176416331  0.43689012408376898
  0.44106778250360518  0.44512258925735865  0.44909544001719998  0.45294318635325681
  0.45670288669587439  0.46049891120975872  0.46435314088850804  0.46824209042484949
  0.47201213677863818  0.47567422921908475  0.47934459058527834  0.48311704852870591
  0.48698952816555996  0.49085954807901000  0.49461410998945382  0.49811532371744244
  0.50147578895214395  0.50484405846814340  0.50821048348599762  0.51186781864770947
  0.51564288569993411  0.51953919184128150  0.52353628534231256  0.52748358187349031
  0.53143173870936844  0.53533732686531244  0.53923761498181422  0.54310105295544764
  0.54697353452414244  0.55092554316652098  0.55496348529907935  0.55908266729007783
  0.56328590352184960  0.56754146079592116  0.57181724734780037  0.57613403080758840
  0.58057961563735772  0.58511501595539483  0.58955924701899542  0.59402641583342775
  0.59867959452458319  0.60332991909350164  0.60796475359193225  0.61261922576848338
  0.61723745892595594  0.62197789272184045  0.62698703609255779  0.63249591018604912
  0.63838571135294742  0.64449280090243621  0.65100413758193187  0.65783702022122759
  0.66484016450737149  0.67235407164233341  0.68052580647530159  0.68932308746460191
  0.69887781607106858  0.70928602552249298  0.72162866586725927  0.73683737761208901
  0.75520813879327919  0.77862152316572075  0.82071583114883906  1.00000000000000000
   6.5746625231386511E-011  -1.0000000000000000     
 F F F F F F F F F F F F F F F F F F F F F F F F F F F F F F F F F F F F F F F F F F F F F F F F F F F F F F F F F F F F F F F F F F F F F F F F F F F F F F F F F F F F F F F F F F F F F F F F F F F F F F F F F F F F F F F F F F F F F F F F F F F F F F F F
  <DiscreteSampler_grid>
  grouped_processes
  1 # 1 for a reference and 2 for a running grid.
  10 # Attribute 'min_bin_probing_points' of the grid.
  1 # Attribute 'grid_mode' of the grid. 1=='default',2=='initialization'
  0.0000000000000000 # Attribute 'small_contrib_threshold' of the grid.
  0.5000000000000000 # Attribute 'damping_power' of the grid.
 # binID   n_entries weight   weight_sqr   abs_weight
    10   10   2.536685696441663E+002   3.089093856387093E+005   2.536685696441663E+002
    16   10   2.536685696441663E+002   3.089093856387093E+005   2.536685696441663E+002
    22   10   2.536685696441663E+002   3.089093856387094E+005   2.536685696441663E+002
    28   10   2.536685696441663E+002   3.089093856387094E+005   2.536685696441663E+002
  </DiscreteSampler_grid>
