  0.00003398291069317  0.00003868593070044  0.00004239163908855  0.00004551687490533
  0.00004904392544689  0.00005271892104124  0.00005639584380176  0.00006026198983582
  0.00006398152376200  0.00006783105614177  0.00007201236189897  0.00007650013548677
  0.00008097919429316  0.00008557503083497  0.00009036131626285  0.00009543287432770
  0.00010076411264080  0.00010632509914788  0.00011210084527540  0.00011809791202587
  0.00012427526143387  0.00013062328289809  0.00013720930318112  0.00014411582082548
  0.00015107733436625  0.00015806602858927  0.00016520635415455  0.00017255768327389
  0.00017985908872089  0.00018727681239998  0.00019497029872354  0.00020303795975316
  0.00021127335808955  0.00021993864891643  0.00022896528078587  0.00023811337496693
  0.00024757559008162  0.00025747972074212  0.00026779188435470  0.00027857706445524
  0.00028994635933384  0.00030189403005216  0.00031445226791406  0.00032725318360604
  0.00034013476851739  0.00035339780922805  0.00036754182634165  0.00038243529551039
  0.00039797428360653  0.00041412815797879  0.00043070652978406  0.00044768393476136
  0.00046507213114199  0.00048284236270471  0.00050116607658902  0.00052023332064385
  0.00053977634454776  0.00055968064079225  0.00058010000822795  0.00060186267973008
  0.00062455100205220  0.00064792233395415  0.00067318540462101  0.00069959957612996
  0.00072704056154685  0.00075606025828789  0.00078730837242549  0.00081883159635374
  0.00085206461706199  0.00088702700070938  0.00092352221253847  0.00096200774324005
  0.00100293294503725  0.00104563448326905  0.00109317495983675  0.00114683170744240
  0.00120345366308203  0.00126695241837146  0.00133296259417101  0.00140811750476533
  0.00149040333584136  0.00157961998541106  0.00168031074359077  0.00179557479110332
  0.00192532733060837  0.00207885312843210  0.00226707382179593  0.00249129235065979
  0.00278455975370227  0.00318171555666252  0.00375624911827724  0.00469121556382049
  0.00680133486674853  0.02892824105991285  0.58716882301772533  1.00000000000000000
  0.01706168130025681  0.01732259822150213  0.01760100701256821  0.01783610306237493
  0.01806728381293847  0.01826632915252002  0.01845136864261895  0.01862688830286651
  0.01879309096422014  0.01895953765083920  0.01913350222636564  0.01932210194935339
  0.01952028024388404  0.01971579086602924  0.01990741579879771  0.02010727863461853
  0.02031312421483187  0.02051878688123673  0.02071420884742330  0.02091439043769551
  0.02111666785476302  0.02132024611526933  0.02152296317083270  0.02172351853693971
  0.02192838832782452  0.02213492565264899  0.02234304892634983  0.02255872249515195
  0.02278009516095358  0.02300413366674236  0.02322851466431247  0.02345755239545603
  0.02369808827246294  0.02395224407426132  0.02420965454434827  0.02447088366296215
  0.02473606972509411  0.02500998121688171  0.02529234250376426  0.02558604213023148
  0.02589219835391427  0.02620634409895530  0.02652604074490208  0.02685148004583883
  0.02718524845502351  0.02753261770156051  0.02789009597291042  0.02825370254335796
  0.02863029624317914  0.02902158330545701  0.02942585549268272  0.02984156954140221
  0.03027785907820833  0.03073627400693953  0.03120986830327442  0.03170209887579659
  0.03222010930292956  0.03276267791827404  0.03332536087104558  0.03391046262561684
  0.03451564694562088  0.03514637800239839  0.03581543428890619  0.03651407849600711
  0.03724601112996549  0.03800709247909948  0.03879886517121005  0.03963557552479071
  0.04051699994795935  0.04144408914969827  0.04241953924305605  0.04344717947840154
  0.04453472852409361  0.04569413535355524  0.04691785493611101  0.04820147706622760
  0.04955877981631270  0.05102348570954494  0.05263569713465605  0.05441698136102211
  0.05636728714462320  0.05849624141336111  0.06087282740010001  0.06348193888339247
  0.06639169632700533  0.06977710365429056  0.07373119846568457  0.07830619992421571
  0.08402317465953803  0.09142405658970443  0.10140178667915807  0.11487392146409317
  0.15553756402574453  0.32548799688843838  0.79043671037282814  1.00000000000000000
  0.00102560964334131  0.00427282444742744  0.00603305355262748  0.00708451674096329
  0.00787276333081483  0.00851486988042613  0.00909320337363183  0.00962701064114712
  0.01011223726015288  0.01056458816656057  0.01098715572445737  0.01139054636208455
  0.01178580722346162  0.01216825462990553  0.01253522538806928  0.01289538207732486
  0.01325854621973266  0.01362874159312078  0.01399692976847232  0.01436528354246780
  0.01473318456599216  0.01510334309699206  0.01546608274554169  0.01582782951418874
  0.01619398482374146  0.01656618344098081  0.01694436616025894  0.01733335528542458
  0.01772763361498551  0.01812191371060799  0.01852068484267331  0.01892523277986879
  0.01933417500534298  0.01974596639037000  0.02015700141775949  0.02056848313584213
  0.02099048485652585  0.02142619644921293  0.02186787040568931  0.02231249568119689
  0.02275829643288431  0.02321294802221288  0.02369537315001204  0.02419143188911701
  0.02468448336112347  0.02517756330500974  0.02567186347733615  0.02617294529830703
  0.02667895113645668  0.02719136347339310  0.02771035734314642  0.02824156967896231
  0.02879550519388597  0.02937064970790464  0.02996254439685454  0.03056689047293096
  0.03118077400824815  0.03180352952856701  0.03243210588138329  0.03306756713669241
  0.03372038066674490  0.03440472405493456  0.03513640996682221  0.03591710683196077
  0.03670238304320760  0.03749929624511580  0.03831312167279009  0.03916016027175458
  0.04004198806665482  0.04095075695766750  0.04189066713092029  0.04288133496633730
  0.04395055348426568  0.04510187406713896  0.04629404640846962  0.04751930557517695
  0.04880730672896152  0.05021424080306084  0.05175602103110414  0.05340065145258537
  0.05522317793861677  0.05713647915677605  0.05918238902098189  0.06130093696751385
  0.06349030847719951  0.06579988293742844  0.06850768261593268  0.07168962658953626
  0.07553572427416259  0.08023525377661002  0.08599721051593227  0.09349352811454077
  0.10323341190750009  0.11734655433403351  0.15204022023259736  1.00000000000000000
 -0.00172289669667855  0.00721597093386737  0.01567226775893805  0.02415831953120376
  0.03278392952005829  0.04147702043292091  0.05063382940441565  0.05964059997899485
  0.06865595167119025  0.07793195235801012  0.08727967971396652  0.09682454292157548
  0.10664939636759341  0.11675193736157093  0.12690516793896192  0.13721599933108028
  0.14775543911458724  0.15849405873848618  0.16928332773447405  0.18017238504882871
  0.19118003082325044  0.20235249733201446  0.21385168625706008  0.22558800109333349
  0.23737847633488557  0.24910023039395113  0.26046468737529910  0.27151575794947397
  0.28235080234449589  0.29289916363098961  0.30343584368886428  0.31419825470490742
  0.32516795154180683  0.33606425224431574  0.34687376127961123  0.35768161183357083
  0.36848537908357359  0.37929281962932465  0.39018973725422618  0.40121393749205531
  0.41225791633050601  0.42319929355402791  0.43397261100150081  0.44459865155197881
  0.45518778995875586  0.46584784079687347  0.47674450532333379  0.48800202620488997
  0.49945083027923592  0.51088809095222298  0.52228407745276828  0.53369505929022343
  0.54506781122467429  0.55629087280893652  0.56739350853154158  0.57848356858866679
  0.58954194770219837  0.60060549096221683  0.61165339407722774  0.62267655024162782
  0.63368964689781382  0.64469389214156403  0.65551903975526216  0.66605443908131579
  0.67652059374277462  0.68709562780767663  0.69796142480674939  0.70906886507994837
  0.72021901402551147  0.73136933550109973  0.74238790654944820  0.75369652000383180
  0.76508293046620746  0.77665268789754249  0.78822117239173295  0.79960904838581925
  0.81093721888355785  0.82215008391233857  0.83321240800236729  0.84424542423951632
  0.85508462797788154  0.86568949639922665  0.87616870284588166  0.88658138278226195
  0.89692212119614778  0.90680294582445553  0.91647666655890048  0.92621734171952408
  0.93604593703347660  0.94607859425132468  0.95620844289607987  0.96516985228014318
  0.97434092353829582  0.98288774960514513  0.99162392780019193  1.00000000000000000
 -0.00228336100494550  0.00898529405763345  0.01920301438102555  0.02962835527074599
  0.03989456549824924  0.05017836271417177  0.06053022452650732  0.07161606475675523
  0.08203792845519350  0.09275804570872281  0.10335661653315367  0.11450928784248357
  0.12544392002607047  0.13604425036467063  0.14638654942808046  0.15658384917760448
  0.16661900715751507  0.17633693509584661  0.18606760853615500  0.19630380980413201
  0.20615490122427813  0.21608313165107931  0.22599582961606926  0.23619571645901216
  0.24675066669068638  0.25715855435063756  0.26759345373287530  0.27801484520036179
  0.28825409628907672  0.29847926273574182  0.30883014285546878  0.31913530614084140
  0.32932782230016205  0.33962116320963237  0.35000080373647841  0.36049306051242258
  0.37102296290010855  0.38156855952214713  0.39205965184059333  0.40227521446412623
  0.41256837658115608  0.42331836279521251  0.43445744457713692  0.44544211239410125
  0.45625241780620479  0.46723312495108665  0.47853000935270634  0.48946347543253088
  0.50003146405596899  0.51088402841164027  0.52162064131815911  0.53213995717296247
  0.54264534888348781  0.55368064957053964  0.56465206851641714  0.57531112592238820
  0.58612845074659858  0.59690479236909333  0.60788760033355504  0.61890464574492798
  0.63027191514842495  0.64138334119000395  0.65164461156447995  0.66163368333230077
  0.67148652142364307  0.68132690510826099  0.69126759825849393  0.70154144759353976
  0.71190150294875942  0.72256209818649875  0.73309977053095676  0.74430567012074600
  0.75495011359145336  0.76526234581571084  0.77546494112496478  0.78587595927981357
  0.79630568770734722  0.80677644330586995  0.81749720564624573  0.82874276797952251
  0.83958977126559342  0.85115800137140252  0.86155719435362654  0.87283084831633517
  0.88353967418053636  0.89439009029195371  0.90483986152454354  0.91561732559784592
  0.92651044716254716  0.93690939126013062  0.94747909677350461  0.95767018967126727
  0.96858403085293965  0.97894302390775512  0.98967645117622693  1.00000000000000000
 -0.01239249278476556  0.05552091698731635  0.09847256029459950  0.13260323213969213
  0.16164873934631904  0.18619043162753585  0.20658826298101440  0.22391542770070308
  0.23927416312710831  0.25353756602028410  0.26675820873725176  0.27861848556815394
  0.28936140306040353  0.29952428646587664  0.30924434537665435  0.31860099014842969
  0.32765917429247116  0.33642409505084436  0.34492206296561884  0.35310726973437340
  0.36092481270289595  0.36834785489799027  0.37550497720337450  0.38246407211497846
  0.38930221015610683  0.39608621831418228  0.40272943998938249  0.40921217373452828
  0.41540252906975128  0.42131760563430731  0.42715539751718012  0.43297680513016173
  0.43874675239089211  0.44444166391110707  0.45009248893973869  0.45566814645653314
  0.46111416272640815  0.46648500440915053  0.47183908737424207  0.47716432722063229
  0.48245392418948280  0.48768044608901484  0.49279007017194482  0.49785288566113545
  0.50294704786242206  0.50815570844799185  0.51342331243934503  0.51873028514874253
  0.52391842557374824  0.52896202985749929  0.53397013866552945  0.53879100154842885
  0.54356764107307509  0.54855958938457838  0.55344788138548329  0.55861011234106417
  0.56381976608590678  0.56885333351846079  0.57392503668087436  0.57908390854917224
  0.58439323394034204  0.58981144718026324  0.59523003049906398  0.60062468933404944
  0.60603699807058486  0.61152466876907841  0.61706992524232807  0.62269044096922788
  0.62845244370939379  0.63433983545121475  0.64038047097872219  0.64651398008050431
  0.65281900977559593  0.65938114388106694  0.66618020791151511  0.67323092746124236
  0.68037574586990268  0.68755373874914982  0.69494369484337282  0.70268676278562558
  0.71090397184975962  0.71960521033373848  0.72885495482879681  0.73881232795532270
  0.74958412441325228  0.76151846301030401  0.77474049168121217  0.78901053708742053
  0.80452693089229099  0.82149485900374231  0.84100556028906026  0.86481981200558744
  0.89266693289861665  0.92250496808939952  0.95512707396052587  1.00000000000000000
 -0.00234539427879064  0.00925960413098715  0.01906226004609686  0.02964756796419660
  0.03974298775848125  0.04967670397251730  0.05992535254834055  0.07065908891559114
  0.08241967310474865  0.09198383221399076  0.10211104797271187  0.11229102723713294
  0.12273336780205375  0.13299926135634188  0.14297775455061343  0.15360760620807482
  0.16443621928263386  0.17504311567864916  0.18563401864247894  0.19636506470061207
  0.20702322254983821  0.21760155036410167  0.22804460506940288  0.23865088040337784
  0.24924539793197983  0.25952368818129523  0.26988843392133505  0.28034968661553406
  0.29045708048974284  0.30056431899940173  0.31053555653401838  0.32056879519363940
  0.33083372323468968  0.34137735877311565  0.35211005830230535  0.36256884760412261
  0.37266897326419873  0.38288336950161694  0.39341281365127101  0.40383414621562586
  0.41392523789485303  0.42414176291392303  0.43458629906193680  0.44497653904200962
  0.45532595339075593  0.46585140435530059  0.47654223415790453  0.48707660683338677
  0.49753842668454945  0.50825367956757828  0.51916979165218025  0.53008112393476325
  0.54082626627868369  0.55147081453623847  0.56208054675538799  0.57275104042238834
  0.58356052651814438  0.59450462696319284  0.60542806511062708  0.61617582775083146
  0.62700647486529604  0.63794453010263574  0.64906757605243659  0.66002059006064617
  0.67105240589259074  0.68215820105501956  0.69293796696150278  0.70314032591990516
  0.71346738650717123  0.72383804161174592  0.73403008188343177  0.74400961562034018
  0.75414807359330516  0.76431997463776979  0.77449212022365455  0.78452816736595654
  0.79484406531763108  0.80530517344810759  0.81601196481627758  0.82684454324729006
  0.83767571758226211  0.84858692771148225  0.85965339939929331  0.87055521080024445
  0.88146219377426116  0.89215834485996248  0.90287855649960780  0.91384230116583720
  0.92464091942895721  0.93562308897252111  0.94651617588920878  0.95735695170928736
  0.96789315902217987  0.97857229989947214  0.98872204650257867  1.00000000000000000
 -0.00228192777394771  0.00903778796800163  0.01905514055908735  0.02932998639282459
  0.03983263327297308  0.05013402506710152  0.06083386639325551  0.07173246950643965
  0.08279836556293507  0.09353779706850937  0.10429172043177139  0.11427978235707587
  0.12481564136026838  0.13504466822284283  0.14503847500585448  0.15480011516773134
  0.16445667228958133  0.17457474763324995  0.18505100456062715  0.19584183252153128
  0.20646690880839311  0.21720586712464487  0.22806473507896780  0.23859727040167111
  0.24891932896264884  0.25903248266192824  0.26902877908310607  0.27889270989240167
  0.28884536979318393  0.29885893518350587  0.30900363968002637  0.31932298239470591
  0.33001501697800328  0.34064456745296706  0.35116366599366466  0.36150133150641267
  0.37194812434143498  0.38244480919424989  0.39296371838033900  0.40321337440869393
  0.41346684636097880  0.42384661352809783  0.43465176433228553  0.44556364771160739
  0.45670411000679018  0.46749169041878313  0.47791312180674178  0.48812455337525601
  0.49841064824129389  0.50900040571747773  0.51991379405952243  0.53091825780264335
  0.54185302613164243  0.55261750572345048  0.56342569196793935  0.57439987647831803
  0.58533891064628318  0.59622636152229957  0.60698571811167368  0.61779856539246736
  0.62848942103870109  0.63916859375836621  0.64981969188185151  0.66059207764037442
  0.67150514677901563  0.68236757675760074  0.69293939565832308  0.70308719083639815
  0.71309784003847032  0.72307440535226342  0.73321130779513610  0.74346492375994222
  0.75382240492205466  0.76423178327069241  0.77492469157405131  0.78613686501612801
  0.79733718573986267  0.80812334238241113  0.81885664514005951  0.82977388214695458
  0.84035962723234336  0.85062213342714554  0.86121969999983949  0.87192888916911804
  0.88224379179616852  0.89241311107761312  0.90270986815271625  0.91340905388243243
  0.92390584863990366  0.93481854655881946  0.94539688738821948  0.95638677933143534
  0.96748287463241522  0.97912798269887902  0.98947838500072494  1.00000000000000000
  0.06794828057491095  0.16046058069317515  0.19028879557356709  0.21271293862492491
  0.23142279982064129  0.24672019027197703  0.25976096945671140  0.27127851369049921
  0.28156095924577629  0.29102630846970123  0.29993198556936773  0.30854546704057545
  0.31694014659028263  0.32502406054045258  0.33255107046410576  0.33969246370555761
  0.34647093583934685  0.35309380943916230  0.35956656888292438  0.36586245766889020
  0.37199300297462973  0.37802871618693307  0.38403269733326312  0.38999716994250178
  0.39578860974228275  0.40138380385565153  0.40678964685498237  0.41209324799905933
  0.41725875515654631  0.42231428045134939  0.42734680550329596  0.43232922998294826
  0.43720368242051344  0.44201761838014214  0.44679244450651528  0.45150685301920412
  0.45621257128384007  0.46091077456994201  0.46566362647719317  0.47039428332550293
  0.47507239123323558  0.47970232351792641  0.48429763221831557  0.48886860247898534
  0.49336068706140451  0.49777996115296796  0.50219960459793123  0.50665663070014155
  0.51112738706378358  0.51557973376394628  0.52004122137464115  0.52452364279091912
  0.52901037170555543  0.53347885537154105  0.53794416074108398  0.54240502622039988
  0.54685778723602840  0.55132164796329819  0.55580367895844762  0.56027182909930329
  0.56470953366693011  0.56920425812707309  0.57378541413192741  0.57826041372310533
  0.58277919221501973  0.58733618678563293  0.59184248380999083  0.59644755636990487
  0.60117338603244386  0.60600204823835979  0.61091190109839355  0.61582542027603715
  0.62078627751078375  0.62593707617432637  0.63124785950301721  0.63664680693649678
  0.64212661685990069  0.64767366470907428  0.65330173646076140  0.65902610812560525
  0.66488322483708018  0.67092271962818217  0.67727314503766722  0.68397543985586939
  0.69107986292645829  0.69860063605675360  0.70655946818553172  0.71505158197406049
  0.72431474825049635  0.73439977457738903  0.74576818064972927  0.75860913366213722
  0.77395136539056575  0.79381138324628020  0.83011232100619126  1.00000000000000000
 -0.04122576677063969  0.17772680620079026  0.22246511526833537  0.24669353387986886
  0.26396585536573380  0.27798365220030330  0.29019675860413052  0.30106504534832124
  0.31088077323890539  0.31993996657016316  0.32829019003835386  0.33587402944572170
  0.34273684724812442  0.34918143183839229  0.35537007483891064  0.36125917594868168
  0.36695222750850565  0.37244879018558757  0.37777893605968904  0.38298701301521615
  0.38807917924076735  0.39300963499366853  0.39776149496884827  0.40236712768610372
  0.40691257214059634  0.41142017364866168  0.41584949598396004  0.42022769340400318
  0.42451145221648018  0.42863968933525054  0.43266600586279369  0.43665052131364301
  0.44063569023962368  0.44468096636557902  0.44875987478648788  0.45278386040001695
  0.45676774064268189  0.46070023540458299  0.46456526174975199  0.46834058749679625
  0.47211298713783934  0.47590267589933322  0.47965184586569709  0.48340131359663369
  0.48718373849108904  0.49096465397095801  0.49475576298116125  0.49844002125856840
  0.50211861061954477  0.50585113900378864  0.50960303658851458  0.51340725004107313
  0.51722219498549693  0.52105839268115850  0.52495185242219211  0.52880528665502247
  0.53263116075198369  0.53649780614467946  0.54029883361321329  0.54408442651661915
  0.54792938851189332  0.55190416924920527  0.55599483424039564  0.56013151904674252
  0.56431587167905317  0.56854568915547765  0.57275627649256899  0.57695486477646518
  0.58118050973401147  0.58541549294024353  0.58972668237513393  0.59421423777649618
  0.59879801685640732  0.60339858677868907  0.60810149474488950  0.61291043414431601
  0.61789540401354259  0.62299829934971196  0.62825831237666074  0.63369438544220225
  0.63931215323845003  0.64517031364393962  0.65136273304836267  0.65783259650219339
  0.66465330490605823  0.67200200280078126  0.67996833021905934  0.68861281709254862
  0.69809163288092602  0.70860488632312424  0.72061625549978148  0.73503101610133414
  0.75292369131542769  0.77721180356605291  0.82127263170154707  1.00000000000000000
   3.1280169721963266E-011  -1.0000000000000000     
 T T T T T T T T T T T T T T T T T T T T T T T T T T T T T T T T T T T T T T T T T T T T T T T T T T T T T T T T T T T T T T T T F F F F F F F F F F F F F F F F F F F F F F F F F F F F F F F F F F F F F F F F F F F F F F F F F F F F F F F F F F F F F F F F
  <DiscreteSampler_grid>
  grouped_processes
  1 # 1 for a reference and 2 for a running grid.
  10 # Attribute 'min_bin_probing_points' of the grid.
  1 # Attribute 'grid_mode' of the grid. 1=='default',2=='initialization'
  0.0000000000000000 # Attribute 'small_contrib_threshold' of the grid.
  0.5000000000000000 # Attribute 'damping_power' of the grid.
 # binID   n_entries weight   weight_sqr   abs_weight
    10   10   1.383132294073684E+001   1.463878027145387E+003   1.383132294073684E+001
    16   10   1.383132294073683E+001   1.463878027145387E+003   1.383132294073683E+001
  </DiscreteSampler_grid>
