  0.00003581803505345  0.00003900551958191  0.00004213584048222  0.00004444759271237
  0.00004653925695159  0.00004887599827787  0.00005224473868968  0.00005536020500067
  0.00005869494062283  0.00006236046786894  0.00006633823401834  0.00007054005893340
  0.00007483990338389  0.00007918959321906  0.00008352761577084  0.00008774763048550
  0.00009205519491006  0.00009671759366854  0.00010147817986654  0.00010634381260079
  0.00011139895728476  0.00011650296412082  0.00012163158156453  0.00012702838726059
  0.00013310121289985  0.00013964082147968  0.00014616636848191  0.00015258219350443
  0.00015910121852012  0.00016602710904009  0.00017334798154980  0.00018072191142156
  0.00018840642860476  0.00019607328025473  0.00020408101248768  0.00021148561832851
  0.00022083783832847  0.00022985088760072  0.00023852277129735  0.00024765368287488
  0.00025671582950044  0.00026644324664855  0.00027696665998239  0.00028820648481494
  0.00029988721381593  0.00031200089498199  0.00032463552695092  0.00033771785194218
  0.00035143023287290  0.00036617847331476  0.00038197340821417  0.00039847246306074
  0.00041653013211561  0.00043610417202610  0.00045617603772289  0.00047692295064497
  0.00049917777715610  0.00052326151515678  0.00054896266994043  0.00057569661890536
  0.00060261148457591  0.00062972776951963  0.00065753427568547  0.00068664195433784
  0.00071716886495649  0.00074946112201219  0.00078410953211196  0.00082077149763564
  0.00085918115052913  0.00090044860327243  0.00094309848878300  0.00098407584965715
  0.00102408047487631  0.00106511940005000  0.00111041473180605  0.00116063048892229
  0.00121478025990722  0.00127383420146465  0.00133485156709244  0.00140674148142660
  0.00149744060885882  0.00159760467364715  0.00170266729594058  0.00182376508516282
  0.00197168385078002  0.00214656250682779  0.00235859378269403  0.00261134284470413
  0.00291022731711564  0.00332143441664182  0.00391534571826211  0.00484030896665531
  0.00689452260892227  0.01320271479549804  0.52773121330415274  1.00000000000000000
  0.01577725315926793  0.01691281831147006  0.01713736564017463  0.01728447645302350
  0.01744612254806111  0.01760034815789523  0.01776045913911314  0.01793659504518428
  0.01809140154414199  0.01821180605400834  0.01831856508394899  0.01842539064127740
  0.01852831376301081  0.01862723480855938  0.01872666648490221  0.01882570656979318
  0.01892994244355325  0.01905558106881176  0.01919971922097391  0.01934256826060234
  0.01948264613970947  0.01963027539702169  0.01977637741290583  0.01991233427438923
  0.02005187819731568  0.02019640325229779  0.02033306848746189  0.02047507405281715
  0.02062911665369891  0.02078626421302320  0.02094301283366991  0.02109941382823788
  0.02125478783679098  0.02140373760724133  0.02154589622233610  0.02169480300364320
  0.02185969823235446  0.02203373376597417  0.02220936579391555  0.02238553075291274
  0.02256690886086771  0.02275392563466806  0.02294159903681200  0.02312647112545994
  0.02331152064289002  0.02350855218042923  0.02371793926283613  0.02394333639654293
  0.02417965518021810  0.02441908801876303  0.02468119778933264  0.02498280556460688
  0.02530838804597192  0.02564099358040328  0.02597520625545424  0.02631480378487556
  0.02666652141732105  0.02704885313131916  0.02745710301455859  0.02786880793739871
  0.02828168571646443  0.02870493341240008  0.02914482322042719  0.02961061075418450
  0.03009961643750668  0.03061659460161420  0.03115762701950679  0.03170290410395384
  0.03225076447164150  0.03280217518736843  0.03336446557419592  0.03393882306034809
  0.03453330340630797  0.03518120350616706  0.03590099458700050  0.03667291091782546
  0.03749205354521181  0.03834662703428816  0.03933347370201982  0.04049685272453027
  0.04178029055502721  0.04321527686261256  0.04474574839346625  0.04640024548778731
  0.04816947508363388  0.05021396579462186  0.05270213840988044  0.05584775989869667
  0.05978935761548852  0.06492380568081837  0.07180291894989943  0.08136669512412491
  0.09860557923623628  0.13926953230267733  0.75037633892285183  1.00000000000000000
 -0.00247091764662228  0.00815169020968644  0.01904522061972936  0.02935762797526188
  0.03716973791548469  0.04218967638576106  0.04809526401056556  0.05287080745741625
  0.05819529314896169  0.06428024538759297  0.07032670916618443  0.07657344246146033
  0.08302035873695952  0.09007309246716147  0.09773064527052422  0.10484757134902933
  0.11147124639036587  0.11837500033766128  0.12643291950479271  0.13526482606225121
  0.14436478904843339  0.15350703643768426  0.16252758959644845  0.17164302040307070
  0.18086742943154335  0.19013788679753502  0.19901979314678883  0.20829647128314149
  0.21884240325288071  0.22928883736597860  0.23915587352209181  0.24950095453223689
  0.26127787955421894  0.27313857747746617  0.28323905418746437  0.29279973819853261
  0.30301631453962413  0.31430725664928327  0.32660544401331615  0.33827646682322915
  0.34999380398012597  0.36156686948041722  0.37296204737892608  0.38394336656841266
  0.39472600554684695  0.40494025572609921  0.41538316852965684  0.42606275936409288
  0.43798371510780004  0.45089762020416291  0.46204824256930704  0.47333823968288957
  0.48414721957107698  0.49483947848416471  0.50572269834488481  0.51701423666419621
  0.52871022722447047  0.54077374409071899  0.55349689163711768  0.56651381075371687
  0.57912988686681155  0.59142132041834983  0.60334914173302079  0.61475676111996513
  0.62607086650604182  0.63786794337847930  0.65015768292738696  0.66253655477989359
  0.67495993520090980  0.68706259922027468  0.69902560122200363  0.71090981538579623
  0.72286841718722861  0.73488397642777392  0.74773980111211646  0.76098746248701610
  0.77405676365366560  0.78742081087006022  0.80207990410110719  0.81705187105906785
  0.83125854373528241  0.84469483527279787  0.85754312536795396  0.86991840970252543
  0.88228900320574166  0.89412336915402368  0.90554162676143302  0.91694000473914572
  0.92857713943516640  0.94000519046314035  0.95080642421108452  0.96109549035638908
  0.97096726351109819  0.98063092786603934  0.99023015497485212  1.00000000000000000
 -0.00305856315915930  0.01055275501101077  0.02295130437810679  0.03517983178087209
  0.04659825680716247  0.05716529010508261  0.06744331826138661  0.07763463612989564
  0.08736385146277460  0.09654253985350641  0.10623835962739057  0.11678690075765975
  0.12727259079623179  0.13759733158168774  0.14821094078144978  0.15954692546599000
  0.17049616142527266  0.18071421468895418  0.19079310649930734  0.20116600461771203
  0.21170215673978340  0.22240306346597663  0.23318122285522588  0.24499238552354427
  0.25605838126780561  0.26656232404935581  0.27746467803866265  0.28810821455925689
  0.29835908134605615  0.30848667505778998  0.31939659575279866  0.33031419604037476
  0.34085538434927948  0.35145242557936063  0.36223615606808290  0.37356223713412390
  0.38511073111039945  0.39622995606613171  0.40705883570371987  0.41776187550160504
  0.42801309012078403  0.43779809231603378  0.44748188552878826  0.45749996136135440
  0.46815067607310840  0.47901591528479909  0.49007006579889822  0.50160483433247471
  0.51362657249677601  0.52561996422673429  0.53695419379228593  0.54789731947288234
  0.55860717352754763  0.56780252824112010  0.57619435667150742  0.58532262608362862
  0.59466138821390169  0.60323179535619209  0.61137099796731365  0.61936089950630069
  0.62869792085124299  0.63946988381456538  0.64909303153240838  0.65819021741559203
  0.66762581947072364  0.67694694461488236  0.68561070044708095  0.69471634517685144
  0.70410004743746823  0.71477681967900752  0.72748011421010184  0.73902010646557303
  0.75054459684065711  0.76196455179005562  0.77396251448200637  0.78502922409709863
  0.79624516957421654  0.80730589582760170  0.81790666942930423  0.82816769926471945
  0.83821863034023480  0.84835216628272125  0.85897944612022126  0.86988075295125200
  0.88043404496202848  0.89022928484455599  0.90067261884821637  0.91140471603577344
  0.92149660586195625  0.93154741938350727  0.94215869770270699  0.95358065319676433
  0.96441882704323290  0.97541008288917352  0.98722273126518101  1.00000000000000000
 -0.00725618304008339  0.03637914325951284  0.06787396629206109  0.09811091257571457
  0.12567337923124411  0.14952338197755688  0.16942647513040851  0.18720705106027583
  0.20423823640584343  0.21997403748593880  0.23379651076436422  0.24599283990153339
  0.25776754357534409  0.26919249198523088  0.28000119540629365  0.29017203291879629
  0.29965753587765215  0.30861622860291499  0.31697211526600266  0.32526605663860475
  0.33351521605238604  0.34179082045366438  0.34975204778276814  0.35792169260603235
  0.36599324437710468  0.37366223890942635  0.38088571702018725  0.38782832575283782
  0.39472122684798988  0.40117856061252044  0.40741338949484979  0.41372862596245946
  0.41998724937485171  0.42612853196917649  0.43171450462117456  0.43737500060988704
  0.44315673405476635  0.44875138011096644  0.45451094737546960  0.46015805066287796
  0.46600284625446275  0.47206719458266505  0.47789562093071641  0.48350574675829949
  0.48901437149168570  0.49444152646098849  0.49974978830965444  0.50464324808844341
  0.50920862941038525  0.51390084938896785  0.51856814209064306  0.52338464641601889
  0.52831459224795763  0.53317003071429803  0.53815430309151469  0.54329301691019549
  0.54858719311042503  0.55380144080565352  0.55881271820214395  0.56417754607282644
  0.57114032674661963  0.57822417984303698  0.58494163682584643  0.59153251351350977
  0.59828859811915591  0.60485702001224162  0.61116682201422023  0.61739268444231177
  0.62360170209137544  0.63004460172347299  0.63671199873546502  0.64366359738356649
  0.65122254253107592  0.65936516507001819  0.66717275648636110  0.67435716462298001
  0.68167002242377306  0.68926287000250908  0.69708636851019279  0.70481763721975199
  0.71259508599199817  0.72074568432074027  0.73019868775661123  0.74176704862999121
  0.75425302666696648  0.76710834381413640  0.78131161770103785  0.79810960773483086
  0.81657015740773964  0.83532303707119915  0.85498597658484432  0.87615055639498640
  0.90042792821724205  0.92993240870955740  0.96448668640450641  1.00000000000000000
 -0.00152292911154300  0.00704088632223617  0.01494636631297698  0.02332849276224899
  0.03189916855531394  0.04091336644556865  0.05144448666555927  0.06248682342354046
  0.07304205933091651  0.08380136634711222  0.09511620549419102  0.10666668008232988
  0.11822710574666087  0.12946985784731951  0.14046904127473769  0.15148928603850839
  0.16272346168033275  0.17356154189501585  0.18374589596936752  0.19376353766664528
  0.20390980961048261  0.21401803368779904  0.22358752348999303  0.23358436965558935
  0.24361651200478063  0.25368947679052678  0.26408684408588196  0.27591665783460784
  0.28884816493725118  0.30153609689333294  0.31389083643622528  0.32564940266002274
  0.33816798827356559  0.35053157205463631  0.36187118786515277  0.37222269306973688
  0.38275681401340661  0.39328998831949569  0.40394820721028057  0.41501126200989596
  0.42668482103512073  0.43801494765269877  0.44996757698034034  0.46223192837760602
  0.47502788303651827  0.48738779560314038  0.49875776675513028  0.50977514406964142
  0.52053609667347800  0.53064095740486594  0.54041633759080165  0.55049234642661105
  0.56069474135913622  0.57044431120271277  0.57986127938554000  0.58942661400779417
  0.59919063415073337  0.60901957473463797  0.61911566549588348  0.62947462993942294
  0.64053180822024114  0.65153729765916213  0.66236982073268602  0.67388109472496383
  0.68542424757908660  0.69593996000704428  0.70568626081512908  0.71592241163956860
  0.72658563182577751  0.73690243319757320  0.74727519909856610  0.75915841122438488
  0.77115822049792893  0.78114574123067204  0.79000191223828786  0.79906628193810636
  0.80817444296605156  0.81746550532614448  0.82634801120102552  0.83511488853147475
  0.84439541989028299  0.85443293808013909  0.86481901375570758  0.87534598335482450
  0.88620023184573049  0.89691923663777462  0.90795788075251560  0.91888146450056996
  0.93015481489138629  0.94093401286180489  0.95148629020150954  0.96151320605999313
  0.97127306649310130  0.98114872957588861  0.99061896851007725  1.00000000000000000
 -0.01341306372553856  0.07512301476245434  0.12923238087876204  0.16808809103072422
  0.19404654035086594  0.21373357392214465  0.23043135758880431  0.24609558856192235
  0.26020899524985119  0.27240940724088658  0.28369518148881212  0.29430044117632448
  0.30399652067896155  0.31270036165074661  0.32094573703209561  0.32942522474671365
  0.33732114575463878  0.34446057427791743  0.35102474881083268  0.35704566161768830
  0.36325795941304384  0.36961128726804166  0.37568179791836070  0.38133169872272249
  0.38668022897682525  0.39198985944657644  0.39726729242799191  0.40248870081736443
  0.40770042022646386  0.41285089816094950  0.41801048464222407  0.42314887207465363
  0.42812088350855565  0.43282623211222437  0.43749863610749729  0.44218943798311877
  0.44688110613671844  0.45176762662095926  0.45689808771725904  0.46172413224658093
  0.46653244018197315  0.47135875843715697  0.47602034430690010  0.48042444203295115
  0.48456939690094059  0.48845830740447926  0.49218380383902050  0.49595380321424082
  0.49981169255115609  0.50388533522518042  0.50803623541925091  0.51207593269895324
  0.51602895378245706  0.51991008316037346  0.52383183960036017  0.52788247509479613
  0.53190106546141114  0.53600832537748400  0.54033964119296207  0.54519569527753464
  0.55026331751232638  0.55540704927618723  0.56060553858776041  0.56595965622541167
  0.57141784521460515  0.57680667698108590  0.58209767019559133  0.58748794666631732
  0.59288649094416490  0.59810254161156351  0.60345871347792568  0.60918191161436108
  0.61528374080602377  0.62152215321010063  0.62792641421996831  0.63437348382801784
  0.64061988228118794  0.64716666602127682  0.65430042918897502  0.66171789373758638
  0.66941756432852773  0.67769888225504404  0.68667865082260937  0.69645599280098369
  0.70693139516496284  0.71784132713566440  0.72934401028967555  0.74163221536085655
  0.75471261741534579  0.76923796541378664  0.78588061354283634  0.80641105291842174
  0.83373380859828650  0.87017450984758837  0.92275019356176835  1.00000000000000000
 -0.00162808595254985  0.00757435492072562  0.01562345628841586  0.02372948664805956
  0.03157829099701779  0.03951597309812976  0.04786405535748608  0.05659610983361123
  0.06585582031700464  0.07557429934175310  0.08550288805703810  0.09652667568756439
  0.10802181746071031  0.11939264587538256  0.13081728855677813  0.14191686119727914
  0.15286679655333266  0.16418676262490423  0.17607010967259548  0.18784376523631405
  0.19889520699331781  0.20942562451688146  0.21958097039218663  0.22971837909238191
  0.23975812332074831  0.24969409738586934  0.25974706479300558  0.27015484215383329
  0.28100283508809693  0.29200740419386939  0.30324262820815057  0.31443851591895344
  0.32536194028339677  0.33653681286095283  0.34768128378301028  0.35818923837698913
  0.36817432883119383  0.37823362708051611  0.38891819622830648  0.39997664758806628
  0.41122853028626533  0.42275317160666920  0.43429112349994037  0.44577173733261310
  0.45724666570685402  0.46882063219222359  0.48060371151913545  0.49213365528435615
  0.50384187107259837  0.51572753945169003  0.52694614050483946  0.53782252985499601
  0.54876372997698597  0.55964903444947478  0.56964569957197253  0.57906546686758531
  0.58857994432470928  0.59887839765444351  0.60859882540032040  0.61823247991978925
  0.62828878673911925  0.63930702583608823  0.65023010535685877  0.66041526336893619
  0.67039320628746046  0.68110656006797810  0.69165455368967033  0.70057225517823341
  0.70996946972290009  0.71917920572563909  0.72955360361725230  0.73978520442375650
  0.75001386432200390  0.76005315184733968  0.77007153152679919  0.78004139025376595
  0.79047844755090424  0.80140089372919221  0.81246100146318878  0.82344538496664432
  0.83457158786097430  0.84536549760172930  0.85622449993403138  0.86689904535111650
  0.87706324571113259  0.88708307559213428  0.89749794297897334  0.90890014244168960
  0.92047167932229934  0.93157133805855707  0.94262278021841939  0.95377339369486358
  0.96473165072388245  0.97591156598260875  0.98735957128338736  1.00000000000000000
  0.09605002726053821  0.16152523576446706  0.19106865097984663  0.21009066764815343
  0.22517536096134566  0.23902621216357570  0.25199461572108833  0.26433847520024345
  0.27674212392925401  0.28885438091111459  0.30040012000255761  0.31117580538029271
  0.32096917299249339  0.32999575716518886  0.33835316780844210  0.34639877788378892
  0.35456984871598457  0.36275343037983704  0.37074649211579697  0.37830417977261760
  0.38566044485608281  0.39257048065406330  0.39949473582801232  0.40619444622524203
  0.41311816630790432  0.41957827357584843  0.42571742349134828  0.43185865581346622
  0.43794356906481208  0.44396635090143832  0.44979140806492601  0.45550650132358383
  0.46124077177220507  0.46712877871157510  0.47292518782962173  0.47861467358391380
  0.48425771597186601  0.48979548498372116  0.49523892340965231  0.50041453770057931
  0.50531890926625167  0.51013507775500877  0.51502313876535277  0.52005087712196829
  0.52518619326480553  0.53037949903453530  0.53552976178270317  0.54042107575670262
  0.54522615970980526  0.54985072796138079  0.55459195526346527  0.55938659191697937
  0.56417441675641411  0.56895204303097224  0.57377287823157630  0.57859390563156476
  0.58334910987475930  0.58801884481327760  0.59268064985922475  0.59743508371085441
  0.60221560304776411  0.60680457163852708  0.61115810808723947  0.61557638710700735
  0.62021002302868233  0.62498389023775758  0.62993587087229819  0.63502407123343974
  0.64017124365239708  0.64542052570900543  0.65060049434761558  0.65644252873208098
  0.66245062429866952  0.66793864625054045  0.67304812989566976  0.67803462028019379
  0.68306670406180792  0.68823371543804124  0.69349558381822907  0.69889625499803243
  0.70446082904625373  0.71032057715398356  0.71634277535144031  0.72259645416295215
  0.72919765811547976  0.73663236273317034  0.74470070455172677  0.75295996501928131
  0.76203918605288812  0.77155052750249198  0.78176028193338143  0.79328153136873103
  0.80818445709741216  0.82796591309829892  0.86475651816629617  1.00000000000000000
 -0.03223695485543394  0.15751327410668686  0.20031509979717493  0.22492290477281135
  0.24455543590279924  0.25985921305335952  0.27294708383710048  0.28466155298488538
  0.29563324933995766  0.30617841946263047  0.31603807531507178  0.32480500928017836
  0.33283963948413908  0.34021062165356120  0.34712674416650929  0.35368660343007507
  0.35980678061067722  0.36588681592002797  0.37199181044826340  0.37791601362753174
  0.38340004131328143  0.38843269790318791  0.39347997180009270  0.39853376037451549
  0.40353709136381161  0.40846258725129270  0.41336845051743670  0.41799884123222042
  0.42225240425718941  0.42644133818860291  0.43045997496005928  0.43442505141196791
  0.43854536294894558  0.44262421837682464  0.44646529320783046  0.45015723689758852
  0.45384853070428993  0.45754667081764699  0.46148947148796643  0.46520103019911857
  0.46872433284721776  0.47227588642696655  0.47604700332591415  0.48015251716880669
  0.48449556426686380  0.48881196552338696  0.49299215084723758  0.49709146440935209
  0.50113308030989734  0.50510559524867282  0.50909773741146613  0.51306205957078344
  0.51699387299963129  0.52086363375773093  0.52480466937077885  0.52887920480682826
  0.53305577737007659  0.53734266522956220  0.54165093988554858  0.54586892490747663
  0.55003305711004491  0.55419420291565535  0.55844460384417016  0.56290189850788575
  0.56756807991700375  0.57243191069880273  0.57737492668656121  0.58238159228206032
  0.58748598287115039  0.59263655918655078  0.59776770805451163  0.60286471122446450
  0.60799962344086977  0.61331619315211261  0.61892250896313272  0.62467741803551935
  0.63013090127567672  0.63533956047960760  0.64053129289508881  0.64583846363410169
  0.65145306146742310  0.65741716823247864  0.66383091971139119  0.67067734003422641
  0.67792588686277078  0.68574803472230261  0.69475909837088623  0.70465578576839394
  0.71501711768162746  0.72630603451778886  0.73848331190803829  0.75286591786595425
  0.77235870498621584  0.79821034825264725  0.84038747233625521  1.00000000000000000
   5.3481703097069966E-013  -1.0000000000000000     
 F F F F F F F F F F F F F F F F F F F F F F F F F F F F F F F F F F F F F F F F F F F F F F F F F F F F F F F F F F F F F F F F F F F F F F F F F F F F F F F F F F F F F F F F F F F F F F F F F F F F F F F F F F F F F F F F F F F F F F F F F F F F F F F F
  <DiscreteSampler_grid>
  grouped_processes
  1 # 1 for a reference and 2 for a running grid.
  10 # Attribute 'min_bin_probing_points' of the grid.
  1 # Attribute 'grid_mode' of the grid. 1=='default',2=='initialization'
  0.0000000000000000 # Attribute 'small_contrib_threshold' of the grid.
  0.5000000000000000 # Attribute 'damping_power' of the grid.
 # binID   n_entries weight   weight_sqr   abs_weight
    10   10   1.160009287824040E-001   9.998813214565230E-002   1.160009287824040E-001
    16   10   1.160009287824041E-001   9.998813214565253E-002   1.160009287824041E-001
  </DiscreteSampler_grid>
