  0.01427017909929222  0.01473951446748139  0.01502953449706484  0.01520651933693629
  0.01536577461540839  0.01550582899666357  0.01562965252288685  0.01575299412776703
  0.01585688160077784  0.01597059812421555  0.01607939752019180  0.01617834267347881
  0.01627639050823411  0.01638066376566866  0.01648725609090759  0.01659412927624475
  0.01670293406720739  0.01681130080533203  0.01692809378834742  0.01705168767627237
  0.01717631319469801  0.01729619683717500  0.01741015144413778  0.01752403418099722
  0.01763372840764716  0.01774386728657268  0.01785971839691319  0.01798241011499689
  0.01811132952295603  0.01824449497612024  0.01837120192124716  0.01850229560728842
  0.01863600140958254  0.01877213431600861  0.01890895792214261  0.01904150234236915
  0.01917178955613187  0.01930393877353836  0.01943857578433132  0.01957146281894176
  0.01970251278884367  0.01983391843712000  0.01996952578744334  0.02011460432343149
  0.02026605419376126  0.02042151862205402  0.02058406830621458  0.02074834912114542
  0.02090604419644627  0.02106217225491157  0.02121975366809072  0.02138346196392370
  0.02155506539368990  0.02173434082557137  0.02192559876116329  0.02214008801211807
  0.02236158275646440  0.02257790263250149  0.02277460540530680  0.02296721604814596
  0.02316541273796566  0.02336937321932071  0.02358234786584848  0.02382348412572036
  0.02409058754942522  0.02436215000973626  0.02461781921643916  0.02487833922490615
  0.02513673940004884  0.02540923774451625  0.02569520748502833  0.02601081521682012
  0.02634764916798610  0.02669168847517782  0.02705488992191235  0.02744395469819011
  0.02786250503210977  0.02831640799266883  0.02884189241249857  0.02944441024143760
  0.03010803144888111  0.03063741403289257  0.03117872834034221  0.03185970136305653
  0.03265519722519960  0.03350457104117344  0.03440984812517908  0.03589124980463056
  0.03770096110846834  0.03956601235114972  0.04171637301964409  0.04473032768411863
  0.05064075115931805  0.06646264167429837  0.67205170776631495  1.00000000000000000
  0.05923057294323065  0.05989241941185684  0.06045618873588796  0.06099771626675492
  0.06151825991069787  0.06201138556353227  0.06249791036403046  0.06298252523858344
  0.06346768847206992  0.06374547631977205  0.06407875349084063  0.06439455603328266
  0.06471749442106076  0.06507040417079839  0.06544246645971646  0.06582604151791739
  0.06624047683191606  0.06666524957975030  0.06703285465175680  0.06740570821848475
  0.06775860614798161  0.06809651183316671  0.06843437593909113  0.06877098288764331
  0.06911993566555209  0.06948427017296052  0.06986450252297965  0.07026050414699926
  0.07065614376326231  0.07104247717237891  0.07142832224310150  0.07180299094034215
  0.07219247013979962  0.07260310864826812  0.07301423990385929  0.07341785796801614
  0.07382106720524390  0.07424849985431668  0.07468098012052266  0.07506826826240041
  0.07545887736842426  0.07589483431188601  0.07634844528853563  0.07682185543180298
  0.07729946629424703  0.07780530467492476  0.07833664975125536  0.07884204230544777
  0.07929357335457318  0.07974900866092396  0.08023012401419505  0.08074116279986938
  0.08133197131859782  0.08189551279338426  0.08243763481141057  0.08305637392675048
  0.08375225672672314  0.08449848748750494  0.08529393502576960  0.08612834857575520
  0.08699725584480809  0.08784931910199567  0.08867120983087240  0.08950963161040397
  0.09041549574231844  0.09136145812874324  0.09228964655578928  0.09321170579964562
  0.09419592343790623  0.09521654345543826  0.09628274556927971  0.09734396724608646
  0.09863073175352000  0.10019868761896571  0.10182392507704954  0.10359968386134746
  0.10538391959323104  0.10708792476436628  0.10884282147145698  0.11100381331773211
  0.11348287636806156  0.11613965249636768  0.11884030712207923  0.12155005314530386
  0.12384235154616548  0.12663928766535007  0.13022326019040947  0.13490839327002835
  0.14188861141536663  0.15148199523007624  0.16296608212577043  0.17724042170603807
  0.20512541312826832  0.24173121545048590  0.94677659253811175  1.00000000000000000
 -0.01146135423333940  0.05346730740136662  0.07552940182615055  0.09508881529413306
  0.11274110543997817  0.12850661267167604  0.14000611389659046  0.15192632819167648
  0.16580729838834643  0.17993866499292838  0.19490845706366683  0.21026091846247794
  0.22334788064565908  0.23480019281519240  0.24440311054415526  0.25249293700013203
  0.26029776059665038  0.26788334807838976  0.27451768525080339  0.28087008538500036
  0.28750432466633907  0.29468553626683558  0.30325909859106798  0.31203366604748894
  0.32045858178009196  0.32849217241806877  0.33636735777677756  0.34426625907391917
  0.35199983209783514  0.35921743136606421  0.36601188371860666  0.37226130078033387
  0.37803154559740831  0.38403795877186120  0.39029156123757203  0.39657748762831418
  0.40258862489703362  0.40818468836514787  0.41358062796297540  0.41889244592163094
  0.42425467100855718  0.42953637327182576  0.43494694439639270  0.44044792181239190
  0.44738396698208210  0.45509416685396353  0.46136079543767550  0.46709051456345291
  0.47270025423930284  0.47855462423851564  0.48443310459438660  0.49030345567010530
  0.49631605676393242  0.50245923772805168  0.50862373946861172  0.51485107207173619
  0.52168713194990868  0.52823827914244537  0.53411317553500726  0.54012588657184901
  0.54665870036821118  0.55351543847630136  0.56076980299711265  0.56780557107933871
  0.57443411249498255  0.58103730862701020  0.58803273376668541  0.59567955403595496
  0.60338740418802950  0.61028339173365764  0.61719886145073588  0.62467991857981120
  0.63249031018404978  0.64044641334070052  0.64825704784842386  0.65571193852578236
  0.66319113689050491  0.67119259312487589  0.67995102590573842  0.68879509227457836
  0.69764208787052995  0.70601128514924238  0.71557734274613416  0.72583063768649758
  0.73644295518024583  0.74703275123886381  0.75677382282241556  0.76893866150099344
  0.78331042419535246  0.79905702457970906  0.81756846663143024  0.84119673959900121
  0.86494630365974323  0.89161314294686955  0.92631619129200693  1.00000000000000000
 -0.00187061420104865  0.00854725696034031  0.01683831015042403  0.02536365056818379
  0.03496078852347893  0.04521191562477771  0.05548667018343966  0.06547861400931845
  0.07521680103608980  0.08408643148204467  0.09149374884978768  0.09918209417012368
  0.10755236478485548  0.11683861805982390  0.12648116213551761  0.13609323079587693
  0.14602974244539346  0.15747289428502870  0.16990735950913155  0.18278243534085054
  0.19522346492014747  0.20738247955230235  0.21875774829232206  0.23011681806454615
  0.24247344327159615  0.25574187047311575  0.26901337904358530  0.28096764550645276
  0.29268636846465895  0.30448707463915836  0.31467085266695843  0.32446825852943478
  0.33471233195840100  0.34623010315561481  0.35736489536390093  0.36759959199600534
  0.37763856594553602  0.38845817827114509  0.40003481834502491  0.41142124392597035
  0.42503012011572933  0.43861571025948004  0.45034904992906305  0.46080728739546606
  0.47067126661202158  0.48018789166100739  0.48977236655155881  0.49915948448432967
  0.51016679254004338  0.52173034669124596  0.53258958783507193  0.54336957137917241
  0.55233228959153491  0.56063587630319589  0.56896548916031842  0.57786219642962899
  0.58792059776607075  0.59887634552219560  0.61008057062894072  0.62078611331072897
  0.63088293241440629  0.64072194675330674  0.65071524694562644  0.66062164642771581
  0.66878743791297379  0.67613782910620568  0.68368668930169774  0.69240325438286432
  0.70266733044022667  0.71334075699319799  0.72339354369305620  0.73501080895691695
  0.74831848984234162  0.76043367837684028  0.77255769710199718  0.78524523612779573
  0.79837801324690039  0.81158769156376698  0.82480318874253178  0.83905407588736236
  0.85180874565247788  0.86210141894227088  0.87078021961609431  0.87935732020289337
  0.88810524273365354  0.89670626152353883  0.90425790670693185  0.91150893239325292
  0.92008558419763897  0.93108696284204528  0.94312164908222451  0.95433615115437609
  0.96648744231687100  0.97848291459348924  0.98952548748450975  1.00000000000000000
 -0.00707391657755459  0.03317619346625077  0.05701151937322931  0.08104947619183403
  0.10768757365171934  0.13275101412593571  0.15034669489927610  0.16328645159311089
  0.17660624275643735  0.18929523998972456  0.20018558232911524  0.21187245720386905
  0.22674922104910505  0.23988918353402228  0.25170844111709539  0.26252332976419590
  0.27263586004199991  0.28214590325500111  0.29201225897799715  0.30250694111641685
  0.31297691664584332  0.32273769253995882  0.33200849083231487  0.34056857478652264
  0.34986738813514789  0.35721787960828116  0.36422674543245392  0.37122484500085984
  0.37804178419306317  0.38471426880777876  0.39169677813039633  0.39760734681894783
  0.40267067796062833  0.40756328848777934  0.41282365765136647  0.41869683195952839
  0.42512820229908177  0.43163225021152729  0.43810709184080848  0.44485466536375234
  0.45091484247978436  0.45585478143498542  0.46149249914334622  0.46693561814768497
  0.47248670833692125  0.47846080643991973  0.48493564196797567  0.49230965507977997
  0.49897177261724385  0.50511509232558427  0.51117077808601785  0.51708308478025800
  0.52279515620599459  0.52834016905001346  0.53392624626434682  0.53972167565833529
  0.54556018925454552  0.55142013859481231  0.55744249620251118  0.56381856408905473
  0.57039026321105912  0.57678430827308835  0.58288055245071579  0.58881942275323940
  0.59488622842736438  0.60089406019627012  0.60728611108933850  0.61390605607196824
  0.62075744791907939  0.62807198255901076  0.63601166777729967  0.64469132017168207
  0.65356200904829287  0.66234893355033064  0.67106228336523499  0.68011097413939414
  0.68991009966655037  0.70041067058866047  0.71193465228409913  0.72410380735317892
  0.73491416335736293  0.74455573780898776  0.75458349121100177  0.76561071254391955
  0.77752217047407002  0.79074451311736615  0.80420345450564801  0.81826339251720437
  0.83276996966278805  0.84840008833230707  0.86935391712812637  0.89371674790080968
  0.91772510564431176  0.94195210815679331  0.96916345692649086  1.00000000000000000
 -0.00184294307311649  0.00780327327902876  0.01909680758761284  0.03007935083712671
  0.04064985004266480  0.05034384814374803  0.05950658267615125  0.06824029100279431
  0.07661639682977656  0.08589823817138632  0.09496925222076318  0.10331387552705695
  0.11241644525977550  0.12187183511839048  0.13078153411026880  0.13887327749702236
  0.14670384601672781  0.15652266365038792  0.16743988636656262  0.17845683571399737
  0.19095372423704590  0.20405663866215590  0.21720218447224382  0.22973992585473096
  0.24219789396901989  0.25506508522907018  0.26739967982285917  0.27964686651045578
  0.29155138244416456  0.30234651255933453  0.31311368470643430  0.32393844716263431
  0.33520535570914911  0.34775289127468112  0.36191050988082368  0.37736746858256093
  0.38887944894476195  0.39961724286850253  0.40754100595472664  0.41573532251208639
  0.42374226929920872  0.43140248616733734  0.43903847677321117  0.44729793839978577
  0.45766637101254165  0.47072151993453909  0.48366584150566505  0.49556718961853735
  0.50814602245134421  0.52091205823473630  0.53165926704692879  0.54270660439104745
  0.55418529743151934  0.56449089238733507  0.57379488877244678  0.58300475538979357
  0.59259210479135693  0.60283445028642435  0.61314229051081126  0.62378160055491694
  0.63521549479756056  0.64650386634128199  0.65725330326347975  0.66767081355706337
  0.67786621361854027  0.68803576013152601  0.69836155594491378  0.70969596903393950
  0.72142256947706140  0.73269035471285715  0.74324941237811137  0.75366344642382210
  0.76454880362507183  0.77554168453187733  0.78641844432139663  0.79713790924247241
  0.80717939027780217  0.81729457187331123  0.82766475993762301  0.83851009382428399
  0.85042519494490976  0.86341931544247408  0.87452813111354566  0.88438939117801219
  0.89341525538684563  0.90324753177685591  0.91376641855650598  0.92440739508997816
  0.93586475752622811  0.94515362778194068  0.95344396425274114  0.96175861201274604
  0.97110238454212106  0.98077681222251301  0.99022801183263665  1.00000000000000000
 -0.02899727597488386  0.14813624237470621  0.19072115484924371  0.22098245142935405
  0.24188398623983329  0.25822381241540043  0.27063718406169579  0.28222620832440043
  0.29322401220127264  0.30377733103891325  0.31398643508947272  0.32402345222372475
  0.33329909771424837  0.34135648475073588  0.34843927522295726  0.35479070384996680
  0.36033233762894701  0.36553347769761807  0.37084490770491946  0.37623361762952334
  0.38140193822213880  0.38634641716054302  0.39122082829963467  0.39581054425374540
  0.40013920081414084  0.40437761408654910  0.40844833649107160  0.41236053780864829
  0.41653212613132656  0.42116209470289301  0.42630322498995904  0.43176941059893353
  0.43710868759733429  0.44186744058559030  0.44610020657428190  0.45028359502554927
  0.45428312715746910  0.45862758871930626  0.46191537991610537  0.46517431688682082
  0.46851013680818326  0.47202115946397738  0.47579975107403427  0.47980910099645113
  0.48354955228475555  0.48722034760319533  0.49072192519171365  0.49406069823614490
  0.49731473013767546  0.50070547584200709  0.50449099161886934  0.50838407780225214
  0.51209371254353309  0.51558450914620746  0.51903124125973588  0.52270948025799291
  0.52631489134073495  0.52965952408866079  0.53319586569930177  0.53680120438324863
  0.54057426684600152  0.54523243937707544  0.55049754548688212  0.55574121336441762
  0.56064051250393387  0.56524207032082108  0.57008914509350517  0.57524863145371208
  0.58022442980695277  0.58527513166142486  0.59045732907411408  0.59575409339054908
  0.60095007275283308  0.60564218822127036  0.60993184336386275  0.61499889144471531
  0.62068292433910655  0.62630369608207304  0.63179949766996113  0.63747883526915106
  0.64319823195795323  0.64921773058138865  0.65510245065915174  0.66085363609969094
  0.66765005933646371  0.67575668654077614  0.68483595135040765  0.69419297914488587
  0.70398913973773813  0.71684607387819332  0.73248366063027370  0.75090627777456342
  0.77271748993986167  0.80157856384904291  0.85100791630489669  1.00000000000000000
 -0.00166732526212419  0.00753868679076574  0.01565412295713027  0.02532058649050281
  0.03452761657466692  0.04300871655956993  0.05100236732423743  0.05845308521124708
  0.06634906274155433  0.07610626450497894  0.08711413311069575  0.09862963770759267
  0.11029012282241368  0.12191382595367975  0.13308916237792767  0.14417760188884562
  0.15441501762128523  0.16456808339162735  0.17514146609529238  0.18671281368446982
  0.20017438029622794  0.21220212704095340  0.22207185556293732  0.23196434494794055
  0.24222686267996485  0.25142952548966502  0.25990991470847041  0.26853732176302691
  0.27668438001633983  0.28501911561787258  0.29348892183325959  0.30240389371516285
  0.31142713716173337  0.32279528268080809  0.33598278646071567  0.34880229670214913
  0.36104434449326517  0.37229731922997389  0.38327860862978869  0.39374967733101568
  0.40526960223260500  0.41771851764351170  0.43103930862386552  0.44540243012820363
  0.46025384592566848  0.47406883103399555  0.48802282814335873  0.50074437725554866
  0.51273641585558594  0.52417792154457632  0.53575329396796401  0.54642568058555763
  0.55586297872213664  0.56556666022197788  0.57537391551936701  0.58498826485381783
  0.59402668690023031  0.60266625609915714  0.61197777073696125  0.62165605260036350
  0.63079695432245708  0.63919405199960266  0.64800169591682544  0.65746769395454130
  0.66771925068255789  0.67764482911917390  0.68909374584088623  0.70071656051127928
  0.71151199239279084  0.72163111876858477  0.73221884485098854  0.74228534595745244
  0.75333592669698024  0.76409193351751137  0.77548583889561074  0.78761103550280986
  0.79905113268174366  0.80964611863894298  0.81948226505486055  0.82973930148623398
  0.84033076659917028  0.85162366374742771  0.86211932157901272  0.87255372816501930
  0.88208350778984779  0.89034114200156456  0.89874459307587262  0.90764113020050463
  0.91780773808403981  0.92854721807102725  0.93922275885626350  0.95059854805602551
  0.96281059314137074  0.97548131870942223  0.98803868112115922  1.00000000000000000
  0.08245975392482090  0.35517007573448384  0.41641275436098180  0.45776312939640812
  0.48637840559633133  0.50484751242211456  0.52106274102716754  0.53558587388372214
  0.54812041964332114  0.55879266323442900  0.56879407489756972  0.57726905305834020
  0.58540693436081881  0.59286973910883367  0.59941705432891390  0.60581303547679921
  0.61253858911673154  0.61888427547161451  0.62481153118317967  0.63041184816663032
  0.63575010759479755  0.64091339352323895  0.64577642803706625  0.65055494057642116
  0.65524499103530243  0.65988361483570290  0.66433569535606662  0.66836032875336515
  0.67186837942325650  0.67515735551971578  0.67847117577186766  0.68176101148125345
  0.68493013197781494  0.68789864255634325  0.69069410912720697  0.69348123191439703
  0.69628783152221629  0.69919915811455557  0.70218443928333452  0.70520529471300930
  0.70825839240821920  0.71119274579075009  0.71388961541771512  0.71648900717513087
  0.71904092411561915  0.72173186917282472  0.72454499713931120  0.72721977161890283
  0.73002306825766228  0.73290815899247741  0.73564800209917336  0.73833443106073060
  0.74107118501958602  0.74389534862665452  0.74674480147083067  0.74963052850000034
  0.75253771603497210  0.75541708014290787  0.75833414638462271  0.76101002067982171
  0.76372063002791468  0.76636826798761692  0.76898895072846929  0.77181704551141073
  0.77498322000934283  0.77833730026878356  0.78158460225051196  0.78471970094916887
  0.78778893056246635  0.79094405092817910  0.79421206235754049  0.79752746761662530
  0.80078096538350896  0.80387269738798028  0.80690578242324118  0.81001168010020586
  0.81312294526969608  0.81632834024007339  0.81963081172613894  0.82304374657865231
  0.82678454571586979  0.83096095978781981  0.83493970918206029  0.83903755113070599
  0.84316397953062494  0.84740434650007890  0.85181291793796798  0.85660528665934077
  0.86167811482758794  0.86717246120433766  0.87354594901958815  0.88120791904174312
  0.89015430635728565  0.90147725936798251  0.92191880088971878  1.00000000000000000
 -0.03171131560523262  0.15430487284232794  0.19893236885847540  0.22741021188837943
  0.25050223279801170  0.26802313587504800  0.27978665547125259  0.28907739650932424
  0.29839388029703290  0.30702918817709135  0.31520982504845579  0.32306692358235234
  0.33011242724862394  0.33681896914993315  0.34341567843138088  0.35002393907969931
  0.35638450131885818  0.36219521435038371  0.36772528634540896  0.37340995382855835
  0.37936778754255068  0.38576670885863473  0.39185667742429553  0.39707211659121538
  0.40165558274672464  0.40608212393512039  0.41046541158949074  0.41486436376913893
  0.41914689446486403  0.42296257975103185  0.42645718208149525  0.42980623906181059
  0.43327212297406231  0.43715983825136490  0.44137390178669111  0.44542362470478741
  0.44924301676344036  0.45297555412447166  0.45675298611020160  0.46034200628580962
  0.46382863098750710  0.46756846881803427  0.47144133342719369  0.47523416473307956
  0.47867787606680384  0.48186993009657375  0.48501194001354242  0.48818884724131512
  0.49153016299689672  0.49499152076658098  0.49843563165111360  0.50192472850169056
  0.50543691568915350  0.50888620630990911  0.51258113138348727  0.51659889105114543
  0.52063036827140097  0.52466293951742460  0.52864050480638802  0.53259538660702466
  0.53633103522877545  0.54003968886530473  0.54393665073809527  0.54775190033844057
  0.55166813830400252  0.55576108051568485  0.56001522773551460  0.56462263939990798
  0.56956684173398686  0.57431304639932490  0.57902270571952796  0.58430047563086729
  0.59054466428056918  0.59811534959481583  0.60590821631495317  0.61259843447773210
  0.61899617323394218  0.62521026330396545  0.63123038138841348  0.63756438372940361
  0.64411723373871088  0.65182667331568134  0.66025007619582765  0.66840048795403084
  0.67639880586835555  0.68430955630054890  0.69275186269088562  0.70279827027370356
  0.71352651633253183  0.72449818682565015  0.73566141982413946  0.74868731019110646
  0.76739163714161762  0.79793502399169269  0.84356994200025726  1.00000000000000000
   9.0250832118859004E-017  -1.0000000000000000     
 T T T T T T T T T T T T T T T T T T T T T T T T T T T T T T T T T T T T T T T T T T T T T T T T T T T T T T T T T T T T T T T T F F F F F F F F F F F F F F F F F F F F F F F F F F F F F F F F F F F F F F F F F F F F F F F F F F F F F F F F F F F F F F F F
  <DiscreteSampler_grid>
  grouped_processes
  1 # 1 for a reference and 2 for a running grid.
  10 # Attribute 'min_bin_probing_points' of the grid.
  1 # Attribute 'grid_mode' of the grid. 1=='default',2=='initialization'
  0.0000000000000000 # Attribute 'small_contrib_threshold' of the grid.
  0.5000000000000000 # Attribute 'damping_power' of the grid.
 # binID   n_entries weight   weight_sqr   abs_weight
    10   10   5.828953851467350E-004   3.387424513042578E-006   5.828953851467350E-004
    16   10   5.828953851467350E-004   3.387424513042578E-006   5.828953851467350E-004
    22   10   5.828953851467353E-004   3.387424513042582E-006   5.828953851467353E-004
    28   10   5.828953851467351E-004   3.387424513042580E-006   5.828953851467351E-004
  </DiscreteSampler_grid>
