  0.01413938388153848  0.01471071674706631  0.01493452227689861  0.01511143932305499
  0.01523941953920233  0.01532642865173077  0.01540443039186264  0.01549278206169481
  0.01558266572562632  0.01566818792791728  0.01575299476490435  0.01583714276796040
  0.01592009590933426  0.01600141912536941  0.01608219521161847  0.01616353378481071
  0.01624639921442262  0.01632924905253242  0.01641030877317928  0.01648955005757402
  0.01656802556839926  0.01664769332927321  0.01673076012427631  0.01681688516880846
  0.01690482000308727  0.01699463607332892  0.01708527789901656  0.01717571536116903
  0.01726672130104708  0.01736033526669388  0.01745775751788050  0.01755872182970990
  0.01766311906296442  0.01776839723519519  0.01787480111981761  0.01798139830464008
  0.01808936955929937  0.01819856191808421  0.01831071485978399  0.01842523406887215
  0.01854269336138075  0.01866512778328183  0.01879184562867470  0.01892150580595164
  0.01905383532783865  0.01918849948884712  0.01932485079929803  0.01946639341471736
  0.01961439026231602  0.01976839773094225  0.01992559243600345  0.02008923636655717
  0.02026006369992641  0.02043825322587186  0.02062614220663422  0.02082083662393508
  0.02102308288135425  0.02123284900735591  0.02144952764885878  0.02167656415642706
  0.02192311978386758  0.02219254486069943  0.02247310610107388  0.02275795170721770
  0.02305284578468082  0.02337170862276923  0.02371323476242870  0.02407090653403085
  0.02443905095671797  0.02482695218662445  0.02522093671530231  0.02565140505893457
  0.02612477661953862  0.02662270588780059  0.02716461198501309  0.02774333925521555
  0.02838938947260319  0.02907832320991676  0.02981615851059297  0.03061614100029619
  0.03150897440094806  0.03247096242075436  0.03349576741771065  0.03466053118908099
  0.03600125818683305  0.03753165996664647  0.03926096026903157  0.04129445578724710
  0.04387259344005568  0.04715801306938172  0.05113080553196071  0.05615510629377152
  0.06356398867322488  0.07621032287725679  0.10465453265666365  1.00000000000000000
  0.00024198972119804  0.00030838274488824  0.00035617275040487  0.00039273353131674
  0.00042555648695555  0.00045790421987107  0.00049057588559238  0.00052413425811033
  0.00055679656353317  0.00058847514006549  0.00062059384081784  0.00065466865132218
  0.00069066790462466  0.00072790245027051  0.00076704474808654  0.00080787536744802
  0.00084946032706391  0.00089161124828695  0.00093409230903009  0.00097605223602529
  0.00101761530582386  0.00105918940494716  0.00110081754261845  0.00114343412380822
  0.00118779314277814  0.00123393441400181  0.00128154839991168  0.00133021229266094
  0.00137983741850239  0.00143025117724184  0.00148205313509491  0.00153691369205764
  0.00159250042756945  0.00164876063755163  0.00170435640068634  0.00176102298794468
  0.00181911681927798  0.00188107633544763  0.00194607674790615  0.00201456156346280
  0.00208413397328380  0.00215548561823501  0.00222851329129499  0.00230526194165192
  0.00238464889384094  0.00246456929857875  0.00254757169246549  0.00263283168610116
  0.00272026945570750  0.00280981917956511  0.00290265715881746  0.00299883255859744
  0.00309870179422758  0.00319981126249446  0.00330288717760591  0.00341111340633477
  0.00352448206948396  0.00364222911115083  0.00376548585231691  0.00389265855127910
  0.00402861887593305  0.00417412832337169  0.00432906660182937  0.00449218334156116
  0.00466936409925092  0.00485734720510689  0.00505409742889872  0.00526524951811445
  0.00548935478167726  0.00573158308901745  0.00598289474656089  0.00624850243329762
  0.00653501185651182  0.00685233366047032  0.00719062686721902  0.00754727001801919
  0.00793976850519645  0.00836881258887659  0.00884819255667799  0.00938150963469132
  0.00998884451173662  0.01068614079894010  0.01148091587164782  0.01238455233518592
  0.01344468266513483  0.01469448955808534  0.01619630987639295  0.01800980708031502
  0.02018064066234134  0.02293992876773661  0.02666954591528503  0.03265189128576102
  0.04308472859576194  0.06175268331604401  0.68326261902932561  1.00000000000000000
  0.00418261409924429  0.00471420887194006  0.00501698487470206  0.00534195558253522
  0.00567430683023106  0.00600389076633470  0.00635542006323752  0.00670456193795138
  0.00702398509730875  0.00735592806240694  0.00771386070591257  0.00808504929987363
  0.00846458518079962  0.00884608214273077  0.00924296591143637  0.00965919139621109
  0.01009959481951562  0.01056114503138932  0.01103507100385329  0.01152914790514318
  0.01205344523265962  0.01260927573469581  0.01320318092076180  0.01384091342680215
  0.01454600880424882  0.01533062039724887  0.01616324981245707  0.01703308112369517
  0.01795678549284638  0.01890739953680924  0.01991274009128944  0.02101563287121138
  0.02223588919881195  0.02355097092523825  0.02489385945684872  0.02619932024656007
  0.02750700259384259  0.02890529129754160  0.03034514633508731  0.03174384970417875
  0.03313456523518019  0.03456172352816627  0.03604542429728044  0.03758113973709098
  0.03917455077746444  0.04078600134455766  0.04247899856186343  0.04420778229733347
  0.04601001051188325  0.04773649445267548  0.04945346656200104  0.05123116993211324
  0.05303747471696584  0.05494227827570122  0.05690666421594675  0.05888379899588838
  0.06079503472509597  0.06261540428306261  0.06438828229826514  0.06624356540452857
  0.06814512430314332  0.07009719276238084  0.07211945062041554  0.07414246267405226
  0.07631957414273983  0.07862443660643409  0.08099674165446502  0.08343078855258991
  0.08585633243282109  0.08828894734920818  0.09085587390063769  0.09347486988023038
  0.09618309610524017  0.09899309973313092  0.10193835179418163  0.10506471304031770
  0.10854721326869754  0.11179660368663269  0.11467226252891659  0.11733134976914829
  0.12009829749278118  0.12291848038138285  0.12589940245627390  0.12944732192553426
  0.13266487265663907  0.13603927348716516  0.13931962046367519  0.14250675782540734
  0.14614234904390822  0.14969576706176471  0.15321114626148530  0.15735957762417654
  0.16147408565720892  0.16624734926781801  0.23570366256329067  1.00000000000000000
 -0.00507250052712489  0.02358912443683783  0.04418230180512319  0.06541893667701339
  0.08588742090006396  0.10629825132075083  0.12693614374687004  0.14735653449962316
  0.16625222628077693  0.18357712167733223  0.20006818621829522  0.21615904072036426
  0.23174017473329250  0.24658731097790698  0.26107594667058637  0.27501709592692491
  0.28827070431964258  0.30144144055683303  0.31418610487828069  0.32620759294536716
  0.33817449504472569  0.35031418351799837  0.36215177220148642  0.37331040066559051
  0.38413038746580719  0.39490857626958170  0.40543251862442053  0.41562760748927174
  0.42559748685041143  0.43583198440211507  0.44607911738950101  0.45582655383283571
  0.46546495215981104  0.47531960779163590  0.48505119606535907  0.49474676947933249
  0.50400593922454828  0.51356484211935238  0.52318183309347821  0.53217404585721262
  0.54073313728631678  0.54918896079852675  0.55780762576628762  0.56647178348415961
  0.57493705888169910  0.58334828746023126  0.59165558958311137  0.59981415253628523
  0.60786630675823372  0.61598503171931207  0.62406952005015426  0.63195062653794420
  0.63966139687782997  0.64746636057603268  0.65548860105679452  0.66341901382279334
  0.67141557969139065  0.67923856698320406  0.68729508131444805  0.69562264139919394
  0.70395437320720189  0.71254934052291186  0.72096075413260630  0.72912525495571234
  0.73703949190406004  0.74506192243221692  0.75336600430983691  0.76180874573763246
  0.77017167572149881  0.77834291284659618  0.78643348959393211  0.79456386333087514
  0.80275607388301129  0.81081134273061950  0.81854192783038648  0.82610216521244706
  0.83365007086794796  0.84130957279237706  0.84916898680179276  0.85699642046150171
  0.86477926566284247  0.87262262026589899  0.88071201125282406  0.88896823457247276
  0.89723991692343674  0.90564617916295043  0.91422813321292007  0.92295898638837082
  0.93165285236904760  0.94029207773945800  0.94940615213878610  0.95919948581219494
  0.96922066196252665  0.97971660104113401  0.98921293308742553  1.00000000000000000
 -0.00192305608317267  0.00822966470602255  0.01789791003442265  0.02810963736271509
  0.03844703590096747  0.04860576034094317  0.05851955138248417  0.06856758832787516
  0.07856468721644266  0.08869984616231107  0.09863504223261885  0.10854360164214108
  0.11875828753290205  0.12883960642617487  0.13856568224414689  0.14828535035589543
  0.15812765335201873  0.16842792122165565  0.17884557615492463  0.18908586041855957
  0.19890610724203792  0.20860338493066241  0.21854080205990528  0.22863201510500214
  0.23868477772157415  0.24903821973134588  0.26013911426944930  0.27153635665781956
  0.28252875955419549  0.29311807824793101  0.30377732557438863  0.31471214100566530
  0.32581255729329062  0.33673387076548350  0.34742620334268171  0.35801222024399809
  0.36865125936938059  0.37951384435976199  0.39034323802297455  0.40069476266939169
  0.41064769068789969  0.42078377327381872  0.43127514584806009  0.44209047921487482
  0.45306523503016111  0.46437969982511612  0.47583186640592301  0.48680333814988669
  0.49759330476554353  0.50862413200471401  0.51965619450920442  0.53039805906258219
  0.54093772703763321  0.55159983841359772  0.56224189223271248  0.57265722953765130
  0.58305324960109661  0.59354724241187562  0.60412146194413208  0.61472737866420490
  0.62535645124864925  0.63589288700883662  0.64643573119224251  0.65685893824639319
  0.66714928448959210  0.67722543195669138  0.68721471840932913  0.69742244262767938
  0.70782573735557830  0.71828252146682325  0.72873074683037775  0.73914429060110132
  0.74970342447723626  0.76037897377135655  0.77102727035422913  0.78173816643866678
  0.79263893936512420  0.80386288002100492  0.81520700111399169  0.82642089098835081
  0.83730655437884505  0.84819385143178905  0.85940995630015338  0.87091822266602437
  0.88239080212316767  0.89318591242302070  0.90346251375040754  0.91386013194526050
  0.92447178188238344  0.93569504927606251  0.94664481827439628  0.95769400084765655
  0.96836297775618596  0.97893118334535423  0.98959261983156721  1.00000000000000000
 -0.00235348238953683  0.00942873463177154  0.01980828688314526  0.03002073465482357
  0.04023711215227954  0.05069037331633675  0.06130104563738895  0.07166268785977847
  0.08203669927077066  0.09258036574777828  0.10354520206864043  0.11434277884073459
  0.12492364635115691  0.13621186810104077  0.14702389466657764  0.15847508941175203
  0.16916262627871900  0.17949383584296452  0.18966620198728593  0.19974232127609903
  0.21009429019994383  0.22048321757899950  0.23083375706685808  0.24156110808582787
  0.25259186620963453  0.26400443532222712  0.27499739796146094  0.28575427706565193
  0.29638101983362730  0.30706901170844608  0.31747915753250833  0.32787678663519687
  0.33827535831508609  0.34875031692170416  0.35904289840125014  0.36925204747807344
  0.37910969526335597  0.38892640373923953  0.39877076388324073  0.40844652002630233
  0.41832981206759789  0.42852099296135215  0.43911844462191135  0.44996007659448567
  0.46077887968629461  0.47140000691980855  0.48162587855566019  0.49181455363526427
  0.50236483005026489  0.51349116384066162  0.52436384088796406  0.53496168915313469
  0.54515897966280624  0.55526755023815999  0.56591821973446566  0.57712205347095014
  0.58776935800533003  0.59789662842370050  0.60812256336414294  0.61854247038868759
  0.62886777630783308  0.63908251559542317  0.64937678912909991  0.66014216230856149
  0.67114705302826372  0.68206079992427560  0.69244409111508010  0.70285975263980327
  0.71294994692257763  0.72335507676552568  0.73374068657533775  0.74431044346595465
  0.75468075175458205  0.76500064455838823  0.77540250321139614  0.78592248113277519
  0.79667102582391358  0.80736429120302333  0.81783451450914135  0.82811940425553365
  0.83833244404720164  0.84840151080960302  0.85876739083944720  0.86918052451686267
  0.88056482861610075  0.89207863139468468  0.90276201054961658  0.91286882014486248
  0.92301208830594539  0.93369322279742484  0.94430905243406571  0.95535731175780036
  0.96649531008335354  0.97785761915223190  0.98867220757199481  1.00000000000000000
  0.05840915766655565  0.06358426756763061  0.06750983726103910  0.07054207758596794
  0.07308621483610976  0.07536189285070057  0.07742782371123696  0.07930250619152979
  0.08105453816022258  0.08270148883784861  0.08423515694624703  0.08568354574422039
  0.08710121953555804  0.08848346608005950  0.08984804109323083  0.09119322105195989
  0.09253648285141533  0.09386014670589658  0.09517393431985127  0.09647148250562690
  0.09775605256106878  0.09903282077845330  0.10029037897283753  0.10151873465045592
  0.10273689506196300  0.10397274934202791  0.10522791469160567  0.10651625591465072
  0.10781370721637495  0.10909830296657018  0.11037924331847887  0.11168562907042417
  0.11296849908281108  0.11422783217862639  0.11546340038486611  0.11669755101400529
  0.11794415684405074  0.11921370370322060  0.12052473443820691  0.12187188221602621
  0.12323623931944470  0.12458977870232063  0.12593587208780044  0.12728841718420697
  0.12866497759871340  0.13002745965006257  0.13138975718065737  0.13279875052242457
  0.13423433662506198  0.13566571794275648  0.13712452122588220  0.13852222591026517
  0.13992205442380312  0.14138962180559161  0.14293461158789195  0.14457971230525973
  0.14627750851173099  0.14804010148718402  0.14984592797937291  0.15166029785474894
  0.15345697315861684  0.15522805910231630  0.15701338537507342  0.15886234929111590
  0.16068149046663599  0.16252767894272208  0.16445953247192713  0.16647078679528521
  0.16884111082659972  0.17119629211304843  0.17357784670940199  0.17601079164757644
  0.17852663393890111  0.18113691896737977  0.18370932791092903  0.18642075192169910
  0.18931528086457880  0.19241426524081523  0.19580263577541093  0.19951284225369814
  0.20296179673903464  0.20649180310467796  0.21037239473519492  0.21457217427133254
  0.21909151753591533  0.22394006467841832  0.22866645574352668  0.23331734857500458
  0.23850464277049277  0.24444721594608504  0.25182426517695006  0.26071422497584945
  0.27185057536132373  0.28755023098839694  0.32140677560277309  1.00000000000000000
 -0.00262119104015999  0.00950303888507696  0.02031065331311743  0.03077691747173831
  0.04141251308465642  0.05211206729437024  0.06266146483579732  0.07320502236280600
  0.08383191635797370  0.09481690950037083  0.10571242009865728  0.11635378247511380
  0.12692489017169670  0.13729693659805495  0.14761294267481384  0.15774971304542676
  0.16798094654032755  0.17837263208035631  0.18936395477857129  0.20044098204750632
  0.21133624390422809  0.22207618052388317  0.23305092522004961  0.24400754204668867
  0.25487806459520090  0.26509392317519082  0.27497776058635476  0.28476365397512160
  0.29509519176807236  0.30582735360028573  0.31624407517513364  0.32625444252155622
  0.33656415641049264  0.34656053883008520  0.35690728720192172  0.36744022436826973
  0.37824310722266186  0.38907151421552577  0.39982247347733951  0.41037287774986125
  0.42062012992727177  0.43081653499503997  0.44105202953053413  0.45110543393323416
  0.46136900910575723  0.47176219834965627  0.48232658364807002  0.49261303894318964
  0.50247571022490944  0.51205751496820684  0.52188761257261118  0.53211513340345307
  0.54265592843778088  0.55340562562548867  0.56416207821642606  0.57530464742582854
  0.58668540454395823  0.59809101737217130  0.60904989867189152  0.61953393602565976
  0.63013459913235736  0.64101998985395225  0.65175225922307189  0.66239398778047232
  0.67272319882254950  0.68316534925575967  0.69403375142982693  0.70506433947214220
  0.71617207831029350  0.72745529873289172  0.73875080771895107  0.74970945364447494
  0.76014760475804832  0.77063446865363994  0.78148492478574716  0.79212990635435720
  0.80238844120410291  0.81263539812353047  0.82313752901921944  0.83353816060746122
  0.84357180815842481  0.85342793751362966  0.86361702588324141  0.87394360229888868
  0.88449478365502010  0.89520305301474756  0.90550719388616074  0.91576606041338526
  0.92614697586469286  0.93659661463152655  0.94681267447743422  0.95692501984393663
  0.96683293525243108  0.97773918698251117  0.98817030308933040  1.00000000000000000
  0.11234899410342021  0.15906563920155864  0.19265454798803200  0.21272338564935375
  0.22741299469432452  0.23967025992074401  0.25027490139415931  0.26050303400156305
  0.27084963834522002  0.28127484429927729  0.29110086251484807  0.29972816404028019
  0.30758281103363344  0.31495396129670078  0.32222805456815584  0.32946703555114637
  0.33626832176128185  0.34258752391312913  0.34868749142375327  0.35489110483059461
  0.36100844833598117  0.36688529331964365  0.37244228144601021  0.37780687551482128
  0.38310886060957966  0.38838086272709227  0.39368922717717791  0.39913937932066240
  0.40467029065145477  0.41014826297798929  0.41565140753674945  0.42113873099225285
  0.42642253086304399  0.43156045786430514  0.43649470388643907  0.44127290138991937
  0.44594021424234453  0.45069516231128870  0.45549803800078659  0.46028553739681916
  0.46487336482575831  0.46934524032094016  0.47387677040753456  0.47830196139931519
  0.48285804666137744  0.48747686093615894  0.49208449190510489  0.49672924231837406
  0.50138900669980446  0.50600840707584116  0.51060348612230200  0.51519246983163924
  0.51977060377724715  0.52436393161971251  0.52894402029425935  0.53348739496952846
  0.53804745423836686  0.54263893735903712  0.54736481696806139  0.55226548475188730
  0.55717297885266559  0.56207097339869461  0.56719069674668154  0.57240170818031966
  0.57761741101405062  0.58271317489892571  0.58769233944752075  0.59257560343535554
  0.59751592791804420  0.60262043118707054  0.60789088810592673  0.61328143325280093
  0.61879836290357793  0.62442608918179998  0.63006768248498657  0.63587296052739584
  0.64172185819294869  0.64760598105367584  0.65361555025407947  0.65979911746963615
  0.66615670548261163  0.67277878168672156  0.67952808351819705  0.68655197299127058
  0.69394112823538423  0.70168102277302524  0.70981654193785859  0.71842114041607019
  0.72782161020948266  0.73833000848745289  0.75003658480982027  0.76362114045374452
  0.77988182731880173  0.80143084225483407  0.83664317511160746  1.00000000000000000
 -0.03829967118640608  0.17144353821282241  0.21500673028320988  0.23970454755985951
  0.25790449053490516  0.27307847040667199  0.28558198331493778  0.29632732127890749
  0.30613055047410642  0.31526684165488045  0.32395638819822342  0.33198095685065976
  0.33921184081720807  0.34599157214348497  0.35251898837442686  0.35882507681171205
  0.36473068466013847  0.37035277771711012  0.37573062634832377  0.38097511848741133
  0.38614454905814694  0.39121940828603236  0.39600386041129720  0.40054766031035105
  0.40500734841035263  0.40947511013473437  0.41388826755572511  0.41829056261934167
  0.42252818202076131  0.42665701089053548  0.43073033369905439  0.43484156118628214
  0.43895151848948766  0.44299309737732229  0.44701315857520502  0.45097593091879423
  0.45482478830805168  0.45874314826939427  0.46275131811913200  0.46676136279099845
  0.47074705558540658  0.47458967225338894  0.47842324986452323  0.48229525808448065
  0.48613022263697375  0.48991844785501493  0.49361531987543034  0.49723501417101829
  0.50082617007933417  0.50441040143379823  0.50796288040744741  0.51175784254901913
  0.51552310215206476  0.51936171709304968  0.52318249511108794  0.52697422140691341
  0.53080125667394962  0.53474037444092526  0.53877220566229056  0.54290444199322696
  0.54702233955250545  0.55112072344279350  0.55512933906125683  0.55906578517089978
  0.56311626205742449  0.56731752817321401  0.57169301239686932  0.57620660439192994
  0.58086033765174205  0.58554551815041955  0.59017676255527041  0.59480681562190318
  0.59946759492562529  0.60432245681818775  0.60945477249514379  0.61475938357510884
  0.62017770821585694  0.62565787085517743  0.63127487177170283  0.63705245951225420
  0.64297551984754708  0.64924547179770820  0.65587345951813791  0.66277830240652735
  0.67017134194105465  0.67783775530199331  0.68603801586442836  0.69498704887500773
  0.70470446701446809  0.71568856386937485  0.72861156546830030  0.74397300994269921
  0.76254122624912191  0.78690945547687341  0.82879423206568492  1.00000000000000000
   2.8847558907298967E-010  -1.0000000000000000     
 T T T T T T T T T T T T T T T T T T T T T T T T T T T T T T T T T T T T T T T T T T T T T T T T T T T T T T T T T T T T T T T T F F F F F F F F F F F F F F F F F F F F F F F F F F F F F F F F F F F F F F F F F F F F F F F F F F F F F F F F F F F F F F F F
  <DiscreteSampler_grid>
  grouped_processes
  1 # 1 for a reference and 2 for a running grid.
  10 # Attribute 'min_bin_probing_points' of the grid.
  1 # Attribute 'grid_mode' of the grid. 1=='default',2=='initialization'
  0.0000000000000000 # Attribute 'small_contrib_threshold' of the grid.
  0.5000000000000000 # Attribute 'damping_power' of the grid.
 # binID   n_entries weight   weight_sqr   abs_weight
    10   10   3.154995569526608E+002   2.497899226412554E+005   3.154995569526608E+002
    16   10   3.154995569526607E+002   2.497899226412552E+005   3.154995569526607E+002
    22   10   3.154995569526607E+002   2.497899226412552E+005   3.154995569526607E+002
    28   10   3.154995569526607E+002   2.497899226412551E+005   3.154995569526607E+002
  </DiscreteSampler_grid>
