  0.00003398292465582  0.00003868612155845  0.00004239195569680  0.00004551723152939
  0.00004904446481716  0.00005271963701193  0.00005639670715903  0.00006026307871539
  0.00006398033571115  0.00006782725547531  0.00007200562965387  0.00007649299205009
  0.00008096778831389  0.00008555562756173  0.00009033274016790  0.00009539856865623
  0.00010072788222015  0.00010628763123255  0.00011206222308815  0.00011805809384817
  0.00012423462272776  0.00013058184161683  0.00013716650115649  0.00014407119535064
  0.00015103343537742  0.00015802268084572  0.00016516302168669  0.00017251421668239
  0.00017981695548247  0.00018723377730467  0.00019492591482563  0.00020299171552287
  0.00021122688388290  0.00021988988764536  0.00022891514458730  0.00023806309971722
  0.00024752374739578  0.00025742573764778  0.00026773614283631  0.00027851929830900
  0.00028988781228576  0.00030183516179860  0.00031439346139846  0.00032719488397956
  0.00034007748215605  0.00035333952957301  0.00036747987458385  0.00038236861348285
  0.00039790434195418  0.00041405446550273  0.00043063222829215  0.00044760985863804
  0.00046499983997022  0.00048277224677366  0.00050109499831876  0.00052015970813435
  0.00053970126811690  0.00055960457797796  0.00058001810552723  0.00060177132185939
  0.00062445280567039  0.00064782025593792  0.00067307350530960  0.00069948437591645
  0.00072692288671352  0.00075594032489179  0.00078719199635434  0.00081872513706914
  0.00085196277322965  0.00088692308735343  0.00092341494157971  0.00096189632314616
  0.00100282626994060  0.00104553778444918  0.00109307859350650  0.00114672727499866
  0.00120334840469568  0.00126684090455896  0.00133285268173211  0.00140799200396689
  0.00149026913714431  0.00157947908683807  0.00168016498690188  0.00179542314495988
  0.00192517587517812  0.00207863566275737  0.00226685370024961  0.00249103147255880
  0.00278424454887415  0.00318127957545031  0.00375565550570444  0.00469025193419031
  0.00679926366479534  0.02890860934795186  0.58716728359763293  1.00000000000000000
  0.01706168160867140  0.01732259943744967  0.01760101055280089  0.01783611109535936
  0.01806729482078938  0.01826634050894956  0.01845138015228394  0.01862689835639496
  0.01879310277111703  0.01895955260266719  0.01913352215327687  0.01932212528253290
  0.01952030436449644  0.01971581558776570  0.01990744639644032  0.02010732371114359
  0.02031318495022424  0.02051885117815294  0.02071427528571028  0.02091445790675901
  0.02111673569205223  0.02132031331683573  0.02152302954244307  0.02172360180773120
  0.02192850187694775  0.02213507878418066  0.02234320863162124  0.02255885231342045
  0.02278013389554427  0.02300411662271696  0.02322847712823033  0.02345754832146004
  0.02369809208945425  0.02395223283749346  0.02420963225530903  0.02447087994866984
  0.02473608216222646  0.02501001080642813  0.02529235989547470  0.02558601524584761
  0.02589207047608259  0.02620606505401577  0.02652565415758544  0.02685103118493019
  0.02718482384043608  0.02753220072786767  0.02788965351231149  0.02825321156875877
  0.02862981534087254  0.02902114551870229  0.02942545889068780  0.02984114069982453
  0.03027742972536534  0.03073588894938871  0.03120955536478477  0.03170181717524744
  0.03221981296883687  0.03276237667693001  0.03332509247583716  0.03391024496060598
  0.03451548569774623  0.03514623109917745  0.03581530716390117  0.03651397569762523
  0.03724593011104006  0.03800705791757096  0.03879869868394159  0.03963516906565617
  0.04051682923178429  0.04144445448140321  0.04242035793339003  0.04344806189264780
  0.04453564831670191  0.04569517442861938  0.04691896770369893  0.04820280803590893
  0.04956039876835470  0.05102541635223012  0.05263784822794226  0.05441942465655900
  0.05637003463482929  0.05849952079867795  0.06087656229659126  0.06348600997415765
  0.06639619793878052  0.06978233368448733  0.07373686908800833  0.07831278565299397
  0.08403059339283274  0.09143002977176273  0.10140509274918720  0.11487473044811582
  0.15554135175885214  0.32550034299469721  0.79043619972537960  1.00000000000000000
  0.00102562242266859  0.00427281136285675  0.00603303076783539  0.00708423369101072
  0.00787233677406234  0.00851434927113065  0.00909273081371472  0.00962657597323630
  0.01011183411955761  0.01056418190608448  0.01098674737314030  0.01139011565128300
  0.01178534276187743  0.01216783477172433  0.01253489001187791  0.01289513802049329
  0.01325837455160363  0.01362858036533875  0.01399681664343906  0.01436522178727622
  0.01473320910100549  0.01510333835857563  0.01546601288048144  0.01582766940885691
  0.01619376204868607  0.01656591120742124  0.01694406449932651  0.01733304106226335
  0.01772731725386556  0.01812163254338581  0.01852044007801106  0.01892505725129296
  0.01933394722135822  0.01974559988279449  0.02015648992985319  0.02056794159838130
  0.02099000579271672  0.02142570944868664  0.02186733809623471  0.02231187982808516
  0.02275767091815616  0.02321229675286609  0.02369470201923666  0.02419075971098156
  0.02468381221969533  0.02517680912994998  0.02567113264254826  0.02617221713409892
  0.02667828274797877  0.02719067276782420  0.02770963860224814  0.02824078781978241
  0.02879464349189810  0.02936973411584989  0.02996161027616303  0.03056596143530298
  0.03117991174066992  0.03180283991278113  0.03243159516908847  0.03306714935379564
  0.03371991216069804  0.03440422536180456  0.03513587990278449  0.03591660567135975
  0.03670187524201432  0.03749877221064445  0.03831256894060084  0.03915957728960186
  0.04004137877603491  0.04095011297867995  0.04188993268871608  0.04288035885102966
  0.04394931774419881  0.04510058221161736  0.04629300698037794  0.04751858694860148
  0.04880683121691953  0.05021377890329694  0.05175552209616558  0.05340007546823645
  0.05522247027656312  0.05713623469880873  0.05918267711419457  0.06130164913107897
  0.06349098978127171  0.06580117554466246  0.06850922043309271  0.07169120637208859
  0.07553643803410436  0.08023604857763340  0.08599814543056178  0.09349464966241114
  0.10323529126198955  0.11734812934177223  0.15204704130900773  1.00000000000000000
 -0.00172369916189440  0.00721884572227578  0.01567675115829028  0.02416261055781158
  0.03278875550214991  0.04148251817347753  0.05063900160635743  0.05964494309940785
  0.06865983493850411  0.07793567606171189  0.08728335806600000  0.09682821401867775
  0.10665308744766024  0.11675580168569649  0.12690988323142124  0.13722173856589656
  0.14776187889900283  0.15850045081078395  0.16928973007040432  0.18017891114467086
  0.19118644318723146  0.20235880027519834  0.21385800280486730  0.22559413831281666
  0.23738412734009928  0.24910514996704530  0.26046894442072116  0.27151796463740485
  0.28234834253989138  0.29289220838955021  0.30342610963749989  0.31418815104511677
  0.32515797046749206  0.33605457278751794  0.34686415368147461  0.35767105951003703
  0.36847360405155322  0.37928077991905451  0.39017846477389562  0.40120395361550637
  0.41224842721917698  0.42318981097065300  0.43396284546024705  0.44458826355175873
  0.45517690749018180  0.46583679405930351  0.47673431980657471  0.48799231257102349
  0.49944124146350527  0.51087753364345900  0.52227288187814402  0.53368386977834292
  0.54505679813577046  0.55627996285326509  0.56738226688241489  0.57847201442688034
  0.58952974975623573  0.60059256487236179  0.61163968774071564  0.62266299024501071
  0.63368177963697636  0.64469208868091155  0.65552411182210280  0.66605975873654621
  0.67652598903780981  0.68709809605229022  0.69796213011253716  0.70906774730360755
  0.72021741563268149  0.73136691562794331  0.74238474757479334  0.75369257897635566
  0.76507873680100347  0.77664822247600795  0.78821865103202138  0.79960855969794375
  0.81093859964114035  0.82215191886212868  0.83321453279896696  0.84424957557339053
  0.85508850153014304  0.86569334207395898  0.87617146788701405  0.88658486286950700
  0.89692773642107770  0.90680982874311478  0.91648255140184232  0.92622093844231224
  0.93604709481242898  0.94608051269187798  0.95621115841213689  0.96517300617396262
  0.97434322201243839  0.98288897414265020  0.99162415948955862  1.00000000000000000
 -0.00228333894597754  0.00898526247733400  0.01920277368332506  0.02962788673765920
  0.03989376101759251  0.05017739981770650  0.06052900197818357  0.07161475404659132
  0.08203650728352388  0.09275243051174897  0.10334696216628257  0.11449470383518319
  0.12542935257738894  0.13602964617783345  0.14637378262919395  0.15657314291862148
  0.16660999772212640  0.17632701418995489  0.18605602787046366  0.19629236831429744
  0.20614335298758923  0.21607138243344795  0.22598352223429680  0.23618267075715391
  0.24673768110940703  0.25714534257937688  0.26758032906070300  0.27800200619110238
  0.28824137071937816  0.29846624713594394  0.30881718646896872  0.31912279722041031
  0.32931686454401382  0.33961183936604605  0.34999307570506960  0.36048686096448690
  0.37101829099466932  0.38156499062858829  0.39205610868494462  0.40227151413017970
  0.41256447077558478  0.42331424675168650  0.43445331501499179  0.44543798160097409
  0.45624819937015076  0.46722889647467447  0.47852568001734797  0.48945765719456885
  0.50002430805880760  0.51087560254306674  0.52161314530982505  0.53213616378992801
  0.54264429856296303  0.55367918876787992  0.56464682438162506  0.57530242788482866
  0.58611890361799346  0.59689447129119833  0.60787728282818743  0.61889410460628458
  0.63026119107759560  0.64137286226109369  0.65163484029210794  0.66162294158542845
  0.67147490701960022  0.68131400561453270  0.69125403175213929  0.70152761102027161
  0.71188819231984113  0.72255094950020016  0.73308997737359538  0.74429762846409264
  0.75494277812576216  0.76525535649477228  0.77545785003104883  0.78586981812665635
  0.79630043635430436  0.80677179693775880  0.81749216100905875  0.82873759764737343
  0.83958355069281776  0.85115144381021224  0.86154995701099923  0.87282381322648828
  0.88353287203574504  0.89438479343812016  0.90483552334696449  0.91561554540955459
  0.92651140772306639  0.93691446529486211  0.94748650342475527  0.95767913652937797
  0.96859229360503907  0.97894997514621196  0.98967977363876092  1.00000000000000000
 -0.01239021506531441  0.05551227105208474  0.09846265670325532  0.13259809691923780
  0.16164925868571062  0.18619527082673648  0.20659552016214244  0.22392352874329433
  0.23928276497846329  0.25354681753543912  0.26676776103847799  0.27862624991754009
  0.28936712187516034  0.29952835773989883  0.30924765699072476  0.31860553770500577
  0.32766526245585131  0.33643131980562235  0.34492847207224381  0.35311229660156929
  0.36092865802957580  0.36834987725639023  0.37550522834705996  0.38246314659696340
  0.38930187013450068  0.39608706108817338  0.40273104123682824  0.40921384236079722
  0.41540371068790466  0.42131839933210574  0.42715585152667712  0.43297712025804203
  0.43874720414953317  0.44444243264990030  0.45009371833079154  0.45566976903499834
  0.46111568128476155  0.46648615999204440  0.47184003059994745  0.47716551478922226
  0.48245612813002481  0.48768356169367122  0.49279396317539775  0.49785701686305089
  0.50295134458320634  0.50816005541474452  0.51342763315512963  0.51873430279311705
  0.52392190598404709  0.52896527224116119  0.53397184165479705  0.53879112306526089
  0.54356611695710155  0.54855746591437804  0.55344578760343477  0.55860771350213501
  0.56381658589857608  0.56884949184842215  0.57392042673183918  0.57907907314654716
  0.58438752062320976  0.58980470314033795  0.59522103802847737  0.60061353840303022
  0.60602511172229467  0.61151383177522889  0.61706088894922306  0.62268187995480717
  0.62844365214604214  0.63433084257004491  0.64037117537143307  0.64650455482089886
  0.65280919625525247  0.65937108885597595  0.66616997639214803  0.67322053240134638
  0.68036557029768463  0.68754355074961115  0.69493327092077151  0.70267632655823054
  0.71089369292779570  0.71959524165663313  0.72884464473012600  0.73880132001570320
  0.74957201942186502  0.76150492395991298  0.77472717540855573  0.78899880713390713
  0.80451659608117376  0.82148439176714483  0.84099278022713353  0.86480414051142207
  0.89264865658201098  0.92248516770861477  0.95511277620354951  1.00000000000000000
 -0.00234534992141487  0.00925948548125522  0.01906337905018423  0.02965005879458184
  0.03974662460133469  0.04968027096950585  0.05992910252867200  0.07066330724715514
  0.08242308337905674  0.09198674539914334  0.10211317927144978  0.11229171378607436
  0.12273327809745911  0.13299853392189254  0.14297701462534212  0.15360681916465982
  0.16443529736108115  0.17504207838270272  0.18563277185079469  0.19636163043715868
  0.20701774264757972  0.21759387778049818  0.22803802092914660  0.23864505179535375
  0.24924060874676673  0.25951889585461679  0.26988338803825174  0.28034422075633786
  0.29045181936251008  0.30055944892772657  0.31053248518059207  0.32056694837848454
  0.33083123886331500  0.34137295899786285  0.35210449326127818  0.36256339204137944
  0.37266342372505701  0.38287749204350735  0.39340687794596435  0.40382817206414046
  0.41391933746845005  0.42413705818306469  0.43458293126271313  0.44497393259474227
  0.45532355345722814  0.46585049908005088  0.47654282838206674  0.48707862703573201
  0.49754083264546511  0.50825668941589042  0.51917289649376075  0.53008419164653253
  0.54082922122709765  0.55147384755754447  0.56208361012051433  0.57275387347023921
  0.58356399879630005  0.59451213043326734  0.60543966769170587  0.61619105112344630
  0.62702083036058187  0.63795845964653575  0.64907988926346660  0.66003342724845460
  0.67106581850962344  0.68217135552099373  0.69294929036317132  0.70314973319300855
  0.71347387622710912  0.72384190467693676  0.73403361663086053  0.74401350396468136
  0.75415146473116146  0.76432347356153962  0.77449541225485985  0.78453156739689189
  0.79484748279396877  0.80530875109755418  0.81601606804737814  0.82685056389692724
  0.83768392473307196  0.84859399395967927  0.85965741082041280  0.87055680812853542
  0.88146461220964645  0.89216167495378429  0.90288192880120421  0.91384572469062042
  0.92464426848791437  0.93562629836555744  0.94651878192429062  0.95735779887049921
  0.96789181001234736  0.97856845657729719  0.98871925226100998  1.00000000000000000
 -0.00228191615468078  0.00903776150396278  0.01905504549105348  0.02932880666650868
  0.03983047021587734  0.05013048312559603  0.06082996100567528  0.07172867583206782
  0.08279621859872503  0.09353722925507710  0.10429212571857947  0.11428040485481827
  0.12481577029075547  0.13504255910425755  0.14503592751447814  0.15479760098615836
  0.16445574265892554  0.17457380899297287  0.18504998906241221  0.19584042396393464
  0.20646433633827682  0.21720201619469232  0.22806022671189963  0.23859265357670562
  0.24891475055606063  0.25902785153396374  0.26902407833213088  0.27888791050069134
  0.28884045031733618  0.29885387053769541  0.30899830551333779  0.31931764253103628
  0.33001037769642133  0.34064067163178341  0.35115995542655448  0.36149731354299763
  0.37194403590803937  0.38244189798147804  0.39296209280517103  0.40321276893532787
  0.41346572906190526  0.42384367575931758  0.43464694189795783  0.44555677793754866
  0.45669759879267446  0.46748927941053187  0.47791573615366811  0.48813304035521776
  0.49842087207469016  0.50901096205883445  0.51992334694687892  0.53092728984140214
  0.54186180499715231  0.55262618625347226  0.56343376668415091  0.57440351397003964
  0.58533832003888386  0.59622203978492638  0.60698120367490249  0.61779381441555925
  0.62848440870249134  0.63916332132380871  0.64981423205699551  0.66058629847015449
  0.67149917402071213  0.68236160441307581  0.69293343437494292  0.70308123762568098
  0.71309155338739638  0.72306784628912524  0.73320445773082221  0.74345774147388066
  0.75381533636092657  0.76422551015427265  0.77491897180740565  0.78613182502642998
  0.79733217029996095  0.80811637186646257  0.81884767940795844  0.82976335545514934
  0.84035064455123987  0.85061511778575494  0.86121485078408022  0.87192560964171395
  0.88224041520100938  0.89240957052131653  0.90270609040544780  0.91340537858088788
  0.92390193396104037  0.93481360842914785  0.94539100706440671  0.95638011442014936
  0.96747648353196258  0.97912411882012051  0.98947600453281925  1.00000000000000000
  0.06794792526151115  0.16046072381456744  0.19029220708773970  0.21271727134896889
  0.23142668496501742  0.24672299903887063  0.25976386081037683  0.27128438604776639
  0.28156886331200237  0.29103293911760686  0.29993523305592307  0.30854703231873093
  0.31694099860115482  0.32502404957895570  0.33255051893997134  0.33969240336766282
  0.34647185917549733  0.35309549325837536  0.35956838145189246  0.36586292065962545
  0.37199218585344640  0.37802738489289678  0.38403217507925808  0.38999764662067937
  0.39579000618479354  0.40138604595369082  0.40679265545209631  0.41209642890674858
  0.41726180402961172  0.42231672182959423  0.42734846728197468  0.43233011471159055
  0.43720434604744768  0.44201825559946611  0.44679306615369080  0.45150747009330677
  0.45621152755164818  0.46090727631730655  0.46565745515876000  0.47038719499611370
  0.47506541481124415  0.47969564953742655  0.48429118619400957  0.48886226075634648
  0.49335448771410179  0.49777372800883457  0.50219323007536820  0.50665016224927162
  0.51112103584485724  0.51557341021373304  0.52003481354870729  0.52451707727730701
  0.52900379631309447  0.53347232010889212  0.53793745511266289  0.54239820044739329
  0.54685103712399541  0.55131515492686822  0.55579752028507401  0.56026567215367651
  0.56470330438305461  0.56919840005791977  0.57378027336353199  0.57825564575065935
  0.58277434514842452  0.58733139662175149  0.59183750548690262  0.59644262937923431
  0.60116824082900866  0.60599852107402274  0.61091018051384693  0.61582555993884103
  0.62078662545207086  0.62593745167735260  0.63124832425176169  0.63664738646964503
  0.64212725377496949  0.64767446687696240  0.65330295771805635  0.65902783070386728
  0.66488533514804615  0.67092473931173180  0.67727482982708187  0.68397668828056712
  0.69108097344123431  0.69860191824268125  0.70656113973977064  0.71505353575641006
  0.72431674016508296  0.73440157882035195  0.74576965505797488  0.75861043288741647
  0.77395254129502566  0.79381235075439827  0.83011278407872935  1.00000000000000000
 -0.04122564005054719  0.17772657971454836  0.22246637929528751  0.24669903614707064
  0.26397371358192895  0.27799191655305039  0.29020404275727429  0.30107160947920913
  0.31088763665976238  0.31994622997599587  0.32829521763727293  0.33587782845897929
  0.34274054124545916  0.34918546437882569  0.35537530450895599  0.36126607671829136
  0.36696094460890433  0.37245788334209345  0.37778781193915112  0.38299566817646247
  0.38808766888342017  0.39301782161229148  0.39776941678200989  0.40237458878919341
  0.40691961513855252  0.41142674951470759  0.41585574082043575  0.42023386145947556
  0.42451734532483804  0.42864536674964437  0.43267163407280879  0.43665612793834679
  0.44064132273860490  0.44468665761238874  0.44876494251294063  0.45278756880896148
  0.45677011059622530  0.46070148416488776  0.46456570793251400  0.46834014312336036
  0.47211176491898149  0.47590133122866707  0.47965096195628948  0.48340090153728266
  0.48718378890200187  0.49096475133835338  0.49475557928599528  0.49843934828958303
  0.50211726060532058  0.50584912648963354  0.50960076317036151  0.51340476782683075
  0.51721967663076807  0.52105583248205711  0.52494924151133049  0.52880284716076342
  0.53262815877338865  0.53649416643291803  0.54029448441981376  0.54407985716720142
  0.54792478226366659  0.55189950881215477  0.55599012848377560  0.56012676852228316
  0.56431108601940294  0.56854097927856340  0.57275173146131719  0.57695044934120054
  0.58117613308875737  0.58541107434107609  0.58972209632643469  0.59420960377132337
  0.59879386397683643  0.60339508513455520  0.60809815383975641  0.61290638645674744
  0.61789039452109129  0.62299287923869318  0.62825337269057968  0.63368995738866019
  0.63930783911209310  0.64516555988549229  0.65135764802611584  0.65782804403007544
  0.66465028641255708  0.67200060480151080  0.67996775226921724  0.68861196982599182
  0.69809085378927138  0.70860447873815136  0.72061639336831407  0.73503151180779736
  0.75292423981107326  0.77721237272524490  0.82127317786560616  1.00000000000000000
   3.1282159258646091E-011  -1.0000000000000000     
 F F F F F F F F F F F F F F F F F F F F F F F F F F F F F F F F F F F F F F F F F F F F F F F F F F F F F F F F F F F F F F F F F F F F F F F F F F F F F F F F F F F F F F F F F F F F F F F F F F F F F F F F F F F F F F F F F F F F F F F F F F F F F F F F
  <DiscreteSampler_grid>
  grouped_processes
  1 # 1 for a reference and 2 for a running grid.
  10 # Attribute 'min_bin_probing_points' of the grid.
  1 # Attribute 'grid_mode' of the grid. 1=='default',2=='initialization'
  0.0000000000000000 # Attribute 'small_contrib_threshold' of the grid.
  0.5000000000000000 # Attribute 'damping_power' of the grid.
 # binID   n_entries weight   weight_sqr   abs_weight
    10   10   1.383132294073684E+001   1.463878027145388E+003   1.383132294073684E+001
    16   10   1.383132294073683E+001   1.463878027145387E+003   1.383132294073683E+001
  </DiscreteSampler_grid>
