  0.01454997867961669  0.01485772993162238  0.01505205022558327  0.01525080410362163
  0.01549205026314309  0.01572098022363224  0.01594584642877934  0.01616209299426159
  0.01636807270536813  0.01656298184936942  0.01675598648019716  0.01694457267222736
  0.01713861149166995  0.01734847397368332  0.01756327387874675  0.01777086757413134
  0.01796887029411679  0.01816550291355203  0.01835850994727794  0.01854904431530173
  0.01874686174671381  0.01895923579914044  0.01918347728654007  0.01940254015440495
  0.01962125249109042  0.01982865367899082  0.02003238057997567  0.02023642622812218
  0.02044192672725881  0.02064914444775773  0.02086556854212149  0.02109546082442424
  0.02130932020718345  0.02151751272858517  0.02172046048224559  0.02193731330299011
  0.02217020263102800  0.02243017876798101  0.02269588089682123  0.02296048416639258
  0.02321925117627216  0.02346753588297399  0.02371270190078337  0.02396278241463223
  0.02422047737000431  0.02448464447078591  0.02475406984262265  0.02503785355877619
  0.02533564567235118  0.02564803792242141  0.02596224581844243  0.02627655011533390
  0.02658010624852272  0.02687411569913386  0.02717996242584034  0.02751789934825570
  0.02786525639589204  0.02821131158746799  0.02854284703809186  0.02887232066079919
  0.02921316775539647  0.02957083909294669  0.02993182082435673  0.03028904509727161
  0.03065810326485890  0.03105259952893629  0.03149019835691862  0.03195560365159952
  0.03242241752386078  0.03293798314129552  0.03352372726768891  0.03410502242941316
  0.03467498953841267  0.03527662687758130  0.03595232165622324  0.03676015018351488
  0.03764870436117337  0.03854884462576342  0.03947786001831403  0.04044968251107637
  0.04147109560910262  0.04254462735578157  0.04372756820587659  0.04511551600826055
  0.04679724461865700  0.04867938755001606  0.05080479817501505  0.05301658557684159
  0.05552645092612287  0.05866019373070486  0.06271080136806917  0.06869653522415327
  0.07863001423019490  0.10330386013912227  0.69814158640139434  1.00000000000000000
  0.05847650113094113  0.06048886475782465  0.06255543021157162  0.06458168806236868
  0.06692093351839615  0.06909805162252544  0.07102401129002413  0.07287242587091659
  0.07474838774382432  0.07655292746613743  0.07829589884899558  0.07997998652027516
  0.08161769415537547  0.08331821323878016  0.08512630915926984  0.08673765381026743
  0.08825197769718506  0.08982275118160500  0.09142344758639026  0.09306123432275758
  0.09469491684019370  0.09628195175153258  0.09780990144749582  0.09932450433023715
  0.10087271622401112  0.10240642270984739  0.10385816686850753  0.10525514942373151
  0.10669386665501597  0.10819952855702117  0.10966754077932821  0.11110117340108203
  0.11247275775274627  0.11388993859102362  0.11535891649154618  0.11683042956161234
  0.11834388304565678  0.11987503899278056  0.12151478246255676  0.12329878891329055
  0.12501086513156243  0.12656690248695865  0.12814670644873116  0.12970726629899076
  0.13125516798808756  0.13281226103837956  0.13442660995256958  0.13617537586822745
  0.13798272762004191  0.14004977952973496  0.14214229593701899  0.14429813859728530
  0.14648572429611742  0.14866561585104615  0.15083379857985046  0.15290214272845568
  0.15487985460816711  0.15698144650761914  0.15919624436059435  0.16154909985065466
  0.16401301885416555  0.16649821818701230  0.16885541057675768  0.17096985802786063
  0.17303245361307307  0.17518556714106129  0.17746033726031818  0.17989318004899707
  0.18243997704268552  0.18503018347835334  0.18783167374210011  0.19089055035378602
  0.19409185543690080  0.19735165538816510  0.20059068073606934  0.20370365868119061
  0.20664574196347005  0.20934735731307777  0.21210536291181431  0.21531028557756945
  0.21915027959463707  0.22349721466971190  0.22826177701222414  0.23368799266885676
  0.23954272520240455  0.24546539662207140  0.25170614422202714  0.25847858780919597
  0.26625426488974036  0.27782813156444019  0.29256204897570193  0.31027885957237378
  0.33130802375763069  0.35551067365729766  0.39743504056654222  1.00000000000000000
  0.00017730672580819  0.00037174816072647  0.00046137674051029  0.00053007391232604
  0.00059851820028424  0.00067751024304271  0.00075475177930055  0.00081905744926159
  0.00087784861886589  0.00093492702334995  0.00099400145340460  0.00105475786881482
  0.00111874959110078  0.00118515451376843  0.00125465293108094  0.00132117461554302
  0.00138410877774848  0.00144693868458060  0.00151225505493141  0.00158106270725928
  0.00165538177089927  0.00173457731861908  0.00181420547984265  0.00189828780084913
  0.00197527316109234  0.00204762264220697  0.00212091103983325  0.00219949323383687
  0.00228595661502077  0.00237491458243077  0.00247135144748136  0.00256693660022634
  0.00267134214423372  0.00278824796365109  0.00291192464425357  0.00303678199104143
  0.00316119193758721  0.00328498358488631  0.00341162749470116  0.00354530162498133
  0.00368877286317140  0.00384616260151576  0.00402076311177998  0.00422770650015394
  0.00443200950040914  0.00462763885313361  0.00483631693135908  0.00504927408365824
  0.00526600632012609  0.00549268270771791  0.00573108492269709  0.00598056447482154
  0.00625037591533312  0.00654098815798692  0.00686206353313662  0.00721007450585647
  0.00758294068533798  0.00799305465565636  0.00845073263695756  0.00896250327837107
  0.00945578691917005  0.00996313310128788  0.01049744666566662  0.01106976779275053
  0.01171089548386085  0.01235731484082581  0.01305447263821026  0.01379635504587761
  0.01455623772272491  0.01540637477838228  0.01628174411294181  0.01721793239916230
  0.01824960849976186  0.01940872043990857  0.02056878474873382  0.02172328456371374
  0.02291519554167593  0.02417127208811745  0.02549230802699490  0.02694876186383735
  0.02865031091648542  0.03059587562975162  0.03272714548707460  0.03505215851306855
  0.03780266022340489  0.04127007587375202  0.04542521352855431  0.04957906259582760
  0.05359432283544909  0.05802300096423093  0.06363175774677615  0.07122784436843778
  0.08390399170666039  0.10923800055226150  0.14836802642728655  1.00000000000000000
 -0.01099928508649537  0.05570614918298458  0.08652702517997506  0.11332762050672807
  0.13925825791011462  0.16166359959430876  0.17775751667814638  0.19121129281761495
  0.20300850481043906  0.21460631541323041  0.22556184220552719  0.23583921902933455
  0.24587446750752753  0.25670351437352601  0.26855191120508315  0.27999062339037434
  0.28922808123704496  0.29688634418445536  0.30369794910495507  0.31008595081829310
  0.31680394360811026  0.32328427884803357  0.32969448784431371  0.33594823103439708
  0.34229312428555775  0.34902610896073383  0.35567094092970725  0.36184990262176053
  0.36763332642027902  0.37313693022795841  0.37907521030031877  0.38525378476308914
  0.39145144609483323  0.39771863863756057  0.40401656790233981  0.41025911172610507
  0.41641093148418112  0.42244050174295605  0.42852609196385139  0.43422871162903459
  0.43976534463783656  0.44512889676993439  0.45031833787362352  0.45547338208166377
  0.46073848036617193  0.46603506937513883  0.47126400693863701  0.47652496107835879
  0.48187967900138556  0.48730981773557502  0.49248978205671434  0.49770389851407221
  0.50273550845239379  0.50776281402941370  0.51291894169145469  0.51819405089055459
  0.52350448145189710  0.52868824303753725  0.53383283679937454  0.53905686916319950
  0.54426021125035584  0.54962644109361791  0.55513451817944670  0.56092750341254705
  0.56712275385459598  0.57345395984671166  0.57963124173573966  0.58582334398939384
  0.59249170511741267  0.59912335185818399  0.60593935332701065  0.61275979018318349
  0.61965418511232329  0.62689710113460051  0.63442423270470349  0.64236380141361360
  0.65049740927577582  0.65830852003375051  0.66612896464096538  0.67392402180096755
  0.68199858924624945  0.69084551389334170  0.70044054819438772  0.71054521516097535
  0.72119902399905134  0.73293618056937693  0.74602434767374981  0.76029579397256686
  0.77630411959311063  0.79434966452964750  0.81353229429708973  0.83332877749733703
  0.85722205303435228  0.89019052922789188  0.93757594383524112  1.00000000000000000
 -0.00249063819330336  0.00972547720852524  0.02086211428310228  0.03106482874833745
  0.04184874898850106  0.05245777890131784  0.06503211458373369  0.07485027362012600
  0.08425847129053117  0.09335072251752415  0.10365904869936944  0.11371905850236504
  0.12332129071088330  0.13297453956750799  0.14301035422660677  0.15343332064375603
  0.16438906461168951  0.17514222654930403  0.18584221374079363  0.19680648599785658
  0.20930290332393595  0.22123773054789650  0.23284670469394306  0.24397851465426895
  0.25508790275059379  0.26662507168676247  0.27833731799856598  0.28994138453684842
  0.30107525679365349  0.31159386055700067  0.32127882818215425  0.33044176211956794
  0.33972663913831280  0.34908838968772982  0.35875178735754443  0.36828811111813153
  0.37879330517533161  0.39041537543864219  0.40190231842184954  0.41288466094384241
  0.42332468663369671  0.43327629505701742  0.44342111989156296  0.45449152365217937
  0.46609939505732384  0.47689876488286675  0.48695008115523053  0.49684396926399882
  0.50706785884534167  0.51791507521719060  0.52886770970017161  0.53946621090332314
  0.55006132122590934  0.56114437866350697  0.57249234539362737  0.58379728450667123
  0.59466669491824198  0.60544224487991705  0.61568672299372962  0.62586692037098435
  0.63623857712548781  0.64721037437080364  0.65896232867501470  0.67103165041724999
  0.68279413722086379  0.69376828538067614  0.70465932298016720  0.71575547384303173
  0.72730582996407378  0.73921417370339926  0.75111081196114438  0.76216617487957294
  0.77230650548520507  0.78218452595545462  0.79222494674486843  0.80271463702134627
  0.81342061014167644  0.82413836060939349  0.83475732184373708  0.84513589949981849
  0.85562779375177833  0.86593903905216951  0.87601406905815826  0.88613419101862279
  0.89650885757576604  0.90768109905837979  0.91868562644174279  0.92848582330692042
  0.93765140359415400  0.94664266573295686  0.95570051169284820  0.96441119429398692
  0.97262039077017226  0.98107222160342855  0.99035357807289826  1.00000000000000000
 -0.01108168181256644  0.06028042162376919  0.10809385499691469  0.14377679380123998
  0.17289788838096312  0.19631157651148576  0.21557669364573601  0.23311892695529782
  0.24900872624977599  0.26324065636730537  0.27565537190864559  0.28680304199686324
  0.29682753246382504  0.30584763514595964  0.31456696224056696  0.32331580908976715
  0.33197605711005035  0.33981229453411643  0.34694493825691713  0.35401077437110035
  0.36154400496630984  0.36908360945148894  0.37647027486012219  0.38322206316597035
  0.38984817347926176  0.39627867757510576  0.40250258990046828  0.40864263174392917
  0.41476954385064346  0.42080923998161129  0.42669904429255573  0.43252973493082958
  0.43863831243962464  0.44321428484840292  0.44807097053591682  0.45283315163590104
  0.45756590494900867  0.46231760847378922  0.46700068635795011  0.47153972463576760
  0.47598242369684834  0.48029411006210443  0.48452738077393182  0.48878268515888157
  0.49303013812995605  0.49726224511790051  0.50150094248067945  0.50568861334747794
  0.50984225444806297  0.51398584619771892  0.51833587859096031  0.52310982772660708
  0.52808889247094237  0.53296467403899528  0.53774139142068078  0.54262691081956993
  0.54802595556302169  0.55342843826708088  0.55841098541155643  0.56324392391460498
  0.56797163023776742  0.57265201510026320  0.57742698700808814  0.58231740322923298
  0.58737744066293351  0.59268537953453360  0.59830896869057426  0.60405627786290672
  0.60997095028322124  0.61571380897098860  0.62143521653185807  0.62741713583855907
  0.63366565262316277  0.64013962670020885  0.64660538967573855  0.65301008982935305
  0.65954929233473636  0.66645233293289574  0.67393984950432040  0.68198596305857673
  0.69061605032386875  0.69925745871867973  0.70792928017410606  0.71670670410592363
  0.72618069952425812  0.73644403070345643  0.74797377023283484  0.76125015870879298
  0.77604368132505275  0.79228246201231411  0.81070032538216608  0.83120986391978013
  0.85657157465850642  0.88880323758759261  0.93582601149355860  1.00000000000000000
 -0.00258746401162164  0.00919675410429104  0.02004420711175143  0.03132458117382791
  0.04275405158334700  0.05376744016579773  0.06458699785854144  0.07577481078343899
  0.08750721714025370  0.09873342390110025  0.10936348715323695  0.11994019860845008
  0.13069398127085119  0.14176122520647350  0.15304180460805866  0.16458919759797819
  0.17593930281216177  0.18730805504170528  0.19765709764970957  0.20706115791881272
  0.21632233687792973  0.22571212283075509  0.23678280157808493  0.24863980836334393
  0.26062126880883718  0.27289476853487932  0.28432614260419703  0.29540942893857419
  0.30632407186382909  0.31717938230677489  0.32810793816017053  0.33872494169453615
  0.34908697830226981  0.35919976309505314  0.36897746880909332  0.37875846299472538
  0.38809458333480051  0.39772156946510129  0.40780623073111166  0.41740000680179024
  0.42665212835127669  0.43634893261899743  0.44603570053929037  0.45533165842742951
  0.46409606764955791  0.47303702286842814  0.48229205124938651  0.49167674379301551
  0.50189487029945379  0.51200864828578563  0.52252138680056248  0.53220745234868605
  0.54148170177812960  0.55136777383357150  0.56152741140987905  0.57159511015331810
  0.58227675811322965  0.59353949125806360  0.60490827365277955  0.61568172578455427
  0.62605482583286332  0.63597964276399244  0.64576688507164515  0.65557851774320886
  0.66558330573671787  0.67650513557649672  0.68661402508766323  0.69644786005337478
  0.70676571346000183  0.71844461158697026  0.73040715997242800  0.74162691210946241
  0.75255976851158268  0.76419179749518407  0.77604839943970383  0.78778336618340572
  0.79943598055848830  0.81090088295241169  0.82120702548683677  0.83042323670644069
  0.84022366450048480  0.85036148948355661  0.86041061727422841  0.86989421129265954
  0.87952036930827249  0.88981442122540333  0.89990527923734354  0.90990029004707895
  0.92046640935840218  0.93157464642110543  0.94244381191378457  0.95274128788951851
  0.96264056601975256  0.97352090589361295  0.98552641102395544  1.00000000000000000
 -0.00269014314210190  0.01015546810715344  0.02094885594170745  0.03095807643668980
  0.04114046421642459  0.05147230916204537  0.06158393191428838  0.07177315002534199
  0.08160056608892557  0.09349036098456488  0.10504802352666463  0.11606459393220468
  0.12711372539114385  0.13832314909390786  0.14971297127151240  0.16099753825963059
  0.17159526859286375  0.18114600028308878  0.19022632576292417  0.19923319740143125
  0.20882743917267535  0.21913862312676471  0.22974743448518864  0.24122046663161753
  0.25216096293188967  0.26220284184962889  0.27242927280645152  0.28275649290600996
  0.29300452128334453  0.30252540070298484  0.31207495640018817  0.32259115338394317
  0.33364985592015661  0.34379393171180023  0.35421249983550745  0.36542584734097788
  0.37705170840638480  0.38720335049859983  0.39739885793152441  0.40743264235165888
  0.41772672603149447  0.42761710245217294  0.43690553126944670  0.44689830565455824
  0.45808020705215080  0.46994272004511878  0.48224455664746374  0.49382565102994647
  0.50477516094098129  0.51546754487512580  0.52650070126873438  0.53801887006562676
  0.54946034397117105  0.56091457040147097  0.57263623901785099  0.58460165274454179
  0.59647697229375995  0.60801546407138307  0.61921589241242603  0.62993235763632260
  0.64053829062166667  0.65115306557977126  0.66220700010451461  0.67414361581459403
  0.68602465993481432  0.69707766594531795  0.70711598004306186  0.71655434255798389
  0.72616986035554387  0.73619020385010714  0.74611500877283476  0.75589010283932201
  0.76605240074056624  0.77716850619233535  0.78876116210590219  0.79989658218640203
  0.81043929200127929  0.82043417728673529  0.83029748722661867  0.84012760974852696
  0.85032321624854690  0.86057905194761175  0.87084274134712658  0.88103572408578479
  0.89101537531207231  0.90047683666462142  0.90936858066964055  0.91833927912554436
  0.92787829305245650  0.93757704270061548  0.94689953822403294  0.95478654668592555
  0.96476816940851218  0.97574175178517808  0.98799641645530645  1.00000000000000000
  0.10744587994746717  0.21553899787805983  0.25722729353404994  0.28264939936172406
  0.30357700119294240  0.32121595457840890  0.33786885710812048  0.35245447848140010
  0.36552496159567538  0.37739358401046658  0.38844210432438797  0.39910410077040143
  0.40858771949911227  0.41740548480326634  0.42592110628329666  0.43421488733520963
  0.44202374002729089  0.44913582664830021  0.45631381486686767  0.46343326915611488
  0.47013570330071275  0.47648428399053566  0.48231188082906029  0.48801088265809972
  0.49382708399234337  0.49962884930666873  0.50533554593472940  0.51085841650271058
  0.51613968148369538  0.52130501389606998  0.52646464868529519  0.53153564977873557
  0.53690235905976114  0.54228670523241718  0.54730234846959591  0.55186748626229865
  0.55623533007385417  0.56079971569465581  0.56567769227607212  0.57101329045304983
  0.57650333579290547  0.58181288128771458  0.58661392421183911  0.59111499858223582
  0.59588945190130871  0.60043006845231928  0.60472943874597973  0.60908137647826854
  0.61341873583719142  0.61780565605899374  0.62225898404281232  0.62667553240746943
  0.63093862680242008  0.63507360167822280  0.63915188973905246  0.64313039464504240
  0.64708009460639171  0.65117468716502458  0.65538936962068794  0.65964053868248040
  0.66382174488250667  0.66782999570841706  0.67174676416458290  0.67569672027280359
  0.67968732324302195  0.68364714373288904  0.68758400025994437  0.69156610455651601
  0.69556186888481120  0.69982199410087864  0.70403221612018108  0.70838333736826331
  0.71275861774690552  0.71723763232155169  0.72164445352229445  0.72619140799806514
  0.73105674421182321  0.73588662412303740  0.74057132007693127  0.74527118424889649
  0.75008911231098752  0.75520744682190455  0.76060903270423175  0.76605744417766464
  0.77150443271968328  0.77724089387235484  0.78345069130898048  0.79025901112640462
  0.79775246367701580  0.80582941256213858  0.81475698795830465  0.82548019904129699
  0.83850507946795971  0.85586148561075615  0.88608811569286872  1.00000000000000000
 -0.03057481518751464  0.14977855090832137  0.19792135490364340  0.22565339848266563
  0.24577321131524538  0.26245283855562185  0.27708664776347902  0.28925793998373717
  0.29956138241992414  0.30860904175516074  0.31705204650169344  0.32486204177154188
  0.33235765306831816  0.33928872457438025  0.34585284429869695  0.35245783883640980
  0.35892625402622391  0.36548692996243826  0.37150962654975883  0.37733965211899290
  0.38271143837323779  0.38797719489742488  0.39315139022170176  0.39826201200077133
  0.40310386487629829  0.40751715491983914  0.41175055331196775  0.41588467956540059
  0.42008965650282470  0.42450919917336505  0.42885577594643487  0.43304481586163057
  0.43710423303268631  0.44111041502389831  0.44518588391280700  0.44924018211462019
  0.45352880377316312  0.45770126337196804  0.46201238664376021  0.46614378428010561
  0.47018765761320869  0.47394478149066122  0.47770788214542115  0.48163259328164126
  0.48571194490059705  0.48977016572590565  0.49388613503108525  0.49809480338163342
  0.50241965360662222  0.50668513169542961  0.51081531365078559  0.51489298208545209
  0.51906310044901838  0.52342633966906260  0.52799230638917527  0.53272534935279947
  0.53764497285235846  0.54217925329711247  0.54640184252887480  0.55039924207932489
  0.55454267702882931  0.55894541907087225  0.56391538456905610  0.56891269800355382
  0.57329573505813503  0.57739479055700393  0.58136985366658345  0.58527446638046343
  0.58922776376436492  0.59347551872265036  0.59797111020348770  0.60257559892949897
  0.60709834335527213  0.61152824193580346  0.61596499683389683  0.62051321279978899
  0.62594333482122189  0.63208733205040568  0.63855623516148141  0.64548339574609337
  0.65318727297551138  0.66140948976580449  0.66942001793156702  0.67714800441652001
  0.68508447405663708  0.69317509615407702  0.70129342843928777  0.70958125086461599
  0.71833663067104714  0.72774316666979244  0.73936634330584550  0.75329391935682488
  0.77109609900035014  0.79611549839363549  0.83946537398098564  1.00000000000000000
   3.2802089126692049E-013  -1.0000000000000000     
 F F F F F F F F F F F F F F F F F F F F F F F F F F F F F F F F F F F F F F F F F F F F F F F F F F F F F F F F F F F F F F F F F F F F F F F F F F F F F F F F F F F F F F F F F F F F F F F F F F F F F F F F F F F F F F F F F F F F F F F F F F F F F F F F
  <DiscreteSampler_grid>
  grouped_processes
  1 # 1 for a reference and 2 for a running grid.
  10 # Attribute 'min_bin_probing_points' of the grid.
  1 # Attribute 'grid_mode' of the grid. 1=='default',2=='initialization'
  0.0000000000000000 # Attribute 'small_contrib_threshold' of the grid.
  0.5000000000000000 # Attribute 'damping_power' of the grid.
 # binID   n_entries weight   weight_sqr   abs_weight
    10   10   3.307362061704407E-002   4.667082244387203E-003   3.307362061704407E-002
    16   10   3.307362061704407E-002   4.667082244387204E-003   3.307362061704407E-002
    22   10   3.307362061704412E-002   4.667082244387207E-003   3.307362061704412E-002
    28   10   3.307362061704412E-002   4.667082244387207E-003   3.307362061704412E-002
  </DiscreteSampler_grid>
