  0.05304853949857436  0.05339642759278384  0.05391532142667114  0.05419168360269493
  0.05453561234434786  0.05493745990013365  0.05530676311636997  0.05566038756875621
  0.05600559629622456  0.05634432316870162  0.05667935824186426  0.05701692678575816
  0.05736669548318803  0.05772321567642012  0.05807522712215889  0.05842639815215096
  0.05877890516196995  0.05913184114157139  0.05947770775109371  0.05982862915369195
  0.06016989128947749  0.06051044809300647  0.06085438465838919  0.06119681570888414
  0.06154404513376197  0.06189774920652377  0.06225475560658814  0.06261151144898913
  0.06296733093967560  0.06333718888799647  0.06370432315432026  0.06406378266923629
  0.06443169137540244  0.06480289574237721  0.06517279278703887  0.06554980383614580
  0.06593377576913825  0.06631020218062389  0.06670144036404660  0.06709547321294014
  0.06750205575771580  0.06792478065677468  0.06834980309542357  0.06876430768763420
  0.06918694028164608  0.06961090677506657  0.07005210892841188  0.07051793637886081
  0.07100283252907157  0.07149949384638231  0.07201126004403212  0.07254289417269702
  0.07309083088816527  0.07365919222906277  0.07423094556243967  0.07480427407090633
  0.07538854441446233  0.07599018370130411  0.07658520456724069  0.07720494002671824
  0.07785554887092647  0.07854494493939546  0.07925475006148752  0.07998391782914084
  0.08075851978782488  0.08157933855207994  0.08240919272215939  0.08323930191721525
  0.08408996984363545  0.08495354727165794  0.08589997791926149  0.08700822130943013
  0.08821881265285857  0.08949162214232978  0.09086141417655551  0.09220055068019746
  0.09366878760907461  0.09517552083282192  0.09676823693624921  0.09836239858212624
  0.10003615011367156  0.10181902982188733  0.10379800910866822  0.10598518221963288
  0.10849665626767430  0.11134295168422773  0.11462664337672360  0.11875730482761579
  0.12316499671225525  0.12810187836637338  0.13449481564639351  0.14462172582165717
  0.15718394190605758  0.17498094935981742  0.21469505454148022  1.00000000000000000
  0.05919482014054658  0.06272942671149181  0.06470865547917769  0.06666986274780744
  0.06844857072471672  0.07002400204027696  0.07152158776512040  0.07299553323022639
  0.07448982693851809  0.07604029053209041  0.07759938227966039  0.07914902025032305
  0.08070823163112166  0.08229565305738698  0.08376784779095126  0.08515198748845608
  0.08655188426397484  0.08796312700200877  0.08938908528066469  0.09081533668458378
  0.09227016340588032  0.09370491882825333  0.09509292003693481  0.09647424066503521
  0.09783957468881531  0.09920098744624485  0.10050218379760890  0.10183363407923415
  0.10319771409961769  0.10457780141859002  0.10594610365850948  0.10725774638341079
  0.10861118863095114  0.11002249969517987  0.11148758983312100  0.11300874908313105
  0.11453053428807694  0.11601451799610063  0.11760249832838808  0.11922269027340417
  0.12081329475852257  0.12236539362932743  0.12391811349953133  0.12547466150182188
  0.12700255158571991  0.12853903687024493  0.13010149679706631  0.13164561244562206
  0.13320202480631929  0.13483483730661830  0.13647888352087240  0.13814689403572902
  0.13986940134569562  0.14160565836462996  0.14338912560210790  0.14521743484663327
  0.14707908273256279  0.14891843289660645  0.15079576291529892  0.15266717870584962
  0.15447705983456489  0.15635748773052796  0.15821020882716763  0.16016205559743374
  0.16227617235009226  0.16449182242040883  0.16674785846570023  0.16900441679810230
  0.17139868674483250  0.17373827912295248  0.17640015939392664  0.17929495844809237
  0.18232933624214279  0.18533565623178896  0.18830971962258533  0.19140312251143984
  0.19464476337703568  0.19825488215127512  0.20208707611876975  0.20607026358564856
  0.21014500549145620  0.21442594757949746  0.21952915426159347  0.22503283493946627
  0.23086340894175583  0.23733603204781756  0.24381930520676581  0.25158928894822036
  0.26087495161868507  0.27238451730385904  0.28654737179624717  0.30360572673943043
  0.32621560911283787  0.36479404181353525  0.93616276243449681  1.00000000000000000
  0.00024192451347712  0.00030265041017479  0.00035011716646823  0.00039041948604203
  0.00042499472492546  0.00045709563871440  0.00048893794805170  0.00052005014866868
  0.00054799200302860  0.00057558537229863  0.00060340803139679  0.00063104455831289
  0.00065882129732506  0.00068610095530949  0.00071331421030032  0.00074215272186780
  0.00077187690191821  0.00080275523493936  0.00083508592674993  0.00086744144031499
  0.00089992337273966  0.00093378716512436  0.00096743226124096  0.00100617783079681
  0.00104876810745396  0.00109239775195805  0.00113853317542152  0.00118473177807479
  0.00123075098826722  0.00127717619003516  0.00132400282116518  0.00137157872624454
  0.00142082934142568  0.00146996754878166  0.00152207842213659  0.00157541365374861
  0.00163095264019576  0.00169231378887241  0.00175810829107355  0.00182574596491325
  0.00190089288327334  0.00197515119842749  0.00204866453606824  0.00212442255660325
  0.00220094438269239  0.00228225649344089  0.00236445849073276  0.00244933280203716
  0.00253828011282823  0.00262867562986229  0.00272763868430201  0.00283368948687323
  0.00294299876957345  0.00306974830658328  0.00319656608192408  0.00333409186978277
  0.00348902745493367  0.00364517602978381  0.00381395214355223  0.00399162295536826
  0.00417751621020138  0.00437165615388361  0.00457776377889240  0.00479379468913453
  0.00502717701110127  0.00528487026957376  0.00556211964380764  0.00586575822616414
  0.00619332672836233  0.00655369461967332  0.00695889481881811  0.00740406637706138
  0.00788261724807435  0.00838334266201276  0.00889778343510879  0.00946598783523688
  0.01011495552482121  0.01084915082314225  0.01166377730273742  0.01256354425073505
  0.01354165192790934  0.01460126335618472  0.01581046437413882  0.01715679842507385
  0.01870789910123489  0.02069172901443556  0.02296243781483391  0.02563552142379401
  0.02882457261304215  0.03301213724505584  0.03928998028566023  0.04751915739068693
  0.05959568260404892  0.07964436829341587  0.13939642118550621  1.00000000000000000
 -0.00216483350133629  0.00830504935134237  0.01714454202439913  0.02656986523473043
  0.03578024884849904  0.04555631677836062  0.05560618770771462  0.06658885897925421
  0.07723701059319758  0.08797123762883839  0.09843677202002769  0.10877509693711815
  0.11956964565396805  0.13008138574501577  0.14028231876951724  0.15006886478831119
  0.15966168034934020  0.16964615503728570  0.18000288961888683  0.19063740689062622
  0.20158009481591446  0.21270804066346069  0.22385668865710390  0.23481909411803051
  0.24594409871793874  0.25805932516313740  0.27074911678222668  0.28297989170337789
  0.29490147599151950  0.30693988327957827  0.31959340599849761  0.33207765005148299
  0.34369536986399934  0.35471065888355285  0.36601848990584190  0.37707472173613910
  0.38802087348175796  0.39937108783196523  0.41146728661334342  0.42278267709702161
  0.43316885819579681  0.44331487750180976  0.45365545275788483  0.46405102227138273
  0.47459580330511575  0.48549763749989200  0.49674612619501402  0.50790922149137641
  0.51946439069283001  0.53174080240178256  0.54422237339226276  0.55634652249710870
  0.56764401891351046  0.57854005167011568  0.58817628911320785  0.59777208125206305
  0.60757795520419333  0.61825965721651832  0.62965855656937531  0.64145218289565353
  0.65301458117361522  0.66407528456712628  0.67496154519496088  0.68554606119969708
  0.69616204188354269  0.70688985658188430  0.71767644001860031  0.72852057976052398
  0.73957062110751937  0.75018882436660295  0.75987384027413918  0.76934682012313516
  0.77924478569950206  0.78922740712804784  0.79868119578540686  0.80759065484957937
  0.81715332369216942  0.82700720292587193  0.83741405156710425  0.84751446202713310
  0.85752669131245984  0.86662578356963860  0.87597623612339148  0.88535499807283513
  0.89460024074908406  0.90344914542428323  0.91212316765202239  0.92106852874090539
  0.93132321917367433  0.94118263645578726  0.95058087431775062  0.96007460064722361
  0.96998105522329237  0.98048589884742154  0.99010578104628255  1.00000000000000000
 -0.00254937347893580  0.01014079771330770  0.02108861521402627  0.03199536110165056
  0.04257935616045825  0.05239118716882887  0.06215966890388278  0.07230449351335076
  0.08247079659488260  0.09293048307156655  0.10297089406722001  0.11374997358096682
  0.12469993391784233  0.13552224482717215  0.14623566882957159  0.15652399737298917
  0.16670687604084120  0.17696504362658499  0.18760569564300680  0.19859300285953743
  0.20964081082014593  0.22047078448022855  0.23145553514172912  0.24257618806914188
  0.25297591490667509  0.26261342193367665  0.27248258018900956  0.28276381792584449
  0.29344408076028289  0.30386516561400290  0.31477988754428660  0.32617904624860466
  0.33751635251882378  0.34847876726419624  0.35886787524503083  0.36883029157438307
  0.37843318644310325  0.38751284289487797  0.39665810850639105  0.40596630376640175
  0.41549567404543092  0.42464973692588603  0.43344657625958866  0.44275986629937952
  0.45272527465979195  0.46321237973434765  0.47392364932320091  0.48502177840272820
  0.49639405834447314  0.50733244635079711  0.51831968688936281  0.52935849909415156
  0.54008075827907620  0.55090927124458311  0.56162178589435607  0.57228493386958412
  0.58307764275216145  0.59367794469445245  0.60403170582298626  0.61394982955680433
  0.62381859960177044  0.63384018210705539  0.64398211815387507  0.65440008407270289
  0.66525856136948436  0.67609637672762823  0.68700301125939878  0.69780903681314743
  0.70868423666106606  0.71957446608214881  0.73107265384728515  0.74286798966248180
  0.75433009860470845  0.76545837151223350  0.77651189115288577  0.78773833020570716
  0.79932569296170808  0.81098380600848008  0.82240575668127736  0.83354398144229003
  0.84464739392679700  0.85525650806521070  0.86542570925532036  0.87572201874186084
  0.88611587501586819  0.89633818499815654  0.90627939847782613  0.91617684091701690
  0.92635168169050075  0.93626396560995240  0.94629577533666454  0.95646167521962921
  0.96689971053012602  0.97782418828928264  0.98889285937097438  1.00000000000000000
 -0.00491980539839598  0.02983710615228516  0.05188776933196106  0.06932929822846957
  0.08471306391637969  0.10059400440965888  0.11755128089488169  0.13482467826469313
  0.15127983389004090  0.16622067340611291  0.17973751707632990  0.19209207198243100
  0.20416421864280912  0.21654698099542877  0.22926813630932663  0.24209418645416494
  0.25494236952087329  0.26760507666257877  0.27917106124541363  0.28962482228917114
  0.29957043043627946  0.30944281470636026  0.31906409922842416  0.32808921323463519
  0.33716293195574626  0.34652405316492768  0.35622072270645549  0.36600351528837155
  0.37605863658090932  0.38615740899146106  0.39591799080101570  0.40526502387732849
  0.41431323168970596  0.42309863106343132  0.43226208837717800  0.44152863519350799
  0.45079241544840731  0.45970684157238606  0.46824109165279837  0.47635840317067535
  0.48478368401985156  0.49341305901652888  0.50210592439375357  0.51093997278916115
  0.51958916620028672  0.52824508071535947  0.53699379814993342  0.54586751051955584
  0.55500162904190586  0.56377455600123638  0.57176916225997809  0.57942893867803114
  0.58730610950648909  0.59576944652052699  0.60442466118149774  0.61277295001977583
  0.62091276607304746  0.62919267495775433  0.63767957876317582  0.64607803002419206
  0.65400507095459981  0.66154273102310224  0.66925125739757874  0.67701656738689986
  0.68493693247861398  0.69300756997953683  0.70135746921394937  0.70994032507980565
  0.71858946279073577  0.72705663930538467  0.73536927407199071  0.74380107474869372
  0.75252209592700103  0.76165855727717247  0.77087741272294630  0.77963417265185619
  0.78849181490722231  0.79731730315731808  0.80607285392282157  0.81508148231956667
  0.82439683923754825  0.83377624749256007  0.84304355865946867  0.85221805715403709
  0.86138651809965905  0.87060586878318735  0.88024259974506414  0.89048227954959758
  0.90117209824734745  0.91183675525636898  0.92264786715100833  0.93390424275354023
  0.94580889968637460  0.96004485880895118  0.97835265651136161  1.00000000000000000
 -0.00200863905579259  0.00860813557222963  0.01806202315055600  0.02780922949032213
  0.03810043308011661  0.04894259757627974  0.05979734312418261  0.07116643419706664
  0.08247062129050195  0.09368701239812859  0.10477337786285899  0.11563402509310078
  0.12598346848350436  0.13621595132549574  0.14641159959677139  0.15696014354221441
  0.16755296669641204  0.17795936575306104  0.18850954578228518  0.19892046090073864
  0.20936997914700339  0.21927767985532123  0.22912028289769573  0.23956767343640353
  0.24993855797624448  0.26109579617236195  0.27199654375711330  0.28274251815154078
  0.29342633690768471  0.30386893210505467  0.31427872569329074  0.32377098514923319
  0.33277552166741431  0.34158878902947137  0.35015809339138126  0.35947078346648759
  0.36895261471979751  0.37822298434199586  0.38802277170447319  0.39826222643788878
  0.41050636578919392  0.42209479200431443  0.43372685867943916  0.44500967105880734
  0.45658002831317485  0.46691489116077656  0.47685187135679247  0.48701808203895414
  0.49787036912000487  0.50984625919368898  0.52199884846729250  0.53307013824665528
  0.54374931021929229  0.55398983767401544  0.56455112399237961  0.57521873623644038
  0.58621305877493324  0.59786911843206114  0.60997350158902941  0.62247481200170640
  0.63478201029126791  0.64640925268986249  0.65823016481630747  0.66996956053885737
  0.68199217838825898  0.69386804888622045  0.70521362176113622  0.71597827820756565
  0.72639916104921320  0.73681991462744389  0.74739267707170920  0.75800696845749171
  0.76796835120387630  0.77731866576832565  0.78648392868317718  0.79596780005710421
  0.80567209116120697  0.81570767548329703  0.82563031268245335  0.83563572863081559
  0.84565858511015646  0.85518923124930024  0.86480166112922108  0.87443205144351743
  0.88463629074454397  0.89540998313576448  0.90674196246590122  0.91797715731344276
  0.92847075210031083  0.93865896332469623  0.94869778496282675  0.95878473160788869
  0.96858035466315429  0.97869987232445355  0.98940604648166597  1.00000000000000000
 -0.00240001819600640  0.00960252343696839  0.01979591395289785  0.02949248204333387
  0.03924603429236710  0.04848305268844963  0.05779575258273975  0.06689097222673610
  0.07638700565611838  0.08631418905275734  0.09580055583150555  0.10536148751195049
  0.11505598687207805  0.12459026034536175  0.13395010654664968  0.14354967096212434
  0.15388449274974422  0.16471210557007121  0.17592680219735932  0.18740773964469992
  0.19909965120010947  0.21043745174254236  0.22100636935873547  0.23135027975714276
  0.24158873139147427  0.25167116575527426  0.26160397626052001  0.27195434569556121
  0.28321567406371789  0.29441794088336276  0.30499020531820292  0.31525424734499269
  0.32562550920458311  0.33588231929678919  0.34601788686507168  0.35647604166134172
  0.36713748187528250  0.37780927833100753  0.38818820163637896  0.39870871761452864
  0.40930200343591855  0.41976587019459244  0.43057001783755056  0.44139819712428441
  0.45223774130405597  0.46295629459399679  0.47351941986421159  0.48421414625547859
  0.49506750555441414  0.50549775288589793  0.51535217962093138  0.52513396254908273
  0.53521746166158723  0.54542383985589371  0.55574720165441616  0.56618592480759244
  0.57650607408835663  0.58703452008002721  0.59790702717979938  0.60884833822860707
  0.61970806332836459  0.63044708749570422  0.64110568493214959  0.65137747712451421
  0.66140443492936241  0.67177591025279204  0.68240137414699575  0.69303828727626626
  0.70334081544137450  0.71394391477884922  0.72508831529566642  0.73670798232797230
  0.74876229895457103  0.76044659858047448  0.77165234130532145  0.78243679437419378
  0.79267510849652845  0.80274059838120415  0.81298977504556436  0.82377621087826947
  0.83473331333354783  0.84568145449348908  0.85683835129002117  0.86822557276020274
  0.87921229670660139  0.88981030873215772  0.90067723057711646  0.91157987056593337
  0.92209308948148583  0.93228723137808256  0.94304052137154337  0.95487281723496065
  0.96700312956820589  0.97902742227360184  0.98963012009032647  1.00000000000000000
  0.13777602035471484  0.17937554601041383  0.20609063802356145  0.22774456527187839
  0.24646373752111916  0.26231074947588845  0.27682680399569376  0.29085662050074412
  0.30400344299520454  0.31601826863767318  0.32789922068827626  0.33906021277846465
  0.34968194255942175  0.35967455660501824  0.36931202343424369  0.37874181699174131
  0.38806328887783537  0.39715472475778052  0.40586128301251850  0.41430878267485494
  0.42249970646921625  0.43041912554796291  0.43787394587930217  0.44478754617205457
  0.45159900683963317  0.45844774436281022  0.46515534297576111  0.47179867485314114
  0.47805447217228170  0.48354350544122560  0.48869739036946180  0.49362975462444869
  0.49876164420000463  0.50430020304263845  0.51000706126136308  0.51569305564275303
  0.52129655241349737  0.52673893424373452  0.53188909715103461  0.53688765684472384
  0.54177804245580219  0.54682639675265987  0.55198602635909422  0.55729129595414961
  0.56271301051440070  0.56816923187191493  0.57353741450129270  0.57884251850539314
  0.58405833396299767  0.58913618234087395  0.59410404768279845  0.59893161251305871
  0.60363195713743156  0.60849417236269210  0.61342770419109127  0.61847524328334236
  0.62329764428598966  0.62793841215862423  0.63260005356859250  0.63730383554502690
  0.64212311173050118  0.64714806947877113  0.65215768088052140  0.65714285728283994
  0.66205831563693196  0.66677366660484982  0.67127376111846049  0.67565973247133437
  0.68000623963264617  0.68428957650289535  0.68855187352155045  0.69292518447707263
  0.69739008220330390  0.70192152913163730  0.70653565802013185  0.71117234351774794
  0.71604343436979900  0.72093969155336046  0.72613132293350580  0.73169895240398097
  0.73759312714394121  0.74357755918301705  0.74985862175970908  0.75643588527157957
  0.76323772172062543  0.77043048630617750  0.77804999107631290  0.78594460872931982
  0.79418660748312875  0.80325209755888394  0.81357303926188296  0.82551189324703533
  0.84008272672053008  0.85903284490454634  0.89182126878283308  1.00000000000000000
 -0.02273692745344694  0.13830384130233125  0.18145330648701838  0.20855020424248949
  0.22974101981602160  0.24642751956145736  0.25996987520258164  0.27170798681309416
  0.28265907669922369  0.29299429096655338  0.30254398674351907  0.31160892705980470
  0.32019760182628332  0.32831122088321235  0.33600603914300142  0.34333730746564822
  0.35039302530767541  0.35704622811644410  0.36337826901640807  0.36965329827808641
  0.37581957722668408  0.38160034104374224  0.38709290744239372  0.39236324200971323
  0.39757974312551669  0.40266105670944785  0.40761644801367780  0.41240608927368849
  0.41723324378120308  0.42215951940091345  0.42705319468079433  0.43182954408412705
  0.43650596820769616  0.44113931550531205  0.44583146163375220  0.45033537469508711
  0.45480736310089853  0.45932587878940695  0.46386863137535134  0.46841251784744392
  0.47293851378370599  0.47740348703838431  0.48167181254740882  0.48596181456373894
  0.49019885381457284  0.49453931036207782  0.49887255681373144  0.50313062161912370
  0.50741543268889666  0.51170431552647500  0.51587392694374867  0.52009624079168815
  0.52414779157200042  0.52838417721626729  0.53268554806872281  0.53701294620900597
  0.54122332176161736  0.54526615074938012  0.54922731461019270  0.55322356881488821
  0.55726091886375140  0.56121560727836151  0.56532079010798864  0.56964031868871279
  0.57424645133979502  0.57898849724286450  0.58366253405512858  0.58828138712123779
  0.59227901653979353  0.59636547540803930  0.60041756560518378  0.60477430254208442
  0.60993852977426644  0.61489730290919586  0.61990155199289720  0.62529125023530263
  0.63136748571879842  0.63777241355193470  0.64414388941513179  0.65101292749474515
  0.65827198293152200  0.66585953611262616  0.67359418198707943  0.68143699756519172
  0.68981075768843403  0.69890747324260794  0.70854196032624384  0.71889404188882156
  0.73003880853500369  0.74252111940861765  0.75711881609748310  0.77413220141075956
  0.79440346945994489  0.82086158803669096  0.86154727601792647  1.00000000000000000
   1.0844408876111685E-011  -1.0000000000000000     
 T T T T T T T T T T T T T T T T T T T T T T T T T T T T T T T T T T T T T T T T T T T T T T T T T T T T T T T T T T T T T T T T F F F F F F F F F F F F F F F F F F F F F F F F F F F F F F F F F F F F F F F F F F F F F F F F F F F F F F F F F F F F F F F F
  <DiscreteSampler_grid>
  grouped_processes
  1 # 1 for a reference and 2 for a running grid.
  10 # Attribute 'min_bin_probing_points' of the grid.
  1 # Attribute 'grid_mode' of the grid. 1=='default',2=='initialization'
  0.0000000000000000 # Attribute 'small_contrib_threshold' of the grid.
  0.5000000000000000 # Attribute 'damping_power' of the grid.
 # binID   n_entries weight   weight_sqr   abs_weight
    10   10   3.713495875511948E+000   3.712707697786475E+001   3.713495875511948E+000
    16   10   3.713495875511950E+000   3.712707697786478E+001   3.713495875511950E+000
  </DiscreteSampler_grid>
