  0.00020735141368659  0.00026977363990863  0.00030347487198464  0.00033082835539192
  0.00035402191413742  0.00037528490825566  0.00039503043646751  0.00041387196790815
  0.00043186227839736  0.00044890052820002  0.00046530941890215  0.00048130205010034
  0.00049646572515727  0.00051114041857538  0.00052599592201151  0.00054106571526206
  0.00055621014911423  0.00057119499917903  0.00058600986587390  0.00060082649556392
  0.00061565290516816  0.00063040828450409  0.00064514677676799  0.00065973120957428
  0.00067537977299882  0.00069201007300461  0.00070787859701657  0.00072402753037652
  0.00074076159014305  0.00075788681964048  0.00077548443702612  0.00079332016433715
  0.00081147449953479  0.00082985797409109  0.00084841970408349  0.00086706716313043
  0.00088565687661033  0.00090426901398298  0.00092316688968172  0.00094262648851107
  0.00096291882347678  0.00098400789842283  0.00100562717685497  0.00102771662259166
  0.00105023798973644  0.00107309083400385  0.00109639431796677  0.00112039573994420
  0.00114549604231250  0.00117164799651007  0.00119838880904597  0.00122555168211525
  0.00125302226571893  0.00128144259106764  0.00131040167591337  0.00134063260460987
  0.00137210338017623  0.00140500623233018  0.00143921964377792  0.00147481212433767
  0.00151124779176408  0.00154805002799784  0.00158514143039330  0.00162377082131334
  0.00166599003592905  0.00171179338448630  0.00175973005815016  0.00180925044326666
  0.00186050179980220  0.00191438532022325  0.00197220118178550  0.00203632076512510
  0.00210604389449852  0.00217968730262381  0.00225901681152318  0.00234497670970813
  0.00243652257674171  0.00253424419629092  0.00263945531095948  0.00275705497497946
  0.00289006830741791  0.00303949590348926  0.00320347948756147  0.00338126417544437
  0.00357769903208774  0.00380623615877537  0.00408221219418236  0.00441880974574900
  0.00483035036804128  0.00534078752036013  0.00598233596368427  0.00682865061393923
  0.00811931625125407  0.01125043302113130  0.15936570721954768  1.00000000000000000
  0.00025698499452056  0.00047642054221377  0.00066718377978397  0.00072675069268082
  0.00081184459967844  0.00088274690537580  0.00096035121332192  0.00103750189214592
  0.00111774275723448  0.00120567216264000  0.00129176355017570  0.00137028154817091
  0.00144975545054324  0.00153389633742971  0.00161960278509348  0.00170205920892873
  0.00178144307583122  0.00186516938508876  0.00195339911096856  0.00204196081477104
  0.00212875934566808  0.00221633460272717  0.00230719326725462  0.00239769237233061
  0.00248590096644220  0.00257283773424645  0.00266000824286233  0.00274902540085584
  0.00283933908068724  0.00293056247229575  0.00302478995467483  0.00312312409832989
  0.00322314796242445  0.00332074966006591  0.00341639096954902  0.00351209540767546
  0.00360902392105365  0.00370475331697840  0.00380234352904712  0.00390215088319087
  0.00400386555114133  0.00410818330784284  0.00421405767353422  0.00432098652095341
  0.00442978854730923  0.00454362160115842  0.00466513547038054  0.00478460889024256
  0.00491161305268070  0.00504532189422785  0.00517830044149544  0.00531841483890533
  0.00546434921999584  0.00561570549790271  0.00577174700754537  0.00593276350630763
  0.00609928360828898  0.00627330677834121  0.00645380781568006  0.00664050358944811
  0.00684362934445272  0.00704319388052226  0.00725463804823979  0.00747267905937395
  0.00769723974295427  0.00793344553169898  0.00818104056003468  0.00843755838705582
  0.00870578960153160  0.00899334775111528  0.00930462820712225  0.00963962196683209
  0.00999893873577175  0.01038350945892949  0.01079399883304269  0.01123464064168766
  0.01170919578176091  0.01221974527775953  0.01277234779325695  0.01337056248814466
  0.01402341955098048  0.01474255475830961  0.01555154493810692  0.01645770618647359
  0.01744039347164053  0.01854363868095991  0.01983593277968298  0.02145095666474063
  0.02343049938923509  0.02590509086213216  0.02917132501721605  0.03387367586145517
  0.04031465117826743  0.06479007602993422  0.23440944276810244  1.00000000000000000
  0.00201859733369334  0.00241234713177643  0.00273331329227553  0.00309055813296627
  0.00339906382862250  0.00369337658066034  0.00399820693321053  0.00428827621437618
  0.00455944815179775  0.00481837701432425  0.00506697532626246  0.00530578723013192
  0.00554677399111369  0.00579512160415924  0.00604457058011960  0.00629264245038243
  0.00655336553502432  0.00676695715152536  0.00694389474063773  0.00714909434864440
  0.00735764046757084  0.00756184445626774  0.00776957985772487  0.00799422487365020
  0.00822433561927419  0.00844929496450048  0.00866862156112913  0.00888435883507933
  0.00910407446007330  0.00933491881590485  0.00957556362916113  0.00981764585723241
  0.01005416457103612  0.01028212984061267  0.01050856209788925  0.01074373735480214
  0.01098603456015565  0.01123271139031140  0.01148497222553396  0.01174008685503558
  0.01199954896880074  0.01226133713075844  0.01252288323842257  0.01278989392975313
  0.01306444576617780  0.01333910420735319  0.01361408049649893  0.01389443451030095
  0.01417882458479987  0.01446878113747586  0.01476421361492636  0.01507277281932982
  0.01538745283749588  0.01571689858262704  0.01605470319834835  0.01638650909122940
  0.01670975432004645  0.01704190785364843  0.01739157974274412  0.01775560108425257
  0.01813132352029341  0.01850601860724119  0.01889052068244581  0.01931017280563994
  0.01973462545188773  0.02018231142191056  0.02061497411387465  0.02107765303302169
  0.02154995899030515  0.02206040231430401  0.02257967574079876  0.02310902871489249
  0.02366364295274704  0.02426981641428762  0.02493157209870736  0.02561617898710528
  0.02634008886653836  0.02709335583427954  0.02790232597979456  0.02879135949310566
  0.02979188570681532  0.03087086458595939  0.03197618316772560  0.03315175303913279
  0.03445710656433119  0.03589781276872887  0.03752640179495849  0.03953086126515994
  0.04195694146241416  0.04468467406586906  0.04784851409035643  0.05208998001533107
  0.05849904463662529  0.08762668896815384  0.63730029619980022  1.00000000000000000
 -0.00237977289634046  0.00904381940783235  0.02017101232677456  0.03136198071457044
  0.04247755021263340  0.05297486341492152  0.06351967426820108  0.07340465500047892
  0.08438895733649938  0.09518956651112871  0.10551481738681809  0.11577546771889714
  0.12623487007368112  0.13696716894702377  0.14817239505566465  0.15909896082095670
  0.16993963002593454  0.18059603522572204  0.19143410681306058  0.20241903375865269
  0.21326627617156438  0.22394035327473966  0.23435463270247442  0.24448178747293695
  0.25487075286842759  0.26540751926775924  0.27581599825510594  0.28608761136507677
  0.29604014804533391  0.30628288665175113  0.31615067144318976  0.32627300607244408
  0.33635633284689886  0.34613945394548229  0.35591420129932727  0.36620759922126755
  0.37658794854316430  0.38724772471020219  0.39788047568959595  0.40857997062749268
  0.41894102693294122  0.42961397083486164  0.44031097560561999  0.45109486266400950
  0.46194875451338058  0.47303326213324320  0.48414087661380317  0.49484868826047035
  0.50548326309305935  0.51622057732465843  0.52696361444004025  0.53763922628872696
  0.54825827871431954  0.55876952703840477  0.56908751904204624  0.57950913450749664
  0.59034382498169147  0.60145651465408168  0.61198848194569566  0.62228751038526253
  0.63297532064052120  0.64383254013912683  0.65447458910808043  0.66507976905076938
  0.67592859425827523  0.68683256592602404  0.69732139629107814  0.70764631265275613
  0.71789412004697850  0.72839086199275971  0.73919817358391116  0.75028896140728818
  0.76141799698178081  0.77237402416220813  0.78306034748138498  0.79367544748173391
  0.80419145977532369  0.81451575867581216  0.82473540147713753  0.83486387077470192
  0.84513222282491363  0.85561170760511251  0.86636472095043837  0.87764255951814463
  0.88875948122302961  0.89861368669860953  0.90793777621498017  0.91781190516878230
  0.92792159757663017  0.93785208864010972  0.94764092217299267  0.95721874222184067
  0.96835418841076715  0.97966100525744815  0.98953354045013087  1.00000000000000000
  0.05721149049466152  0.06233215509290371  0.06524924970746215  0.06781636467132220
  0.07003819716732332  0.07208451557019836  0.07400690947733082  0.07581398164656468
  0.07752086409761985  0.07914959482567500  0.08073119494223500  0.08227405886384269
  0.08375223577752991  0.08519131365614276  0.08660053064043209  0.08798279601782567
  0.08934016659524267  0.09069271803975838  0.09202619427165838  0.09336648620811878
  0.09471279928269478  0.09604725538154973  0.09736691729383545  0.09868193035128549
  0.09999738020210076  0.10131938312878282  0.10264818316299723  0.10396890451739736
  0.10526914999871541  0.10654888896620024  0.10781907527803736  0.10910943762826911
  0.11043529442343183  0.11179200727971070  0.11313003024323558  0.11445890789826840
  0.11581504566264257  0.11716826131442605  0.11852048134786418  0.11983279286495371
  0.12114118830188862  0.12244718274824541  0.12383361921263836  0.12526517430548206
  0.12675296914872142  0.12827867115271482  0.12979965460661647  0.13129176573526061
  0.13278721903444327  0.13429117317307551  0.13585216415099591  0.13746882693451554
  0.13912694154358873  0.14084504569405878  0.14259654081300918  0.14429615710494631
  0.14598718442954248  0.14777105448669706  0.14961643578749251  0.15145469703922393
  0.15324671592040609  0.15498667368804761  0.15677266733702225  0.15867971893693733
  0.16070157978864702  0.16274965200832886  0.16482614750906732  0.16701471954221886
  0.16937823421157447  0.17193688421646758  0.17462865267306399  0.17728944863147242
  0.17986848489941412  0.18235745165488196  0.18502006717224689  0.18803600906233056
  0.19131119635389601  0.19508437081034122  0.19891951113488421  0.20277173965432427
  0.20663695125758824  0.21054534893762752  0.21423003099714782  0.21785857955107341
  0.22186074704814671  0.22669647766473100  0.23281791781873701  0.24104663443035873
  0.25077332015984993  0.26236873491425161  0.26853497520131991  0.27565622587047256
  0.28467459195150002  0.29798972892308129  0.87927492738761992  1.00000000000000000
 -0.00146989185190581  0.00574222503701364  0.01347780961930407  0.02111415090755733
  0.02885828560407309  0.03671695980787718  0.04461365044695201  0.05255376625020373
  0.06062955879875417  0.06883856778377548  0.07717231913244470  0.08554760656328364
  0.09389749499896752  0.10216839766007416  0.11027166420008273  0.11827543485662637
  0.12635170742884291  0.13460490036643005  0.14291336367030655  0.15118034280460244
  0.15957232790683543  0.16805990079645997  0.17661626926388815  0.18538365267100637
  0.19433393814038574  0.20369782526214447  0.21346119987185239  0.22328019614856565
  0.23323089100085795  0.24362717934003064  0.25454575510718758  0.26572274218295644
  0.27703768428590136  0.28875167794772250  0.30120343673418004  0.31452577036702373
  0.32859115214735252  0.34335712051417744  0.35896643493416347  0.37524296251057132
  0.39161744232614504  0.40811129254378087  0.42531145036553769  0.44386509869308499
  0.46282215753458639  0.48018234960777140  0.49571059666634026  0.51040590361985538
  0.52580559525379211  0.54215692007115923  0.55870616122673378  0.57707283841481583
  0.59539534974670605  0.61198139157852927  0.62795678210284245  0.64264866235777862
  0.65690983775053624  0.67086804194324612  0.68432470884124064  0.69737051462869348
  0.70988226204397342  0.72195612244605190  0.73324980539595874  0.74400079486949422
  0.75411043050354087  0.76384373673690176  0.77306172462134048  0.78222392587716694
  0.79105575698073161  0.79940580124882854  0.80773063752004981  0.81572900331484355
  0.82381540892593541  0.83163084039505530  0.83946764964897902  0.84713135487531521
  0.85480574960092093  0.86284542507423800  0.87092118093938087  0.87894520832702328
  0.88695990852272022  0.89497225315341944  0.90259790731452660  0.90993384841599589
  0.91736234581343079  0.92478758248870319  0.93229339941876876  0.93973231556567116
  0.94731052112267333  0.95493084577369536  0.96238872953095578  0.96975990772366893
  0.97691750610348427  0.98444546346590611  0.99227712176719962  1.00000000000000000
  0.05283698506007138  0.05496692649186428  0.05657880960217439  0.05787302743657658
  0.05906081360360945  0.06018197661225412  0.06125026474084021  0.06230449189921594
  0.06338665012128435  0.06447541970688456  0.06555288894900549  0.06661603590092145
  0.06766458320763401  0.06869984409612737  0.06972799670166722  0.07075128944120600
  0.07176696489534758  0.07278734628407246  0.07379681836177338  0.07479285511889602
  0.07578646124311098  0.07677953203338959  0.07777439774714062  0.07877215204572446
  0.07976511091800390  0.08077432664709819  0.08180812567838718  0.08286694301039796
  0.08393590935815354  0.08499820521031952  0.08604910987946854  0.08708033322896751
  0.08810266143547850  0.08914024506212347  0.09018594460071927  0.09124583161577303
  0.09231733421006132  0.09339633818978618  0.09449423527869126  0.09561638050179050
  0.09674698388796349  0.09786981031903620  0.09899829392349911  0.10014036015814108
  0.10130780461972466  0.10243609751034490  0.10356650190115496  0.10473605096904486
  0.10593312351816392  0.10710677312973770  0.10823478882044817  0.10937959317400184
  0.11057019770422172  0.11177324236020854  0.11304271284832523  0.11430326448764619
  0.11562965534008895  0.11690340007991216  0.11814874226517388  0.11941992313010323
  0.12071156246904827  0.12198902857975595  0.12329747759563421  0.12471165435556614
  0.12626633050199862  0.12782136675475558  0.12928322350525009  0.13067067644400732
  0.13199610359814795  0.13335683406820154  0.13476850469740836  0.13641421873485027
  0.13818194769503370  0.14016794142846520  0.14212597395046564  0.14399065744431463
  0.14590606308050383  0.14798641006400984  0.14998403633107721  0.15191643813287062
  0.15388525710004231  0.15605899989923888  0.15861845031260846  0.16116298777748833
  0.16310334406607016  0.16518977240719124  0.16761667170285882  0.17040505606916226
  0.17320847954618615  0.17705676965916045  0.18080269782836464  0.18271025788534159
  0.18544464935260327  0.18857963666840913  0.19230146371603207  1.00000000000000000
 -0.00181530531041190  0.00749394529638356  0.01769286707663039  0.02733321297151581
  0.03734104445668164  0.04795115617575654  0.05871425468966245  0.06929920470631833
  0.07946657361430902  0.08969854190040172  0.09986019032824103  0.11037274926169113
  0.12102497312905357  0.13235211060811350  0.14397463118329240  0.15510983744680293
  0.16579248935020585  0.17613349504118445  0.18668023582566692  0.19729983923250419
  0.20793285829629418  0.21844054696368206  0.22896818698347354  0.23941228479273721
  0.24933371470079851  0.25836858500492893  0.26729711062679506  0.27652391059702602
  0.28625991044822530  0.29599254757854460  0.30568581781146775  0.31539524050994616
  0.32628323214707250  0.33772712338539596  0.34957682133069357  0.36165956567946816
  0.37355530291426287  0.38522534377883771  0.39668084194906544  0.40778504539722948
  0.41897632660769174  0.42992931320118460  0.44088990317959714  0.45177954377832036
  0.46316149574515075  0.47478322124355432  0.48620874750128940  0.49745581450252963
  0.50852083172988616  0.51968453698044392  0.53083118419056274  0.54163367870544299
  0.55237276968897553  0.56376582315377655  0.57569894492583928  0.58731886379441733
  0.59852258396811286  0.60996587560748294  0.62132438798512490  0.63255240447780836
  0.64333343896602824  0.65437467640905966  0.66488156394984910  0.67533428525362882
  0.68566373742527986  0.69602006993559640  0.70655543338684357  0.71736217861039575
  0.72782890558960256  0.73818693011187220  0.74838883058224004  0.75894743324052738
  0.76932693779280448  0.77949706387360074  0.78936023452037307  0.79928194456000867
  0.80934674053838085  0.81961469367226458  0.82996695287226008  0.84011490174762693
  0.85014927603050383  0.86020803974496851  0.87056742873988546  0.88109165628637232
  0.89156311955974399  0.90167703526371057  0.91190708418272515  0.92159668313997312
  0.93130870674778299  0.94097574909639414  0.95018502880187816  0.95941246772344146
  0.96967027501074132  0.97898171575085202  0.98986219201583925  1.00000000000000000
  0.12494069501355620  0.19375045213529440  0.22555817801542752  0.24728286376487940
  0.26430040294228230  0.27866522223191842  0.29116638100909586  0.30267222777186858
  0.31318823630761455  0.32320319748536230  0.33225919576806218  0.34065992309346582
  0.34853154664513453  0.35591856267327870  0.36294055774934753  0.36972658785750229
  0.37617204417778854  0.38215766733326734  0.38806305082248810  0.39379349768046373
  0.39935620844596725  0.40480245360829387  0.41018682087134312  0.41550557000761590
  0.42064339996098082  0.42556995183639290  0.43046387681949649  0.43543440463996369
  0.44035383634157599  0.44508790011439225  0.44959755523669565  0.45396956710902620
  0.45826238662332058  0.46250509853074506  0.46674092214898327  0.47103971220141194
  0.47537664131383461  0.47966965622807944  0.48384158639336428  0.48798913196994437
  0.49216569907741364  0.49619661289277295  0.50017046585611635  0.50432824374856955
  0.50852827171258874  0.51268755482671702  0.51680619921864923  0.52086391111726860
  0.52491172795811114  0.52900512829149726  0.53312823946774024  0.53727583847662086
  0.54143693036767704  0.54557438543671410  0.54971676038462647  0.55391335924188012
  0.55813778338869646  0.56233380363562946  0.56648798599518790  0.57065855916724439
  0.57485675435997585  0.57909022897121609  0.58348188282743951  0.58802641366624686
  0.59267095539256365  0.59732373436917108  0.60199204835793230  0.60670630952209115
  0.61142102402342702  0.61613633820736657  0.62086831071334292  0.62563438008425809
  0.63043952047824681  0.63528707131593276  0.64036875187424114  0.64554743688595395
  0.65070116817296786  0.65593304905538452  0.66130968189016914  0.66692439819610083
  0.67281065923884720  0.67890970574140530  0.68510638899270204  0.69158394492076336
  0.69852973357765791  0.70585265492511307  0.71352441034401759  0.72170895042682182
  0.73070401476960145  0.74079297488126972  0.75186097689789400  0.76427832280303232
  0.77951235477984848  0.80030625535178312  0.83676841431985560  1.00000000000000000
 -0.04081165012391849  0.17690886507111497  0.22183462524845843  0.24610274242211111
  0.26372864280968628  0.27790823174571350  0.29001196483496661  0.30078869937401070
  0.31075068856313215  0.31996028913358099  0.32851661411976668  0.33638175466555414
  0.34350080337535766  0.35008551330213794  0.35634137944307148  0.36241401959622005
  0.36833415990454332  0.37406757456941953  0.37962811127415041  0.38495083180474882
  0.39000283657390533  0.39498350447857694  0.39995609660370984  0.40487663149425784
  0.40963047298590632  0.41422150024860788  0.41866768399476195  0.42296253193176114
  0.42716270286049440  0.43142814156809994  0.43575763152675423  0.43980777762130357
  0.44367734834081929  0.44740982573190036  0.45099745410911229  0.45449013760784590
  0.45801807705488817  0.46161846898302655  0.46533596232184204  0.46907652864032745
  0.47275645734722438  0.47633508291809279  0.47990567055746619  0.48355469291823844
  0.48725202633764192  0.49087298261880813  0.49447715409138704  0.49792235184510053
  0.50135999262756936  0.50497978171435132  0.50852779314778962  0.51212698018813740
  0.51572052535015045  0.51935859647526639  0.52292483513167265  0.52658370564431223
  0.53026690780570473  0.53411721766328824  0.53798014113255599  0.54187464049049605
  0.54578040384693804  0.54968681922967866  0.55366296289173145  0.55768142237974838
  0.56181384279964253  0.56599283291778901  0.57028077583998293  0.57455250723014584
  0.57872803587707589  0.58315306072302575  0.58767996735330208  0.59226350775362457
  0.59703079222383038  0.60189335389006082  0.60677716949990779  0.61166706964732609
  0.61660464178864405  0.62172573250007213  0.62704917525238124  0.63253444606755027
  0.63820363691039417  0.64411456703491954  0.65032096342018630  0.65684345332111194
  0.66370681389259589  0.67113751833256541  0.67934823408295097  0.68836979773433438
  0.69842095279349314  0.70956180452405060  0.72175272705852711  0.73593875417529664
  0.75351110834767510  0.77774526224569118  0.82208069722208221  1.00000000000000000
   3.3580725919771974E-010  -1.0000000000000000     
 F F F F F F F F F F F F F F F F F F F F F F F F F F F F F F F F F F F F F F F F F F F F F F F F F F F F F F F F F F F F F F F F F F F F F F F F F F F F F F F F F F F F F F F F F F F F F F F F F F F F F F F F F F F F F F F F F F F F F F F F F F F F F F F F
  <DiscreteSampler_grid>
  grouped_processes
  1 # 1 for a reference and 2 for a running grid.
  10 # Attribute 'min_bin_probing_points' of the grid.
  1 # Attribute 'grid_mode' of the grid. 1=='default',2=='initialization'
  0.0000000000000000 # Attribute 'small_contrib_threshold' of the grid.
  0.5000000000000000 # Attribute 'damping_power' of the grid.
 # binID   n_entries weight   weight_sqr   abs_weight
    10   10   2.252612982810836E+003   2.056909361420222E+007   2.252612982810836E+003
    16   10   2.252612982810836E+003   2.056909361420220E+007   2.252612982810836E+003
    22   10   2.252612982810836E+003   2.056909361420220E+007   2.252612982810836E+003
    28   10   2.252612982810836E+003   2.056909361420219E+007   2.252612982810836E+003
  </DiscreteSampler_grid>
