  0.00003333404314136  0.00005008583474241  0.00006002491226370  0.00007009375567318
  0.00008059988240900  0.00009034865288095  0.00010023885347956  0.00011200636278064
  0.00012440462442910  0.00013616271680888  0.00014650210374237  0.00015699204720395
  0.00016713803183886  0.00017786395380452  0.00018844479949262  0.00019905311037835
  0.00020987372055822  0.00022195574458172  0.00023469267930444  0.00024733069850325
  0.00025961038475394  0.00027220325932236  0.00028676835552694  0.00030280479404938
  0.00031829904771352  0.00033365490209368  0.00035010941910072  0.00036714374324069
  0.00038431370578028  0.00040191722474255  0.00041989487621291  0.00043884956857911
  0.00045852066314886  0.00047931960116591  0.00050174202900812  0.00052532555461367
  0.00054980796028598  0.00057510204596346  0.00060016357157378  0.00062441225439666
  0.00065067762312854  0.00067774265295005  0.00070647888572674  0.00073533201619344
  0.00076664461587341  0.00079851536105610  0.00083305493355865  0.00087230392148055
  0.00091402277099807  0.00095483796339200  0.00099406070311943  0.00103631608242729
  0.00108179497579910  0.00112905040699761  0.00117391943639754  0.00122002436676716
  0.00126728866843234  0.00131607609659408  0.00136715724548293  0.00142482983702267
  0.00148798379203642  0.00155539732982571  0.00162837224557437  0.00170274421228480
  0.00178039783952280  0.00186322597347183  0.00195049032420039  0.00204478821226231
  0.00214689471558283  0.00225582035946803  0.00237489928775192  0.00250744392386257
  0.00265791286948856  0.00283075480780948  0.00301185840368284  0.00320315404179718
  0.00341032608247560  0.00365469002970678  0.00391152862280983  0.00418626805555586
  0.00447929994912630  0.00480157807484763  0.00518652252631853  0.00561735085845979
  0.00618373439798035  0.00689368566297296  0.00786963130734278  0.00900391392570804
  0.01032533070136373  0.01188441394837675  0.01389100849084482  0.01782697692215230
  0.02502213396663320  0.04292403850257497  0.54429359218406215  1.00000000000000000
  0.05277452629130843  0.05369704910038190  0.05427668376808564  0.05477714614175178
  0.05521780183968250  0.05562129153304003  0.05601007257989715  0.05639573434557891
  0.05678023050396995  0.05715816267271345  0.05753656586173000  0.05790101473064784
  0.05824324693973542  0.05857395984846834  0.05890103887443666  0.05923002310150144
  0.05956636019905696  0.05991727421044787  0.06025929466526446  0.06060663011315139
  0.06096823797871705  0.06134880574168323  0.06175843682284349  0.06215807037520226
  0.06256294185515815  0.06297306780589909  0.06338589395428133  0.06379539074532292
  0.06418891804151809  0.06458047743867296  0.06498962319918851  0.06539613920428991
  0.06579402541389931  0.06619972154135859  0.06660547521844463  0.06702038072852831
  0.06742660281729501  0.06783227390796473  0.06821231228599761  0.06860787171555974
  0.06902684496483974  0.06947793538815100  0.06993026524229866  0.07038573114072859
  0.07085349369875517  0.07132664858393116  0.07180045651077158  0.07229601833814756
  0.07281409460487810  0.07334745905888479  0.07388981065132660  0.07443666021644370
  0.07503528842736154  0.07579308027794379  0.07656945501271246  0.07735402734255989
  0.07814870817908721  0.07896474961598865  0.07977872286444125  0.08063992973373352
  0.08156587301167506  0.08251132848767567  0.08347967752321228  0.08447701098723236
  0.08548684142468246  0.08656555838109692  0.08762856097922528  0.08865508201016951
  0.08969648056842780  0.09078959334395283  0.09198992588280321  0.09334853963084667
  0.09479859910804478  0.09624659852386133  0.09771112858336199  0.09932566442293078
  0.10123404690497731  0.10346204982094065  0.10585539850924941  0.10813345471949037
  0.11023392929950986  0.11240572748072154  0.11501914738654979  0.11766341750420224
  0.12028879580316225  0.12345020287173684  0.12706503950356196  0.13162458701433666
  0.13701239944586144  0.14304197595827706  0.14974391587429900  0.15785511612720621
  0.16978535113975307  0.18754976642271265  0.21413441628048543  1.00000000000000000
 -0.00672498634297434  0.01874789249619837  0.03363376794421268  0.04129405962632864
  0.04656142149503600  0.05139512853523090  0.05660758992500272  0.06144155911973098
  0.06663899267488987  0.07193570392050115  0.07765866444344860  0.08428448725061820
  0.09092210885609160  0.09683985881959489  0.10260167550643441  0.10850467661510636
  0.11459070712350607  0.12090271848057792  0.12764494460805020  0.13507509506980742
  0.14264649780141342  0.15054918441389553  0.15936394456358496  0.16699759323923707
  0.17473100194667643  0.18222566220949493  0.19019354726183746  0.19965561748440616
  0.20984647222591840  0.21930890864025063  0.22856758815987757  0.23827370868829001
  0.24784861857194865  0.25751985875067801  0.26771079210439425  0.27708094725590593
  0.28607453754728401  0.29495572671733666  0.30473652469291568  0.31628352871446597
  0.32961530387592586  0.34384292647631381  0.35640595560701904  0.36723443873189598
  0.37729550967990849  0.38771121644809764  0.39886662045277582  0.41045289115221667
  0.42165888001893981  0.43236783269391427  0.44285864307388861  0.45351302107794889
  0.46479429000805467  0.47634888830649885  0.48853062798507546  0.50013609518194835
  0.51371261673473267  0.52720762966167667  0.53948064450875055  0.55207243044640175
  0.56439450634417587  0.57454575142867226  0.58409678349828587  0.59321399395676733
  0.60246389025770331  0.61192592995207129  0.62114304949111843  0.63111610695847598
  0.64173305339249875  0.65488995978411702  0.66820482980426210  0.68119528454610190
  0.69441089295093883  0.70777735540609577  0.72060796903399327  0.73274007007813458
  0.74582285658779657  0.75888772650430858  0.77177529897678510  0.78434155037584063
  0.79667608753958719  0.80827978862810934  0.81974335510107310  0.83166734459382885
  0.84393968739767822  0.85631708488524039  0.86904261230658342  0.88454773534097098
  0.89967484813899101  0.91402722121541802  0.92837512555645785  0.94309216073179136
  0.95775613484994859  0.97211442941475845  0.98622038595020434  1.00000000000000000
 -0.00323585621540861  0.01184533474666758  0.02374413496404318  0.03439801134906578
  0.04450420666731100  0.05399596391901386  0.06354245523464674  0.07339130734563901
  0.08339493818010688  0.09354198417807000  0.10366815886101657  0.11361671008353026
  0.12389441938321570  0.13535899514112310  0.14700788508004944  0.16030588089834999
  0.17173842915337112  0.18302012293423428  0.19399103931412501  0.20426754770639691
  0.21432338471692777  0.22407710295243832  0.23426042102562375  0.24498605657312297
  0.25580805689438141  0.26699855285821633  0.27850120030648406  0.28974565333682806
  0.30069736533796210  0.31158209261486397  0.32265685068258121  0.33381181952082678
  0.34526043590964162  0.35605442443506874  0.36593976097522540  0.37589884225801756
  0.38620734101278165  0.39664001763819184  0.40668304292230306  0.41648134057253400
  0.42686076858153199  0.43757141562879220  0.44845160399904793  0.45945124991651670
  0.46968105455667380  0.47968710411271243  0.48942345912726926  0.49942566871211252
  0.50966198760196990  0.52038052913734989  0.53122297138116159  0.54196859326028690
  0.55241764630322754  0.56261307863604926  0.57329187685512240  0.58494127553959829
  0.59701630985846421  0.60825406391599746  0.61863713274705789  0.62890450864391334
  0.63938452769383525  0.64994114997952868  0.66117380487597344  0.67331127350149245
  0.68588962675362075  0.69825922485559400  0.70962181893612297  0.71893862957722865
  0.72791041522215960  0.73656668653439517  0.74495174620463911  0.75321060856554123
  0.76191944950929757  0.77078018720128161  0.78122576740653527  0.79169130325068926
  0.80255020258676624  0.81335669842513802  0.82438581943920430  0.83547791204662747
  0.84661254596450708  0.85696137663855831  0.86615634136151032  0.87507179609380015
  0.88427263921295418  0.89393386610968173  0.90384638822759733  0.91348580765516885
  0.92350956396989192  0.93347725650400692  0.94360746202927903  0.95393352452491864
  0.96492809386264355  0.97551842400079691  0.98699246864470236  1.00000000000000000
 -0.00656351973303647  0.03539929353313612  0.06209466205160324  0.08285687866695728
  0.10139313220812977  0.11970048080543813  0.13660943298567865  0.15253137223717866
  0.16751085955032538  0.18253262916676169  0.19708626412850724  0.21139012216095870
  0.22417259816876178  0.23459981862007426  0.24389739197737120  0.25320448208215518
  0.26239762459732185  0.27137066885007061  0.27961374256798088  0.28854857410688800
  0.29712649190490187  0.30561173797033164  0.31333289968222339  0.32109477503153244
  0.32888630052874585  0.33693217767806327  0.34495184234754045  0.35265322884260086
  0.36015105218333537  0.36754196054704330  0.37499340391181496  0.38203229726018395
  0.38948657834247197  0.39657130580996752  0.40367633974919659  0.41070178064056756
  0.41769207749662879  0.42476442939071529  0.43195030520834882  0.43900028403083408
  0.44585828290687846  0.45308205336412166  0.46070213348203454  0.46845045258594237
  0.47602330973802509  0.48355485679227811  0.49112408768287075  0.49871877791738656
  0.50605607471115976  0.51337613725043452  0.52073088542293700  0.52798127285617458
  0.53521419740974840  0.54245403154183502  0.54925342911122066  0.55562702738114222
  0.56216802960299994  0.56753151636087507  0.57297773388522388  0.57847245126578761
  0.58421621043438565  0.59006815118080558  0.59589062122206826  0.60164896363531317
  0.60761472161602115  0.61379479100486789  0.61990721805105131  0.62656408706634004
  0.63382138000299826  0.64131724795237532  0.64878326740728998  0.65613493864292649
  0.66333329413702635  0.67050184788445066  0.67767139270972188  0.68511484934607314
  0.69395544772439555  0.70405028050493201  0.71517421075217147  0.72707815424761058
  0.73941930890065310  0.75195195001233139  0.76231487219321825  0.77317112877043326
  0.78436522204927872  0.79586676872501283  0.80736339291342485  0.82049259927017881
  0.83518603056320662  0.85107667703948175  0.87011657407805520  0.89051886619366494
  0.91168293589379201  0.93516359616645461  0.96392807514906254  1.00000000000000000
 -0.00262127508926805  0.00956747638929223  0.02097848532510360  0.03259790641963655
  0.04394022386642160  0.05545333905506656  0.06546693693798794  0.07451343017281463
  0.08347744248392816  0.09262277128237892  0.10158008232548979  0.11063428208425398
  0.11869252186221427  0.12722592901004776  0.13768799483740268  0.14861633158574228
  0.15856719507873168  0.16868061804749418  0.17971788222844368  0.19086530895623868
  0.20181378686516060  0.21243683139546723  0.22288852662939806  0.23309599629778729
  0.24240264719240831  0.25211260084477932  0.26205639157448979  0.27238372809599420
  0.28297628501533861  0.29311006047283517  0.30393080896742147  0.31441494401935732
  0.32485299545258589  0.33530413614493848  0.34736867265651628  0.35915027050838794
  0.37060769562968876  0.38176771915955726  0.39285330462670093  0.40368046117524520
  0.41443311257778687  0.42438625955479192  0.43392662969655948  0.44385951673323881
  0.45375203910520268  0.46339841406621279  0.47290815760630500  0.48282588670363108
  0.49309015607109180  0.50286906960967226  0.51240720969164588  0.52260825265411692
  0.53449906451246199  0.54703319608045387  0.55968690046962921  0.57254069753889603
  0.58426570916671505  0.59429982893352440  0.60391589272893997  0.61374170934975014
  0.62351308267275363  0.63332367724424243  0.64406564022520552  0.65456120874078227
  0.66445394560189741  0.67398247698485036  0.68353870118125837  0.69301494894280136
  0.70253314456009586  0.71278306401301761  0.72428860477324597  0.73551237092392974
  0.74611912924298429  0.75662807541685628  0.76750351357807178  0.77931997673472364
  0.79082959077145853  0.80065766571735919  0.80965567941213257  0.81859562650131934
  0.82724459366167746  0.83596635418284404  0.84516504516446078  0.85547484239059857
  0.86767307605134758  0.88010367382067112  0.89186791489907191  0.90352784510550399
  0.91558817261937930  0.92903714516300839  0.94265988359577502  0.95522996883034861
  0.96673359691168192  0.97755014032129695  0.98890239550300973  1.00000000000000000
 -0.01213845222458304  0.08451173846633610  0.13290329621467969  0.16410194500065806
  0.18816508667753870  0.20733066339976836  0.22533498435653870  0.24279116038265075
  0.25792821939645194  0.27135819732118760  0.28311762279188174  0.29358547383895478
  0.30306633591570892  0.31189538468074540  0.32031004037313737  0.32848829773838167
  0.33565271664612989  0.34171537123457857  0.34770169989226424  0.35352562492552858
  0.35929901236694151  0.36485869510201901  0.37052450323074354  0.37608768692519573
  0.38136999812399891  0.38647368512664504  0.39141718749466881  0.39643127795073169
  0.40159823781789622  0.40678118614707498  0.41206443416406408  0.41725381561034425
  0.42197532351647482  0.42659898222862286  0.43101847405228982  0.43558602214891817
  0.44050403956776679  0.44548378456945092  0.45030067917891914  0.45504950253950582
  0.45958581994461101  0.46391668232669270  0.46828115791222230  0.47243733104912172
  0.47688648888664159  0.48141999550797332  0.48626677645509997  0.49123252096258496
  0.49614534346120237  0.50092475875408193  0.50559072724096976  0.51016865478659901
  0.51473338030951055  0.51932664870348533  0.52390291279611623  0.52842280712660605
  0.53303537959962033  0.53787124177154433  0.54282474745920162  0.54723209809200823
  0.55190207558901527  0.55657736631894406  0.56130675474300429  0.56595365979269474
  0.57053447928842260  0.57509968659096555  0.57980759498797418  0.58476341739859394
  0.58990289357660497  0.59506924264607064  0.59993339833363601  0.60557080634374749
  0.61174952134986937  0.61860614253925550  0.62473986427959594  0.63070553590252909
  0.63658917462688525  0.64255895548130437  0.64925384618915871  0.65675156042680816
  0.66436468649738267  0.67220004697392421  0.67996951241000392  0.68828058436265560
  0.69753360073308113  0.70787643212620999  0.71901332513518224  0.73080995626687095
  0.74376061556777673  0.75896447911257836  0.77725532225581717  0.79855034581364004
  0.82466194946411053  0.85868725711414662  0.91119972447219155  1.00000000000000000
 -0.00242721240246869  0.00949664967630943  0.01961050762319378  0.02933092814961617
  0.03909241314004557  0.04970909243794602  0.06115701738084050  0.07171169659498346
  0.08276934309782751  0.09303657995627476  0.10365693594487567  0.11377090904343785
  0.12347097237925894  0.13341920323785780  0.14396203963326723  0.15495393820721612
  0.16599294668838124  0.17728158965148608  0.18896966698176476  0.20066346204212285
  0.21237770325446217  0.22473647498421562  0.23671728675850084  0.24776587632182070
  0.25901318955444347  0.27012913699098384  0.28224429488775321  0.29448405294306307
  0.30714476796482881  0.31912329613270329  0.33126934937888908  0.34021640435805933
  0.34936493710694272  0.35858358700776577  0.36743757811700706  0.37626435152257692
  0.38502202128946994  0.39405369948806634  0.40473185102921105  0.41649540187316664
  0.42768988069677016  0.43856458820913186  0.44891973712762162  0.45887330395958958
  0.46856442179073859  0.47881419006992648  0.49030658954824669  0.50259415931296758
  0.51455672219034232  0.52498773765277273  0.53387811914614591  0.54249652738127829
  0.55104021853066021  0.55969227154191059  0.56822235991987180  0.57684086762416409
  0.58567511832029806  0.59494443148251375  0.60447214120645065  0.61388120510354116
  0.62335341131873578  0.63320811769486918  0.64289119829431329  0.65272054111950362
  0.66288833317095286  0.67427188380787839  0.68620436522090444  0.69790587199592413
  0.70899008390888263  0.71991798282695552  0.73100592691762734  0.74191682516632196
  0.75249589635623482  0.76296938363648326  0.77316099953683193  0.78268715226663332
  0.79207442231950664  0.80177977222967045  0.81157868054774751  0.82125147263250553
  0.83099467681922945  0.84174561504692869  0.85272983189999829  0.86437493653358588
  0.87622622138925366  0.88824927155591138  0.90015525892622472  0.91165263221862181
  0.92306423264504911  0.93383832156808855  0.94412216289999340  0.95417967219578459
  0.96489686170553801  0.97672301002150241  0.98829586842308093  1.00000000000000000
  0.09262452118807885  0.14367892587672582  0.18768874793375689  0.21659918016816446
  0.23982043372852613  0.26072497552338647  0.27974678261206332  0.29721386950090756
  0.31218159677700452  0.32519685774789725  0.33749819606620080  0.34916410242771218
  0.35989094147094125  0.36993102600779398  0.37926590222917789  0.38768084335159919
  0.39583764443436481  0.40395616324664485  0.41209169935491341  0.42059085265046997
  0.42935546023147680  0.43779468422367857  0.44558281541512940  0.45282928886200741
  0.45970425714665603  0.46632025725779391  0.47276675325343515  0.47910177457570802
  0.48507989305362098  0.49079672203037983  0.49648769437063200  0.50172730410883815
  0.50673059457871039  0.51190072146540366  0.51724867388643281  0.52245673363440603
  0.52737305545201407  0.53215967238344275  0.53684439141022344  0.54140102621464725
  0.54601891629853661  0.55071018103855507  0.55538741189550844  0.56004788059224808
  0.56467102369326760  0.56929913627920226  0.57386349925298252  0.57820649572186544
  0.58243959878624518  0.58677103588886559  0.59153215994002473  0.59615353499704005
  0.60075784710945590  0.60504797350569894  0.60905772013052206  0.61303483517823798
  0.61706640855398243  0.62115256813808206  0.62546697874121404  0.63010931479946253
  0.63466175719904749  0.63913793357456172  0.64333895864153856  0.64731096932497323
  0.65131665102163638  0.65558244598479520  0.66007132799719437  0.66496451912600119
  0.67042303227752287  0.67573320176358964  0.68076117771290079  0.68572012400050986
  0.69092514662576376  0.69662950638147858  0.70232165447650008  0.70803907077780059
  0.71382051682581027  0.71968444535501919  0.72592324464403324  0.73258626427356832
  0.73942988803237819  0.74626313524072629  0.75320724672429606  0.76003283994019444
  0.76715466940047239  0.77494103835266481  0.78342835710203340  0.79228543686419772
  0.80107357042058869  0.81001274422590608  0.82011826993196002  0.83184778002149506
  0.84633769131820213  0.86666010766719459  0.89959149461116739  1.00000000000000000
 -0.02235116557776428  0.13644823870175046  0.18133903999755660  0.20789095732243595
  0.22787869110673345  0.24326779200224818  0.25684752691648172  0.26894817013395123
  0.28016065090107284  0.29101666501644124  0.30130686448052091  0.31106527915598298
  0.32010669374802964  0.32833745291777994  0.33580081705456510  0.34276318883004075
  0.34941082176730226  0.35596718305674452  0.36233057789930878  0.36847900933150102
  0.37438376851711808  0.38019796064168787  0.38620344515642069  0.39207450764233176
  0.39757068883580560  0.40208599140311913  0.40694400741014908  0.41184044102045680
  0.41678448836097537  0.42147692655881452  0.42596329232102426  0.43041893731399178
  0.43498880932614203  0.43935533379592578  0.44328779103666105  0.44699340742513216
  0.45065585190674695  0.45425208460681316  0.45783294555127557  0.46161353019725304
  0.46543324185431789  0.46932621035704719  0.47351154739824880  0.47783204546415253
  0.48215109767031256  0.48635992961306457  0.49057041534227275  0.49458120871275246
  0.49850708838253494  0.50254446863429281  0.50668727472514619  0.51102283474864929
  0.51569028820832485  0.52055255248253463  0.52555789100403294  0.53000348559299248
  0.53406710935871016  0.53808387967878557  0.54201711000950692  0.54594051130581578
  0.55005151011979114  0.55428313552714914  0.55852675402540042  0.56289671812228337
  0.56736534889007195  0.57177978360718207  0.57621799003902952  0.58075468079381620
  0.58553480028129967  0.59060536352281223  0.59580327841057978  0.60107892299068022
  0.60651181372385510  0.61216011515100710  0.61795524935670731  0.62379598399978242
  0.62956672551793769  0.63540305386251539  0.64126447492015404  0.64753554213529763
  0.65444752417882068  0.66144096237482175  0.66854097661811629  0.67560086503715100
  0.68301973673008187  0.69185867993368455  0.70241462222842965  0.71374842119057402
  0.72577772618661729  0.73797791394618251  0.75162697500319764  0.76786210721228099
  0.78975068834129747  0.81873205032804608  0.85983739633878675  1.00000000000000000
   4.0270093121434071E-014  -1.0000000000000000     
 F F F F F F F F F F F F F F F F F F F F F F F F F F F F F F F F F F F F F F F F F F F F F F F F F F F F F F F F F F F F F F F F F F F F F F F F F F F F F F F F F F F F F F F F F F F F F F F F F F F F F F F F F F F F F F F F F F F F F F F F F F F F F F F F
  <DiscreteSampler_grid>
  grouped_processes
  1 # 1 for a reference and 2 for a running grid.
  10 # Attribute 'min_bin_probing_points' of the grid.
  1 # Attribute 'grid_mode' of the grid. 1=='default',2=='initialization'
  0.0000000000000000 # Attribute 'small_contrib_threshold' of the grid.
  0.5000000000000000 # Attribute 'damping_power' of the grid.
 # binID   n_entries weight   weight_sqr   abs_weight
    10   10   2.419768355530510E-002   4.033375833601490E-003   2.419768355530510E-002
  </DiscreteSampler_grid>
