  0.01406936377045814  0.01472109941946280  0.01492799280818279  0.01510389224211506
  0.01526306869472380  0.01541052367139871  0.01554797408453595  0.01566650948775731
  0.01578392913029901  0.01589727750029574  0.01600261335757465  0.01610307774649037
  0.01620620523027508  0.01631192430722297  0.01641483962718781  0.01651877844101737
  0.01662401245111959  0.01673117294138178  0.01684358503029516  0.01695750473543180
  0.01707316147599652  0.01718810419406249  0.01730375563890433  0.01741930467830143
  0.01753165122031916  0.01764341793348112  0.01774765006286386  0.01785180319056514
  0.01795943562689404  0.01807872167612019  0.01821076864680111  0.01835179013976713
  0.01849633623818019  0.01864083507019291  0.01878842909576227  0.01893775149032527
  0.01909112597673351  0.01926094392127535  0.01942921349534247  0.01960480317548814
  0.01978632758196060  0.01998016598941555  0.02019120525372269  0.02040806573816379
  0.02062585764054518  0.02084505096588167  0.02108560015450232  0.02133944752464261
  0.02159364582999831  0.02186508715416481  0.02215312748565463  0.02245195599800691
  0.02275840047532274  0.02307219332072486  0.02339748386813582  0.02373762555896564
  0.02409000117202574  0.02446592392459854  0.02487322091185380  0.02530337530260557
  0.02574522393606673  0.02619882894240988  0.02666386861695193  0.02716543590493270
  0.02770909209297119  0.02828020430192173  0.02887970130498049  0.02951444151501621
  0.03018277097668047  0.03089862899452076  0.03165721200508662  0.03247321887028583
  0.03333952744916995  0.03428581136468376  0.03532869417683220  0.03646559272016928
  0.03760022032221035  0.03880298846626833  0.04009716527362832  0.04149737026666759
  0.04306679668839871  0.04484932653001781  0.04674700185629267  0.04888520030690658
  0.05125445123160713  0.05398148495796287  0.05697322619690026  0.06021306145376370
  0.06407789345142852  0.06912785386513878  0.07519270043617678  0.08255055104136284
  0.09302974175019525  0.10863889027459121  0.13729555305839758  1.00000000000000000
  0.00427728293931908  0.00482716948389760  0.00528765619863902  0.00574904471269616
  0.00615658969575513  0.00654517726312548  0.00692915819945849  0.00729705945655350
  0.00765917783544114  0.00803946895540750  0.00843206187676132  0.00883940575821958
  0.00924572977308004  0.00967759511356648  0.01013457646092160  0.01060378232799293
  0.01107307217582238  0.01155933657883591  0.01205315545367455  0.01255722403710353
  0.01308481651427786  0.01363533906014647  0.01421016882863209  0.01479495923694465
  0.01537592655133675  0.01596818155096474  0.01659664625244225  0.01728596916048755
  0.01802439613365943  0.01875876900868252  0.01947275702771722  0.02020712286951940
  0.02097957356484242  0.02177293102637032  0.02252881359249424  0.02325739428428241
  0.02399592264124786  0.02474519493206799  0.02553647410400332  0.02641424417472484
  0.02733080561011117  0.02826131248562168  0.02921492241193514  0.03018495261368467
  0.03116997218737812  0.03217446817143479  0.03320058167626112  0.03423548161288011
  0.03527914950112505  0.03634791999699201  0.03746637619511562  0.03859439236498043
  0.03973981026689197  0.04094963996081394  0.04218369129909905  0.04340040883396903
  0.04462857678156796  0.04588053812993646  0.04717163228038554  0.04851443908267848
  0.04989091994546123  0.05128131411101034  0.05267867869198872  0.05406494142968338
  0.05550539765113046  0.05698271868550182  0.05854658560235750  0.06024932601883235
  0.06190497864091293  0.06364007042239878  0.06549626072341197  0.06742165599712216
  0.06931580564071874  0.07172382978022684  0.07427844777282987  0.07684424452041849
  0.07961577630553904  0.08249670431147349  0.08534815257906785  0.08781986542699077
  0.09054097974106901  0.09384102379818664  0.09702798967170499  0.10074680109013433
  0.10489863782937107  0.10954271568921338  0.11398391807572789  0.11913791507557386
  0.12449447085593050  0.13053005202635909  0.13791322457842678  0.14610082267619290
  0.15878427085602448  0.17777793209399834  0.21772201824909640  1.00000000000000000
  0.00020336682702833  0.00025702188748674  0.00029851155759412  0.00033887933189724
  0.00038014992350594  0.00041484131945117  0.00044786729410177  0.00048088007485307
  0.00051481932907638  0.00054878110267879  0.00057924447199900  0.00061060764387114
  0.00064244857663151  0.00067468001004197  0.00070843578215346  0.00074484941562662
  0.00078127862451999  0.00081701309916321  0.00085375241812357  0.00089279746751572
  0.00093356176443882  0.00097545554977183  0.00101926166628590  0.00106475004697980
  0.00110930907445984  0.00115245549664734  0.00119635801098889  0.00124094600916854
  0.00128681405342090  0.00133428548614899  0.00138628017693664  0.00143960958861455
  0.00149537435631230  0.00155173360506315  0.00160766012946885  0.00166598591954960
  0.00172895833229510  0.00179457343793348  0.00185342002203099  0.00191466051555262
  0.00197644793811487  0.00203850735627286  0.00210924045328915  0.00218749134747537
  0.00227057718228407  0.00235331591624472  0.00243439296040808  0.00251989691883791
  0.00261336225723946  0.00271498980688548  0.00281956691506234  0.00292655638793426
  0.00303673477161134  0.00315901582382178  0.00328842570807544  0.00343390927506145
  0.00357842047031547  0.00372930985878840  0.00388249511049223  0.00404207555193242
  0.00421366891808758  0.00439345466806798  0.00458915703153573  0.00478809358937607
  0.00500833273847491  0.00524639675620366  0.00550674871254763  0.00578363956747747
  0.00607700166326184  0.00639509862160554  0.00673314867462161  0.00709619352550384
  0.00749694427616266  0.00794313771468616  0.00840223484839176  0.00891755813333145
  0.00948958231076497  0.01013032915962852  0.01081518394370563  0.01158797634265278
  0.01242013451071353  0.01332771500258000  0.01434511179241750  0.01556929515395635
  0.01699638129366569  0.01869251092759984  0.02081997911643676  0.02328920258402988
  0.02615228247832922  0.02953266597872438  0.03376097377509985  0.03947603865645821
  0.04716682705171363  0.05767683710015709  0.08498832332016662  1.00000000000000000
 -0.00278438352285421  0.01189053452661259  0.02500363905692811  0.03697195752545221
  0.04899192316825149  0.06058490200812296  0.07156515274460029  0.08149986641490624
  0.09083795236457985  0.10003049379342949  0.10898220625215252  0.11829478349234283
  0.12784448357828662  0.13796863094511738  0.14789266924257080  0.15746392384056240
  0.16678290077805163  0.17579590381879651  0.18520046184171249  0.19520318012744586
  0.20563048973430798  0.21592762472539215  0.22583420394374168  0.23557146628385586
  0.24536404789683697  0.25535391073652269  0.26553961877946741  0.27495891711606996
  0.28366620928804354  0.29220942565814240  0.30102723302318274  0.31027542002809677
  0.31932925045601496  0.32834056962536523  0.33763871379343074  0.34752438446273365
  0.35719509215844225  0.36645972739319538  0.37539875882597457  0.38409339172745932
  0.39280188527141574  0.40137786340689613  0.40980165162017507  0.41818892577459499
  0.42630964023112922  0.43423999304821986  0.44236670947496814  0.45067321979198754
  0.45893559576340709  0.46737466640934466  0.47626827365991142  0.48588354170192338
  0.49568272388870516  0.50509889386956008  0.51457214109966798  0.52410948123705470
  0.53481843137620677  0.54507250483999792  0.55483388867556538  0.56463536406529946
  0.57427243057536637  0.58359641241003846  0.59267219942998661  0.60215582216749142
  0.61254106852785484  0.62361557838121917  0.63484593530586053  0.64586304354780011
  0.65670783480199624  0.66732562736959444  0.67753538991581008  0.68767156205199553
  0.69726262362641211  0.70656323143806410  0.71613626673690145  0.72609777288584942
  0.73670739302291555  0.74768686320023969  0.75884526047609258  0.76988068726189740
  0.78137419093086746  0.79315146781975909  0.80500196693047943  0.81709423004633297
  0.83021031193006023  0.84269991815801437  0.85513377124547141  0.86833042379084346
  0.88085660121250908  0.89392618646656985  0.90895270215048785  0.92557513189805118
  0.94265072992167198  0.95982921898991158  0.97774826360928491  1.00000000000000000
 -0.00227967764951993  0.00944989973220016  0.01908189179597812  0.02954288052777445
  0.04043034438735602  0.05144808494896930  0.06189656793320825  0.07230286104706188
  0.08297935823991839  0.09439695608309562  0.10602456322334364  0.11697980348045316
  0.12803543161931685  0.13986177517823276  0.15200887338200927  0.16358551035629496
  0.17475080405272919  0.18556312705553313  0.19624801999614189  0.20637379702020525
  0.21625672164459714  0.22617329849431275  0.23621170394401911  0.24649366829457961
  0.25659573173201022  0.26693338537809302  0.27755157182357110  0.28834013768907429
  0.29853778448289131  0.30840982799977534  0.31782312434553467  0.32741788063913296
  0.33793700775556706  0.34852363680418202  0.35901169417849516  0.36910893617586049
  0.37962795457090598  0.39076433293745816  0.40164138855167597  0.41211149898959781
  0.42185501873887615  0.43158253528072610  0.44119273882529664  0.45091828394094929
  0.46048240639077520  0.47017226965474379  0.48012791720152126  0.49011704880368667
  0.50005068413332554  0.51030953242909038  0.52122304001661379  0.53283460676460681
  0.54459481861185222  0.55540425619610312  0.56633749290955859  0.57646925834534013
  0.58697486059880466  0.59792799958732179  0.60971814649959699  0.62162290430041323
  0.63318075028454701  0.64481848431201971  0.65538243103332527  0.66732402672050040
  0.67797946466891967  0.68894008385604588  0.69969456128937946  0.70985393563545529
  0.71962089830321607  0.72925936154474047  0.73954334658664689  0.74987021012470045
  0.76095612846665472  0.77150471363774553  0.78238529326716266  0.79309821253271617
  0.80381079926272558  0.81439966431953836  0.82511511533650439  0.83609757307950427
  0.84711376284038198  0.85819133910667167  0.86866059628732784  0.87885768578349543
  0.88893670080701459  0.89947086520328756  0.90954424486949603  0.91966793285362158
  0.92974048661906195  0.94069622846248080  0.95078871166920564  0.96040779524215325
  0.96932908673007556  0.97875740448916315  0.98923472625618569  1.00000000000000000
 -0.00315522670862858  0.01255727591256427  0.02208391853732812  0.03196976466145749
  0.04212174049586272  0.05254892903903809  0.06466773557482496  0.07664569385195470
  0.08727311875033479  0.09724726109842811  0.10699258639831173  0.11612602277653354
  0.12524870383118827  0.13445459616456340  0.14328990289887999  0.15283349887607786
  0.16249742729541175  0.17225159066397372  0.18219559368971391  0.19242603639770983
  0.20318377862062473  0.21391029014332869  0.22380260441006025  0.23334920358695918
  0.24279041548494240  0.25295895435407412  0.26276034112216368  0.27276114477505237
  0.28331989140974040  0.29425953839905672  0.30506945185661755  0.31612835284045127
  0.32759031209525497  0.33891917416267325  0.34968048456909084  0.36047548698482534
  0.37132296005330440  0.38216220987532568  0.39312476389074114  0.40417771988437307
  0.41513033096296970  0.42625261334636938  0.43800832086030117  0.45056790257856139
  0.46247802029376012  0.47313155081946734  0.48339494784600567  0.49327368580696790
  0.50283491185942819  0.51238109450798774  0.52295506724254071  0.53461991465667380
  0.54617732373311600  0.55688667995490548  0.56705160696081758  0.57686294309359509
  0.58663860412546831  0.59665421899207449  0.60687991826531140  0.61717523274501485
  0.62746645390940736  0.63793733735620262  0.64832627972405232  0.65854780386458223
  0.66843303601690340  0.67806082387044486  0.68763062901705041  0.69716831625388109
  0.70682058686568983  0.71673351505108662  0.72726372073240597  0.73891360503266501
  0.75047544917990383  0.76068758621352861  0.77037886817773726  0.78049781605350177
  0.79087799568996930  0.80131265773363014  0.81240931422749807  0.82448479089075366
  0.83630142633498983  0.84719307259468291  0.85784681580860378  0.86819224513495574
  0.87834669713121283  0.88810882885107201  0.89797433913801472  0.90797085660482979
  0.91837072303613987  0.92938688260784563  0.94056084475923207  0.95176735169004800
  0.96344047162248603  0.97553807609639198  0.98787215286675378  1.00000000000000000
  0.01775344130568025  0.01813463568767896  0.01836786950665645  0.01860957831011776
  0.01884144411613307  0.01905221823045910  0.01925574118824890  0.01947042037549411
  0.01970408847485195  0.01994433256462591  0.02015651224510985  0.02036825366445531
  0.02058748564735659  0.02080383358352909  0.02107238417982692  0.02147300217364865
  0.02187326236695434  0.02226191079019961  0.02264125210457196  0.02304072447501687
  0.02343444107858616  0.02383682549187187  0.02425331542359793  0.02467204647124766
  0.02512071528805731  0.02559660386999309  0.02609297981897391  0.02659481183662398
  0.02713056236139033  0.02769698949336435  0.02829419273642304  0.02891821045433819
  0.02956185378252243  0.03021696304717049  0.03091435165764651  0.03162369077608308
  0.03234577798320789  0.03308733099124172  0.03384319907160297  0.03461654313691895
  0.03537970252444794  0.03617227178331724  0.03698142761036277  0.03781582521644529
  0.03867392866652373  0.03953799378630058  0.04040502167815313  0.04130516704992497
  0.04236464684364256  0.04345166104315132  0.04453697708041398  0.04563814074598112
  0.04675337282759632  0.04788840821779062  0.04910806951454699  0.05037441304481984
  0.05165209813818957  0.05294687086221390  0.05425359927342786  0.05556350072857103
  0.05688040934430176  0.05821732149021170  0.05957648826694850  0.06093772780438855
  0.06235902909776816  0.06410776166035832  0.06597701389292281  0.06785299666692858
  0.06975078481299088  0.07176470562940862  0.07378649384005817  0.07575967647258547
  0.07778206018678614  0.07990324713016879  0.08216033224127256  0.08483111199174263
  0.08771134508196662  0.09062031920708379  0.09372387048992722  0.09708235354696983
  0.10080471828223132  0.10467185507780755  0.10893016566534137  0.11349106237640794
  0.11829242640156837  0.12380538164642693  0.13090461519451224  0.13897020363217774
  0.14785590054545281  0.15877999020151756  0.17196342736075251  0.18953872581016662
  0.21447839097806051  0.25848682374747456  0.74336770960719800  1.00000000000000000
 -0.00150375302388396  0.00619547828284848  0.01383230786294895  0.02151048413705247
  0.02943052353641516  0.03769357017399311  0.04581161626202995  0.05452531277558602
  0.06322524011621124  0.07192705970357947  0.08021110596275678  0.08891172011044859
  0.09771359345219148  0.10677287797255075  0.11594550148032444  0.12495715064207719
  0.13456976145964078  0.14416639066780876  0.15498078452412090  0.16583148629912547
  0.17642250462919840  0.18638834570092505  0.19587978504945777  0.20524264345898446
  0.21485099923607826  0.22467541078773237  0.23519025664599366  0.24615576470229400
  0.25780507055912688  0.26958504988059850  0.28160530632754915  0.29374479130034592
  0.30575089465703559  0.31782444459258885  0.32931005313625478  0.34125801710077780
  0.35277835937583646  0.36286288036836295  0.37305882034967397  0.38453979773311781
  0.39803544333767177  0.41195469927950634  0.42616343527053596  0.44026722418298553
  0.45443589434174658  0.46896682867413647  0.48408888957656787  0.49894432730214833
  0.51302169233648909  0.52598344443970313  0.53746793783709002  0.54988712196281730
  0.56209877424770582  0.57363648320172222  0.58531467915259638  0.59842797785619795
  0.61175314406006931  0.62552977537280174  0.63922213482714973  0.65207959453550779
  0.66365215298523350  0.67418345731712315  0.68463833013851250  0.69575388200554622
  0.70739790541121617  0.71898887444241921  0.73022293369861913  0.74071215950953395
  0.75041672765102496  0.75965071505214243  0.76849725251928469  0.77786480028485283
  0.78766151755001956  0.79745082912186083  0.80682804071656999  0.81604098775298084
  0.82536630258624000  0.83520592578730124  0.84518623122936720  0.85481333456966424
  0.86417732635944633  0.87311445762884965  0.88160798998620904  0.88981118265719283
  0.89806162496570574  0.90662519318188384  0.91474846997435344  0.92331017729468079
  0.93221234810290998  0.94220014630771687  0.95243268469738340  0.96227226964161883
  0.97167274216997535  0.98088377630078094  0.99032391004627096  1.00000000000000000
  0.14782403681730882  0.18221341789949111  0.20137386196817075  0.21916776479611974
  0.23414444615374400  0.24574884416251022  0.25490053784715344  0.26324712343343371
  0.27208621840188463  0.28051750363636180  0.28887416636064783  0.29699170238878270
  0.30474367245032841  0.31268239022846145  0.32070622811564431  0.32918768115356434
  0.33702127995290193  0.34477368872840308  0.35217030880282452  0.35916162464671203
  0.36629935050623452  0.37376564086712816  0.38097823026724409  0.38771408935407625
  0.39404424003941052  0.39997034557866812  0.40549757268974251  0.41084210874044103
  0.41586818836113187  0.42039408808545636  0.42474991824830000  0.42913058532406684
  0.43350470708235656  0.43823357903305149  0.44286619342109634  0.44746997071451788
  0.45228737411137759  0.45725032239762081  0.46237829946492792  0.46730584882274467
  0.47206481757414015  0.47697550683710910  0.48206147989177245  0.48706066191845027
  0.49212227920061596  0.49724512824379336  0.50235401699813187  0.50734512798016596
  0.51228848848868913  0.51713594985573819  0.52185899118147228  0.52664749291155255
  0.53139011824477267  0.53610098812355811  0.54068434782346719  0.54517474695109203
  0.54989627474162373  0.55471896675476973  0.55952028365404982  0.56440001973789300
  0.56946464633507221  0.57466217023589250  0.57992159970646018  0.58521775472535975
  0.59046136339765287  0.59553135436268867  0.60072531331625734  0.60616797708824954
  0.61186872615286048  0.61760837758400833  0.62312660502837092  0.62899475868169685
  0.63512004807597922  0.64150197441978463  0.64791148219480033  0.65405581904945798
  0.66005671021843459  0.66597856579513237  0.67205781440482282  0.67851165936229108
  0.68524274816611452  0.69201895165191185  0.69881365679102714  0.70571765117427254
  0.71343670359041356  0.72154505753695686  0.73024250693475601  0.73978750661786286
  0.75055838030345734  0.76207401344885584  0.77429604694905052  0.78747114059261969
  0.80379007114131218  0.82612332242535647  0.86379153789850116  1.00000000000000000
 -0.02212032083469274  0.13744347327951459  0.18007787752164797  0.20441202077795759
  0.22339573058621204  0.24054421267455159  0.25492146747863526  0.26684047869341732
  0.27791016054080325  0.28817778421852319  0.29758660566384265  0.30667047565498784
  0.31572774528855652  0.32453282957389928  0.33302964622008874  0.34002338672501470
  0.34706510163108018  0.35385840149684350  0.36056530669018594  0.36704940945890813
  0.37316579080352336  0.37890481469605675  0.38448225311529682  0.39013131711883453
  0.39575182280344939  0.40088095624463310  0.40576827157742112  0.41051145571005893
  0.41537214991286625  0.41990380437282526  0.42424012350970930  0.42852191743100931
  0.43284952957011602  0.43731909480520853  0.44190626650396753  0.44624074949482684
  0.45009228547996905  0.45391783935621205  0.45772476345292218  0.46150242141356662
  0.46574661101770648  0.46996034898465905  0.47426763001569167  0.47880678708105401
  0.48338376675056616  0.48791205220191147  0.49244693152748686  0.49691190316239636
  0.50150322615108334  0.50602164767968205  0.51044122124168945  0.51480347898734580
  0.51898113216867636  0.52311919265629292  0.52732068060199522  0.53160532058691046
  0.53596955605118468  0.54042068111762576  0.54474247767583561  0.54902864446948951
  0.55334767612781610  0.55771963272654834  0.56212677736706174  0.56660292894108744
  0.57117305396379037  0.57571556271083124  0.58031885095959856  0.58486547328514726
  0.58947116384724196  0.59418214229472199  0.59898793868330669  0.60418948250999638
  0.60977548331372322  0.61545477648583147  0.62100459790945051  0.62650608667885388
  0.63221761303180324  0.63812004029598390  0.64445129967153580  0.65103998305740141
  0.65784468840481669  0.66497227633439093  0.67249164606016087  0.68035980788442885
  0.68874426677700851  0.69786622011593136  0.70789963632201935  0.71869453060837585
  0.73067684185260473  0.74367717759249929  0.75780578787998887  0.77298061824796760
  0.79148887140630986  0.81854889100374773  0.85742355887236510  1.00000000000000000
   1.4710290244217767E-009  -1.0000000000000000     
 T T T T T T T T T T T T T T T T T T T T T T T T T T T T T T T T T T T T T T T T T T T T T T T T T T T T T T T T T T T T T T T T F F F F F F F F F F F F F F F F F F F F F F F F F F F F F F F F F F F F F F F F F F F F F F F F F F F F F F F F F F F F F F F F
  <DiscreteSampler_grid>
  grouped_processes
  1 # 1 for a reference and 2 for a running grid.
  10 # Attribute 'min_bin_probing_points' of the grid.
  1 # Attribute 'grid_mode' of the grid. 1=='default',2=='initialization'
  0.0000000000000000 # Attribute 'small_contrib_threshold' of the grid.
  0.5000000000000000 # Attribute 'damping_power' of the grid.
 # binID   n_entries weight   weight_sqr   abs_weight
    10   10   9.280334910658706E+001   3.515852768642303E+004   9.280334910658706E+001
    16   10   9.280334910658706E+001   3.515852768642300E+004   9.280334910658706E+001
    22   10   9.280334910658709E+001   3.515852768642303E+004   9.280334910658709E+001
    28   10   9.280334910658706E+001   3.515852768642303E+004   9.280334910658706E+001
  </DiscreteSampler_grid>
