  0.00608663171705468  0.00874694205871711  0.01382492651645740  0.01898968403400020
  0.02438856324139378  0.02998147129805811  0.03560144776061053  0.04124291472756512
  0.04694450041071829  0.05269814150076613  0.05848078736040280  0.06432166905547065
  0.07022489702510834  0.07618825387574582  0.08218534248637770  0.08828557935419042
  0.09443349026954022  0.10062518985991463  0.10688732891893471  0.11322112111913779
  0.11960928128842882  0.12605895587025184  0.13258951108934333  0.13918608903492077
  0.14581780939542183  0.15259283147308569  0.15940041654505052  0.16628056434758168
  0.17325078027696941  0.18029840115218007  0.18742596985432788  0.19465585618619280
  0.20196532927263530  0.20934874759647032  0.21684443866724779  0.22443279843359745
  0.23211941866583888  0.23993021391715727  0.24780439271920610  0.25582250449281407
  0.26393508920099717  0.27216596951779576  0.28052586314627193  0.28900099118689532
  0.29760006530920907  0.30633117834323326  0.31518874948491243  0.32421495866490391
  0.33336152457635632  0.34269886597826532  0.35214783261677368  0.36179097093966089
  0.37156868280269195  0.38156320550286571  0.39171485104244630  0.40207910015804615
  0.41261078095150550  0.42337604254984790  0.43432940790856212  0.44553347347217154
  0.45692955161443449  0.46860167494805904  0.48047220584967654  0.49264837798940980
  0.50505979772031850  0.51777161529059745  0.53074332982015404  0.54400689839147165
  0.55755282777921089  0.57141500467236428  0.58555743535324178  0.60002699254644309
  0.61478974521340335  0.62990354080317179  0.64533863206864850  0.66109365418851007
  0.67713259375751700  0.69348280806103357  0.71010621132235685  0.72702961201588756
  0.74414158284138887  0.76143137294589847  0.77887391216890967  0.79642850957739586
  0.81405021681731415  0.83167664567913768  0.84926909833701647  0.86678746678638552
  0.88419637905797499  0.90144817223595275  0.91847282540808906  0.93526233083480759
  0.95180420446736891  0.96809110526886455  0.98412230794241551  1.00000000000000000
 -0.00242127210152959  0.00954536838846033  0.01984428126254000  0.03052358723837622
  0.04116737071598844  0.05157137432192094  0.06202721356744447  0.07231214768894165
  0.08257860885862633  0.09274515929565053  0.10291104914963249  0.11325085542103805
  0.12357573614817695  0.13398182365815400  0.14424041072827659  0.15454818560489050
  0.16491224463213083  0.17535944641445139  0.18581811861700667  0.19643274639943931
  0.20698797047538076  0.21762239151486598  0.22824741884331978  0.23892608190380121
  0.24957856678061485  0.26026918704909546  0.27095736269860582  0.28153950943881551
  0.29209383829836333  0.30261053747030192  0.31310547921671517  0.32356274000818186
  0.33390657204305896  0.34418817469197988  0.35438774234890125  0.36470410816959736
  0.37510192903740430  0.38561205122233688  0.39625399600371858  0.40699392227179387
  0.41765036657581001  0.42843099280011238  0.43909998103090819  0.44983872822160603
  0.46053468857362090  0.47124293018967633  0.48213225691639944  0.49300849974859173
  0.50387437124420831  0.51457659524555732  0.52519270740864177  0.53598876592968292
  0.54665622161295435  0.55729730542062150  0.56785114891373878  0.57825115801833915
  0.58875976637976768  0.59907026372150640  0.60953619029412709  0.61993521748717928
  0.63044448657093211  0.64094128572066844  0.65145500253242072  0.66198624091781866
  0.67243113728383230  0.68288881846585692  0.69337505430223845  0.70399119560083334
  0.71452073649961501  0.72503283140154973  0.73577249224583563  0.74657372541809963
  0.75734985398908961  0.76791045524667179  0.77851076289477783  0.78915458105578185
  0.79977179959189859  0.81047238923400922  0.82121073638291187  0.83180738955026734
  0.84225032482442097  0.85269357717848215  0.86326331017496594  0.87380358311780548
  0.88413551658258283  0.89454435241423957  0.90508306063527744  0.91573227404971891
  0.92626157818329480  0.93682098912051337  0.94742997548940944  0.95805531940351374
  0.96861379884659393  0.97906668381624939  0.98948500562520381  1.00000000000000000
   1.8106826590322696E-007  -1.0000000000000000     
 T F F T F F F F F F F F T F F T F F F F F F F F F F F F F F F F
  <DiscreteSampler_grid>
  grouped_processes
  1 # 1 for a reference and 2 for a running grid.
  10 # Attribute 'min_bin_probing_points' of the grid.
  1 # Attribute 'grid_mode' of the grid. 1=='default',2=='initialization'
  0.0000000000000000 # Attribute 'small_contrib_threshold' of the grid.
  0.5000000000000000 # Attribute 'damping_power' of the grid.
 # binID   n_entries weight   weight_sqr   abs_weight
    10   10   2.644818248943596E+006   1.092111155834846E+013   2.644818248943596E+006
  </DiscreteSampler_grid>
