  0.00000240206600910  0.00000540432988376  0.00001108215488548  0.00001728694439055
  0.00002313826970716  0.00002873840477754  0.00003419180164116  0.00003957111021863
  0.00004492478705580  0.00005029539254659  0.00005570804807458  0.00006124964878238
  0.00006689116080784  0.00007261897557530  0.00007845197037330  0.00008439027606212
  0.00009051313911415  0.00009677995322035  0.00010319334834982  0.00010975501809920
  0.00011643179610647  0.00012317303424105  0.00013006960951335  0.00013704730489636
  0.00014408131809399  0.00015119334221739  0.00015840975833163  0.00016579515607798
  0.00017340628995448  0.00018121259060705  0.00018916954643857  0.00019734196569136
  0.00020581391588298  0.00021458258249213  0.00022367456141012  0.00023297172241176
  0.00024267103492257  0.00025269931686164  0.00026323803179658  0.00027430833732072
  0.00028573814789277  0.00029754169870723  0.00030970024105771  0.00032244923562510
  0.00033586481640174  0.00034993562575767  0.00036472779021569  0.00038019124426654
  0.00039633411909301  0.00041322758544659  0.00043091856536686  0.00044929323706385
  0.00046845309419115  0.00048837534675294  0.00050948513624016  0.00053153975080075
  0.00055458539613177  0.00057882202081048  0.00060425391466259  0.00063240617014009
  0.00066261020934198  0.00069584316189466  0.00073149075657954  0.00076921417806681
  0.00080961110104174  0.00085253977393192  0.00089890118580610  0.00094849410731209
  0.00100159726904301  0.00105992941744437  0.00112257514433841  0.00119011721228684
  0.00126316943125521  0.00134076270157962  0.00142768667140449  0.00152420644253182
  0.00163355142074829  0.00175860841619305  0.00189874995247495  0.00205851269404710
  0.00223816813891941  0.00244039302433072  0.00267298832846633  0.00293756374138178
  0.00324761345749335  0.00360091090602657  0.00406595017587841  0.00462316641545757
  0.00534466048194193  0.00631363640601822  0.00748464327767906  0.00916349323562787
  0.01176306861549582  0.01736338131737519  0.09179500152393708  1.00000000000000000
 -0.00231932227313590  0.00998031078391344  0.02015390888116381  0.03081595149048937
  0.04115805417449762  0.05115643213426327  0.06122278718612507  0.07148461103853877
  0.08181870348565301  0.09202062723681906  0.10214069578447757  0.11241089976971862
  0.12267806181986932  0.13310879190226882  0.14364316255090440  0.15433893933402418
  0.16498593312734494  0.17556328113499239  0.18606988614420306  0.19629034338354556
  0.20657087076444677  0.21677061854704457  0.22712090529077930  0.23760542621190228
  0.24790152968749055  0.25839027041158874  0.26900203170297460  0.27990675881990185
  0.29074540667022253  0.30117835161552364  0.31159994047978273  0.32195821373093775
  0.33239130048037269  0.34291486630417040  0.35351099690689780  0.36403634697286530
  0.37433878046750702  0.38455779233232196  0.39499554357076000  0.40556176265587190
  0.41614865611539537  0.42670559410280634  0.43744952793852876  0.44820204671390190
  0.45896572945159247  0.46966299231195707  0.48045176452996086  0.49123737765307696
  0.50211138390652899  0.51296203892971104  0.52388096575475240  0.53468304474679851
  0.54555268575081284  0.55617180521577469  0.56688988354517877  0.57732055667868709
  0.58763957646225840  0.59785058912114630  0.60808199690181197  0.61844399875998957
  0.62865554091491860  0.63894714465662361  0.64944638547295930  0.66002119702300688
  0.67069785655854774  0.68138713932348971  0.69212030725832441  0.70301890119188659
  0.71385949738229648  0.72469156938392965  0.73517916184215726  0.74565341512462435
  0.75622160460934340  0.76694756403354236  0.77745662984922248  0.78801636253408980
  0.79854037210388651  0.80922088565745476  0.81976174441069938  0.83041703508591691
  0.84131210807874590  0.85242805355465878  0.86314804278721813  0.87404566553045182
  0.88459477820929988  0.89534332644760162  0.90550860088626928  0.91589980161473239
  0.92646955397935293  0.93710194747455022  0.94766073216125768  0.95798327491385682
  0.96839197312787306  0.97893056234318099  0.98957147708713078  1.00000000000000000
 -0.00399090862752199  0.02616653745862074  0.04778997254522728  0.06583852315760626
  0.08209120289911800  0.09714814865056892  0.11145308856351657  0.12506251904464902
  0.13813918997778624  0.15065956549569959  0.16278445419989099  0.17458735901819075
  0.18592870716257012  0.19652418716879377  0.20688554003446580  0.21701568126071039
  0.22716168637161774  0.23712222928848614  0.24695764927360275  0.25665660939636725
  0.26618314797352283  0.27567747330557629  0.28506098680680131  0.29434668244893342
  0.30345417879880615  0.31248777959270424  0.32142711418733211  0.33017523960499562
  0.33887985951143529  0.34740699729235103  0.35612192273612070  0.36503768539276699
  0.37393376098443359  0.38267197254176910  0.39127712507437701  0.39976676171852765
  0.40828918937462505  0.41681720383566195  0.42524482000965907  0.43356203441418162
  0.44173995927079496  0.44982783126663167  0.45780156912382658  0.46561287740920171
  0.47340290386433065  0.48125783338319406  0.48921180281718268  0.49719515280249915
  0.50515309043239032  0.51298352922725377  0.52090588522588843  0.52887611961214909
  0.53701279690512282  0.54490804954127758  0.55290000849343623  0.56088226712362232
  0.56884038387412539  0.57673093465880276  0.58457425903307969  0.59241673415034246
  0.60032736753782812  0.60836502650601665  0.61650124605752399  0.62465799863155291
  0.63279931227284247  0.64098572522829278  0.64937299500500623  0.65802978965614056
  0.66671441295609990  0.67498613395439400  0.68312964860794734  0.69143107588790165
  0.69992808444297150  0.70857009753786382  0.71722696986127876  0.72589689902295973
  0.73467976682917646  0.74370305362861788  0.75276662994876675  0.76212791571124672
  0.77172503307703733  0.78181358016941416  0.79195683734848410  0.80218927201252632
  0.81247238383218312  0.82320187211181073  0.83431699557811312  0.84579707564769790
  0.85771784174527221  0.87024534200265624  0.88342214226423865  0.89774365473774542
  0.91365912976869612  0.93214130094640613  0.95730527700238432  1.00000000000000000
 -0.01836000766546337  0.10579503428713673  0.14160284537941284  0.16379311433093047
  0.18138290232623022  0.19626524769246556  0.20941886738783946  0.22143827077363787
  0.23259229421845284  0.24318201342579990  0.25320513965020003  0.26267491621796307
  0.27175464589404513  0.28052151907016254  0.28900950077267873  0.29718099098742712
  0.30507456682488404  0.31276434454051033  0.32021583801813658  0.32755001154737096
  0.33469108651168011  0.34154527616028574  0.34827325268683301  0.35491751458983267
  0.36145774684112242  0.36792128568299887  0.37429481979238072  0.38055688947433208
  0.38672620564093846  0.39282583611603128  0.39888676246345600  0.40498474032492371
  0.41115165314508478  0.41727240791066439  0.42338754084715502  0.42935751035134190
  0.43525817356589486  0.44108950337417968  0.44685258267699957  0.45259515420237695
  0.45826630102947447  0.46386362368714434  0.46944910148487418  0.47505617255202476
  0.48069061086547277  0.48635483311190048  0.49205477288329630  0.49777157131269800
  0.50349453773425201  0.50915698959138267  0.51473556917261509  0.52029373475583263
  0.52589041664321412  0.53146478624094895  0.53700770056005398  0.54255003316635819
  0.54807596287425875  0.55363214798696936  0.55933210943014322  0.56512399223263454
  0.57105394437857271  0.57692096146591632  0.58273784720036736  0.58866276269159745
  0.59466873186950364  0.60079758055741039  0.60695527520657844  0.61316648361904580
  0.61942167034319329  0.62576089513324262  0.63222960707474807  0.63880498948779696
  0.64545167707632733  0.65219981282278872  0.65901092472137057  0.66590099504141165
  0.67312964084357030  0.68057943155865952  0.68828263421933678  0.69615785266332630
  0.70420913399216389  0.71238607368835671  0.72073020428267465  0.72925898934263644
  0.73810344942038220  0.74729977736850284  0.75701750459391304  0.76743378508095794
  0.77861691794595589  0.79070816903384966  0.80384276555010570  0.81861515711241939
  0.83591752581683532  0.85749111896762364  0.89274097817085407  1.00000000000000000
   3.2402012847009757E-003  -1.0000000000000000     
 F F F F F F F F F F F F F F F F F F F F F F F F F F F F F F F F
