  0.00003319074412181  0.00003600412964040  0.00003852924057345  0.00004049260250293
  0.00004200997249602  0.00004364772889004  0.00004539468197450  0.00004726035893082
  0.00004921873153600  0.00005119749575781  0.00005323795971109  0.00005542403849055
  0.00005778947115782  0.00006028073346137  0.00006295750369131  0.00006582976262251
  0.00006885310462031  0.00007195372324613  0.00007507646343891  0.00007821857907668
  0.00008142545242712  0.00008475135962046  0.00008823868423245  0.00009192096023529
  0.00009575726125275  0.00009957035935339  0.00010349318297040  0.00010772863208559
  0.00011228468212702  0.00011730261522656  0.00012265430056923  0.00012831549009531
  0.00013438443665324  0.00014078494288866  0.00014772032027129  0.00015525649373162
  0.00016328476505981  0.00017169005645642  0.00018049302950370  0.00018977353324322
  0.00019942350714553  0.00020940263870429  0.00021984802021986  0.00023084438518509
  0.00024209108081928  0.00025395160577596  0.00026631637254781  0.00027916996972586
  0.00029293249395370  0.00030724417056488  0.00032184328824528  0.00033706671756969
  0.00035298861449604  0.00037001169182206  0.00038733355381285  0.00040523584864424
  0.00042335375067006  0.00044191891758277  0.00046115346207072  0.00048132033165577
  0.00050266743627912  0.00052496930888151  0.00054792309147624  0.00057140206104485
  0.00059549496459041  0.00062012448999747  0.00064589247034107  0.00067333452481643
  0.00070206761509494  0.00073202764588981  0.00076300000777054  0.00079412347813683
  0.00082595595662505  0.00086000683551435  0.00089643135015576  0.00093511131542669
  0.00097687404384800  0.00102182641607816  0.00107105663314016  0.00112591091854564
  0.00118625353500621  0.00125262503328868  0.00132710551659679  0.00141258699526588
  0.00151128053496249  0.00162472089264334  0.00175656704074699  0.00191650206781327
  0.00211970132689859  0.00239573654335111  0.00279426647716317  0.00341020262503763
  0.00469189319151148  0.00975228055488993  0.47242470212368076  1.00000000000000000
  0.00019736752375719  0.00094413056248988  0.00126172968179635  0.00143076222551938
  0.00155080129927227  0.00162907115006668  0.00169434527380220  0.00176537792809898
  0.00185122603129249  0.00194726827517427  0.00204266195096370  0.00213762431661190
  0.00223063817888075  0.00231792570367256  0.00240185036138637  0.00248786780124493
  0.00257580223578650  0.00266102030646571  0.00274753965211109  0.00283736857015088
  0.00292519469615979  0.00301226054330276  0.00310181593598191  0.00319176217281574
  0.00327740295059330  0.00336813388058966  0.00345651978611924  0.00355183379354093
  0.00364832115073537  0.00374528231441345  0.00384003282056760  0.00393577205661459
  0.00403094432671211  0.00412530691032509  0.00422610420177598  0.00432907503087346
  0.00443559726685223  0.00454402597991147  0.00465762726389197  0.00477835130332177
  0.00489648507480158  0.00501970315684390  0.00514674720079259  0.00527630661358448
  0.00540876024487290  0.00554290347731172  0.00567565340050579  0.00580866905769667
  0.00594252119495348  0.00607780739041536  0.00621725037788508  0.00636049292965815
  0.00650705281008409  0.00665352832635739  0.00680475768567228  0.00695657679505614
  0.00711234155696311  0.00727265290437155  0.00743909121763351  0.00760831173282691
  0.00777838929836813  0.00795198409307692  0.00813341690125421  0.00832783785191184
  0.00853627076790488  0.00874964834903725  0.00897532507832316  0.00921122818313843
  0.00945247647852085  0.00970327576151430  0.00996811198277904  0.01025197713433386
  0.01055076666096038  0.01088399999026436  0.01125076880493425  0.01164445033492082
  0.01207122551409395  0.01251663579003670  0.01298053749732029  0.01347176900126191
  0.01400902664257282  0.01459346720867926  0.01526191203637609  0.01602194888077169
  0.01688949986716681  0.01789820714598978  0.01909578427431913  0.02053998355804993
  0.02227641737423445  0.02445311327117079  0.02723775995847655  0.03125029764093241
  0.03849567961008671  0.05158105735645189  0.25966892253784601  1.00000000000000000
  0.00158808057691301  0.00272140987242079  0.00347025285433623  0.00400695078742295
  0.00447616009755407  0.00493275995659626  0.00536020674772138  0.00577146579276984
  0.00620286700437724  0.00658423576279775  0.00684535602923023  0.00704699310580138
  0.00728315036028026  0.00753497817095537  0.00777987007700603  0.00801815972079714
  0.00826405632301846  0.00851378838925533  0.00876406625945661  0.00901239060817785
  0.00925964594873827  0.00950528468469369  0.00975714121128391  0.01000578724877243
  0.01024838070279436  0.01048692723793033  0.01072439195794062  0.01096204203688685
  0.01120073278588388  0.01144225535546166  0.01169026101490723  0.01194367054172758
  0.01219588853478846  0.01244734375631872  0.01269834773634670  0.01294948225858972
  0.01319718811749030  0.01344700598384771  0.01370615195085035  0.01397015153652386
  0.01424191540242437  0.01451536781784977  0.01479184000271684  0.01507142114282184
  0.01536033329580049  0.01565670701008956  0.01595914037736714  0.01626973569287849
  0.01659095141640708  0.01691431854367025  0.01725148061452089  0.01761322419335190
  0.01799365296984505  0.01839155334533776  0.01879904416053590  0.01921002241117586
  0.01962260597788649  0.02003937506174312  0.02046923255428045  0.02092273378510925
  0.02140030743624385  0.02189385309985834  0.02239697287079237  0.02291563563474218
  0.02346477414626180  0.02404914411082556  0.02466360158090070  0.02531770712808567
  0.02601968574560112  0.02675662767561914  0.02752150945279640  0.02833301458470239
  0.02921381883468413  0.03014612872099788  0.03113015120248656  0.03219039631183160
  0.03332082015470784  0.03448294845637256  0.03568609634528959  0.03699035505583947
  0.03859433225690078  0.04054348514617602  0.04291019618165721  0.04563064344643028
  0.04866500026810402  0.05232066363104484  0.05653534726414541  0.06124289983451377
  0.06726741905106620  0.07643609790768918  0.08498167030913406  0.08962541211724172
  0.09426915392534937  0.30474530674997780  0.51831160811589116  1.00000000000000000
 -0.00178903735726841  0.00644307217752252  0.01438989482572609  0.02212388731011413
  0.02968770252355847  0.03757023482604904  0.04591152890623738  0.05456669973502558
  0.06321813459389923  0.07177038731041580  0.08042895198952936  0.08991469529485252
  0.09970053719109301  0.10949369514290884  0.11945252985150695  0.13026105399479643
  0.14185036641783230  0.15379299713484199  0.16553733888365407  0.17690215836884254
  0.18805079728359486  0.19919211503329848  0.21024183343972735  0.22146420731425651
  0.23283683430737190  0.24406354303628502  0.25470927848405400  0.26459312449249744
  0.27499160150964158  0.28523605310075562  0.29721871107019776  0.30928152858736258
  0.32139330649392833  0.33318016822001306  0.34442822809314705  0.35562314942590539
  0.36660303165330954  0.37814508610160635  0.38959570551787415  0.40101437279424501
  0.41237797328399634  0.42314204654640769  0.43383773984441854  0.44512596456127002
  0.45671248578448309  0.46851046395263601  0.48032436123693856  0.49218845349744805
  0.50379876489672570  0.51521509962500345  0.52652800849833170  0.53800482667554006
  0.54955159355060301  0.56081868797865986  0.57179623095622367  0.58282156941507213
  0.59445503449202763  0.60617440193175909  0.61768259726726049  0.62924161832780068
  0.64062509581213278  0.65190086692992122  0.66296157789054788  0.67422627349071274
  0.68539482226448423  0.69681790128692755  0.70846862744876571  0.72034366339994338
  0.73236707792659472  0.74366780642556907  0.75475522313074495  0.76553693879574425
  0.77604063527047595  0.78646895447407239  0.79731596893354140  0.80866696856595210
  0.82026364784622352  0.83166415440569563  0.84261970605558945  0.85308059445465134
  0.86323608097668147  0.87343795330055374  0.88372580749928054  0.89405868992570903
  0.90415602720959487  0.91412284048672132  0.92359257021228558  0.93262862949764835
  0.94137737632747953  0.94976879598605213  0.95816805318504816  0.96663817672806518
  0.97495266313410922  0.98329556136279117  0.99154174659313488  1.00000000000000000
 -0.00261076126220742  0.01015215018748597  0.02043005830215779  0.03153908464002843
  0.04255745693100406  0.05379585912847837  0.06483496539327858  0.07546033989980554
  0.08595905015396316  0.09599496460460569  0.10578007644302749  0.11561359675461938
  0.12601312632629447  0.13676825089877251  0.14745357991105754  0.15849086206760268
  0.16896076578915492  0.17921359633894773  0.18969212305619043  0.20102862589408979
  0.21180355731062470  0.22160416250825862  0.23146493095374288  0.24157059294765565
  0.25192462986598330  0.26220651373269366  0.27222998149781652  0.28319909246237079
  0.29400701183844985  0.30432078908968363  0.31486523518472559  0.32543666590806875
  0.33654591509483472  0.34799607714249053  0.35923954439672995  0.37004647124893808
  0.38053933636845377  0.39058121270241997  0.40076888858741372  0.41133807210443118
  0.42192717826998016  0.43247878374453469  0.44287910170699180  0.45281346479015899
  0.46276667000070537  0.47300847573828037  0.48328540944290965  0.49364943250490317
  0.50382144266902851  0.51453660283794223  0.52523612613062332  0.53562263408254640
  0.54546564619212046  0.55555436569290284  0.56610095433341190  0.57702645951740794
  0.58780251291577590  0.59731033598423777  0.60676363791511623  0.61646422513069943
  0.62663586555747408  0.63711400482457980  0.64792215464587555  0.65888775788580523
  0.66952610333993623  0.67970647816752161  0.68974942638141268  0.69995547768543054
  0.70998501615594822  0.71976595792662434  0.72970045161801389  0.74022778524429522
  0.75117397708615619  0.76229854597567892  0.77331293899656139  0.78400246937142104
  0.79420270663038572  0.80418141693902390  0.81429579280660813  0.82469404933933632
  0.83566453945905117  0.84731236896811213  0.85916564935358275  0.87072001322116688
  0.88188615819536209  0.89281556213764324  0.90344878128949180  0.91384697892184119
  0.92423825831645967  0.93451268265245990  0.94528263651959910  0.95602962498309685
  0.96673983625699422  0.97752278621245947  0.98868294146279767  1.00000000000000000
 -0.00253948003267874  0.00977684348245132  0.02077891505077471  0.03033318085254277
  0.04036301150231392  0.05032604006711475  0.06055141002963860  0.07055249629495088
  0.08045845927225787  0.09030722397356476  0.10130261599739696  0.11182260550521111
  0.12240793095392832  0.13270938601182700  0.14281142019368415  0.15346194258786577
  0.16402133393865601  0.17501581177446385  0.18598093751312289  0.19675900832425602
  0.20767603020164310  0.21837686665429093  0.22941176556236456  0.24042717925181087
  0.25158739022161508  0.26196685152382354  0.27235969835077212  0.28244019954530730
  0.29241301313454632  0.30190002733977184  0.31128279103617085  0.32079123465088072
  0.33042910517135066  0.34060565127345577  0.35107955602408181  0.36200647407903103
  0.37265020594374815  0.38297091330718053  0.39329272398419435  0.40361145507993029
  0.41396454115268994  0.42440347769703257  0.43492511482587010  0.44520377801382938
  0.45516727725740375  0.46524017814659457  0.47578250985947651  0.48675568049994333
  0.49768093387608675  0.50846151124487526  0.51902931582972078  0.52931818232160033
  0.53973930160281636  0.55048873913564889  0.56164212306769690  0.57263733628155900
  0.58341710147141379  0.59389662967319756  0.60411729934253100  0.61426510983986771
  0.62441463681210552  0.63435855467015134  0.64415254858005122  0.65441397169152804
  0.66511752605960894  0.67610283756774670  0.68715447430322008  0.69846750391957135
  0.70999639232297662  0.72097049859847517  0.73192034552223950  0.74287335910482866
  0.75338177230064729  0.76391835420074561  0.77452031239144481  0.78543284311657058
  0.79663967765579624  0.80786749951258452  0.81931481243660143  0.83085014521881750
  0.84212086513799977  0.85236706909249593  0.86209330063690948  0.87162069873189951
  0.88136297742712577  0.89120092960622832  0.90122695907048345  0.91188851733282594
  0.92306826604387160  0.93421299644958000  0.94521683757093455  0.95588885493381848
  0.96649664920316647  0.97746841964509656  0.98842821027172378  1.00000000000000000
  0.05279532041715947  0.05517072075115705  0.05666333087534641  0.05788399562006192
  0.05897416505625591  0.05997568544119743  0.06092459392983592  0.06183777438602441
  0.06276568132845213  0.06373404494367192  0.06469070407970581  0.06561456333535841
  0.06651598556612159  0.06738974304831526  0.06826136521988491  0.06912935004208148
  0.06999043177352061  0.07084602863265974  0.07170479812588183  0.07257659118804051
  0.07346824446685078  0.07438154978711892  0.07530107212693632  0.07620725309055940
  0.07709523430474655  0.07797530832858547  0.07885601118070255  0.07974561110545565
  0.08062116934370783  0.08148067720559053  0.08234792443828615  0.08321170986192250
  0.08411509722593818  0.08501476962654264  0.08593122276168365  0.08686903560693784
  0.08782029973123948  0.08877348726424462  0.08971145563985389  0.09065217347369013
  0.09160987881346665  0.09257074093138741  0.09353382890641887  0.09451143979176146
  0.09549067211983256  0.09646311718691437  0.09742176280767789  0.09841216247375338
  0.09944572050035218  0.10047419387903338  0.10147899556384016  0.10251459017450569
  0.10360013024296037  0.10471104112547644  0.10594875154446064  0.10724755277359817
  0.10850052913320386  0.10977025180306016  0.11103335550052751  0.11234599365036678
  0.11375118294518720  0.11525254398103657  0.11676622979576505  0.11822889824200485
  0.11966054547584767  0.12111816831609273  0.12264265299118754  0.12421773606187589
  0.12586409906616805  0.12753850679686352  0.12932538171880639  0.13115415813413933
  0.13296676347387082  0.13484932707315286  0.13680958443315333  0.13889837263302152
  0.14116058119311742  0.14354195640699441  0.14603148352499176  0.14857276558008234
  0.15098699100147084  0.15333885328649635  0.15577168932839899  0.15844868544583512
  0.16100344350987106  0.16317601925501873  0.16534871293124012  0.16808424487287524
  0.17145160534548662  0.17633087925634569  0.18246707206020688  0.19074951742477769
  0.20339086611752630  0.22574038737311589  0.26353313085280305  1.00000000000000000
 -0.00291513217813377  0.01163557707232381  0.02361203514638636  0.03446294331499121
  0.04539923161382670  0.05624583179452554  0.06760791435394482  0.07833364498843880
  0.08896916936454159  0.10016167178131700  0.11210665101948845  0.12448346856373461
  0.13639874617375339  0.14753608416070366  0.15837245917803072  0.16930328063556885
  0.17985633597117315  0.19099255296095363  0.20250130516108494  0.21426798785047643
  0.22585423941415475  0.23688519762963239  0.24778086311479799  0.25807324905701967
  0.26782097778039815  0.27748261252503065  0.28710890693502666  0.29708683049185780
  0.30726655249452717  0.31773527031050414  0.32819767504947217  0.33842773147884242
  0.34859333926871472  0.35848914016648448  0.36825663484209131  0.37744300584665380
  0.38640009656411506  0.39561898703449960  0.40493519932190558  0.41460614981553506
  0.42410246065670937  0.43422273718123727  0.44449238034104660  0.45458680705452298
  0.46484648395290223  0.47512918199270293  0.48501285130022587  0.49441170908528115
  0.50380364339211936  0.51330249783999082  0.52286397231945292  0.53255337318099338
  0.54278637456439360  0.55346019992124451  0.56417411508540238  0.57478345600523262
  0.58455146405793290  0.59372003313551447  0.60310100212059603  0.61272298660078361
  0.62263793233319464  0.63245164742495130  0.64171202109274816  0.65123043375910661
  0.66164136297248666  0.67203217568796825  0.68401300296158662  0.69372436818017835
  0.70452183067575369  0.71366762593289268  0.72343438365142443  0.73317963243883433
  0.74282550835458927  0.75286654193926617  0.76299559509162684  0.77323077370627213
  0.78367038025074010  0.79436833430952269  0.80547597581962571  0.81725889350224357
  0.82895565747029420  0.84040810768450369  0.85203494561238158  0.86377449827246033
  0.87578661291475868  0.88797067807731511  0.89980431910098435  0.91111741126857104
  0.92224155344826331  0.93340840800430969  0.94465362103205852  0.95546001351882470
  0.96643012428310004  0.97683988844108516  0.98847475394404949  1.00000000000000000
  0.07317071370733057  0.13750016065758486  0.16296958827337982  0.18026789635433371
  0.19504124246800630  0.20786359641371271  0.21936826988351549  0.23019461427993226
  0.24022032495723367  0.24950494440907944  0.25788492867600044  0.26574221887227584
  0.27318125366810403  0.28028439817141726  0.28721181781314886  0.29413309434189128
  0.30084040311346943  0.30720069882983658  0.31328772442934966  0.31933156412480929
  0.32497355018142099  0.33079520323199912  0.33613402855926799  0.34153401912050940
  0.34679118165575878  0.35207151884172017  0.35724960525936805  0.36251518447273384
  0.36771655875749482  0.37277728143839328  0.37766605279642662  0.38242730142489434
  0.38708371363961991  0.39176803157279133  0.39660720282424655  0.40157218747518586
  0.40643809587917629  0.41122293640795277  0.41592734453930968  0.42060988706524821
  0.42527308790089752  0.43005467920721896  0.43473674999121947  0.43922574807961628
  0.44364106469776227  0.44798680214109143  0.45218511024063363  0.45669699588547924
  0.46132000213740137  0.46594243680519654  0.47057186520271171  0.47523313252758526
  0.47986018912494893  0.48447061112427281  0.48907104407188617  0.49362530356191386
  0.49813224342036766  0.50260976106971289  0.50711698841448949  0.51172312448454071
  0.51643098373982499  0.52117493294313877  0.52598400610733353  0.53086030141398011
  0.53581602066221801  0.54087446926300886  0.54600135092393054  0.55117423169846569
  0.55636002673743079  0.56159780461896847  0.56693144164468723  0.57236184268017698
  0.57789686844932198  0.58354582361182250  0.58944146861545932  0.59535042043789321
  0.60155464754704790  0.60787694587550978  0.61431803210860747  0.62078104213536411
  0.62751447467863719  0.63465289052484164  0.64208837466571844  0.64992047659567731
  0.65811268540335954  0.66678553527520457  0.67626003942042145  0.68609302654698812
  0.69640310791336968  0.70731888125271836  0.71977451686273020  0.73434934442309507
  0.75202352379950943  0.77612879075606123  0.81864131559671005  1.00000000000000000
 -0.03787583855160958  0.17047986347581917  0.21539160753193229  0.24097079656679601
  0.25980578794338266  0.27441033425178496  0.28642016107380691  0.29693811822915223
  0.30630092438500250  0.31491495911747280  0.32285975381728693  0.33018718321193724
  0.33717105256531255  0.34411681447168552  0.35104748894831150  0.35766084474907534
  0.36393777817516088  0.36999630920379795  0.37560620401952705  0.38083788485959480
  0.38578879141368899  0.39071549679333500  0.39574322848486970  0.40065416866876152
  0.40538657251339139  0.40999819072966748  0.41455193892866732  0.41902245650720277
  0.42347860896573603  0.42781923129675598  0.43201750170849457  0.43618793365436181
  0.44036572656944761  0.44463256613650981  0.44894199254843709  0.45316142131634807
  0.45736257228922134  0.46141630026657265  0.46550776207917560  0.46959106166383108
  0.47358433230281755  0.47747043634012915  0.48119912249528773  0.48482452808119514
  0.48843201641082190  0.49209556815258454  0.49584598022856247  0.49990014973368457
  0.50393811879019690  0.50786878075695385  0.51177091924794249  0.51569688196978902
  0.51956284127915986  0.52336189488777018  0.52712771502670208  0.53090213150839538
  0.53473476261074271  0.53863408950961400  0.54258516048873562  0.54656251833661873
  0.55053800619992777  0.55455635980082651  0.55860685466505899  0.56264206359337054
  0.56668522443671887  0.57067421944681784  0.57478591502318255  0.57894246979736896
  0.58309824398825494  0.58737929794001120  0.59188532998569099  0.59642297052793547
  0.60116871010459094  0.60603281763403294  0.61092890178561321  0.61593275793367974
  0.62100029908780097  0.62648781650638374  0.63235498026444703  0.63835653222250899
  0.64427216917036323  0.65029775661727718  0.65657091049272476  0.66324972248511727
  0.67054330408489005  0.67818491956041682  0.68640527562694942  0.69522551135903421
  0.70488661755996895  0.71560859180235747  0.72783513820431078  0.74245383596726133
  0.76025937966714341  0.78393203144423085  0.82727156066175833  1.00000000000000000
   2.2804200410512068E-009  -1.0000000000000000     
 F F F F F F F F F F F F F F F F F F F F F F F F F F F F F F F F F F F F F F F F F F F F F F F F F F F F F F F F F F F F F F F F F F F F F F F F F F F F F F F F F F F F F F F F F F F F F F F F F F F F F F F F F F F F F F F F F F F F F F F F F F F F F F F F
  <DiscreteSampler_grid>
  grouped_processes
  1 # 1 for a reference and 2 for a running grid.
  10 # Attribute 'min_bin_probing_points' of the grid.
  1 # Attribute 'grid_mode' of the grid. 1=='default',2=='initialization'
  0.0000000000000000 # Attribute 'small_contrib_threshold' of the grid.
  0.5000000000000000 # Attribute 'damping_power' of the grid.
 # binID   n_entries weight   weight_sqr   abs_weight
    10   10   6.481557986063118E+002   1.590146877079417E+006   6.481557986063118E+002
    16   10   6.481557986063118E+002   1.590146877079417E+006   6.481557986063118E+002
  </DiscreteSampler_grid>
