  0.05303585060163121  0.05386593365668246  0.05426389600389994  0.05473795337213277
  0.05520761312912217  0.05562236255506080  0.05601438581246542  0.05639927916733191
  0.05677341375508636  0.05713687297282168  0.05749262553092226  0.05783900204116106
  0.05818264139983900  0.05852385758174937  0.05886262415764584  0.05920495556578283
  0.05955182133992499  0.05989257093907471  0.06023149597050381  0.06056924064059889
  0.06090508400502249  0.06125097432619719  0.06160667535453645  0.06196829367714753
  0.06233483743815982  0.06270572199550924  0.06307881333990825  0.06345447116194550
  0.06383393308877341  0.06421265276745375  0.06459128585321092  0.06497740228167363
  0.06537710300972305  0.06579126620358094  0.06621305047771271  0.06663738515491896
  0.06706464969928370  0.06749587623670716  0.06793138261098038  0.06837431211759139
  0.06881548184013277  0.06926659797663115  0.06972945976217240  0.07020694296481612
  0.07069462645411601  0.07118934901454717  0.07168787770897776  0.07219153762623552
  0.07270262724458186  0.07321985781023714  0.07374563445847149  0.07428707329466749
  0.07485009498977264  0.07542451132152429  0.07601827586883401  0.07663338786897650
  0.07726101892419403  0.07792789977491074  0.07858046225672086  0.07925227733602862
  0.07994632708284891  0.08066593696048227  0.08140407279612061  0.08214171974619243
  0.08290467136657131  0.08371570046287924  0.08454610165034547  0.08540059213429979
  0.08631891147722499  0.08728795848056047  0.08829698869958656  0.08937941284887449
  0.09058099218312234  0.09182594113396630  0.09311720499738033  0.09445109445639890
  0.09589327811304195  0.09742388481926406  0.09901038819145012  0.10059078432793647
  0.10231587397317071  0.10431789067458859  0.10662639858834871  0.10915691137100415
  0.11178324958164931  0.11460023264096612  0.11787645837224332  0.12169354704938716
  0.12599842707204464  0.13167081401025701  0.13901019484153945  0.14742007178651376
  0.15882961642563334  0.17949016842437185  0.81081121857055316  1.00000000000000000
  0.05770962007171027  0.05963273986387106  0.06102499415663251  0.06163081345494582
  0.06222092665311055  0.06286666909112563  0.06349970326579014  0.06410895933134252
  0.06472450061128279  0.06532507296584249  0.06588540190410751  0.06642697753143671
  0.06696692252671911  0.06750416899944790  0.06805610649993914  0.06860309827465072
  0.06913585981617733  0.06967394329110278  0.07019852440200544  0.07071492797965800
  0.07122901118699085  0.07173166143421955  0.07223839265283118  0.07276531758857842
  0.07330606267914125  0.07385746254976619  0.07441873985540821  0.07497118405925543
  0.07550559122881831  0.07604342868435131  0.07656932531027216  0.07708773102761537
  0.07760433534719392  0.07813881402631161  0.07867650173352383  0.07922014998584224
  0.07976320893823372  0.08032439168185164  0.08088980186113989  0.08145817845944041
  0.08202201763681102  0.08259576202385263  0.08320244423313687  0.08383804035680593
  0.08450123665110641  0.08517553115890904  0.08586538353426341  0.08658502885863260
  0.08732055633424278  0.08805775317409560  0.08880771936970172  0.08957275668845981
  0.09034746721320970  0.09113904474993938  0.09195895334053127  0.09280532514712031
  0.09366624387694261  0.09455117622616488  0.09545955026008374  0.09640274390552431
  0.09738347152511403  0.09839505642723764  0.09943301975037529  0.10048199611781013
  0.10153901007534775  0.10267434765905967  0.10388774507663510  0.10516650274631671
  0.10648348383921399  0.10781768817089747  0.10919372079004785  0.11068903424040913
  0.11228707206525332  0.11400037637285108  0.11580240469069351  0.11769088829983311
  0.11966799483678267  0.12176594700010258  0.12399213658867335  0.12632165431667131
  0.12876791573350582  0.13135590558149327  0.13418646166950249  0.13745867402776682
  0.14103863812258635  0.14490166533829901  0.14908089779414010  0.15367108451197881
  0.15891607455584073  0.16521060676102470  0.17301799624447001  0.18254659500773279
  0.19521189486253429  0.21556096215956638  0.26438145124192536  1.00000000000000000
 -0.00359684423340447  0.01174901984531218  0.02570409326258374  0.03545575540932479
  0.04202451071898314  0.04890290063575723  0.05547176996444514  0.06194117477626934
  0.06856229887392509  0.07542589247042247  0.08265056037038769  0.08993748009291654
  0.09767740786067369  0.10574026968555404  0.11367253486658169  0.12141997976208094
  0.12929118526747804  0.13732111973579947  0.14563386026996908  0.15409213297678706
  0.16286003729768930  0.17195850394781270  0.18116577784953852  0.19050583106653141
  0.19966587661263055  0.20883689618943577  0.21844808985047043  0.22826156797991085
  0.23784203440653684  0.24735362172369335  0.25660522336020092  0.26559920655999009
  0.27452562079751952  0.28405260081620642  0.29388312141369732  0.30372513026476594
  0.31357299770429836  0.32359798081331304  0.33352019177294528  0.34343667154521418
  0.35365164913767533  0.36436710545010187  0.37538847085833033  0.38618835257335071
  0.39691864090628631  0.40743989769685807  0.41797993543759343  0.42915208422469203
  0.44053284247916036  0.45199355137826797  0.46357077095180355  0.47530254068657118
  0.48704892429193630  0.49898759360519990  0.51073200987023692  0.52218117877687653
  0.53376120930137327  0.54514742416801465  0.55618669918742691  0.56656063999375050
  0.57658567755859325  0.58687192459366389  0.59730022618290479  0.60762453834104457
  0.61789910435624473  0.62838656319974762  0.63925620553833618  0.65034588926868042
  0.66165728705146754  0.67335082881138242  0.68528380222700169  0.69747081497212970
  0.70992553562237715  0.72205991262765268  0.73416321407779739  0.74652977293057576
  0.75894413255358684  0.77133183057844679  0.78359054458073030  0.79564739702865150
  0.80763449235219253  0.81964102373043757  0.83138523055750957  0.84374789521556237
  0.85641545775810091  0.86912616113850671  0.88167628880737781  0.89403608927890599
  0.90616499770935821  0.91869893585367512  0.93145532225455474  0.94421090946607056
  0.95711680503187024  0.97038198594145531  0.98453292070508136  1.00000000000000000
 -0.00216723300248286  0.00892335288454932  0.01853727469421304  0.02892280558492209
  0.03928276139614647  0.05006364068612038  0.06058748562507828  0.07081351728520066
  0.08069895104955425  0.09110132540815734  0.10115559748128772  0.11143975101092778
  0.12157266798906698  0.13242668076411493  0.14365016735292693  0.15473315341296531
  0.16597487249640960  0.17702952990981613  0.18850974302176271  0.20002116202314035
  0.21093870444524368  0.22121122315701069  0.23163880103673104  0.24254126851337371
  0.25369064228875149  0.26481863308589992  0.27533250806663939  0.28531326927544221
  0.29546288800693676  0.30619326504763483  0.31680381008835590  0.32690400726990648
  0.33721757175095596  0.34818153575001765  0.35915198197540255  0.37016773955103988
  0.38115928834126717  0.39208303449393328  0.40313857127738401  0.41411029603420763
  0.42478203245290613  0.43509606846972837  0.44548916945091938  0.45581549708148383
  0.46601087277483055  0.47613938537913714  0.48644127079993832  0.49677724128916734
  0.50712439414102561  0.51763457440354832  0.52846584585179857  0.53944188618293176
  0.55098928342488784  0.56273649329962117  0.57460980365839676  0.58590133137612299
  0.59636179951002921  0.60678785322346629  0.61701215072003845  0.62672289885097621
  0.63583995250095582  0.64498277522609460  0.65424123147701052  0.66352667114208375
  0.67298342120002741  0.68243367155742618  0.69274396010735184  0.70385108445671374
  0.71469165279598834  0.72531253458149647  0.73612884666093625  0.74760621505380587
  0.75845383184442483  0.76907105981418955  0.77975484979151100  0.79044692174963282
  0.80092904353207273  0.81155120967580130  0.82244935939684216  0.83346015291098030
  0.84388814081651309  0.85381588059316993  0.86327436445906303  0.87280706063469482
  0.88287086229854506  0.89291400650011332  0.90299060517016494  0.91320273870434721
  0.92340519894845541  0.93382483298140795  0.94407012567896575  0.95449396732250091
  0.96488859604803034  0.97568090505780614  0.98724882914847534  1.00000000000000000
 -0.00701189250448148  0.03142838862400964  0.05643785229139104  0.07612635928042825
  0.09190720715813722  0.10557192602872907  0.11819568620990761  0.13025430689164907
  0.14195728744781594  0.15343985029088913  0.16444873074811622  0.17522426516423914
  0.18580712314070269  0.19621189227069968  0.20642500419979798  0.21637805764974466
  0.22619716877656956  0.23568213175363578  0.24488087390906538  0.25393492969259907
  0.26275286355592226  0.27158054877088073  0.28058721013703852  0.28970101044666463
  0.29884920432367923  0.30800014678022497  0.31699883351975083  0.32596258705041820
  0.33515834806951461  0.34457104881949452  0.35398478233211961  0.36318702368294481
  0.37234854632873693  0.38152509524941092  0.39063356674498306  0.39941877274379084
  0.40722162703414827  0.41538244771478655  0.42288992698449446  0.43040888377428144
  0.43795892922836355  0.44546588516738661  0.45294916830836718  0.46033004759882112
  0.46774678241545170  0.47524979557439645  0.48308164529439285  0.49110800831480517
  0.49916362579606688  0.50733525740149665  0.51559333019549169  0.52390892282886481
  0.53272338994669322  0.54162987315525934  0.55040396063687813  0.55961362180334573
  0.56821024694745548  0.57674071096963786  0.58495693452048336  0.59305574074973633
  0.60131181910128106  0.60967460111186245  0.61794871704087928  0.62634187664023666
  0.63479058338983751  0.64328003621732999  0.65189962933450774  0.66077944050548065
  0.66982459257181193  0.67886859017858547  0.68781409109896863  0.69666929519562382
  0.70557413786955558  0.71455191244637162  0.72352929331210947  0.73248026618133555
  0.74134902287525883  0.75028718548077289  0.75939357135003416  0.76865466148337702
  0.77811627851665000  0.78780119811409444  0.79784792511448277  0.80834313046383943
  0.81924249345930489  0.83047385890050107  0.84206845083839299  0.85414704731341273
  0.86687548514665558  0.87992037280217328  0.89341156600613514  0.90794962963444092
  0.92448667600486678  0.94357823564405807  0.96745043868312053  1.00000000000000000
 -0.00271836267000752  0.01012529229033179  0.02117313602274283  0.03248038735162358
  0.04319862099820836  0.05304452339657078  0.06271019144336971  0.07285632014914675
  0.08299784598436769  0.09346524747794580  0.10398199950709476  0.11536100977576198
  0.12670017834287878  0.13817133896487402  0.14973032043317686  0.16095766017357258
  0.17152076483580178  0.18191609341456069  0.19213923073619057  0.20255776355822405
  0.21272707912598032  0.22307946664824829  0.23325672687520910  0.24377932839113184
  0.25411644959220481  0.26411329538411982  0.27454721413076610  0.28463640260693018
  0.29465357730222008  0.30467248458907309  0.31482057076876169  0.32431689993083512
  0.33412424826772835  0.34398492203662728  0.35355046111779387  0.36277114436283076
  0.37202323518448466  0.38208769355164018  0.39242989043832727  0.40249337021084636
  0.41253520461731130  0.42305663712694519  0.43394425808527459  0.44462030102699818
  0.45493644601567540  0.46516863113399043  0.47549268190073757  0.48581265276849916
  0.49629280605340592  0.50714773777859257  0.51817113082204458  0.52893320456998083
  0.53935159033074109  0.54971830765852125  0.56035802232973952  0.57114276623067084
  0.58197551266889336  0.59284985188576289  0.60390015024223587  0.61516127737131088
  0.62626826968455662  0.63692171339651549  0.64750380971367061  0.65835717671796101
  0.66922610867512378  0.67997370336586949  0.69077313510583027  0.70190172701206710
  0.71317748144576920  0.72446511508748179  0.73569631005235303  0.74690780179991711
  0.75773498901351588  0.76836036239115590  0.77893707836587966  0.78955101209484757
  0.80028629663608930  0.81099508445157842  0.82134742225728119  0.83148576067733737
  0.84189292734361532  0.85256587571336506  0.86306177207651646  0.87333260991375117
  0.88380886562996519  0.89427463595894841  0.90449171360789782  0.91437276921895061
  0.92441114529833679  0.93457204646091829  0.94483386554197979  0.95534536655406366
  0.96599447366262015  0.97675359145271201  0.98821292299905317  1.00000000000000000
 -0.00719607272079969  0.05557636120900185  0.08768594267011330  0.11088877381938744
  0.13080808136399349  0.14799949854377065  0.16232776257006820  0.17506963098391345
  0.18690457179178202  0.19838531402678039  0.20949258873224036  0.22061693373627092
  0.23129051864079317  0.24145976328072247  0.25123920237705560  0.26061912529763698
  0.26993428601764019  0.27895549450612839  0.28770744370433116  0.29607267829494510
  0.30429715149871156  0.31250367939615376  0.32070042067261834  0.32868695740238513
  0.33625590163888769  0.34354228456415264  0.35075222932840111  0.35784818212736569
  0.36462565653082391  0.37117313817292247  0.37774264279672515  0.38429011225221338
  0.39084095929763329  0.39739100128534083  0.40416214115916382  0.41100308759296234
  0.41800178924911541  0.42503383974881465  0.43220783177869437  0.43903759244844914
  0.44589591767682918  0.45274359422418464  0.45941682350514063  0.46597955275896169
  0.47256447882940295  0.47923083569830621  0.48587825132547002  0.49241029621664101
  0.49883546779593307  0.50517642335974633  0.51149347131553502  0.51792041789631393
  0.52452866599044945  0.53127337584356404  0.53809991546149594  0.54493697707392252
  0.55191524817385107  0.55890176921154788  0.56568601550812936  0.57233957438759842
  0.57896247392553657  0.58582157886368669  0.59283754347881412  0.60000711002672125
  0.60736332052390740  0.61481704321777775  0.62225888326262546  0.63005611077779589
  0.63837000380462161  0.64671283553977088  0.65509703837017652  0.66341897122984894
  0.67137026065803429  0.67906980699991903  0.68692060067526184  0.69501951216880353
  0.70320002151929117  0.71116888944440715  0.71893793375435466  0.72694040692798201
  0.73549897659916030  0.74465693871661331  0.75389574468967269  0.76364861764519909
  0.77415287487739082  0.78566883680903132  0.79792961083190206  0.81087752984519967
  0.82448755978107524  0.83873258082171132  0.85387070256817943  0.87041074222015757
  0.88909826240814627  0.91189528094762873  0.94370741768235811  1.00000000000000000
 -0.00277090974466517  0.00967035873890107  0.02064814152683407  0.03141284744283351
  0.04227275732261179  0.05317438836532776  0.06397583875133123  0.07435471502199315
  0.08479398930044864  0.09557555873421260  0.10654772418621120  0.11771733504256846
  0.12880276947182470  0.13960840812559422  0.15007568058873663  0.16043647414145143
  0.17067300810410180  0.18084300777233739  0.19091077101518217  0.20090793585587793
  0.21067043352955209  0.22024101696302942  0.23011469566549625  0.24027662421001816
  0.25045921352946537  0.26044744413683457  0.27049034174023839  0.28100450287008677
  0.29189229210647172  0.30300747019828544  0.31418881444536806  0.32528252584491857
  0.33609818792201090  0.34631900687377615  0.35627095225377930  0.36604502654042753
  0.37616989942578261  0.38679780819924564  0.39724241683252015  0.40733886278001263
  0.41727089038526355  0.42747370841999738  0.43749049731387452  0.44722707640593590
  0.45683693982027063  0.46730407860986184  0.47763996103374379  0.48817120827506322
  0.49851243397833356  0.51013457994038036  0.52173729990266005  0.53283066862224027
  0.54383090935968748  0.55471590834992857  0.56544741647941665  0.57633807838683460
  0.58704956181569290  0.59775315680042085  0.60833047415521890  0.61891477036919562
  0.62996290291724943  0.64049335401957896  0.65115620127794294  0.66161261027013574
  0.67248747771231576  0.68389658865923109  0.69570120740512931  0.70722763551200185
  0.71787511014418315  0.72790439008280505  0.73775401251887784  0.74775198231442630
  0.75799594661692626  0.76858548754440270  0.77942618361941307  0.79035246709609952
  0.80117174260416335  0.81229706153008052  0.82370417072524316  0.83482752717098774
  0.84556121231336956  0.85583489447720518  0.86590027159749816  0.87588216713799272
  0.88589518439781256  0.89615356517392930  0.90605332138487138  0.91598316772525179
  0.92637577235882529  0.93647290398707139  0.94651330404539913  0.95664973780993912
  0.96804295950207186  0.97921368530674446  0.98972258428802740  1.00000000000000000
  0.07718549146469690  0.12771206775148819  0.14861252140377043  0.16075333118301299
  0.17258858926378776  0.18351446649064909  0.19343685510203681  0.20326886755514675
  0.21347293771150083  0.22286079159196398  0.23116481392270027  0.23865329955483425
  0.24610636438531533  0.25327051738175277  0.26044601418653401  0.26775719950803278
  0.27490762990623324  0.28185411199232902  0.28867166742761136  0.29565500493278557
  0.30270643578210960  0.30959684191628800  0.31634558075541575  0.32279429775167973
  0.32918900274035634  0.33546729173340195  0.34162191666747732  0.34773361007725156
  0.35399185640441605  0.36034922459029622  0.36667022908736063  0.37298217183214816
  0.37928701410850235  0.38557352123776517  0.39168243694170557  0.39764406999319690
  0.40354877123581451  0.40945526503182766  0.41545764844114591  0.42071857618405023
  0.42614971451748007  0.43149812304757773  0.43685425418314394  0.44203359275231796
  0.44711657728401522  0.45246680841319159  0.45769534510824161  0.46294440710408097
  0.46807582787283997  0.47307874445413634  0.47807297968848611  0.48320162529018856
  0.48840898836708313  0.49365435113354239  0.49887820095783936  0.50414867283957032
  0.50941327693147087  0.51470177716813170  0.52010403491220125  0.52554375512834084
  0.53105825555888286  0.53658735974016869  0.54210027522651461  0.54755970551999800
  0.55294407374607568  0.55831410480136867  0.56368127406717239  0.56912636697370023
  0.57468579018016652  0.58035384228042708  0.58607866702646327  0.59181703562519228
  0.59751950604828408  0.60330510843775675  0.60933383831380417  0.61557912069724363
  0.62188277553911187  0.62816124377075744  0.63517155602710695  0.64209144892085479
  0.64924260245682508  0.65689337097890566  0.66478255608045989  0.67268109919252939
  0.68099691313451716  0.68961878674446386  0.69886408782195641  0.70861432353733511
  0.71956358531831155  0.73135944160432254  0.74517663309896709  0.76052944763946861
  0.77900496734155178  0.80270280315778364  0.84077147306600941  1.00000000000000000
 -0.03153146560719931  0.15827422318351655  0.20249813995413030  0.22832434981502625
  0.24713094735942753  0.26251292396808307  0.27573209272886923  0.28738425231870568
  0.29778551463045388  0.30726582981004430  0.31598356757183971  0.32404743811618408
  0.33157969893130612  0.33845529301287841  0.34487302806438191  0.35103661408173870
  0.35683018744689188  0.36232450957238127  0.36768242696809716  0.37299761811577792
  0.37816551394829895  0.38317449702493223  0.38814546570130348  0.39310846363286817
  0.39801384431012471  0.40286315623370067  0.40751668192402196  0.41206550657601138
  0.41658984892241746  0.42111682704761050  0.42556287135821236  0.42988415567802513
  0.43420148729862484  0.43845076289731932  0.44269619447945568  0.44696098282639901
  0.45122628350959754  0.45537578041716870  0.45947752554543159  0.46355071686710919
  0.46760557798772640  0.47171455149796032  0.47578594780451061  0.47977705007250349
  0.48368537572485054  0.48757585624807626  0.49146365668917819  0.49531680162058722
  0.49919024253696448  0.50311451822244946  0.50702489822861863  0.51092430682305923
  0.51481205139450148  0.51864091524929601  0.52261956173475155  0.52674598293874342
  0.53089296726759261  0.53506092171443942  0.53934142049617795  0.54370448070857791
  0.54809118278241920  0.55249933816960628  0.55695243500536029  0.56148804999849566
  0.56621079408839903  0.57114413435196953  0.57605228211375969  0.58106270359039613
  0.58582319025578511  0.59051984982312167  0.59526529681215967  0.60007851825189396
  0.60507967190858614  0.61027827280188129  0.61552802951857644  0.62083862198540873
  0.62623200124276635  0.63170761553523569  0.63738125976404447  0.64334312125864856
  0.64972445299691794  0.65649754650035819  0.66338710723194771  0.67039166423517749
  0.67763316257661099  0.68529095451505939  0.69385434887144182  0.70345379132075458
  0.71390488830859189  0.72535863736347761  0.73864911821733237  0.75407058331001142
  0.77195002129256085  0.79701701184185858  0.83988273018746706  1.00000000000000000
   1.9049199399691979E-014  -1.0000000000000000     
 T T T T T T T T T T T T T T T T T T T T T T T T T T T T T T T T T T T T T T T T T T T T T T T T T T T T T T T T T T T T T T T T F F F F F F F F F F F F F F F F F F F F F F F F F F F F F F F F F F F F F F F F F F F F F F F F F F F F F F F F F F F F F F F F
  <DiscreteSampler_grid>
  grouped_processes
  1 # 1 for a reference and 2 for a running grid.
  10 # Attribute 'min_bin_probing_points' of the grid.
  1 # Attribute 'grid_mode' of the grid. 1=='default',2=='initialization'
  0.0000000000000000 # Attribute 'small_contrib_threshold' of the grid.
  0.5000000000000000 # Attribute 'damping_power' of the grid.
 # binID   n_entries weight   weight_sqr   abs_weight
    10   10   4.730251628374820E-003   3.500350401434425E-005   4.730251628374820E-003
    16   10   4.730251628374822E-003   3.500350401434425E-005   4.730251628374822E-003
  </DiscreteSampler_grid>
