  0.05319604386899857  0.05326077541694105  0.05362526576525753  0.05386730224456795
  0.05403763092158048  0.05417779861982264  0.05431670974509908  0.05446334695462354
  0.05461426351173008  0.05476435560553519  0.05491148312492722  0.05505747820812057
  0.05520617759766198  0.05535633703404194  0.05551077736429041  0.05566922020792039
  0.05582778834658478  0.05598588048186069  0.05613952477520229  0.05629033598307506
  0.05644344213685768  0.05659580986520447  0.05674903090900048  0.05690124741824377
  0.05705389729098961  0.05721258592905085  0.05737186078887228  0.05753327072970587
  0.05769507627114842  0.05785730049737767  0.05802185049388012  0.05818812635966629
  0.05835604571766302  0.05852666980242495  0.05869234994217879  0.05886540684641432
  0.05904320097827356  0.05923464780340564  0.05943088465036594  0.05963001687372826
  0.05982949223813726  0.06003040626916423  0.06023585839067856  0.06044531618265159
  0.06065701605707319  0.06087421284416356  0.06109591609944851  0.06131298530232628
  0.06154286075379291  0.06178376121890410  0.06203086898960922  0.06227177415033072
  0.06251313754691884  0.06276715786791358  0.06303315998868235  0.06330204146824467
  0.06357530874817628  0.06385845840703218  0.06415442778834787  0.06446440588133988
  0.06476848586790708  0.06508138732732056  0.06539482042298923  0.06571136650124999
  0.06605122421163319  0.06639800350063541  0.06675077799537646  0.06710632534231943
  0.06746991041587781  0.06787062133956066  0.06829925164778314  0.06876992934543180
  0.06924039768105462  0.06971836577469209  0.07024235925312357  0.07082306374170039
  0.07146553072554514  0.07216079001207336  0.07287663212464991  0.07362763866882381
  0.07444095020099178  0.07538006667331654  0.07638444974340917  0.07742458231298301
  0.07847871330731461  0.07961700976805344  0.08094452299249115  0.08246416447811972
  0.08400157421819118  0.08581438858335924  0.08875697923969182  0.09285199937922901
  0.09974888441725184  0.10978715974151512  0.15579318716669455  1.00000000000000000
  0.05778382229556169  0.05935820415988415  0.06043961689428276  0.06140216789357927
  0.06226480830007936  0.06313460639499613  0.06403442621191041  0.06491507063808644
  0.06575900218736912  0.06654741695624786  0.06729330990403568  0.06809204710829518
  0.06885566417635003  0.06958657527637686  0.07024403084424351  0.07084583206719036
  0.07142799788953308  0.07200377759963766  0.07259910608605522  0.07320448485391823
  0.07380339576609736  0.07439680329437491  0.07495933666974412  0.07551804976387627
  0.07609407921982443  0.07665549650999740  0.07723479228667422  0.07780567215248191
  0.07837533944396277  0.07896289696590593  0.07956750082817436  0.08018682779903781
  0.08080538509620767  0.08141726615820644  0.08205124906754330  0.08270230255712943
  0.08339620410670973  0.08410063619160586  0.08478698694936410  0.08546417885208388
  0.08615724599367387  0.08688161914929148  0.08762161923752010  0.08837146699763765
  0.08913692265854674  0.08991013511683613  0.09070749528606704  0.09154820101709668
  0.09241976003998917  0.09333131414370112  0.09423787798084042  0.09512411067557404
  0.09599520784104981  0.09682325666447530  0.09765025593294081  0.09850047235572598
  0.09944332925964623  0.10049138251968968  0.10161461839464370  0.10277443195481031
  0.10394638621547343  0.10513896845075210  0.10640246262124484  0.10778077487168825
  0.10906583695999809  0.11022291054259573  0.11141074359887564  0.11264633404065770
  0.11390864788253723  0.11516809266014402  0.11638627653746640  0.11758692260579123
  0.11881694369013467  0.12012010528691008  0.12161675495583313  0.12329501535038775
  0.12514304005660229  0.12722194038109755  0.12960146742511147  0.13218946638717610
  0.13492377514001330  0.13784016207337052  0.14089249663591019  0.14412098074321350
  0.14756694689732264  0.15132716928639417  0.15555553672381123  0.16048126308961450
  0.16649263602335712  0.17422093274121384  0.18317434660226864  0.19417235327719351
  0.20875246619500562  0.23400072490977047  0.28701303273587947  1.00000000000000000
 -0.00948031781309639  0.03878313494455654  0.04885692834075547  0.06329176188915651
  0.07714499308839873  0.09316814743080512  0.10893551714986134  0.12073333640165601
  0.13552849824125571  0.14846873696627977  0.15998127957598443  0.17140656497511644
  0.18378059503827743  0.19550498667977695  0.20602017620613200  0.21942389679152191
  0.22915521464069061  0.23888308247927720  0.24876868399325441  0.25902589264030373
  0.26894810325441298  0.27884451258825671  0.28836444799162020  0.29772258177761923
  0.30708517163169224  0.31613945466726556  0.32491113217064432  0.33345797689687173
  0.34166069339777422  0.34941508520890352  0.35744015882619667  0.36504157460694586
  0.37319624792933870  0.38157750374246807  0.38922316227703657  0.39632215607100568
  0.40308412879103089  0.40978782883668180  0.41641630792505652  0.42321045407684565
  0.43073964616123156  0.43892242143488747  0.44718826092552727  0.45502838920758210
  0.46215892372322387  0.46872696006826409  0.47507381426445316  0.48111664382492619
  0.48708292310280465  0.49349765743898066  0.50030610652783847  0.50727583142623700
  0.51438416250704233  0.52165170468106314  0.52864326531868933  0.53582159172663546
  0.54251124112453764  0.54837425289328723  0.55410934465135064  0.56005859809837855
  0.56641545551157257  0.57332234128530968  0.58016963045919001  0.58641581930889197
  0.59249374194431847  0.59899986357178792  0.60637534633402079  0.61403080206044791
  0.62187761625152016  0.62938550909699598  0.63675512607067852  0.64421429882216141
  0.65213670933576828  0.66057700068107361  0.66904184162798452  0.67774500713496966
  0.68713388638296369  0.69764029794005400  0.70904891641720846  0.72107100483528341
  0.73363079939839826  0.74674837730103261  0.76037196263228224  0.77403555568785098
  0.78769739676254302  0.80116990923340925  0.81432427052242495  0.82814321718761308
  0.84330318914043534  0.86030796289775824  0.87826748968387525  0.89785611045833380
  0.92002597978543510  0.94388721446619250  0.96905405898594010  1.00000000000000000
 -0.00216888643393992  0.00907566351568294  0.01920704671016537  0.02932057162393474
  0.04029989657179881  0.05207499647586453  0.06407216681990018  0.07631405738767816
  0.08720619677154030  0.09686530123212751  0.10712346544519039  0.11728433812559985
  0.12671241771172498  0.13528053366773246  0.14450028663503187  0.15444035642306753
  0.16426206009530300  0.17391327239072554  0.18382143353369115  0.19428899788162390
  0.20489803729328385  0.21534485238261508  0.22578089526583009  0.23627368771217586
  0.24699583285531007  0.25734207696445049  0.26740038357169438  0.27706054160185167
  0.28656888569521105  0.29645114767748232  0.30710413219214849  0.31853064303037393
  0.33024143738840189  0.34141747484131724  0.35219365313230128  0.36318218422291715
  0.37468258360700657  0.38619385798999151  0.39773781932863650  0.40963460601624679
  0.42194762386960066  0.43469820336870812  0.44714323673043188  0.45786870747006364
  0.46611624102622756  0.47410832250517293  0.48425726265688390  0.49371985336360574
  0.50331097641092237  0.51255289694235595  0.52207065114559215  0.53270650906550576
  0.54303188349885922  0.55303801181270651  0.56278527001965417  0.57273904286572208
  0.58294281587927399  0.59307777157639452  0.60276778746466730  0.61237505877958365
  0.62240198173380334  0.63341396040614084  0.64493519763115381  0.65627434553148922
  0.66709517526109297  0.67728462458605176  0.68720204370076143  0.69754838387678508
  0.70830413353087229  0.71885249026748888  0.72920622053464557  0.73953298395895062
  0.74973687472307493  0.75979632511526951  0.76990061663294940  0.78067568032867896
  0.79226987033069074  0.80450920722817565  0.81716276263692411  0.82924565906970260
  0.83950359244466777  0.84965799197286163  0.85938500460891132  0.86959551974222216
  0.88038610455204058  0.89101136643757983  0.90179600858914544  0.91269720996688386
  0.92357860925877100  0.93459964785774974  0.94559244822205024  0.95659982058581416
  0.96775841670126050  0.97831014720143916  0.98888975031646453  1.00000000000000000
 -0.02336023588585990  0.10679914638978129  0.14993604100268970  0.17747468356711471
  0.19955216090415825  0.21851901107538912  0.23442265448147781  0.24763538188310694
  0.25909926449166609  0.26981213804750870  0.28048197532050789  0.28962444043439245
  0.29804930954927683  0.30631019887956645  0.31397081637415453  0.32033993744519823
  0.32727906519995476  0.33416684373798483  0.34060887866737949  0.34686505208426022
  0.35291218414243286  0.35869032855675737  0.36444255538351578  0.37023886458926697
  0.37624635754675562  0.38245080271782250  0.38834759579940031  0.39391568001323485
  0.39917533546242101  0.40430602037547952  0.40947481046105122  0.41465639759639189
  0.41994671433322101  0.42474404597822302  0.42922049616268826  0.43355018984388605
  0.43797332854647886  0.44260564812107434  0.44754482850690525  0.45241562557198473
  0.45710300573400836  0.46183504701562689  0.46657680137674823  0.47122547319927272
  0.47602849492637134  0.48121265115738227  0.48672302996774192  0.49239068077445741
  0.49814589827486500  0.50390727688889869  0.50943768722188243  0.51480662436676838
  0.52017440802400228  0.52552466189602776  0.53107773752300669  0.53647757186627920
  0.54184698290837141  0.54721356537009358  0.55256952420899408  0.55801633749938484
  0.56369456488305925  0.56976205392197965  0.57611197050708673  0.58201468445575022
  0.58703911041591905  0.59187170407568890  0.59666043956232584  0.60147293622985343
  0.60654402701408505  0.61184331235722678  0.61773837422080646  0.62395531725646658
  0.62986443867235220  0.63572583625984747  0.64156912341758554  0.64759533453373919
  0.65416357665059788  0.66117787253406757  0.66837796958100193  0.67580071752462112
  0.68359123618358608  0.69118903277205201  0.69859923653109446  0.70574374045191324
  0.71421932907900654  0.72409516937096008  0.73404424179013239  0.74423634677979422
  0.75544838109994128  0.76882656443992625  0.78378745911495995  0.80174659047049868
  0.82483249729336405  0.85390643940526822  0.89800512993184423  1.00000000000000000
 -0.00301566678908458  0.01084449534934349  0.02224116306712963  0.03367283388006561
  0.04581381889320252  0.05758349816119639  0.06860277194028966  0.07935266831037331
  0.09128733778593040  0.10405401214988098  0.11691885717829839  0.12949159746922567
  0.14150106464881204  0.15281129106165461  0.16344690376259821  0.17354836862460599
  0.18374968712491832  0.19398637390539666  0.20426606455671517  0.21538009101848335
  0.22674881989045509  0.23763007764497268  0.24894487624458120  0.25929202336826385
  0.26985856773341665  0.28066643043630141  0.29154884651628821  0.30214863691604338
  0.31276410851722936  0.32328814082676816  0.33333098595855426  0.34313209896949814
  0.35319580391030897  0.36327932289355874  0.37368864035620747  0.38419290696273556
  0.39495577287530520  0.40583026685939766  0.41648798591103592  0.42695679812506671
  0.43732024390697249  0.44761010244659499  0.45776732584237900  0.46791191263115922
  0.47844826126459034  0.48945854246616705  0.50067288954118261  0.51177837578479424
  0.52340124561444545  0.53535843903242963  0.54640630516943245  0.55612581200900957
  0.56574384285639523  0.57606069043332020  0.58720054481912898  0.59797918420113272
  0.60901698529407311  0.62052409561459365  0.63265227232033572  0.64454746042101752
  0.65568701618503189  0.66601449279701785  0.67578484553389817  0.68560689290751042
  0.69547252859417963  0.70480929122425728  0.71419176871309509  0.72320323546944854
  0.73244523475627765  0.74004960023988609  0.74898352590887918  0.75827432639700953
  0.76781314263874656  0.77712257353074488  0.78689178620564171  0.79791927314006839
  0.80975312903909236  0.82138436063972120  0.83240935785450054  0.84311782350840381
  0.85374457313610363  0.86458317329996459  0.87539982377915104  0.88557164965257673
  0.89535144726692051  0.90503351442422619  0.91458899062480570  0.92438165585245158
  0.93437189075382288  0.94394767617370334  0.95312850845067698  0.96237017423058091
  0.97181614833715813  0.98160048161394131  0.99109795004374401  1.00000000000000000
 -0.03062012863172364  0.15697972696088702  0.20229182408714180  0.22791007734663252
  0.24696323830466638  0.26211611604536517  0.27408231578524839  0.28547565415659715
  0.29551371653366398  0.30397029925499924  0.31152428761745932  0.31889846156341167
  0.32620043270974158  0.33325823493435269  0.34010056293957369  0.34696442089552826
  0.35385772606474203  0.36050772472464182  0.36683010366317337  0.37285130958539719
  0.37851299299599961  0.38396423267503194  0.38934293979178081  0.39442626993591778
  0.39947526849903869  0.40458619326623224  0.40975127006424505  0.41453754533333942
  0.41908717494480585  0.42357490011821913  0.42791655090580338  0.43219527705613259
  0.43648595283202357  0.44077072327863143  0.44507578233330902  0.44949901688342198
  0.45410668167342000  0.45864088340669706  0.46275585593860113  0.46699553954425610
  0.47122137060239366  0.47544124255274067  0.47974425696461487  0.48416946493343516
  0.48865453949302567  0.49304065581083334  0.49737769946395766  0.50149348851045983
  0.50531293409466338  0.50915166323430661  0.51298932119333673  0.51689181154364794
  0.52108678086488991  0.52553784261885683  0.53016015882257250  0.53478250014741036
  0.53940031246568865  0.54413465068920519  0.54887771721074996  0.55358912608199606
  0.55821810979001552  0.56273968955994824  0.56706359613453505  0.57130007909835234
  0.57568953460885275  0.58030065762565330  0.58507158904311340  0.58990764830361420
  0.59471444810951879  0.59945977698294961  0.60401388506457920  0.60823053870656718
  0.61254718896488169  0.61700312952957970  0.62180117737073670  0.62699592870845688
  0.63240933325541715  0.63798990346785245  0.64359196945380404  0.64939055404134682
  0.65522210231140121  0.66127567214433658  0.66781502198493348  0.67500743340971392
  0.68254226221820047  0.69026104100954799  0.69846334960151435  0.70758074851386188
  0.71774861515932142  0.72847739820865298  0.74043975722156730  0.75543506942346283
  0.77335359263358183  0.79761659079537339  0.84376756139569564  1.00000000000000000
 -0.00200169580411790  0.00792836577009195  0.01815709474850085  0.02730468361075892
  0.03581152157482371  0.04506548582391338  0.05476895218539070  0.06497806258366007
  0.07541014806900723  0.08638039934763747  0.09653624179651418  0.10665918731975141
  0.11665780226918233  0.12705055899915635  0.13766615156864095  0.14853654709819061
  0.15945138066703665  0.17029861827773790  0.18104318184478466  0.19127431173379486
  0.20089685258231066  0.21038638520088587  0.22005623693998805  0.22967820741196215
  0.23919331639629982  0.24905474382935588  0.25935175284553991  0.27009883347575048
  0.28096857218495552  0.29157292597994200  0.30199173678967789  0.31224134282058202
  0.32184504031040356  0.33079138595013047  0.33997272850267163  0.34967870670967144
  0.35884611099490998  0.36770758484127758  0.37682224395294117  0.38770181157557665
  0.39918654382077778  0.41104627337837285  0.42285999402345625  0.43428665567310126
  0.44582291811378377  0.45751412417073267  0.46890941958394805  0.48030453620359198
  0.49204661617317186  0.50416480862352286  0.51643302664942470  0.52865334890759830
  0.54090221021705087  0.55304208332900417  0.56415172487741194  0.57339758239208150
  0.58178097880745805  0.59106857928629208  0.60117963825205234  0.61081640206184873
  0.62014892766078211  0.63086094243763646  0.64250734963217337  0.65386024286874234
  0.66466824349663689  0.67560890988379652  0.68698726530736298  0.69821457643968332
  0.70920181943590843  0.72011886269100700  0.73098142784566933  0.74194192360240685
  0.75316954979509498  0.76464504079067430  0.77544862627071187  0.78635216879095915
  0.79718401836580777  0.80861516403233258  0.81950931986894349  0.82962987255224918
  0.83983715645991253  0.84961170563574073  0.85970955535519644  0.87013392794394606
  0.88090262861495805  0.89179648258580824  0.90275088920659829  0.91342091238839729
  0.92402319951214273  0.93479114027371957  0.94702645366351645  0.95981349262225202
  0.97089069594916910  0.98114175876802046  0.99062065631756435  1.00000000000000000
  0.02249955279740116  0.39577862033887695  0.46484176459323373  0.49855216659665619
  0.51812123351557671  0.53617900186722822  0.55160469426506620  0.56469806820975321
  0.57575172553300058  0.58566006558373784  0.59455515606036813  0.60263000016810420
  0.60972437420459291  0.61655474359922435  0.62295537621617425  0.62966245557372158
  0.63600243884072416  0.64209360170118035  0.64775225311567397  0.65295403547429065
  0.65779008590535581  0.66255973475844843  0.66716746795039328  0.67120654749314967
  0.67510749132294012  0.67887925144475636  0.68245374889532417  0.68609989231450863
  0.68985321881431227  0.69356849563336587  0.69724233436470484  0.70083515684991871
  0.70430722583522576  0.70759853402708972  0.71066400377965500  0.71360455942586176
  0.71654404919238068  0.71940257080697678  0.72226915234645217  0.72505383552697311
  0.72792626985608755  0.73068152733683245  0.73344457801546237  0.73617328721842490
  0.73883565951784202  0.74138936466111616  0.74387522750698298  0.74618073385131278
  0.74856670366813349  0.75096917196838708  0.75332569864468413  0.75568298311159665
  0.75805741537751969  0.76045597006173415  0.76283933398920645  0.76523737016373994
  0.76762286999766305  0.76999373415169214  0.77241138098548845  0.77488924293765604
  0.77740235534635038  0.77988130224708485  0.78233727244942930  0.78480236135393033
  0.78730075082631046  0.78984261094586294  0.79241797966512406  0.79506217287161607
  0.79778758439896769  0.80053880408844391  0.80338023047412788  0.80619862275952436
  0.80889566184836015  0.81155014937750702  0.81430148207639086  0.81720498585709600
  0.82022425228629858  0.82326327463577920  0.82640058579355480  0.82966978929987145
  0.83301148113074186  0.83639794304389437  0.83984720857394124  0.84348269192630132
  0.84736637738515697  0.85147144862970203  0.85591290662771313  0.86072265170818252
  0.86588100488068820  0.87153761936873653  0.87767488718486109  0.88446625193744088
  0.89232480390177416  0.90208525448261045  0.91943882993488213  1.00000000000000000
 -0.03547412565107778  0.16144283632865719  0.20581243472326718  0.22967219839252945
  0.24705350225064790  0.26064395788177835  0.27264578302422188  0.28333536228617717
  0.29283797869644446  0.30148319840067811  0.30959032384170893  0.31714792495429622
  0.32458673234424973  0.33184787503651525  0.33887877050214327  0.34554165058834396
  0.35194662723708225  0.35839694231267694  0.36474503480424175  0.37071638713414651
  0.37648793359224914  0.38218360844882121  0.38777366495531446  0.39310110264544834
  0.39781072160232445  0.40220660654607232  0.40676993608078782  0.41143380507422006
  0.41595477090694227  0.42031491345421446  0.42457117195459781  0.42882581788899055
  0.43312658408895405  0.43743273344515715  0.44137518967370570  0.44505917409729456
  0.44874487285784403  0.45251306448675233  0.45652092892396057  0.46091282773635095
  0.46541544384765665  0.46976986304430890  0.47391524657837875  0.47791782562259344
  0.48186217695627725  0.48577638654657740  0.48973834417174228  0.49386870326398341
  0.49811729560345502  0.50230897422957277  0.50631417476454732  0.51032155386988354
  0.51438850881713372  0.51851272168851092  0.52274531161220916  0.52715493610402309
  0.53169436907283485  0.53626907454821560  0.54080945933874791  0.54525154011483801
  0.54952269559889000  0.55368915454061107  0.55793444588432006  0.56236106720099466
  0.56701278364084395  0.57195469265748144  0.57696969701929124  0.58194027036223117
  0.58682208199065389  0.59168552980526545  0.59657666051694025  0.60144807064385042
  0.60622981702458179  0.61122966825646219  0.61667946937264273  0.62220318051494394
  0.62773428335883208  0.63309740002417769  0.63865656666794857  0.64450296251682082
  0.65072912373963787  0.65715393516165022  0.66342732756431078  0.66969487352237589
  0.67655002804963904  0.68404264069788945  0.69252652783275059  0.70164646860068169
  0.71165125125963269  0.72295357353414147  0.73589383792574947  0.75150338142111517
  0.77021042622809821  0.79242511862702691  0.82981028617143660  1.00000000000000000
   5.9455613230720676E-019  -1.0000000000000000     
 F F F F F F F F F F F F F F F F F F F F F F F F F F F F F F F F F F F F F F F F F F F F F F F F F F F F F F F F F F F F F F F F F F F F F F F F F F F F F F F F F F F F F F F F F F F F F F F F F F F F F F F F F F F F F F F F F F F F F F F F F F F F F F F F
  <DiscreteSampler_grid>
  grouped_processes
  1 # 1 for a reference and 2 for a running grid.
  10 # Attribute 'min_bin_probing_points' of the grid.
  1 # Attribute 'grid_mode' of the grid. 1=='default',2=='initialization'
  0.0000000000000000 # Attribute 'small_contrib_threshold' of the grid.
  0.5000000000000000 # Attribute 'damping_power' of the grid.
 # binID   n_entries weight   weight_sqr   abs_weight
    10   10   3.821174334591537E-007   1.363056408203955E-012   3.821174334591537E-007
    16   10   3.821174334591535E-007   1.363056408203954E-012   3.821174334591535E-007
  </DiscreteSampler_grid>
