  0.00000204244059082  0.00000667406000159  0.00001365852478828  0.00002001651283159
  0.00002582344272204  0.00003123792772497  0.00003651434073429  0.00004181609337403
  0.00004716785586455  0.00005258634808480  0.00005806342621458  0.00006360156891693
  0.00006923824108823  0.00007500192108359  0.00008089608268271  0.00008691290547381
  0.00009301279068973  0.00009919413732614  0.00010548642292042  0.00011190727211933
  0.00011851307528933  0.00012530597407537  0.00013215790066984  0.00013907176111746
  0.00014608404763720  0.00015316116861769  0.00016040163158406  0.00016765754079392
  0.00017508587001769  0.00018273049547690  0.00019057092146709  0.00019872825482198
  0.00020714089763511  0.00021584367756227  0.00022492973815268  0.00023433213124343
  0.00024410159761791  0.00025422144055152  0.00026457790301562  0.00027566861421536
  0.00028705327904367  0.00029898195567598  0.00031103193084648  0.00032344078667965
  0.00033661766247785  0.00035027441522056  0.00036481430529822  0.00037982500135081
  0.00039546900549492  0.00041172943663471  0.00042856840477026  0.00044619763567379
  0.00046460186972851  0.00048428135342148  0.00050530527320809  0.00052749686693611
  0.00055101963873297  0.00057604216273458  0.00060279763916032  0.00063099028818314
  0.00066073246827034  0.00069190641440642  0.00072523222169874  0.00076117189669416
  0.00079952263750434  0.00084055609495878  0.00088454100213193  0.00093229079744850
  0.00098305784241356  0.00103736301281976  0.00109642570478337  0.00116137976743526
  0.00123248280032461  0.00130820005951325  0.00139591888020043  0.00149039684762887
  0.00159421843827108  0.00171321261199076  0.00184971351034020  0.00200193499981156
  0.00217612829624951  0.00237173212285499  0.00259959027118629  0.00286367091887239
  0.00318610976000937  0.00355755987979517  0.00401149387595987  0.00457926083013903
  0.00532420320613938  0.00622552416682146  0.00724513277864860  0.00857337754334380
  0.01066529782872144  0.01421114729612932  0.53764067110014524  1.00000000000000000
 -0.00244028992460248  0.00931913689130357  0.01916902162086254  0.02953739608001461
  0.03998381432967460  0.05049110571045743  0.06073999959561908  0.07161444559712210
  0.08264251362295683  0.09399223376422736  0.10490441627991143  0.11604920111085587
  0.12720615662431078  0.13812286870786353  0.14906197782982694  0.15983018313161176
  0.17069818463702252  0.18140091477306317  0.19205811207343601  0.20282953453035676
  0.21344455417110686  0.22389772410733316  0.23423827063066538  0.24447243705473365
  0.25486154128873789  0.26534951885163438  0.27599285105483751  0.28666419817277233
  0.29742017131179566  0.30813037986518160  0.31880224476415331  0.32935507835238248
  0.33979139070275388  0.35032937122669572  0.36078334543550744  0.37114478593992439
  0.38138862864337336  0.39165860208067421  0.40197263325298099  0.41235184036699180
  0.42281090229740054  0.43328417974893113  0.44393978527863720  0.45446540304912769
  0.46499311031810814  0.47551319138664355  0.48594119209985087  0.49641925722189928
  0.50676247164013333  0.51712893982874308  0.52756854633466033  0.53800129184168954
  0.54851372404386689  0.55909262916557922  0.56982433280534828  0.58056457484097990
  0.59132418264160369  0.60212344415582997  0.61291892683225957  0.62390517743555618
  0.63497723965873298  0.64606508682005559  0.65693321617423550  0.66756551390909791
  0.67797304269795844  0.68836149399529767  0.69865572884666427  0.70892596393122354
  0.71929715101715108  0.72986760470054390  0.74066342736774160  0.75135383955284329
  0.76192205859995599  0.77241655414146004  0.78288214300698789  0.79339711057571827
  0.80382362797949736  0.81418070964796085  0.82446785044613136  0.83477081457273994
  0.84511693881135597  0.85553136440437860  0.86594766377867871  0.87627340049688096
  0.88661146995385898  0.89714799600164630  0.90739168720072427  0.91770612352574543
  0.92779281818874260  0.93818967661298402  0.94850417765475237  0.95878286856625883
  0.96888258268540772  0.97935778503093140  0.98957853366715487  1.00000000000000000
 -0.00426751616952342  0.02605431791320807  0.04809455384990525  0.06663350281387403
  0.08315260491042031  0.09818314055980398  0.11215471159064629  0.12534862384924259
  0.13799006175194439  0.15037561328696927  0.16241999975592347  0.17405281923443333
  0.18539032234534464  0.19652103776511273  0.20748578088431305  0.21808192872961635
  0.22845024502088279  0.23861457098262412  0.24856679057554920  0.25853180603404102
  0.26819074870160131  0.27772806050424553  0.28708513337711078  0.29644902794996836
  0.30576719583361528  0.31493461610664603  0.32387503665307732  0.33279931959923370
  0.34159981295076414  0.35032775120348303  0.35896718650471959  0.36755297538497028
  0.37612544137708520  0.38469806681976554  0.39328450657091307  0.40179581103407624
  0.41027672230814327  0.41868101824373272  0.42700015313115125  0.43526172179631623
  0.44347536094998269  0.45169455813820214  0.45994450565694189  0.46819081076739172
  0.47634389515070003  0.48444336306405827  0.49245921319149549  0.50044971885447287
  0.50828693756687882  0.51603563521596074  0.52385836474879177  0.53167401255368785
  0.53948736253693597  0.54725543047824510  0.55496580079489877  0.56272470584696677
  0.57058435008888153  0.57845228916680291  0.58630748427773849  0.59423098792595896
  0.60225458051489633  0.61041548804794488  0.61866142160432647  0.62675813034972172
  0.63473414866824263  0.64273200230085525  0.65081126098925202  0.65902142592702462
  0.66722015412830749  0.67544998740678863  0.68366861702080106  0.69200872005016245
  0.70048429202260165  0.70895953579418991  0.71758168517310383  0.72622491613493667
  0.73497768996265511  0.74375991356983584  0.75265706798666554  0.76166649190056301
  0.77092763515877516  0.78049958327446012  0.79028504812101041  0.80057071227826404
  0.81091346943750431  0.82148873017885971  0.83226662468336243  0.84387375498814654
  0.85618590908462477  0.86912779791200745  0.88268062706499084  0.89728545181979658
  0.91341693073445829  0.93256723703910127  0.95831393067604775  1.00000000000000000
 -0.01855118514453138  0.10677635060686920  0.14234682122716233  0.16406481996183941
  0.18137675016048391  0.19620608927642844  0.20950283983801549  0.22165991492162015
  0.23289366594682975  0.24336403077208998  0.25315450791443944  0.26234731984902787
  0.27125670233937704  0.27983635056112233  0.28814252825350334  0.29609697939987933
  0.30384376232551263  0.31146936897781902  0.31896567755653460  0.32634793047061128
  0.33354867795896753  0.34053825181561531  0.34742989108358857  0.35429627590379187
  0.36097447121001236  0.36755260368075954  0.37404527952871652  0.38040710240547199
  0.38663283857554082  0.39276440304046489  0.39884350003491575  0.40489249987004489
  0.41094698187536155  0.41695228641837739  0.42276964485335439  0.42859285121456486
  0.43430287497427406  0.44004571350365007  0.44570543482930053  0.45136538078478683
  0.45701691220074703  0.46266904011763216  0.46831529359382901  0.47391874118415045
  0.47954856962201953  0.48527219549949641  0.49102366942495285  0.49677902645662697
  0.50248954736713336  0.50816995047494407  0.51384342808048611  0.51954744793571184
  0.52515557365414733  0.53074004308297218  0.53631947224274679  0.54192211581884409
  0.54759232885990672  0.55333912414950026  0.55914995101255993  0.56501139171387504
  0.57087532027743204  0.57673854681408032  0.58262880041883325  0.58861944052007731
  0.59465123036672474  0.60071096628052034  0.60680466945266198  0.61295802582297176
  0.61919323816537508  0.62552605587328192  0.63194650729300461  0.63844920525168791
  0.64501741482241881  0.65172848458373767  0.65862221295763235  0.66562144520543287
  0.67278551843443957  0.67996732345225697  0.68729501338405696  0.69482704530379524
  0.70259019021183111  0.71060288819784656  0.71884961338455267  0.72727164692611235
  0.73610086015234533  0.74539843855475119  0.75529631553353827  0.76585051239607760
  0.77714853780574122  0.78938403997693174  0.80275146232240069  0.81772770958677987
  0.83520750067963867  0.85740668796105679  0.89333772262421030  1.00000000000000000
   3.2895241892442785E-003  -1.0000000000000000     
 F F F F F F F F F F F F F F F F F F F F F F F F F F F F F F F F
