  0.00000179739999851  0.00000540307885571  0.00001153193104927  0.00001762033664468
  0.00002361515121433  0.00002933019146215  0.00003490390511847  0.00004048266520291
  0.00004606776530488  0.00005168413952755  0.00005731840871679  0.00006298769494107
  0.00006872675138150  0.00007457010259340  0.00008052502572702  0.00008658000553402
  0.00009278501311179  0.00009910253818760  0.00010552782468544  0.00011207342778633
  0.00011874363889749  0.00012551242642806  0.00013247450875478  0.00013953321784759
  0.00014674493317256  0.00015411588202406  0.00016164501549454  0.00016927776456987
  0.00017712692309431  0.00018526779810058  0.00019353130555093  0.00020212206702047
  0.00021088361992132  0.00021975824734045  0.00022903977473127  0.00023831763262008
  0.00024819024271291  0.00025818588755716  0.00026862682887529  0.00027944463536590
  0.00029059619458618  0.00030239656375328  0.00031465175323215  0.00032731432725717
  0.00034065982914690  0.00035437748861722  0.00036912029390923  0.00038429938340478
  0.00040011891876949  0.00041670050910949  0.00043358151987940  0.00045232325354901
  0.00047155815037033  0.00049188270037934  0.00051283319773554  0.00053501331486320
  0.00055865831095476  0.00058371812567243  0.00061027714207826  0.00063765920889303
  0.00066779621677007  0.00069970746592168  0.00073458907867722  0.00077128465353181
  0.00081099073981054  0.00085415030026777  0.00089974502465717  0.00094871886414873
  0.00100121563558889  0.00105735467269296  0.00111691471539718  0.00117838877209199
  0.00124896048119942  0.00132532833065763  0.00140848736782075  0.00150052450822328
  0.00160200505134666  0.00171589838054604  0.00184625119845125  0.00199016271313772
  0.00216073318172363  0.00234564264319155  0.00255311471313404  0.00279498325542781
  0.00308798163530246  0.00342734863110153  0.00382023248092441  0.00427765026794646
  0.00484235292932430  0.00560964688323742  0.00661350749637276  0.00786819610359997
  0.00989217898281154  0.01313188341066089  0.07819900185580855  1.00000000000000000
 -0.00248404397562755  0.00926797204778298  0.01949674290134303  0.02966273575643261
  0.04016147585051327  0.05019524860024538  0.06041958739605363  0.07076946793688658
  0.08129019569864433  0.09184526183957757  0.10220901886216925  0.11281319384211785
  0.12352437182622704  0.13441408277886965  0.14518386499230401  0.15588267120581528
  0.16642383601622879  0.17706966102375862  0.18785688475403473  0.19828768556756182
  0.20880150973607986  0.21931721159809320  0.22983118828125418  0.24025895567393624
  0.25074081251723773  0.26136163436324633  0.27184922595698863  0.28224306043745645
  0.29255255482521497  0.30312578917914890  0.31357331357483476  0.32440600409450387
  0.33524285513420060  0.34607062246395698  0.35691530085595791  0.36756658153546706
  0.37815422096034623  0.38856847346380186  0.39898886910889741  0.40979003201016767
  0.42042182924646299  0.43107632960333758  0.44158798611983274  0.45237636749018251
  0.46299132633598400  0.47367882729945804  0.48427162543460150  0.49490614938745103
  0.50548208776712777  0.51587521498987743  0.52636341967094857  0.53695849921891703
  0.54734583496725575  0.55767262730390921  0.56814014148710401  0.57882584362816059
  0.58947247001106595  0.60023237692541886  0.61111393815440784  0.62174794736986783
  0.63210554895978743  0.64249281299348227  0.65292017760172161  0.66341290638070283
  0.67399921619088543  0.68466462104574366  0.69559563608802100  0.70637853493290281
  0.71728337426214106  0.72776796850320702  0.73806193145353249  0.74831009190864750
  0.75893246525509250  0.76948262286228741  0.78028734322925841  0.79098952722541527
  0.80176302930863375  0.81237515297449525  0.82272456414235429  0.83313010461873405
  0.84342967196954677  0.85371107646636202  0.86391809744500125  0.87402434072682067
  0.88461216977721480  0.89516168662014450  0.90566863689055721  0.91609879223984025
  0.92663871341148796  0.93695981646061233  0.94723638383274378  0.95758307063109505
  0.96817763054249695  0.97861646958292248  0.98931242459443991  1.00000000000000000
 -0.00429138171315507  0.02650995427265712  0.04820530401106093  0.06639143720986086
  0.08256541803778064  0.09739667888153790  0.11134414996061791  0.12470271419579013
  0.13768429392997986  0.15020831594271986  0.16215117244719665  0.17373686289612181
  0.18511903986438075  0.19617661659773356  0.20718465348890888  0.21793235082777215
  0.22846348930465354  0.23856869376774822  0.24861087131195519  0.25852200293373107
  0.26835381267870989  0.27801062081539296  0.28757055881429866  0.29679176386652323
  0.30586099561518210  0.31490454330388246  0.32379410670174952  0.33259775911416817
  0.34118285701168560  0.34971857506867121  0.35833448839382798  0.36710749388357516
  0.37585574889579987  0.38440660827933287  0.39289611349246401  0.40134167692383110
  0.40979963789314416  0.41810483144565719  0.42612727459024385  0.43398738903889417
  0.44179052595369583  0.44954511218681925  0.45726738820414070  0.46500323997121151
  0.47282247878496275  0.48082152180835713  0.48892796333557786  0.49708991773312416
  0.50516994329393039  0.51335358226590055  0.52141504868215494  0.52942479276416565
  0.53745848905581517  0.54530111699858763  0.55304624661743429  0.56075652014688715
  0.56848414628237387  0.57623570098130605  0.58413058180512323  0.59212440586143189
  0.60017345967442037  0.60829794948787330  0.61645654775602643  0.62464373831533826
  0.63300259111619051  0.64152668051014461  0.65009235516250552  0.65872341199878892
  0.66731547668060054  0.67578500434925859  0.68431795654604999  0.69290861001694459
  0.70164228242258542  0.71041534066966316  0.71912421133645954  0.72786285224904090
  0.73657846990033393  0.74539330680979132  0.75446581863436690  0.76382366565351112
  0.77320372581734709  0.78280558021902324  0.79244586864320576  0.80262748368116221
  0.81306121586946278  0.82386081893369689  0.83494633022152642  0.84638498705239495
  0.85820896927112877  0.87077548685908657  0.88398723673126922  0.89841409701201469
  0.91468243233448909  0.93357366699540034  0.95855556871169501  1.00000000000000000
 -0.01820866093587248  0.10643689455886854  0.14142945245893229  0.16327625370338994
  0.18099503838642092  0.19589263317783845  0.20891316164526078  0.22088716354144128
  0.23204589751874777  0.24246872604817230  0.25235988335932891  0.26180988971076136
  0.27083975103845237  0.27938560385976519  0.28761236507094823  0.29551512745585451
  0.30316613644201562  0.31069342167404285  0.31809773796437313  0.32534626643568459
  0.33251557795038311  0.33946394332268265  0.34635311126981366  0.35322111647496157
  0.35993925426477685  0.36657186480125786  0.37308042446607603  0.37943472064500017
  0.38571923654214646  0.39195935377774171  0.39813625112153689  0.40420632556643010
  0.41023839130033701  0.41627585504671338  0.42228194637806910  0.42825749396616469
  0.43418376132497599  0.44013110533153044  0.44606372052966980  0.45195558584095141
  0.45773466038258714  0.46343493900179855  0.46913692264898210  0.47485767197904410
  0.48059266247326254  0.48629505687692898  0.49190577135899927  0.49751330667071403
  0.50314804240587008  0.50881862277401024  0.51450327123253115  0.52017052287521648
  0.52581572116194619  0.53145759555684013  0.53711424863865687  0.54277474111239221
  0.54844789894613621  0.55420798160733198  0.56003605746183172  0.56594044193703141
  0.57189877924361865  0.57784053381356681  0.58383048895541445  0.58982900331037291
  0.59582485240776650  0.60180302354731174  0.60788982261537339  0.61406835346887834
  0.62028926845164911  0.62658910227852838  0.63300227643143137  0.63952481763040858
  0.64616079960097372  0.65292420680432006  0.65977298736830858  0.66669429330813845
  0.67383172539760672  0.68108728661032225  0.68854178703286029  0.69621264087178791
  0.70413289785001276  0.71233427923737014  0.72080164133404634  0.72940661644885652
  0.73833195353449654  0.74774460711176483  0.75779202455074501  0.76854310885543808
  0.77984817567803189  0.79195131442581823  0.80514291314975084  0.81973412814265856
  0.83666328219686870  0.85799264231366734  0.89359682356026482  1.00000000000000000
   3.4042125386752192E-003  -1.0000000000000000     
 F F F F F F F F F F F F F F F F F F F F F F F F F F F F F F F F
