  0.05294790707950385  0.05429979099131661  0.05497905749936142  0.05570908457852430
  0.05637269016566125  0.05700464442594614  0.05761330468058481  0.05820785753645860
  0.05880189430364607  0.05940074114866140  0.05999255661637375  0.06056483642196100
  0.06115360500823244  0.06176447816677804  0.06238317603062440  0.06301005032101059
  0.06365079098215723  0.06429582024309459  0.06494303384289177  0.06559289950183496
  0.06624423409491792  0.06689584675059773  0.06754873280471275  0.06820768193684530
  0.06887252637831218  0.06954410538378082  0.07020790189832417  0.07087763045626952
  0.07154445483199970  0.07221040738058478  0.07289827294187792  0.07359179451275726
  0.07429563775909531  0.07503128122098376  0.07579087483760233  0.07656745179726211
  0.07734459171412267  0.07815968560307883  0.07898769080944429  0.07982040902476718
  0.08067170548668860  0.08151827291269470  0.08237284772407917  0.08321521695016654
  0.08405407349255330  0.08491402233325634  0.08579250194892633  0.08668112413608821
  0.08759623122992796  0.08854161778488680  0.08952636329753492  0.09055517979577546
  0.09157542819591986  0.09257210256781402  0.09356760571327669  0.09458385710317543
  0.09561431574870805  0.09667326388016918  0.09775995385880071  0.09888937915564650
  0.09999622501830815  0.10110823497256873  0.10227647907516277  0.10350229499178731
  0.10475923934269667  0.10609312847628141  0.10745652042739692  0.10891788833936179
  0.11042583836554283  0.11207732666842186  0.11374030475070425  0.11547295010707116
  0.11726246794741957  0.11916900002836239  0.12123048392059389  0.12351157377680126
  0.12587101601551837  0.12821161666641623  0.13053808616788215  0.13288366421161743
  0.13537875279565767  0.13816397424866822  0.14134761423104555  0.14448910964717090
  0.14762004216106356  0.15094913561075557  0.15497589203327874  0.15989830089212384
  0.16564021936973250  0.17204241862748110  0.17907683804154131  0.18743144959482269
  0.19733559769765033  0.21302124568366812  0.31005477175855300  1.00000000000000000
  0.00021723354236314  0.00035539539709592  0.00042134023399032  0.00047727944507139
  0.00053023610072158  0.00058190745937261  0.00063701061591664  0.00069164466534594
  0.00074339117146462  0.00079243574078084  0.00084284840617949  0.00089595278068264
  0.00095102408260566  0.00100771066599312  0.00106724252324083  0.00112578602544684
  0.00118371003259447  0.00124233949536768  0.00129984029827483  0.00135593472368282
  0.00141196680530249  0.00146850209738956  0.00152672870859860  0.00158735928700288
  0.00165056776989944  0.00171577744856382  0.00178254389736187  0.00185253036173448
  0.00192685966883164  0.00200429489322309  0.00208258703250642  0.00216281806376516
  0.00224313445729578  0.00232492819841121  0.00240972057167862  0.00249802579121921
  0.00258866009498469  0.00268087696145462  0.00277464730505166  0.00287029480496058
  0.00296866813920865  0.00307110311036164  0.00317860179305622  0.00329196546625198
  0.00341058687343761  0.00353154309174715  0.00365384778591884  0.00377943176736502
  0.00390936923437623  0.00404654734726163  0.00419622777087454  0.00435182943267900
  0.00451930565880303  0.00469004298753777  0.00486720101614605  0.00505582432534711
  0.00524933085449251  0.00545852398984092  0.00567490324267733  0.00590498225725564
  0.00614382527310993  0.00640144652605282  0.00667709796909955  0.00697188736128447
  0.00727576897360760  0.00759234040995295  0.00791845062820178  0.00826624300575775
  0.00863958857256329  0.00903816625613657  0.00946873650847077  0.00992677050917416
  0.01043239171628246  0.01097670905842870  0.01157000331873028  0.01219706790954619
  0.01287189556374540  0.01360141615738359  0.01441085554080749  0.01531327844733812
  0.01633555566906558  0.01747869912402537  0.01869287611580365  0.01998601192394445
  0.02139439704174418  0.02301102522886392  0.02496421029128623  0.02725124700496985
  0.02981966349559520  0.03289457325237060  0.03688687813232956  0.04233846461422424
  0.05048038434369707  0.06463818290499569  0.13099294130786210  1.00000000000000000
  0.00018373476763370  0.00030517261941544  0.00038801763480689  0.00043902485771081
  0.00050086672841776  0.00056025131492388  0.00061979134418371  0.00067686914830735
  0.00072839802709694  0.00077781056031140  0.00082757695489916  0.00087882555035280
  0.00093197129661001  0.00098750198736552  0.00104495530587065  0.00110336064141509
  0.00116388264984196  0.00122496618194536  0.00128675525380729  0.00134881549883825
  0.00141222553869758  0.00147729895626414  0.00154435145926010  0.00161327930357265
  0.00168307948172087  0.00175275787531954  0.00182431097128465  0.00189861119211330
  0.00197478323632974  0.00205256374685915  0.00212919360705123  0.00220709886216113
  0.00228717150328988  0.00236956426134997  0.00245509575654294  0.00254418844571194
  0.00263263176238756  0.00272967142319043  0.00283561528102120  0.00294345787236779
  0.00305035689954178  0.00315558839387851  0.00326248078390845  0.00337619697451739
  0.00349551663214297  0.00361953128224990  0.00374636761425283  0.00387609488739603
  0.00401635284793548  0.00416483109288009  0.00431961579366134  0.00448295819398489
  0.00465296724729655  0.00482628500604250  0.00500973255679649  0.00519577873336754
  0.00539752525213169  0.00561827396417751  0.00585774572570317  0.00610834026474899
  0.00636901543187273  0.00664061668798243  0.00692324429928194  0.00722392123303707
  0.00755258279498694  0.00791640692169905  0.00831181013245599  0.00873402257887932
  0.00918495781076312  0.00967869216004758  0.01021170355325052  0.01078921454282280
  0.01141122301840091  0.01208470326781062  0.01281123962931703  0.01359915158446741
  0.01444320236086643  0.01533316230831892  0.01626679548833253  0.01726406511232246
  0.01837721823705444  0.01963266780700041  0.02101000570921809  0.02247329908939013
  0.02405881288283739  0.02577790147087373  0.02779452262287841  0.03034031262151451
  0.03336682269476261  0.03678099321289375  0.04066299790210963  0.04546838524603807
  0.05172866725259578  0.06059859113663018  0.69237035572628691  1.00000000000000000
 -0.00944344995497763  0.04728869777160441  0.08850490383708694  0.11918214929980010
  0.14348289117612861  0.16401280768774942  0.18288673521448037  0.20090569272255945
  0.21739201139239767  0.23208280499920528  0.24539661651515929  0.25745527954114095
  0.26831882360024123  0.27850612013372000  0.28824033074185734  0.29765898241713218
  0.30678796836020433  0.31544968526582157  0.32364524082213825  0.33131466400716997
  0.33867678493100339  0.34578506606779991  0.35280172666748594  0.35972627276815755
  0.36648309748534424  0.37291292446175900  0.37907079990470494  0.38514077265149493
  0.39127511778192209  0.39740922470718587  0.40334220308217844  0.40912383769605892
  0.41481463872522634  0.42035480750437559  0.42580984841277275  0.43126197340815875
  0.43672195497307226  0.44214842352063127  0.44751866693553255  0.45286809761766439
  0.45822177088350097  0.46351228395434535  0.46868865118954617  0.47376786154767975
  0.47881769232378601  0.48404100967569186  0.48954820594852172  0.49494848280650422
  0.50021272584503662  0.50557195730949367  0.51100525818335651  0.51637222358940182
  0.52164423895365319  0.52681524133353830  0.53196653898873658  0.53724969988776961
  0.54269599590416828  0.54813889342948396  0.55347900211583201  0.55879424425229840
  0.56417846474284006  0.56964443061993608  0.57516747067977447  0.58076831094775516
  0.58660271275267029  0.59277693684812149  0.59923493641270420  0.60591062509095506
  0.61278380469684401  0.61964062084764182  0.62633251210769836  0.63294761401824251
  0.63976693470306545  0.64661683935634118  0.65379963830679944  0.66132943813507084
  0.66902320241071467  0.67672656676969556  0.68462127124758765  0.69305517301435926
  0.70212250515089170  0.71198406925025970  0.72266056477187668  0.73338225816604563
  0.74420067446083848  0.75575643820346627  0.76941841838006475  0.78364497354369611
  0.79993489703820486  0.81761110074125598  0.83713676976051166  0.85903046506558189
  0.88306646759422036  0.91148344477438192  0.94913339250409534  1.00000000000000000
 -0.00214159328442286  0.00885845446593090  0.01860405783026980  0.02900548407810783
  0.03945768443732769  0.05046978107222884  0.06132811021343425  0.07175777004545403
  0.08201913090672766  0.09266151977229890  0.10341957414672667  0.11412080549825113
  0.12499747119728061  0.13573495860811535  0.14671852448581510  0.15611566021651579
  0.16687287210597218  0.17783381307948581  0.18858961127574553  0.19855526506526860
  0.20872531050975579  0.21889830734473575  0.22927358632586736  0.23972753940066996
  0.24997219409766328  0.26043408975500937  0.27059378618615265  0.28152335459897204
  0.29280229360648585  0.30449117554741834  0.31639982692236318  0.32828556439995704
  0.34001032535914266  0.35129918364121948  0.36189684282387913  0.37212952085918888
  0.38245110642450858  0.39279679393109845  0.40307658446380989  0.41335354699609711
  0.42417112312185229  0.43497957329602055  0.44525870459944328  0.45513433710274070
  0.46508677328997072  0.47516179132344516  0.48534478931132607  0.49530945601219256
  0.50530694893049866  0.51538011509905401  0.52504031690013508  0.53448459171189511
  0.54424653645758703  0.55428217463658791  0.56427417067042351  0.57427072965085191
  0.58440834303016009  0.59469550721135622  0.60511983381643286  0.61572917814644368
  0.62645349855309185  0.63713812202781983  0.64783515541619607  0.65858861575643424
  0.66930091492407817  0.67993037614506457  0.69039393587726239  0.70059101636241727
  0.71074319924111762  0.72116471033282048  0.73220255575851168  0.74356553738399467
  0.75488728623384116  0.76598426550025422  0.77688042842064808  0.78772085967613803
  0.79836051098560312  0.80855182093177647  0.81854098060325708  0.82856371801409623
  0.83868703533371103  0.84876149098993592  0.85889202288962607  0.86929983511068409
  0.87995316320578243  0.89089567705334760  0.90195626669838147  0.91307457540829051
  0.92417972435710716  0.93493870877366347  0.94643117606391336  0.95759011152402507
  0.96814211739868505  0.97864870373826574  0.98918520870487481  1.00000000000000000
 -0.00204182217850985  0.00899696853783966  0.01840948637292487  0.02804451213377583
  0.03810465808949164  0.04858587385953195  0.05943854089040233  0.07002619405297959
  0.08034662900549412  0.09042520285006736  0.10059797737684234  0.11144803130226741
  0.12232139204606982  0.13312070397409279  0.14342702117319295  0.15436827512185777
  0.16528690966410059  0.17640039469909127  0.18718647812539480  0.19801927911393855
  0.20866640271372372  0.21875353092428765  0.22935435659357581  0.24028526071351011
  0.25214478994866374  0.26310616437744927  0.27372294028520577  0.28409811328645840
  0.29426761194944379  0.30411108509117163  0.31431199232316820  0.32503908737650428
  0.33564089884234466  0.34622275604673636  0.35694099476976376  0.36797923397474691
  0.37868418041302310  0.38937362618030885  0.40026143140939974  0.41101141300974248
  0.42136408720819962  0.43149759404779470  0.44191474179830886  0.45198838140717640
  0.46246104957155054  0.47290705506028480  0.48368877939612759  0.49402496560654729
  0.50442569459411157  0.51503969612959299  0.52555187624348298  0.53583199037081675
  0.54654617694514462  0.55703208384683389  0.56760011536355659  0.57816902055311148
  0.58882718401150325  0.59933065923117057  0.61024800607523366  0.62101293508959732
  0.63119687283293002  0.64177102426705357  0.65213119354047011  0.66234852896248619
  0.67216886228934480  0.68220484766729506  0.69287221611908190  0.70366416121979314
  0.71462125796892140  0.72567157795193649  0.73647623530679107  0.74719304491335281
  0.75801323227884954  0.76857517594812097  0.77929112516644961  0.79003547433852561
  0.80140156488163583  0.81263847317161808  0.82346313642224889  0.83362582089606252
  0.84368088107670036  0.85416722183885641  0.86503473386901153  0.87610711444373446
  0.88693936690797692  0.89729211232967876  0.90724401637973162  0.91728750536707560
  0.92782904900849239  0.93855993626892709  0.94936246429020255  0.95988507328902439
  0.97010724432874074  0.97990691808413877  0.98995082863839456  1.00000000000000000
  0.05970245301552084  0.06046193502529904  0.06107917218368682  0.06167172336592087
  0.06245362341068200  0.06356098153045481  0.06468480937924204  0.06579980280765405
  0.06689500469497477  0.06801250405329864  0.06912157233585119  0.07022554433445424
  0.07132048894770981  0.07241412015816498  0.07350783478916779  0.07459470615611437
  0.07568684187572004  0.07677059003410651  0.07784685238138934  0.07894896606356799
  0.08003835216959126  0.08112608646108599  0.08222842673803238  0.08334553693701728
  0.08449489996689953  0.08563889375707824  0.08680858953211056  0.08796652131330136
  0.08910880222513928  0.09026603294377827  0.09142847610464719  0.09260140940399643
  0.09377607571946944  0.09493559206747534  0.09609837941897559  0.09726444225001959
  0.09845427987620467  0.09966665840830166  0.10090821831820766  0.10217066160070688
  0.10339584829238026  0.10463659282962189  0.10593757136779017  0.10725593298878952
  0.10858584073876351  0.10992769502919798  0.11131972175732170  0.11276652845270385
  0.11422859232208379  0.11569225718082704  0.11718593187371508  0.11869483950769916
  0.12023738083700425  0.12181481346354364  0.12341816690372277  0.12507335826165267
  0.12678873947288249  0.12859507116250149  0.13037671583352750  0.13217585777386603
  0.13400580898913603  0.13588355100898436  0.13783286305530623  0.13981830158293868
  0.14186967448716181  0.14400152810032071  0.14627377833471175  0.14864456746346844
  0.15107424874324069  0.15350366180276051  0.15595796307994464  0.15846837382530335
  0.16106338480687035  0.16371989910214665  0.16653735183307700  0.16959637504370359
  0.17280520164914376  0.17603671487061379  0.17940194018259087  0.18295515822257727
  0.18684486601099567  0.19128993987595511  0.19607239399443743  0.20098390451687326
  0.20624561308129863  0.21216316296418244  0.21889724684314960  0.22542052798479140
  0.23264212613544996  0.24109143777477990  0.25117371397916971  0.26169857017001474
  0.27511008758937311  0.29793169577690604  0.35482500200673417  1.00000000000000000
 -0.00198093017257473  0.00787744851168059  0.01690388283942245  0.02657506014510711
  0.03608316288433174  0.04544118845588131  0.05445819203852711  0.06387122392150794
  0.07337925291245906  0.08262411732895525  0.09219707008908705  0.10232700973434973
  0.11311845924252667  0.12397732953454119  0.13493655163343907  0.14555381353259234
  0.15599387053147312  0.16621409161025655  0.17635029578339823  0.18654191406967779
  0.19694593855390755  0.20746442070248841  0.21796444735890755  0.22829346525118699
  0.23819023111173807  0.24787611459506334  0.25754109054862384  0.26731488662668729
  0.27716770442204425  0.28717294170394198  0.29776628674667049  0.30885374984791159
  0.31978256863657328  0.33028302271349091  0.34072852552132998  0.35169714682047659
  0.36328504080921276  0.37481681031651309  0.38634407140496996  0.39777839810065313
  0.41011695741626913  0.42182485920219254  0.43354348266397197  0.44524469894771163
  0.45760420675446167  0.46999121467760624  0.48253066373322945  0.49483636354495875
  0.50675815816263270  0.51841025571470511  0.52993184892976664  0.54167005305706439
  0.55365974530941864  0.56614106079842330  0.57851052709332407  0.59069467223948724
  0.60224828453372825  0.61422074172966856  0.62583499394383391  0.63765189839415271
  0.64989247062898847  0.66198368993660672  0.67389601047214776  0.68499859808224839
  0.69616491895090071  0.70707703076758077  0.71778620668759030  0.72847297982195502
  0.73857084215477231  0.74876989214106859  0.75876508990416758  0.76867413417291774
  0.77825672641735155  0.78777406520793691  0.79736942642748809  0.80665263579835289
  0.81566750702110635  0.82492905926597004  0.83445227168354308  0.84397855170275515
  0.85349844523316787  0.86304733732398797  0.87279611945073898  0.88251427177720443
  0.89211557186446777  0.90176234771721109  0.91127412323228507  0.92076311113691267
  0.93020433144674020  0.93994060327514362  0.95010592081223710  0.96039187306276752
  0.97041859699637534  0.98029674238059794  0.98995012086556411  1.00000000000000000
  0.10740774643182065  0.14674443234242293  0.16508076671670496  0.18167992671359565
  0.20185933917952192  0.21698422183586522  0.22826173416353873  0.23857615314020186
  0.24864824006670871  0.25787694493372038  0.26646769951281385  0.27503638281426623
  0.28351343134404583  0.29107114640488252  0.29776436582361654  0.30402339258682520
  0.31050059021947518  0.31704389966998547  0.32355941690076334  0.32994090945857035
  0.33625283331251810  0.34241178186863630  0.34841266072336952  0.35429143965630205
  0.36011399331165678  0.36576279238373199  0.37124490086667267  0.37670080071321105
  0.38212021713448163  0.38770474654799952  0.39328022977077953  0.39866863537007280
  0.40381575808688758  0.40877181302776083  0.41356136165354701  0.41834046735129593
  0.42310185926930483  0.42790962609279953  0.43272935936352452  0.43753830885345252
  0.44237829074332141  0.44715110226894755  0.45188029734251328  0.45662810423799904
  0.46159671335284369  0.46674227859492950  0.47178354692401087  0.47667938576965108
  0.48154094368408473  0.48648559752575077  0.49155926722238219  0.49657595641229918
  0.50153706105319007  0.50629096275429475  0.51121560804952704  0.51625421325317544
  0.52135709330968660  0.52641435452516583  0.53135443743214283  0.53622882057621157
  0.54112345859248334  0.54602702156707172  0.55103748137260067  0.55614713113272729
  0.56134265979385778  0.56661578197572549  0.57198481121569555  0.57742206874864244
  0.58277953860294662  0.58801261278387951  0.59328516320737246  0.59871322201886823
  0.60433111432091846  0.61008308172030257  0.61591126873121738  0.62180651129394404
  0.62773061498225191  0.63390655743642577  0.64019804058141883  0.64667902445364633
  0.65346010330996385  0.66034175973390341  0.66760253882387488  0.67490046476407517
  0.68234522600366410  0.69019646505582966  0.69866004410203020  0.70769546387305493
  0.71736988372533717  0.72796200406160150  0.74028242906299968  0.75479186633747741
  0.77251003668053553  0.79585621559612840  0.83550077110189880  1.00000000000000000
 -0.03736004445831607  0.16798198048084886  0.21254400103537596  0.23784125194585365
  0.25571632960756052  0.27029242584148666  0.28285094581366210  0.29416817734808992
  0.30436951320704969  0.31363733087152662  0.32235316447411566  0.33051962007415453
  0.33821559972925863  0.34531002375430819  0.35206374080488212  0.35835063695198033
  0.36431607519770953  0.37011010299153013  0.37576069083665653  0.38106096859932226
  0.38619768093678247  0.39133220168078520  0.39638413966345076  0.40090321025776582
  0.40540819734736072  0.40986388647231653  0.41403787544202264  0.41820604260192196
  0.42230610457816187  0.42644835511069767  0.43057721644344554  0.43467271569483745
  0.43857171327718097  0.44239916884904867  0.44622228987978796  0.45010256316728453
  0.45395254219976250  0.45791373431443816  0.46195717002353109  0.46596151872830827
  0.46986629622136056  0.47368653422068041  0.47746424237999752  0.48121364307644177
  0.48492903334192955  0.48866505931853915  0.49250949006652955  0.49638544355012443
  0.50023656904652414  0.50434383873998867  0.50816846723245745  0.51195225782647302
  0.51569845895336441  0.51942936096476156  0.52323177168302493  0.52715772492108626
  0.53122445001939489  0.53530882925932455  0.53938263303193312  0.54329619578097033
  0.54723928423298518  0.55128521361439087  0.55543319169523353  0.55974905080137405
  0.56416598409290053  0.56848002190434277  0.57270627893896153  0.57699866948809986
  0.58137236619135280  0.58592593114579306  0.59054140865114380  0.59515791305671772
  0.59974935206235747  0.60437145867750008  0.60915626042170512  0.61413401523307376
  0.61932495523692954  0.62470629559097191  0.63028362725864984  0.63616393656051218
  0.64209390228232099  0.64831220359133213  0.65466264382257544  0.66140746695939556
  0.66875397113196111  0.67674676716259341  0.68523428078352633  0.69411382754742990
  0.70346228229732344  0.71378366343174049  0.72583777771569802  0.74055224533515884
  0.75901761376297450  0.78422143843537340  0.82813407890622737  1.00000000000000000
   1.3245097031443597E-011  -1.0000000000000000     
 T T T T T T T T T T T T T T T T T T T T T T T T T T T T T T T T T T T T T T T T T T T T T T T T T T T T T T T T T T T T T T T T F F F F F F F F F F F F F F F F F F F F F F F F F F F F F F F F F F F F F F F F F F F F F F F F F F F F F F F F F F F F F F F F
  <DiscreteSampler_grid>
  grouped_processes
  1 # 1 for a reference and 2 for a running grid.
  10 # Attribute 'min_bin_probing_points' of the grid.
  1 # Attribute 'grid_mode' of the grid. 1=='default',2=='initialization'
  0.0000000000000000 # Attribute 'small_contrib_threshold' of the grid.
  0.5000000000000000 # Attribute 'damping_power' of the grid.
 # binID   n_entries weight   weight_sqr   abs_weight
    10   10   5.511045534654600E+002   2.796981454137288E+006   5.511045534654600E+002
    16   10   5.511045534653476E+002   2.796981454136097E+006   5.511045534653476E+002
  </DiscreteSampler_grid>
