  0.01440078186551978  0.01499465344750153  0.01544821295288030  0.01583896302070761
  0.01619825645159804  0.01651816072936671  0.01681432658703897  0.01711218522139400
  0.01740448705151475  0.01767495367502346  0.01792516192458091  0.01817922846039697
  0.01842846812877008  0.01867221423561999  0.01892452104971366  0.01918647908253196
  0.01944432422175616  0.01970127025139938  0.01996055723598371  0.02022192602629872
  0.02048066286649665  0.02073919349931246  0.02100015430665562  0.02126214597118178
  0.02152544057825211  0.02178926156008988  0.02205334502334790  0.02231942157115869
  0.02259003839197597  0.02286604818062104  0.02314814165087455  0.02343632364373617
  0.02372553035808904  0.02401594933695126  0.02429599995506809  0.02459262462867652
  0.02489510548177323  0.02520087778877764  0.02550406604398621  0.02580408699216364
  0.02610910215045696  0.02642180658995875  0.02674797737019825  0.02708778844126036
  0.02743688221331610  0.02779304514073034  0.02816302917613222  0.02854351588471122
  0.02893166869185146  0.02932614509359511  0.02972243061188564  0.03011695149972985
  0.03050692340262704  0.03088956873105989  0.03126796576365658  0.03165881918228970
  0.03207261146667426  0.03250745446726904  0.03295644156864721  0.03342027097717012
  0.03390373187763183  0.03441057034663578  0.03497940493122616  0.03558805434624204
  0.03619190966773426  0.03679896620127219  0.03740723331594138  0.03804295414013553
  0.03872775107155412  0.03946084538008380  0.04022399576409887  0.04102072262363334
  0.04185644420467574  0.04273831955666321  0.04366329980114506  0.04462044783849366
  0.04564432830494795  0.04677387127952735  0.04798233126436715  0.04931960592806457
  0.05079541575464372  0.05245763798166867  0.05427821450413034  0.05621606152955510
  0.05821461807167067  0.06034835259714599  0.06287298586694211  0.06589861115812223
  0.06954455680932557  0.07386955438763146  0.07895920829384144  0.08534863088553045
  0.09358098737216866  0.10556493489306210  0.13315708408288743  1.00000000000000000
  0.00026487727729259  0.00036295644957720  0.00041430175497288  0.00046051941644130
  0.00050840589718870  0.00055385533751289  0.00059652988647360  0.00063854366188733
  0.00067968133873009  0.00071853546314013  0.00075782981375109  0.00079493858810801
  0.00083277697704077  0.00087069815176236  0.00090974481801061  0.00094874438524719
  0.00098780207135043  0.00102882047506159  0.00107034100329458  0.00111229896592151
  0.00115273480245804  0.00119377590755679  0.00123521910034594  0.00127678509218226
  0.00131792456760152  0.00135870174151025  0.00139926020728965  0.00144095120119539
  0.00148479695245776  0.00153066762565070  0.00157804599846875  0.00162657180766096
  0.00167673070163609  0.00172710975747724  0.00177694618449025  0.00182722093889151
  0.00187901969473882  0.00193340107523545  0.00199138464026377  0.00205219826754483
  0.00211361740205651  0.00217554460666770  0.00223795967638318  0.00230145459952020
  0.00236646949637441  0.00243305930263397  0.00250401927822383  0.00257712069129695
  0.00265416424487709  0.00273444378101149  0.00281499441229390  0.00289635941738258
  0.00297762950926166  0.00306480417036047  0.00315851250625175  0.00325927014904661
  0.00336673044798168  0.00347689743449122  0.00358762941044953  0.00370718062474865
  0.00383101966665298  0.00396214288666114  0.00410877894687775  0.00427077041161390
  0.00443959318809860  0.00461290868764712  0.00479856396105960  0.00499156918963900
  0.00519783729358482  0.00540812426048337  0.00563022218751014  0.00586106858072261
  0.00612091554308556  0.00638858961789103  0.00669416949477123  0.00705097468322107
  0.00743777925875268  0.00787063222318049  0.00833491765224811  0.00884205405621480
  0.00938162376984368  0.00997824932920155  0.01061750991257565  0.01138085215993092
  0.01226868829916155  0.01334807119114088  0.01462466849044798  0.01607046695074633
  0.01780545751118966  0.02010033298115783  0.02339022847038793  0.02785925417229769
  0.03532194283250646  0.05463605410374436  0.66501964122718893  1.00000000000000000
  0.00352134985118433  0.00541981372843473  0.00644992996636762  0.00718958200838642
  0.00776194077982390  0.00829080139039783  0.00878850142399362  0.00926971745342857
  0.00970785964718964  0.01010773249362610  0.01049038578990251  0.01086430837277766
  0.01124582859177991  0.01162184882907971  0.01197693966270136  0.01232282469820690
  0.01266767620967516  0.01301006324491499  0.01334648484142299  0.01368393108022166
  0.01402115915046745  0.01435545802475312  0.01469279035607652  0.01504478247394217
  0.01540295139242953  0.01575394697278001  0.01610431961517270  0.01646119360379689
  0.01682165127314867  0.01718859775762683  0.01756406803918058  0.01794604237785065
  0.01832497800984481  0.01870238301539427  0.01908716599712436  0.01948687041104823
  0.01989494555092353  0.02029589177308713  0.02068887278933807  0.02108372944421711
  0.02149536167448293  0.02192126409093015  0.02235608024448309  0.02279226503983889
  0.02323197697404493  0.02368291829367694  0.02414709491934463  0.02462810495641049
  0.02511901876687201  0.02562151857108170  0.02614223735972284  0.02668219952716441
  0.02724234404619759  0.02781635015471687  0.02838288516327665  0.02894214911557076
  0.02951172327191889  0.03009388795124169  0.03068518551124315  0.03129201161910903
  0.03191654305056108  0.03255721263209718  0.03323587515847751  0.03392254311028278
  0.03463747149677843  0.03539449349454240  0.03618271667353146  0.03703233009532138
  0.03790282932652753  0.03878842911446147  0.03973337079289408  0.04075779988938689
  0.04187987076385156  0.04308711903418073  0.04431144007381538  0.04557079572811662
  0.04693733049435425  0.04845086609613815  0.04999880394527458  0.05161185273029600
  0.05340909353585262  0.05548665322648596  0.05797191223602327  0.06052692934094767
  0.06279991885455222  0.06499764965912691  0.06729628461045457  0.07022240573257360
  0.07416444434978414  0.07953459284067249  0.08673939890107232  0.09598458644107929
  0.10677982662323716  0.11879346332669342  0.58246429547788969  1.00000000000000000
 -0.01966687082000431  0.09561005721125368  0.14267487407323851  0.17149366602048333
  0.19399809113746111  0.21198012328309981  0.22755651198164076  0.24183428234296475
  0.25455131391948266  0.26605217377148371  0.27712377900580926  0.28758228906247607
  0.29704222343505926  0.30592286301888916  0.31449102866962492  0.32232199304772902
  0.32964066309573115  0.33671920694684282  0.34377440116269731  0.35053401719826122
  0.35690154109282379  0.36295311376722911  0.36898066434293186  0.37489479430280837
  0.38049553370863293  0.38592280756949893  0.39136957677132300  0.39681183615197152
  0.40232698513325943  0.40767590595674924  0.41280065496514345  0.41780749985735105
  0.42279989356672582  0.42783631304185049  0.43289636726063385  0.43794753313617302
  0.44299185705259225  0.44803855119139085  0.45309158171471831  0.45809479429882377
  0.46294053688311698  0.46761775196653527  0.47221837342363188  0.47677910500051263
  0.48136509766617486  0.48602924251997576  0.49071238751592366  0.49526756926474957
  0.49966119269523523  0.50411135438275323  0.50859774173826200  0.51334737540691400
  0.51802563325161644  0.52279790607445298  0.52753590396097205  0.53231214697205442
  0.53724571556795442  0.54236089316968172  0.54762369499668806  0.55299086782782803
  0.55837696248089941  0.56378503307474359  0.56919676146770570  0.57456410755791576
  0.57993470456271223  0.58548056604625287  0.59121371038502946  0.59705960143354297
  0.60270546613782894  0.60854574791596039  0.61478635381919322  0.62116866837258311
  0.62801826283498963  0.63531925268775213  0.64290927721529956  0.65069179138882860
  0.65847704607524149  0.66620625901750052  0.67329667074321242  0.68047934339021199
  0.68800513437194810  0.69650796549325322  0.70578125497009037  0.71578308326807805
  0.72660860956606066  0.73829392656156156  0.75054262711844688  0.76318735607629862
  0.77707706571262447  0.79277629922057635  0.81149201177851571  0.83327142345699479
  0.85801408216811881  0.89037848402423492  0.93577450676774987  1.00000000000000000
 -0.00220035937700415  0.00889940959051650  0.01788291004429366  0.02781680570772796
  0.03787367626774294  0.04847381096495667  0.05949049200953496  0.07018263386141108
  0.08134425382497418  0.09133315691035615  0.10150237837232688  0.11195629363215172
  0.12255991160992613  0.13304324340205440  0.14332160213483008  0.15367416045188076
  0.16425920352232348  0.17504603543867925  0.18584524287963469  0.19640519947488697
  0.20640882540057903  0.21655046865270952  0.22636039416601619  0.23584232443412570
  0.24539672848643695  0.25581724872747102  0.26674791236612305  0.27764986423247334
  0.28841627647721507  0.29874644276132817  0.30889920124052012  0.31885054168790383
  0.32926586710717365  0.34012236529005579  0.35112506485415002  0.36233746621594243
  0.37350732554399424  0.38470022845938540  0.39594416642270114  0.40733104142096016
  0.41850203225766552  0.42894674520566173  0.43933507488320711  0.44971673519703287
  0.45966466798102540  0.46937668397568805  0.47921161056381895  0.48934884109468041
  0.49954990816679062  0.50970582482394433  0.52043802633115488  0.53144460841990804
  0.54207922058817426  0.55258076553692870  0.56375243020620180  0.57604472734884959
  0.58838714913838586  0.59957629342974128  0.61029131947948612  0.62072511168240674
  0.63107645960266567  0.64135078015290459  0.65147941537231446  0.66146221254604753
  0.67139261156225716  0.68099656293132671  0.69125369441061513  0.70204547831990005
  0.71331882118823342  0.72416639748362621  0.73468237020665206  0.74533328559460688
  0.75575328735356950  0.76604934516057410  0.77680572843802453  0.78774636956695054
  0.79824959445137189  0.80916185781074934  0.82034485409704427  0.83094252321544204
  0.84108836541475818  0.85064718285505780  0.86061795077391856  0.87082256079443454
  0.88126915270114481  0.89168043131832431  0.90239263890311106  0.91261328235322203
  0.92240590369638398  0.93184055730236115  0.94247628157527685  0.95345639894182443
  0.96489627989185689  0.97602646926301762  0.98768659379590251  1.00000000000000000
 -0.00231469468149896  0.00908608835377172  0.01921697659949509  0.03026854621651003
  0.04134360513055452  0.05169533749807256  0.06214413884113508  0.07268743347833272
  0.08342502877139304  0.09339229211152120  0.10316414790063246  0.11339053729705434
  0.12433103998843825  0.13497108461511645  0.14553856151725153  0.15558874795905844
  0.16545909971214393  0.17586090314659469  0.18594001501100141  0.19579547293899097
  0.20578021069853780  0.21635053532665796  0.22711325438000055  0.23778064896562573
  0.24893645800105998  0.26024442177801843  0.27137027825528764  0.28208472362828863
  0.29254652672850784  0.30280281803874143  0.31332551751705062  0.32398338732299065
  0.33460135353703424  0.34500126414899407  0.35531015663223020  0.36605760536015614
  0.37682400797833721  0.38726061421270541  0.39764396056799650  0.40809378842430138
  0.41853992082779301  0.42866040737573785  0.43873485941499352  0.44913807365516434
  0.45970320552447586  0.47014508067180694  0.48043666728917794  0.49051502932609659
  0.50069653238094547  0.51078858699102081  0.52108026873067825  0.53159999156026827
  0.54240896578516118  0.55351927445871718  0.56419801446147044  0.57436310349219977
  0.58471226897088846  0.59491545825645842  0.60545370563207868  0.61585283086464404
  0.62599902687198350  0.63652993679825831  0.64687435031254703  0.65786839480129622
  0.66838524163783242  0.67880758223860505  0.68838762214388893  0.69790725258424569
  0.70790895983824942  0.71949987663556136  0.73070457735494609  0.74186183389656435
  0.75213573377457177  0.76210664329334887  0.77210915372479882  0.78240968928925314
  0.79351984025962596  0.80399649911073434  0.81450915183838712  0.82612421526769209
  0.83767536921686003  0.84900245082038728  0.86022531570241534  0.87172199638838299
  0.88354610929701360  0.89472986074234384  0.90494251679444893  0.91496670813223935
  0.92538831253016374  0.93644106457255871  0.94734572149060114  0.95779845562744081
  0.96829350525282853  0.97905934821752993  0.98965447243825844  1.00000000000000000
  0.05887230695167264  0.06341698195814151  0.06747143324791578  0.07091621363336470
  0.07385395999862567  0.07650395273762772  0.07894155769576938  0.08122865778982996
  0.08342149547125974  0.08540744620403529  0.08736567092414731  0.08925560700273777
  0.09107659383117933  0.09283034944212033  0.09457180707605016  0.09627485429196141
  0.09794482530637756  0.09963067441274101  0.10130828397240603  0.10296330421391625
  0.10456970433684690  0.10613957413724692  0.10770313405705126  0.10926517311083850
  0.11081148008025038  0.11236174351938555  0.11393755592076329  0.11548473746630460
  0.11701613647804766  0.11849902219868219  0.11997472770990528  0.12143378430984163
  0.12287025495878826  0.12431803598616789  0.12578306332880607  0.12730054051839812
  0.12887912584408481  0.13048574618227168  0.13209979128871935  0.13370557748916731
  0.13531219748823267  0.13690932697957453  0.13846364485685930  0.14001632386675489
  0.14155826215698997  0.14305736228688024  0.14455486276995946  0.14606668289895752
  0.14770847692651762  0.14943329988550702  0.15111742278994211  0.15273800474606344
  0.15434199795772324  0.15609371382402870  0.15790395673014679  0.15970028137629314
  0.16150230747704378  0.16327369258385702  0.16516222893722241  0.16722153026876302
  0.16952781902745112  0.17182170467320265  0.17396887157842117  0.17617093956263588
  0.17859134776261568  0.18111365037945440  0.18374513225446756  0.18633455323785617
  0.18894234813830560  0.19165706886307332  0.19444590403344358  0.19739711841071111
  0.20044633262708703  0.20372601837022647  0.20716041196059268  0.21073693783462949
  0.21451455894073557  0.21838332204720826  0.22198083552575223  0.22519757188296452
  0.22871015310819967  0.23206329975721174  0.23554651507643823  0.23967967633461415
  0.24463830454818730  0.25272988570069177  0.26175953896509241  0.27076896968465158
  0.28322970855395446  0.29878694875998868  0.31031177370412627  0.32383602874820772
  0.33943152672265087  0.63246426905719944  0.96309171610217892  1.00000000000000000
 -0.00211735978181896  0.00756611172760815  0.01636253493729652  0.02546219567324132
  0.03417230785225883  0.04300029383651065  0.05197358555519268  0.06120898543647516
  0.07051021639943229  0.07965738547776419  0.08898056546442724  0.09867053522578061
  0.10833310284551378  0.11802728701348623  0.12703509626874043  0.13570798392558264
  0.14454532025779757  0.15381397830801460  0.16334191088906480  0.17284655852014119
  0.18228659431165742  0.19188815917783092  0.20189166432264943  0.21182304780355107
  0.22201890181729847  0.23232018210503924  0.24302526605208910  0.25334005690590827
  0.26386709204002340  0.27481979308632315  0.28603313896959709  0.29719238499108741
  0.30818667298851943  0.31927782483659561  0.33050177298558603  0.34152314868566058
  0.35241895700684378  0.36323934226034671  0.37422634545926164  0.38541559669099157
  0.39652968528799531  0.40811646187427880  0.42001654917227615  0.43207586187920366
  0.44473335674721065  0.45789359393878454  0.47082143221657707  0.48373639904445004
  0.49648594219047987  0.50907589057773539  0.52126785620643856  0.53330488332434733
  0.54571964709472087  0.55918615461236576  0.57266470028495275  0.58549083844680638
  0.59812040385917853  0.61059889922625410  0.62218835510187986  0.63362601646516292
  0.64526158932880540  0.65759104932791201  0.66993731545411273  0.68101023050591036
  0.69156157314398847  0.70188521295780437  0.71260545359425764  0.72380218428226673
  0.73435338800885908  0.74396288040059766  0.75331083204267368  0.76319260876421013
  0.77340273575006724  0.78375075317621379  0.79382580952690307  0.80437973448870936
  0.81481707389432290  0.82494995191990239  0.83528142084658508  0.84532222127518053
  0.85505248135721457  0.86541000446881144  0.87563693358751615  0.88638543356275667
  0.89673125780825869  0.90690211868532511  0.91698249166095358  0.92690395381195978
  0.93646993101735410  0.94565817742918490  0.95521809839380667  0.96463546222762642
  0.97445939185273001  0.98299845428788091  0.99170865386960338  1.00000000000000000
  0.11613895393131055  0.21550595480773260  0.25714819223243079  0.28280974429026429
  0.30253549308962679  0.31825227930887173  0.33176764042920776  0.34324603450661534
  0.35343611324338969  0.36297345128033087  0.37200550082370865  0.38078674718222000
  0.38911176162056488  0.39689286853456163  0.40428267170757126  0.41163375756242193
  0.41884134164378445  0.42559686833107280  0.43182716822750178  0.43794344442502897
  0.44416316091902136  0.45035115147672161  0.45634257047769294  0.46200828554015388
  0.46741623353588324  0.47265064614415297  0.47787725558694266  0.48300853273761712
  0.48807199565240245  0.49305173212051184  0.49805313048397848  0.50301370752531838
  0.50780440654713910  0.51237960408990868  0.51687450832305581  0.52137623682910494
  0.52578419302768942  0.53012178217335915  0.53450799015004624  0.53894794071711427
  0.54342715082547333  0.54766101395240607  0.55169819746842252  0.55575669199621458
  0.55986701316406007  0.56405256376270385  0.56790549339304941  0.57162743627733081
  0.57530109330173906  0.57907532281926744  0.58297718838199741  0.58682271598180946
  0.59064435039604612  0.59443472949891507  0.59818781939049448  0.60193363719884674
  0.60558388486808046  0.60918238441163519  0.61279671134080504  0.61652211970186754
  0.62039965787282703  0.62439298698958989  0.62840708043902305  0.63238887916781872
  0.63639158476091540  0.64036575331731016  0.64445834045373163  0.64869230710710535
  0.65302746876576478  0.65737015416213374  0.66165276240924042  0.66600030707912172
  0.67046888436667751  0.67499865134764470  0.67966860222812986  0.68437491404705963
  0.68904031605589311  0.69374560425024812  0.69852131062566247  0.70343316621277929
  0.70859561745114585  0.71407662391323334  0.71993979364171001  0.72613093411172058
  0.73262285359285539  0.73931880501608638  0.74614006865289106  0.75379057549741968
  0.76263501924653754  0.77232629562900967  0.78283141198951089  0.79484697165855689
  0.80902392424265768  0.82723417690263457  0.85901995835868039  1.00000000000000000
 -0.03775100136581996  0.16922497190328539  0.21236982566492404  0.23796609354230441
  0.25736036209763047  0.27260405573636609  0.28554568328174923  0.29699185471911926
  0.30722754295084947  0.31635152433209962  0.32470554288711806  0.33248633345235185
  0.33963923128883683  0.34633484879547816  0.35271675438694172  0.35890910910167295
  0.36475162186015131  0.37043139516776136  0.37608383632010417  0.38168414897032082
  0.38707452805837694  0.39219736229182328  0.39704180483494556  0.40168575556867170
  0.40624958164666081  0.41088604029699238  0.41546736264804707  0.42007385798665675
  0.42450411105213604  0.42867641802188877  0.43281139744964464  0.43690756352933280
  0.44105116810966721  0.44517616739687949  0.44924468547712870  0.45325720109393808
  0.45719203975608746  0.46107719812543052  0.46498289078674954  0.46892199540289681
  0.47280086579553404  0.47658879365847723  0.48040857122344977  0.48436102353991384
  0.48829300321087404  0.49217826293950345  0.49584488230798784  0.49946265907006565
  0.50305439245930172  0.50681476712937901  0.51041107804151298  0.51408413438106071
  0.51776293621725133  0.52160011189786859  0.52567903195200882  0.52976140940691729
  0.53367091838139136  0.53748095787140093  0.54126558594030649  0.54518541266451381
  0.54931281981415192  0.55356975416102472  0.55788775198499141  0.56217587308385419
  0.56640509883469448  0.57064716917897096  0.57489972641742904  0.57923430808644250
  0.58376763021138167  0.58837870220238475  0.59306268622835523  0.59773378618214124
  0.60230848441947460  0.60689038157977260  0.61144636670606523  0.61616084321446096
  0.62117921953056499  0.62669728764206079  0.63243881232659560  0.63795376427372841
  0.64355461091064192  0.64943682758779542  0.65583065187347467  0.66245634436464162
  0.66946068123258073  0.67735281796294422  0.68582599776933395  0.69484205098767304
  0.70464290800314544  0.71577020922266354  0.72870407405341653  0.74395610933712575
  0.76228867076850237  0.78700890318596450  0.83128389237166611  1.00000000000000000
   2.0011957362572187E-011  -1.0000000000000000     
 T T T T T T T T T T T T T T T T T T T T T T T T T T T T T T T T T T T T T T T T T T T T T T T T T T T T T T T T T T T T T T T T F F F F F F F F F F F F F F F F F F F F F F F F F F F F F F F F F F F F F F F F F F F F F F F F F F F F F F F F F F F F F F F F
  <DiscreteSampler_grid>
  grouped_processes
  1 # 1 for a reference and 2 for a running grid.
  10 # Attribute 'min_bin_probing_points' of the grid.
  1 # Attribute 'grid_mode' of the grid. 1=='default',2=='initialization'
  0.0000000000000000 # Attribute 'small_contrib_threshold' of the grid.
  0.5000000000000000 # Attribute 'damping_power' of the grid.
 # binID   n_entries weight   weight_sqr   abs_weight
    10   10   2.847658573373624E+001   2.749788061020169E+003   2.847658573373624E+001
    16   10   2.847658573373624E+001   2.749788061020169E+003   2.847658573373624E+001
    22   10   2.847658573373624E+001   2.749788061020168E+003   2.847658573373624E+001
    28   10   2.847658573373624E+001   2.749788061020168E+003   2.847658573373624E+001
  </DiscreteSampler_grid>
