  0.00003178625438618  0.00003939853463121  0.00004616188108770  0.00004803206464555
  0.00004985547086977  0.00005278847248287  0.00005579139010198  0.00005900972333899
  0.00006225552601184  0.00006554219040469  0.00006900990426073  0.00007243791387659
  0.00007559146696034  0.00007910298226590  0.00008341801415298  0.00008815704051752
  0.00009297014753498  0.00009827674041128  0.00010452314235981  0.00011124328849480
  0.00011792934491279  0.00012476494314703  0.00013203541717737  0.00013970377997773
  0.00014744251557716  0.00015506924993486  0.00016292325265609  0.00017109475413048
  0.00017990406506376  0.00018898513419387  0.00019773945340001  0.00020661633092059
  0.00021592629890730  0.00022575741461748  0.00023595020672023  0.00024664815352956
  0.00025758876959602  0.00026932172097508  0.00028257931909891  0.00029744987022464
  0.00031336049156818  0.00032986880515251  0.00034692451475392  0.00036420266413835
  0.00038201184985211  0.00040017081038332  0.00041903401464985  0.00043854313648319
  0.00045916944605993  0.00048041212483733  0.00050177620405901  0.00052392847204349
  0.00054564418082836  0.00056621343498083  0.00058865465998380  0.00061170788794434
  0.00063524711550813  0.00066155085535544  0.00068898163248259  0.00071671693428452
  0.00074589937119554  0.00077828476474314  0.00081127366858721  0.00084697038977654
  0.00088543245977350  0.00092633626536261  0.00097005815619432  0.00101624625294554
  0.00106589826803569  0.00111928909221349  0.00117566576027480  0.00123744996481270
  0.00130371160501639  0.00137328176909858  0.00145205788423079  0.00153583157217373
  0.00162398722026783  0.00171802010513056  0.00182158309512821  0.00193706326903848
  0.00206553925634783  0.00221253740674807  0.00239232760620234  0.00260885359034591
  0.00285461507493791  0.00314547776759809  0.00350495570103454  0.00397756676941716
  0.00463740851895142  0.00553786796098007  0.00695433927655717  0.00935894908816344
  0.01649211191723096  0.10485833693697127  0.51493063277056361  1.00000000000000000
  0.00106619563577888  0.00231730265081633  0.00302850764430225  0.00338878632428570
  0.00364989825199101  0.00382717189736491  0.00398096738497492  0.00412214343953743
  0.00424381029408423  0.00437186768503430  0.00450126671139585  0.00462827438173836
  0.00478699070680220  0.00496629500718898  0.00512735796124449  0.00527202638069688
  0.00540712648214627  0.00553103363959977  0.00565010675502870  0.00575992181858191
  0.00586552338221851  0.00596803569105932  0.00606621601928227  0.00615941216924572
  0.00626789925167829  0.00638912179872359  0.00650816962709386  0.00661874717132167
  0.00672584718894569  0.00683215083994610  0.00693983918156489  0.00704960326689171
  0.00715978414625083  0.00727886896124434  0.00740269969379913  0.00752490999688220
  0.00763942373501528  0.00775242359275914  0.00786444701220991  0.00798003841873257
  0.00809395772204321  0.00822286677340916  0.00836007088523402  0.00850589051713268
  0.00865909800818900  0.00881359607704742  0.00896695053339596  0.00912214228007786
  0.00927299560522711  0.00942596838606863  0.00957209499464346  0.00972689406272344
  0.00990260100368049  0.01008702358010042  0.01028385115620364  0.01048372545075406
  0.01068491449838572  0.01088707448258128  0.01109177692090665  0.01129614409107652
  0.01150991105760366  0.01173604405951691  0.01197154907734396  0.01221193107638466
  0.01246211474858219  0.01272140837280884  0.01298916567382014  0.01327338374681709
  0.01358093446016897  0.01391206360649349  0.01425456761299866  0.01460427661599167
  0.01498062193330744  0.01539675544045224  0.01583935070762272  0.01633068004359908
  0.01687160237015812  0.01744352595709662  0.01806720082440849  0.01872906219842336
  0.01950436992898763  0.02035609223353035  0.02133979509191786  0.02244758676402812
  0.02379262275635948  0.02527949973767275  0.02694936626268526  0.02888686180848552
  0.03132798068853197  0.03434245981124983  0.03814837947670717  0.04403268184395176
  0.05336732731553195  0.07460426282816189  0.67475362793371074  1.00000000000000000
  0.00155314510285764  0.00280246437259146  0.00313064868144547  0.00339986286041097
  0.00366727349752501  0.00392750896775307  0.00418351348656303  0.00443742438485395
  0.00466634094783245  0.00488514018905540  0.00510254933388136  0.00531886106661442
  0.00553034361580613  0.00575837775408291  0.00599441697735213  0.00623731882946883
  0.00647894711550823  0.00669836307347664  0.00685886793881127  0.00696429795255156
  0.00709794623985969  0.00725559997751552  0.00741616299780946  0.00757483014037990
  0.00773060259013128  0.00787991843577222  0.00802673604962676  0.00818032525673447
  0.00833687644758896  0.00850337487772958  0.00867177971150125  0.00883945253793536
  0.00900814304512583  0.00917577518921445  0.00934422955102368  0.00951754957558062
  0.00969864727476796  0.00988946323723380  0.01008672679879721  0.01028686636733792
  0.01050000219783192  0.01072866438213663  0.01095364198013061  0.01117836453871207
  0.01140274937300176  0.01163013212112164  0.01186507175612811  0.01210606740526812
  0.01234716679318108  0.01258405877509896  0.01282054384201989  0.01306707938067328
  0.01332822483929253  0.01360350530258739  0.01388215256859950  0.01417437849501954
  0.01448335877025659  0.01480000863778761  0.01513102887849204  0.01547139443711172
  0.01582432999209389  0.01618074362639856  0.01654627372115442  0.01693328679353711
  0.01734387105488297  0.01776757791559180  0.01821036578390493  0.01868037240471342
  0.01917444202059888  0.01970330095135189  0.02026729651517269  0.02085229503892742
  0.02145387292895167  0.02207998429165512  0.02274494544807005  0.02347099401223793
  0.02427034669904162  0.02510963741367435  0.02599611890902501  0.02692739960629530
  0.02789039880275497  0.02898748493507633  0.03024077319338834  0.03172497517070454
  0.03330316541553188  0.03491062187796071  0.03667008184964754  0.03881061974992706
  0.04142098543929142  0.04439243400286884  0.04819384875165505  0.05328883925910354
  0.06105167729412985  0.07487669937167692  0.60363532812686460  1.00000000000000000
 -0.00188941540590253  0.00734403328635878  0.01377041819953230  0.02035448986391565
  0.02735710159824403  0.03412918484768319  0.04159655364541796  0.05011402483771890
  0.05926785011027429  0.06925342360159949  0.07972202303830089  0.08937363931908227
  0.09846931823405385  0.10753619746036944  0.11703059238346177  0.12703944796356467
  0.13719163447740365  0.14794531949282275  0.15974945426079973  0.17172799328345245
  0.18266889276616635  0.19316359449923945  0.20378982168805454  0.21509365737307637
  0.22645277649412154  0.23790389351659461  0.24925129216277364  0.26103104859025134
  0.27281622323502830  0.28472924009527795  0.29719996522723841  0.31015372748936371
  0.32208927698673073  0.33316971857461120  0.34428297457894474  0.35532032303116884
  0.36594454068174792  0.37661844789871302  0.38744399730988177  0.39853113948145485
  0.40950825641631372  0.42021807956256041  0.43100697529298188  0.44204552254523294
  0.45281507086292760  0.46341792465284487  0.47387721753613499  0.48498164805047406
  0.49617586542953590  0.50794134065058016  0.51971288700408502  0.53043857303840025
  0.54084791063045146  0.55092827843754477  0.56168570405877849  0.57262328638368098
  0.58395375350435819  0.59581767128681595  0.60715169674611458  0.61796458080248029
  0.62879711427665619  0.64016857511481207  0.65096680922734795  0.66077761243283994
  0.67048967567888729  0.68105129115054786  0.69239800448256172  0.70328965416743261
  0.71424175138609580  0.72588702229505464  0.73828095027410590  0.75082281913998694
  0.76397939831083961  0.77617061416290722  0.78780244437098190  0.79874799705724286
  0.80965091589239879  0.82062847219412760  0.83154694452534017  0.84262820735478716
  0.85352196802578706  0.86392454628761561  0.87407834881661561  0.88457311235202141
  0.89575266068961146  0.90698755157946731  0.91783272870784194  0.92791468102864405
  0.93760340491160910  0.94679810379256235  0.95553863421241203  0.96415651328487817
  0.97272673569067358  0.98166933742263407  0.99057093997184553  1.00000000000000000
 -0.00235988299630906  0.00921463697077433  0.02012340224506943  0.03078966882652249
  0.04186791819846043  0.05221019233561172  0.06280858884573057  0.07319114359752324
  0.08415690386205360  0.09443911593991096  0.10468294182753704  0.11458425030409619
  0.12491085693444400  0.13485230383348557  0.14484179021162247  0.15415062673448762
  0.16350504157302401  0.17300239567428477  0.18305107852464800  0.19357661411316460
  0.20420044815922186  0.21466148297606244  0.22484506179237621  0.23470630038005769
  0.24445655538681701  0.25442766585243964  0.26485246547546820  0.27557343500468240
  0.28643939208136771  0.29690040523291689  0.30703972903952215  0.31709720817141934
  0.32710538037641107  0.33715954477236265  0.34744507824974902  0.35815514999988873
  0.36916247877741637  0.38029988045010804  0.39142828999568857  0.40208267212700127
  0.41222028876187206  0.42237255901972581  0.43177563942161834  0.44012457519519371
  0.44821095905189806  0.45673866271041186  0.46703117718968290  0.47797281907845285
  0.48916580258928299  0.50059585739692891  0.51206687062011846  0.52340265411664988
  0.53450324820323802  0.54533174801158202  0.55579129466029764  0.56668918172179850
  0.57779694187677000  0.58802395558856280  0.59798174538915361  0.60834179171461189
  0.61984420625389092  0.63097298734818896  0.64165804926549164  0.65282596959863703
  0.66383610812905847  0.67453493440482748  0.68495407548173781  0.69599432624407653
  0.70704494222780401  0.71799591664689189  0.72904576540766064  0.74047526964219879
  0.75186858213710317  0.76296858474540685  0.77380793704211626  0.78492249847810025
  0.79617649574559646  0.80754589049379932  0.81878269075163268  0.82966758376727823
  0.84027103579273044  0.85062409300573871  0.86081237923396758  0.87059459036746467
  0.88057764243061876  0.89072222362841091  0.90171555223648026  0.91354874198667213
  0.92476315058253367  0.93491099309284131  0.94519452202938870  0.95553367162629954
  0.96614781788195192  0.97676379500142407  0.98820718143760233  1.00000000000000000
 -0.00270417362581695  0.00951054605426480  0.02084168977232840  0.03155801007384423
  0.04246887391558438  0.05348872914795124  0.06454146375603632  0.07553984239500373
  0.08635071628660401  0.09731931006670536  0.10851115234854718  0.11980161872436211
  0.13086824977574121  0.14163717390737182  0.15249406645337063  0.16364806011834124
  0.17568340034915045  0.18837778486947046  0.20085396743663431  0.21260151290623541
  0.22342713875581671  0.23362725141319124  0.24378254891787143  0.25373604859277105
  0.26363068325292338  0.27345993467861818  0.28355650314088976  0.29404058166972985
  0.30431593426588344  0.31433509501675705  0.32387458439417666  0.33332083390041717
  0.34403012644292086  0.35576732037771008  0.36767603402425347  0.37906213411599465
  0.38986773718250978  0.40063287905303130  0.41163723093063448  0.42317636897299055
  0.43488194358026971  0.44614223484416760  0.45681221975101549  0.46701349619828592
  0.47704771584202316  0.48698748204209030  0.49688428587098871  0.50743823397200694
  0.51858012559305811  0.52789973260599510  0.53655145473500665  0.54524729928635873
  0.55493082019093432  0.56571505679649026  0.57520069236115745  0.58425074979737646
  0.59370044338586392  0.60376758069735303  0.61412043965866714  0.62444415132234898
  0.63444525436623200  0.64425980086505297  0.65435278462707647  0.66493841622640493
  0.67576581105599420  0.68625207753707806  0.69665544152658343  0.70684647857788330
  0.71722233995222118  0.72763615856745911  0.73852350867197325  0.74927165813694308
  0.75919068255515532  0.76871499848041247  0.77804989035222138  0.78778346889128636
  0.79742532991321957  0.80728626670486525  0.81767713157217570  0.83002414530114643
  0.84121276896395647  0.85239226590679906  0.86349891484558827  0.87524811242335121
  0.88673907369827509  0.89791498537021119  0.90774638477504477  0.91749566325427223
  0.92726268818725699  0.93731095009587351  0.94696353395493649  0.95600311669813842
  0.96681476532736577  0.97796889198062431  0.98925534516667790  1.00000000000000000
  0.01753358235976491  0.01848354497389356  0.01909713498817320  0.01955151529136586
  0.01993296273312626  0.02032757762284768  0.02065368200828019  0.02109827375523962
  0.02160146446923223  0.02207345161599425  0.02252764699783177  0.02296940443892177
  0.02340792970592349  0.02384397480788076  0.02427002325717710  0.02468400591240929
  0.02509393744601050  0.02550518186646169  0.02591987294900003  0.02633699390720936
  0.02676508978072088  0.02719939068701984  0.02764315705963830  0.02807947337251273
  0.02854037637717293  0.02900881790459194  0.02948411820141823  0.02996706063589658
  0.03045516416413441  0.03094434216385998  0.03143648094828735  0.03193753470918419
  0.03244479886803945  0.03297202238276498  0.03350929670378404  0.03409585900012732
  0.03468564919437991  0.03528090416240214  0.03586332766462023  0.03644120999429699
  0.03701577274526847  0.03759582720589824  0.03819738038648550  0.03881575820694955
  0.03944678068165088  0.04008238404219005  0.04072710596255159  0.04139880264787576
  0.04211778148787090  0.04290108379725700  0.04372168467860521  0.04454813204267166
  0.04539681223294498  0.04628069665012197  0.04718723584865822  0.04813002698360149
  0.04910986797212218  0.05010224973396507  0.05108113117314358  0.05204884501836219
  0.05303827529445432  0.05407385381320825  0.05513983262660686  0.05621747861327344
  0.05734407947356800  0.05851770422599323  0.05975768652948540  0.06099977634940765
  0.06230747479721652  0.06368826447545829  0.06511829638669286  0.06660641696745577
  0.06816163737562821  0.06978845216266000  0.07148125103080087  0.07318883070824843
  0.07489802186052691  0.07668974213615584  0.07846955007162801  0.08037174747561661
  0.08241743241100338  0.08483856660961339  0.08783716517058447  0.09117794543211309
  0.09463232027086656  0.09834168169082423  0.10229111239877892  0.10636046837271987
  0.11070210873285648  0.11553862674915227  0.12143343714268576  0.13132606322088750
  0.14842183529415379  0.17151126823065449  0.69102209470451093  1.00000000000000000
 -0.00331764766207461  0.01377081643360969  0.02673122031740836  0.03909468353753939
  0.05154989380120753  0.06457047551109747  0.07715350213633423  0.08823731764023343
  0.09959174849157489  0.11084167039671401  0.12248735662195401  0.13416447123234659
  0.14567504467149783  0.15684940222426891  0.16829832117277355  0.18023735839307953
  0.19186612229401676  0.20250308144155219  0.21227720791458798  0.22197199109015470
  0.23175434660728023  0.24208102982377214  0.25244841709955446  0.26318694812980425
  0.27381138158936080  0.28415058678888061  0.29406102138951173  0.30334136542523038
  0.31104854630736156  0.31881013840446393  0.32654737819849883  0.33515902622594007
  0.34525436732207415  0.35580823970634096  0.36587517252017687  0.37582408004064094
  0.38554761062247078  0.39466767710826584  0.40317614091565629  0.41183985067736212
  0.42121460751208917  0.43164807042034825  0.44212062118672130  0.45198616953501425
  0.46203340844958291  0.47178874479893157  0.48184365349614117  0.49196844983087823
  0.50261708307831299  0.51329575441714825  0.52374444470323178  0.53484025876070074
  0.54533975251185018  0.55555065583228236  0.56517638205364074  0.57441905645615687
  0.58327721910675367  0.59129328989025765  0.59887471939665049  0.60657675195270244
  0.61460854842039803  0.62289739923744525  0.63176817412200226  0.64087195872430514
  0.64960474632372456  0.65814965550195492  0.66734073915376058  0.67776135129716053
  0.68890993842135095  0.70036643388637254  0.71122507602938856  0.72102635821012651
  0.73048340795339173  0.73994175985770538  0.74963741861193944  0.75960161307172014
  0.76978170281430414  0.78109753532384552  0.79176036640273162  0.80226923882512702
  0.81276082036652331  0.82398080713937372  0.83553711051922097  0.84774445634524820
  0.86009016337273203  0.87260691239503407  0.88428082690152576  0.89692846926140690
  0.90975892756487819  0.92371789143967720  0.93663032500132215  0.95058512392866645
  0.96296629112860721  0.97516995120684946  0.98701228376363337  1.00000000000000000
  0.08902367927076024  0.16389511005830257  0.19993444640007496  0.22166565941690433
  0.24035856891155441  0.25660097351954442  0.27089724299315288  0.28304091615620997
  0.29330254835487340  0.30266491362606907  0.31171752723646112  0.32044978530412244
  0.32866580338173718  0.33645351365562687  0.34432621458781504  0.35159869164260682
  0.35918199502914949  0.36685972023334029  0.37488667626455702  0.38184488055896731
  0.38863596463599792  0.39529559334014214  0.40154392909109043  0.40773280239262305
  0.41359511545400696  0.41907350545220690  0.42424423232207342  0.42928531539610526
  0.43440475250931321  0.43962332045618130  0.44482402429411977  0.44988998812994074
  0.45478812030642418  0.45956508856593303  0.46427482652485808  0.46904761587199872
  0.47387061358339505  0.47839877590420249  0.48285204217272681  0.48704431260324454
  0.49150872668303702  0.49610034651152557  0.50061662068617296  0.50492142661749517
  0.50910077795962938  0.51323136764458266  0.51737624678487959  0.52151173826178165
  0.52561116631674121  0.52971834127615536  0.53373316636468804  0.53764446663026633
  0.54149153830115782  0.54536264795580125  0.54933590208215988  0.55342924913178460
  0.55755699250006563  0.56140561146497547  0.56498762845089190  0.56875099070516666
  0.57260769912831522  0.57678784397301563  0.58127054172040449  0.58565524333817631
  0.59010759101601251  0.59463864887575146  0.59917423395143088  0.60365731453776184
  0.60804712560687679  0.61258489176098663  0.61717195148078208  0.62192292939355698
  0.62695611992827183  0.63231173875071689  0.63754526741898776  0.64320612637176577
  0.64894665321123102  0.65487058159986244  0.66079804213740889  0.66686453725988848
  0.67328781093889523  0.68009815752157010  0.68713721137755746  0.69420891651176109
  0.70133998067802017  0.70873640607214727  0.71647475070485034  0.72451785641556921
  0.73298769998094515  0.74264450766604095  0.75402755581983494  0.76820681534102386
  0.78567109349422770  0.80788727873993216  0.84416285706531313  1.00000000000000000
 -0.03196604065975478  0.16011895146937527  0.20528843708811112  0.23167304613305512
  0.24990432077479513  0.26470425789492241  0.27763292267387130  0.28906653516619851
  0.29942756906327989  0.30898333519572857  0.31751511936168431  0.32512524922052577
  0.33208074996325898  0.33875725905426146  0.34543638297443785  0.35217408467479905
  0.35874031846689153  0.36487271754796580  0.37078475572287545  0.37671998637587917
  0.38275848947059238  0.38870282341569168  0.39433246679917139  0.39966264955581532
  0.40489764199924300  0.41013485319640769  0.41510245044958022  0.41967409384561527
  0.42401599491938480  0.42838411057552755  0.43297377885209687  0.43748861830722424
  0.44157428748424288  0.44541473498162487  0.44912578133401804  0.45271673421045000
  0.45631736113672194  0.46025691321516621  0.46435048781410787  0.46832105258354800
  0.47233395455316540  0.47634978068455636  0.48029484741741973  0.48418533834206201
  0.48794890963735216  0.49166780957104261  0.49536689670708356  0.49921015093220505
  0.50316887358222440  0.50716921761673672  0.51090807518871306  0.51456521907983810
  0.51817024059703598  0.52158478955081100  0.52499351356327761  0.52857665817012389
  0.53218262187424237  0.53582575537776633  0.53941848697060757  0.54326943648005688
  0.54737591987986955  0.55159851017582628  0.55578020279012730  0.55985222621800113
  0.56392543157367758  0.56813645841707028  0.57251092266048176  0.57703995780540140
  0.58176764778763490  0.58677703085078614  0.59214408573522281  0.59781088434250973
  0.60321930740614871  0.60833162034380683  0.61331389059024843  0.61815272306718039
  0.62356515431957915  0.62897989680752264  0.63471157314599591  0.64080252083853761
  0.64727900361278856  0.65376286314534982  0.66017945981224824  0.66695511516202799
  0.67464416938255678  0.68312021889745034  0.69217351058593657  0.70164949723653147
  0.71171566462310731  0.72272728798121189  0.73536880436302776  0.74987112940726242
  0.76878745293608008  0.79580454544063395  0.84199686359504244  1.00000000000000000
   1.1372007938000443E-009  -1.0000000000000000     
 T T T T T T T T T T T T T T T T T T T T T T T T T T T T T T T T T T T T T T T T T T T T T T T T T T T T T T T T T T T T T T T T F F F F F F F F F F F F F F F F F F F F F F F F F F F F F F F F F F F F F F F F F F F F F F F F F F F F F F F F F F F F F F F F
  <DiscreteSampler_grid>
  grouped_processes
  1 # 1 for a reference and 2 for a running grid.
  10 # Attribute 'min_bin_probing_points' of the grid.
  1 # Attribute 'grid_mode' of the grid. 1=='default',2=='initialization'
  0.0000000000000000 # Attribute 'small_contrib_threshold' of the grid.
  0.5000000000000000 # Attribute 'damping_power' of the grid.
 # binID   n_entries weight   weight_sqr   abs_weight
    10   10   4.233149948968837E+003   1.583112290324617E+008   4.233149948968837E+003
    16   10   4.233149948968838E+003   1.583112290324618E+008   4.233149948968838E+003
  </DiscreteSampler_grid>
