  0.00000894608373025  0.00001342412042625  0.00001819924133254  0.00002290062673646
  0.00002758273086043  0.00003240516657920  0.00003751089230328  0.00004290045528206
  0.00004827117355775  0.00005370194351363  0.00005920698765669  0.00006475017838624
  0.00007032457204639  0.00007596900640710  0.00008175285631657  0.00008767103086537
  0.00009380005201470  0.00010007770730932  0.00010644353390684  0.00011289036997555
  0.00011945803444443  0.00012619294687001  0.00013308757759766  0.00014011709828987
  0.00014731605435465  0.00015467009374156  0.00016205543917602  0.00016945099409717
  0.00017698354313669  0.00018471749039047  0.00019260813093281  0.00020082091994823
  0.00020941857281435  0.00021822955090881  0.00022761075734183  0.00023700074974051
  0.00024703506028874  0.00025739006924954  0.00026804649593552  0.00027912494953078
  0.00029051610079841  0.00030236746223357  0.00031489502651866  0.00032767875114100
  0.00034158580013485  0.00035549696192251  0.00037061231725765  0.00038593141272375
  0.00040212152603120  0.00041896871527328  0.00043645953793683  0.00045495942932083
  0.00047418771604207  0.00049475377905809  0.00051663786248121  0.00053964491044115
  0.00056459825381718  0.00059054729521425  0.00061856193752587  0.00064792524222222
  0.00067879164953525  0.00071170814186752  0.00074616015326982  0.00078319361186125
  0.00082291603458790  0.00086645316531517  0.00091391202385578  0.00096455552538970
  0.00102039820420124  0.00107962510607359  0.00114550944829251  0.00121607831033670
  0.00129259576361129  0.00137494088196059  0.00146354608579889  0.00156234807466408
  0.00167345478946769  0.00180150928174709  0.00194812003869988  0.00210848950811839
  0.00228289831397762  0.00247405278962430  0.00269212837429329  0.00294796724215536
  0.00323254602721529  0.00355631967236763  0.00394680525161962  0.00445748867047910
  0.00515057137281397  0.00598609878162957  0.00699769427940676  0.00863160389026568
  0.01141149733812064  0.01594211246551826  0.36010327245805634  1.00000000000000000
 -0.00234708687757930  0.00958343086320086  0.01963470135441202  0.03001636617150848
  0.04032637290759204  0.05061450784816687  0.06099547069491765  0.07162396468779303
  0.08224342320268122  0.09289439565091147  0.10332599026679433  0.11384342434608170
  0.12441705866485922  0.13498398548890167  0.14546305654511971  0.15588670379291869
  0.16641635217839196  0.17692973574763043  0.18772531338903747  0.19867751127746325
  0.20995244641796215  0.22107137190756318  0.23214657622965684  0.24318185975750237
  0.25413818249663994  0.26497281589962157  0.27561524125240267  0.28610113847181656
  0.29677570151193955  0.30760223288482502  0.31851310359813401  0.32932466715055286
  0.33992600316530008  0.35044594723174938  0.36091814637465675  0.37149013694826649
  0.38199601817931605  0.39255956079454857  0.40304944258852660  0.41361943690965713
  0.42394639321406324  0.43424816942768713  0.44451447203577754  0.45485024840544180
  0.46516901781382841  0.47549613147720782  0.48597113525779029  0.49653583040839216
  0.50686242903995216  0.51709224329319059  0.52736983364091172  0.53785620135156376
  0.54820861219711048  0.55873313714634354  0.56943207499810544  0.58022315706503058
  0.59055943593235227  0.60083705969927681  0.61116725885499701  0.62137842075071570
  0.63169695994941466  0.64198548787695575  0.65235435240755790  0.66269835550626599
  0.67326341593879480  0.68397313163091955  0.69434749939425511  0.70455187421760923
  0.71469640701434045  0.72498377787805324  0.73524285903294995  0.74547432710440853
  0.75572461785709477  0.76592885061718297  0.77630829897801679  0.78673875630692292
  0.79707365874870217  0.80739561967313400  0.81780413903633664  0.82840853645336165
  0.83880243174651381  0.84915353653713865  0.85961132957227049  0.87032648833538928
  0.88099475059666588  0.89162986748509587  0.90255757648225776  0.91348098047259529
  0.92426447573913850  0.93491306325360268  0.94571524458966627  0.95631812792289128
  0.96691346426664060  0.97754855131263430  0.98873281108905153  1.00000000000000000
 -0.00397951230124856  0.02544117232965560  0.04689701899104669  0.06515207339267767
  0.08160113849238226  0.09696643803585997  0.11137708298979382  0.12495810508304364
  0.13786143724925265  0.15007469529789366  0.16173045622393770  0.17319410255364945
  0.18440862760963672  0.19548763094285632  0.20643976364740807  0.21724949145044306
  0.22784359109244723  0.23815376404028710  0.24845755986639648  0.25847936710917957
  0.26836685024944362  0.27801591501292067  0.28754477444101273  0.29707306497105490
  0.30642006902319180  0.31570819287441459  0.32495110018465301  0.33416232063989026
  0.34324967728727168  0.35220884697246824  0.36104259638313907  0.36969846188417343
  0.37822261079502295  0.38660514962039416  0.39494548660259138  0.40326899303979180
  0.41150115976011054  0.41972899453822737  0.42801574122057828  0.43629377115690232
  0.44462021349601527  0.45293272418977809  0.46125701809120784  0.46954117617817437
  0.47770096796798561  0.48576524364453744  0.49392948654879176  0.50218095491203296
  0.51035618896987012  0.51853121181985340  0.52651629922183962  0.53455135114268582
  0.54255401330959896  0.55040783124022852  0.55813300395601007  0.56585761953661584
  0.57367079927883802  0.58153512587600820  0.58937313890924681  0.59714905861431533
  0.60490776998656270  0.61273620378897231  0.62060480654662287  0.62856056186913078
  0.63651963702813019  0.64462977643572072  0.65262249691951735  0.66059500330034582
  0.66854061097193340  0.67666337088865847  0.68487274063619630  0.69326421394954996
  0.70161590407766872  0.71004069548669158  0.71847997557647147  0.72705536072609056
  0.73583475194173620  0.74468787164637396  0.75367583220006629  0.76277570917743265
  0.77201872028270591  0.78152320924923491  0.79125983994237536  0.80106234002418297
  0.81097569787546053  0.82117249010196092  0.83183131668432653  0.84314771853540904
  0.85513298375295865  0.86779876225268970  0.88136521100012677  0.89603176611182089
  0.91253881827083716  0.93213723628705847  0.95839587373549062  1.00000000000000000
 -0.01841536486583692  0.10640392899077769  0.14182059859298135  0.16347655103864184
  0.18098095703340311  0.19615506174478495  0.20954662719124667  0.22158087997392362
  0.23259498683892818  0.24292548601359465  0.25281632106642371  0.26225351134077146
  0.27119315203800254  0.27967288111403815  0.28789855018532123  0.29592922273725952
  0.30373689567426404  0.31137972940871278  0.31883790783471583  0.32615282081835356
  0.33336595170057720  0.34032461135582054  0.34718542433785959  0.35387552125626154
  0.36041332986519442  0.36683917526725329  0.37324214356458024  0.37960091634672155
  0.38587070260667888  0.39207499863857614  0.39822382805964984  0.40434824186974477
  0.41050657057603557  0.41656526964705248  0.42247915337554082  0.42832767184809240
  0.43418575609507498  0.44005807459403612  0.44591056968236820  0.45172580215155489
  0.45750169133114815  0.46327301036676166  0.46904258506574198  0.47480009310852955
  0.48055596168431541  0.48631237420286921  0.49206977116857814  0.49783659474198494
  0.50356673599078494  0.50920165025460518  0.51479411251119667  0.52036493823727248
  0.52598404266996468  0.53167780015257760  0.53741279926962437  0.54315705187820273
  0.54890999262138129  0.55468563793522252  0.56050649996193824  0.56635027001330474
  0.57215607033818694  0.57794807538235315  0.58378789234200634  0.58968355985824927
  0.59560034260890338  0.60155722621764851  0.60766016716505333  0.61390671069136982
  0.62026591505002515  0.62675090352563023  0.63337343541304303  0.64009421733168625
  0.64688482945240944  0.65378466971676852  0.66078776563099084  0.66790153638623784
  0.67512296295338181  0.68250208964373515  0.68999251375725945  0.69763466555626064
  0.70539678638566639  0.71344224842268744  0.72174913977063082  0.73031687693274328
  0.73933790089313944  0.74866556984486987  0.75849180409445682  0.76875952068645081
  0.77973609494429863  0.79162534891696357  0.80476490901476383  0.81943359748507272
  0.83659173250410690  0.85819876939282835  0.89308110428833720  1.00000000000000000
   3.4171453546292226E-003  -1.0000000000000000     
 F F F F F F F F F F F F F F F F F F F F F F F F F F F F F F F F
