  0.00022754282687353  0.00034570211766688  0.00040325150763735  0.00045586783095497
  0.00049772369088003  0.00053269210052409  0.00056730315964389  0.00060242343392995
  0.00063823064037171  0.00067146988016882  0.00070203573125392  0.00073225043069551
  0.00076315213182932  0.00079512863628465  0.00082705444482252  0.00085686703494447
  0.00088505432640315  0.00091362935742474  0.00094356058196005  0.00097503570256030
  0.00100642461898216  0.00103731346709003  0.00106861536787302  0.00109953050854620
  0.00113032567046009  0.00116131007292048  0.00119310926047762  0.00122638966687030
  0.00126037393689570  0.00129377501280376  0.00132660566450022  0.00135956599976006
  0.00139343594298928  0.00142954863743082  0.00146827665811994  0.00150809643951915
  0.00154764412945623  0.00158683836270546  0.00162541762575386  0.00166386178880699
  0.00170265913489347  0.00174227089354282  0.00178309429491364  0.00182588650056338
  0.00186694383378897  0.00191109414710874  0.00195575671033868  0.00200085208586233
  0.00204826058589448  0.00210027469507853  0.00215477314466726  0.00221295926727712
  0.00227566449551255  0.00233918669413048  0.00240276856500297  0.00246512362032579
  0.00252658369109084  0.00258841527827056  0.00265370462754494  0.00272477937986583
  0.00280142154374624  0.00287996453098496  0.00295993818579328  0.00304157879987271
  0.00312436023959745  0.00320813020780423  0.00329746512391440  0.00339525837924981
  0.00349857409964134  0.00360957329061680  0.00372895900379709  0.00385547640216894
  0.00398626325160359  0.00412192086911185  0.00426555868237368  0.00442321710730684
  0.00459980506372746  0.00479692745084940  0.00501286003490531  0.00524515763826580
  0.00550488526653855  0.00579213970760182  0.00610401451617511  0.00644791850774330
  0.00687439794549585  0.00738839971468949  0.00798783073444706  0.00867631007879456
  0.00950255650212879  0.01050698704744450  0.01187042449415551  0.01388573937725515
  0.01730457944819416  0.02624737026015800  0.58986993278939781  1.00000000000000000
  0.00413585340858764  0.00430682073072192  0.00441784508492310  0.00451219528451800
  0.00460033781564287  0.00467664518663923  0.00475742546937542  0.00484412494850308
  0.00493589961444125  0.00502465117220958  0.00510419955490343  0.00518812790197586
  0.00526753323659859  0.00534744560575653  0.00542947753067839  0.00551556865012543
  0.00560383750782718  0.00569264994770913  0.00578180439968949  0.00587132259380836
  0.00596046911271074  0.00604812810169577  0.00614707511559624  0.00625648946204440
  0.00636731534891736  0.00647659949809034  0.00658140627261602  0.00667846689959711
  0.00678226287009289  0.00688904592887434  0.00699386019618277  0.00709549451895699
  0.00719590629686764  0.00729742330673820  0.00740186806592778  0.00751279103501324
  0.00762824505711825  0.00774618465154954  0.00786424733546120  0.00798704204694596
  0.00811038521357135  0.00823098767051589  0.00835333733447271  0.00848016378376908
  0.00861078026863815  0.00874287972309231  0.00887543933745616  0.00901049614332153
  0.00915092651077100  0.00929637990474037  0.00944768943764912  0.00960096012678316
  0.00975558650563748  0.00991724370216001  0.01009062986997631  0.01027453098446042
  0.01046257923272859  0.01065419473304744  0.01084568558476631  0.01103930718899748
  0.01123958853669151  0.01145437195785847  0.01167616083997271  0.01190109373143159
  0.01214221560531651  0.01239622920535041  0.01266287777228294  0.01295233844308730
  0.01325874014586402  0.01356308401301652  0.01387490222433796  0.01420092736037253
  0.01454983854569038  0.01492770267162531  0.01534807129373860  0.01580378410674508
  0.01630199439229679  0.01684164881320653  0.01743367429818940  0.01806375724676404
  0.01875422693026963  0.01953118975502690  0.02042349034540136  0.02146687551178503
  0.02264142199958969  0.02396969530219577  0.02545638184404954  0.02724526084677540
  0.02953230560663123  0.03250896110045107  0.03616548919960949  0.04169366615284890
  0.05204279839701107  0.06872384822488437  0.62858916191474046  1.00000000000000000
  0.00115161928405401  0.00241225249531290  0.00285497626021899  0.00311462976867422
  0.00339713940652073  0.00350699890596330  0.00359591015781698  0.00370699271514507
  0.00380267183336713  0.00388208572632414  0.00395914706058711  0.00403099308632869
  0.00409803776913441  0.00416311627111586  0.00422599593067788  0.00428983643855132
  0.00435799966389413  0.00443805357807669  0.00452605080533310  0.00461443488925458
  0.00470105623229396  0.00478038350240652  0.00486242447785540  0.00495584966821418
  0.00506155189133368  0.00517865371915768  0.00529027213926812  0.00539159195099303
  0.00549309804855586  0.00558911692211782  0.00568135872511275  0.00577355961654176
  0.00586535554401872  0.00596152228967528  0.00606620546431486  0.00618262079019845
  0.00630682240233137  0.00643248479608906  0.00656296135754268  0.00669544371672704
  0.00683305566132369  0.00697425199411733  0.00711846971820901  0.00726491027530418
  0.00741950811830743  0.00758212481243850  0.00774916399540372  0.00792042804973270
  0.00809592600363071  0.00827113133548991  0.00844967339533218  0.00863620076676810
  0.00883506784445447  0.00904391708374475  0.00925492105719312  0.00946912100841808
  0.00969041556063358  0.00992600846658448  0.01017722308856167  0.01043542682125945
  0.01069378846885510  0.01096086161152131  0.01124841780096075  0.01154753782555403
  0.01185461593309430  0.01218984352077975  0.01254775073990150  0.01290203247862069
  0.01327560102688778  0.01368965691583555  0.01412712693687621  0.01458010157711188
  0.01505351433924519  0.01556771128596436  0.01611725880728363  0.01669856930546711
  0.01731503295360565  0.01796973194808462  0.01865885209145230  0.01939619401030509
  0.02024113287736505  0.02122653023177468  0.02230500949843641  0.02348226025770929
  0.02479087211895502  0.02629018019654735  0.02804833798432710  0.03009509218909676
  0.03247846567793010  0.03537811727489022  0.03912696310804434  0.04450371245639642
  0.05216035380283984  0.15885658888487297  0.61617567423218866  1.00000000000000000
 -0.00278319679209059  0.00974509544913677  0.02147514744944432  0.03285739739377312
  0.04366827509659389  0.05393619991723721  0.06424643720514608  0.07474596029084839
  0.08547340421122597  0.09628781228840290  0.10740876344907534  0.11903550560477268
  0.13078205363070847  0.14230662746786660  0.15350007318428771  0.16447273892446923
  0.17497898174708593  0.18507595079815856  0.19499651633956183  0.20508540835079248
  0.21531188423202810  0.22518408634608514  0.23493586465535193  0.24481417995085555
  0.25499439107658356  0.26542256467623698  0.27626204789728320  0.28723870752696962
  0.29790620238895016  0.30817783119403008  0.31841355169252039  0.32882295953569435
  0.33932573920434550  0.34977393472206508  0.35990332411665898  0.37000078399594083
  0.38019841070437871  0.39065523193387980  0.40105479007387129  0.41132819836394890
  0.42142216791412668  0.43137876602384095  0.44127094126109850  0.45133651502107497
  0.46172405148942547  0.47282690308252001  0.48442384945172301  0.49587041904107027
  0.50701340132250561  0.51778834887451608  0.52853851544326669  0.53943845023219072
  0.55021881681875218  0.56076109892784343  0.57090842010441678  0.58046711019622743
  0.58995631885410493  0.59922081840363517  0.61022964288291714  0.62061903054510992
  0.63063626546018725  0.64010786729359548  0.65018590449777447  0.66151324858664462
  0.67303401887413195  0.68487265600885217  0.69579960187208556  0.70643286842831010
  0.71697463418253593  0.72735915462268974  0.73767984324477953  0.74808504679485688
  0.75886046374243832  0.76970926969167652  0.78058136187717597  0.79110306962558286
  0.80164886857502382  0.81270483348151745  0.82429446479430046  0.83592971570748820
  0.84730762310284047  0.85832207654892168  0.86923625378895375  0.88008654140391573
  0.89091944922771271  0.90133069673570987  0.91112784182842066  0.92072185594938050
  0.93041594589661314  0.93995791396960127  0.94949734463176994  0.95899680847071611
  0.96867575205319945  0.97827085363093869  0.98809695556217692  1.00000000000000000
  0.05460328535942031  0.07420499758608554  0.08135841347238024  0.08571311909873452
  0.08898807338179018  0.09182284686612183  0.09436784102507322  0.09661828421976162
  0.09864083200013377  0.10058523491666965  0.10251573493204932  0.10439181545806424
  0.10615025507535036  0.10782388723889998  0.10947388370793695  0.11111593207895053
  0.11273232247118167  0.11434351764169599  0.11593554296432290  0.11748274054243445
  0.11908005381720660  0.12063835266888445  0.12219910709726163  0.12370619554878480
  0.12517897206207057  0.12659477694542531  0.12802162273316775  0.12945999345246720
  0.13094137920112667  0.13239039574421269  0.13382243003966962  0.13530066275257571
  0.13684068851282460  0.13843052540232254  0.13999122208030346  0.14151853825635091
  0.14299100690556582  0.14449202491205265  0.14590800593000863  0.14726671429036725
  0.14863680232700560  0.15000718708784797  0.15154578935795113  0.15314661806233199
  0.15472790916113055  0.15620021794855907  0.15769065093125637  0.15904991150012981
  0.16052314360491479  0.16203974554264047  0.16356996779177294  0.16517184482314026
  0.16685106657249624  0.16856022854909042  0.17024161441681210  0.17185144569874336
  0.17343532139681994  0.17510030481839137  0.17673513712277952  0.17841707816628080
  0.18025104571405157  0.18213109617358050  0.18407724807790188  0.18606152100310402
  0.18804256848891304  0.18998752856986931  0.19203496368080511  0.19416435227107048
  0.19628727510532529  0.19835180339372502  0.20038404719076530  0.20270850363691592
  0.20503180770669718  0.20738345193416483  0.20996259633195077  0.21272133315643904
  0.21562104998629925  0.21871946996510530  0.22212242503761084  0.22569907173565312
  0.22858787233871375  0.23137244771537896  0.23395611388772752  0.23651248457721091
  0.23918641648984793  0.24294844027987386  0.24715247489332051  0.25132129738243836
  0.25648496904886431  0.26278211859558803  0.26961827972730112  0.27846908898643463
  0.28974529699361196  0.30412897260706884  0.41402739754211071  1.00000000000000000
 -0.00236671107600706  0.00977347304669322  0.02167808961660569  0.03350611283725240
  0.04638556935355705  0.05860667899582359  0.07019189734340472  0.08143614559444723
  0.09258279983408965  0.10463374789686375  0.11501527235791140  0.12622724792052142
  0.13709007033759171  0.14755183761703905  0.15797092222637854  0.16818755336647312
  0.18034608755215575  0.19243370923070927  0.20464077856813706  0.21661498944568153
  0.22780289423896791  0.23773708882460035  0.24764020918406357  0.25776697670495113
  0.26841661225074165  0.27886309285929145  0.28946715790459554  0.29961302367214210
  0.31030272903353789  0.32109211421521949  0.33201963377540822  0.34304679881666045
  0.35369665122717991  0.36367863382548998  0.37330421532163727  0.38288037031515326
  0.39197208352223828  0.40059143335231290  0.40946723290471571  0.41912957833832154
  0.42896117712796483  0.43849730498041239  0.44746340910825333  0.45630420417541390
  0.46532703167347306  0.47486572803153437  0.48414102463428327  0.49448145520122833
  0.50446690170216102  0.51347302451211652  0.52206111871754635  0.53062044146748832
  0.53976894727326696  0.54874173069053744  0.55778527911369236  0.56693594005098036
  0.57654523666436830  0.58626848309566104  0.59608502800068963  0.60544873451135395
  0.61486666152776404  0.62464889662395229  0.63484542699779278  0.64530924057753392
  0.65563137013601669  0.66590311843436256  0.67616595298887194  0.68653751599973967
  0.69705260171347716  0.70728069883199252  0.71750326988553137  0.72758334449025774
  0.73779335189125872  0.74767340434241436  0.75767191985785487  0.76815833096318831
  0.77950176070251220  0.79124577976454424  0.80321483835926444  0.81490609627875876
  0.82597107572696582  0.83634907633362554  0.84683346508489632  0.85774472671297131
  0.86855072285254054  0.88010929884244271  0.89260773974215424  0.90537922926952930
  0.91789159546519761  0.92976776871367484  0.94104967464484401  0.95221168411628343
  0.96354280809515436  0.97634405711586103  0.98831538982367473  1.00000000000000000
  0.01410142947679506  0.01653221210591953  0.01789413784835413  0.01885812723892559
  0.01967976192035744  0.02038220220340797  0.02107232248229278  0.02176751649408622
  0.02247755476185549  0.02319035860662079  0.02387838208448131  0.02455933932246247
  0.02522846767856838  0.02591078314547903  0.02659601639511359  0.02727881415475979
  0.02798532647609608  0.02872419677116067  0.02946523647040665  0.03020903883637466
  0.03095383947977738  0.03170014335670657  0.03246608003378402  0.03324392622404389
  0.03404149134288877  0.03485120721284124  0.03566582948771351  0.03647668485674777
  0.03731093851674515  0.03815434493109431  0.03903131350155940  0.03988058690547150
  0.04073909318766603  0.04160088233643024  0.04249064799015339  0.04337243263613300
  0.04428083600411784  0.04518518817595121  0.04611030236924248  0.04706838349128491
  0.04806781303222708  0.04903768222605354  0.05004186122682851  0.05104741127427487
  0.05202998980207550  0.05301956104425739  0.05402743240149041  0.05512461948537247
  0.05625836851496079  0.05736482565440485  0.05840074942321212  0.05939563672102403
  0.06041476605828293  0.06141025351944653  0.06240353352408621  0.06342868050568339
  0.06448388057844083  0.06560295727518660  0.06667874483122464  0.06770565821918977
  0.06872916338147100  0.06983820708412161  0.07093023975528737  0.07184119004441437
  0.07291586757171585  0.07422922721266431  0.07569065709442456  0.07726658419807998
  0.07876752336775078  0.08013352535501306  0.08148078912301683  0.08254959965320548
  0.08365352021566591  0.08482253597855352  0.08611024374353661  0.08713457827623301
  0.08804672531583557  0.08894109782007924  0.09000678831041706  0.09148117466507125
  0.09307118461062062  0.09466824697310099  0.09639940284439555  0.09792931106503661
  0.09952457721468413  0.10116427037702366  0.10342203123761057  0.10587247856105515
  0.10875325132627069  0.11147891668263943  0.11396122387253610  0.11624201515233787
  0.11887488446075618  0.12094758023879748  0.56930202645109396  1.00000000000000000
 -0.00175557829236775  0.00708323382416195  0.01615306752959235  0.02471954282307699
  0.03283208791278026  0.04089548363036519  0.04918972521477137  0.05796099196673802
  0.06655295213271442  0.07502667345971378  0.08359200429134984  0.09249662445850149
  0.10115679845869424  0.10992249616170639  0.11883458360259405  0.12813663595171013
  0.13683520699894416  0.14533010480010658  0.15423316426644007  0.16317371371004888
  0.17373061883197602  0.18336428709329647  0.19315052227397100  0.20277447538770296
  0.21201505806753798  0.22148820020559395  0.23125679803451701  0.24153140624040648
  0.25232727946711631  0.26354245688215933  0.27502079074451136  0.28630202813075201
  0.29759809754751448  0.30913833536556584  0.32106282854701224  0.33365272313509875
  0.34663494426813335  0.36023719823021527  0.37400164254334778  0.38749903265400082
  0.40096645698884814  0.41454800014534382  0.42826590777471124  0.44193473515633414
  0.45565597065655550  0.46991616079176879  0.48427600143745431  0.49877440110303739
  0.51347805474720210  0.52769428332477675  0.54231998163647532  0.55718071267995395
  0.57231071306950343  0.58702460396412526  0.60121563412611412  0.61486353288241824
  0.62781840493561658  0.64019652503246349  0.65227426829005541  0.66409424606350009
  0.67522811277372308  0.68628584806425119  0.69699964300593642  0.70688907164977555
  0.71684814922692730  0.72670627214961403  0.73632641508543850  0.74588365898604803
  0.75556726632605831  0.76587130532044245  0.77616199703260103  0.78571567245960450
  0.79471456031805421  0.80368570348872159  0.81267548624438612  0.82218431349563814
  0.83190064683715081  0.84140442840053309  0.85074963825105354  0.85998441627566835
  0.86901981498945968  0.87782602869292847  0.88626919904129398  0.89447895266079003
  0.90273878906826566  0.91120941835407221  0.91981146737172614  0.92876329478366315
  0.93766581006412331  0.94674834842569988  0.95586364433269799  0.96484696310880291
  0.97352056680060317  0.98200022735965786  0.99079986038890155  1.00000000000000000
  0.09579209726747374  0.26218510124683136  0.30588756168588105  0.32912641863658598
  0.34678052946375809  0.36039110493433202  0.37237217627346975  0.38367356949680187
  0.39460928525665911  0.40474197360496472  0.41462448339125307  0.42333877518742330
  0.43139225363125272  0.43896417621931016  0.44608145807198663  0.45284700207306755
  0.45918538944339993  0.46552300295085047  0.47157487669157067  0.47735232968768782
  0.48325328364292675  0.48913388707595934  0.49474633721399208  0.50009086399919223
  0.50510824531085408  0.50983041729319900  0.51437155983572624  0.51884970878764558
  0.52333991075456487  0.52772712427115187  0.53206626667236923  0.53633685637085493
  0.54063425782066210  0.54486952059552973  0.54917551306901624  0.55340513014073178
  0.55741386618775268  0.56133515696939595  0.56512784467739263  0.56896995525530347
  0.57284052136509001  0.57661119176742259  0.58033678797985100  0.58390127082153298
  0.58743141297815027  0.59087506815445578  0.59440883154813484  0.59829297573499030
  0.60203127770579168  0.60549178651963775  0.60879657135315546  0.61207591422982044
  0.61539460946670588  0.61875478991083932  0.62213352809368594  0.62549768986607701
  0.62885816426431618  0.63223478816553569  0.63566998548753195  0.63912497135928525
  0.64255044926716620  0.64590636039490346  0.64927402014889957  0.65267733827401730
  0.65603527485167645  0.65940119481682102  0.66281581038710280  0.66641535946672892
  0.67029320687505789  0.67429416438697642  0.67837559023490823  0.68242934302705394
  0.68640487872158862  0.69030401374749129  0.69414490598802858  0.69813597617066292
  0.70241405792586908  0.70689822638198696  0.71145630869474108  0.71601641152440232
  0.72065657422048890  0.72554590347546843  0.73076726268391434  0.73626276865183227
  0.74191813036171339  0.74776057423693842  0.75394980245167542  0.76053989100886399
  0.76757076869892960  0.77552690744099195  0.78489204566249204  0.79587997491003981
  0.80906178773065618  0.82618015767698050  0.85637101636311908  1.00000000000000000
 -0.04206969328612659  0.17884373669272902  0.22207716292912713  0.24574698423137264
  0.26433356341141367  0.27883945819101513  0.29048480637167873  0.30075392081568597
  0.31015739215597721  0.31896167653540664  0.32716124039432387  0.33461115725714841
  0.34164034879449762  0.34828484129955828  0.35436914888649251  0.35997687638963627
  0.36543815118315520  0.37089974220353950  0.37635870299774860  0.38177891249928375
  0.38713642422334638  0.39237804568184720  0.39739791881580866  0.40222684666735797
  0.40697843111533116  0.41171618431569501  0.41628199920906989  0.42052129764277207
  0.42462575203922276  0.42872338571605911  0.43282198994249682  0.43702222056148599
  0.44118487278579005  0.44522797216328935  0.44918975218117912  0.45302583143202835
  0.45677763240836655  0.46057205713069577  0.46443102848375334  0.46831579709176258
  0.47207713743066265  0.47572816516737476  0.47939334832281261  0.48315716041877732
  0.48701790297913905  0.49087788968617957  0.49463650931423897  0.49814849019952273
  0.50151481568480805  0.50488480040665540  0.50825456646408129  0.51191416972166892
  0.51568469455034061  0.51957655784041112  0.52357332859883443  0.52752756307437376
  0.53148613851158910  0.53539875814242666  0.53928099000785690  0.54311660878065848
  0.54696347000781786  0.55090562523753861  0.55494566027120606  0.55906710472551424
  0.56327971186385595  0.56754880092254756  0.57183347146560448  0.57615187796535861
  0.58059155840287546  0.58511427882266620  0.58954437133552140  0.59399750057890832
  0.59864905752807951  0.60330416038869672  0.60794654652833302  0.61260937046401009
  0.61724076694052554  0.62199518475675941  0.62700452837386056  0.63249988200858154
  0.63837557974535153  0.64448079442097639  0.65099969989404549  0.65784261162654856
  0.66485234620805644  0.67237495839901051  0.68055214870659453  0.68934468621925948
  0.69888809889535464  0.70928057361790064  0.72160028033289192  0.73676603029734478
  0.75508285510468143  0.77845850402319150  0.82048191095054124  1.00000000000000000
   6.5770389697382010E-011  -1.0000000000000000     
 T T T T T T T T T T T T T T T T T T T T T T T T T T T T T T T T T T T T T T T T T T T T T T T T T T T T T T T T T T T T T T T T F F F F F F F F F F F F F F F F F F F F F F F F F F F F F F F F F F F F F F F F F F F F F F F F F F F F F F F F F F F F F F F F
  <DiscreteSampler_grid>
  grouped_processes
  1 # 1 for a reference and 2 for a running grid.
  10 # Attribute 'min_bin_probing_points' of the grid.
  1 # Attribute 'grid_mode' of the grid. 1=='default',2=='initialization'
  0.0000000000000000 # Attribute 'small_contrib_threshold' of the grid.
  0.5000000000000000 # Attribute 'damping_power' of the grid.
 # binID   n_entries weight   weight_sqr   abs_weight
    10   10   2.536685696441663E+002   3.089093856387093E+005   2.536685696441663E+002
    16   10   2.536685696441664E+002   3.089093856387095E+005   2.536685696441664E+002
    22   10   2.536685696441663E+002   3.089093856387094E+005   2.536685696441663E+002
    28   10   2.536685696441664E+002   3.089093856387095E+005   2.536685696441664E+002
  </DiscreteSampler_grid>
