  0.01440773285515447  0.01493790440754971  0.01536975379349947  0.01577534179375527
  0.01614245659969464  0.01648167569680657  0.01680429701830511  0.01712569602995846
  0.01744868740321659  0.01776030960959770  0.01806175883277268  0.01835124106788597
  0.01863329336806879  0.01891444929371285  0.01919548558269125  0.01948141863446114
  0.01976205512607989  0.02003436318893356  0.02029823536426772  0.02055617023791534
  0.02081909491502489  0.02109500788338760  0.02137989536773271  0.02166852894708077
  0.02195894670858217  0.02224738713302977  0.02253005031911515  0.02282137335963071
  0.02310337164515077  0.02339148056327928  0.02367484787050092  0.02395670069915109
  0.02423878942327356  0.02452246884617335  0.02480717797947542  0.02509007734737154
  0.02537387969833008  0.02566894055299230  0.02598234946306382  0.02631051961517701
  0.02664443280354803  0.02697124885033601  0.02729767190141147  0.02761976800271126
  0.02793186858287662  0.02824756707650596  0.02858612204382909  0.02896206140215473
  0.02937144942083583  0.02979435041089438  0.03020823987051795  0.03061564385313829
  0.03101310434149090  0.03145895958116514  0.03192934230609620  0.03241754211138431
  0.03291984703103724  0.03342758775210442  0.03395254573253088  0.03445150924086896
  0.03496192276748505  0.03548595082239171  0.03603165889292502  0.03662863778954256
  0.03724567236972254  0.03787687862675294  0.03857935098448536  0.03934558334788706
  0.04017898545829673  0.04111922352466299  0.04208829720685539  0.04303031412175110
  0.04400423229810642  0.04499758547379101  0.04603594671033640  0.04717442122195474
  0.04844351458442243  0.04985836021534320  0.05132460546609887  0.05289345913977620
  0.05448155262599685  0.05605700738981712  0.05761905285140483  0.05930572832952323
  0.06123469971159649  0.06345193480711775  0.06607404694173633  0.06922298132685954
  0.07298036081362270  0.07745972714328103  0.08272098527477842  0.08988753811772063
  0.10216977860863365  0.12288129128850236  0.63552730449242600  1.00000000000000000
  0.00026428841404863  0.00034038232246518  0.00040392021707749  0.00045355515321569
  0.00049483581196520  0.00053602032247365  0.00057815618098353  0.00061947446789366
  0.00065664096840673  0.00069111136941394  0.00072545249560895  0.00076258391882999
  0.00080130483203302  0.00084112729975496  0.00088134316177860  0.00092334028843990
  0.00096377067011810  0.00100093444542102  0.00103692861624885  0.00107455604322932
  0.00111553415412490  0.00115946711579867  0.00120501209370297  0.00125137000164599
  0.00129836308072259  0.00134697709139915  0.00139841628423503  0.00145000890048316
  0.00149743785018895  0.00154387948528032  0.00159107179606826  0.00164042177126509
  0.00169178837872188  0.00174259611643425  0.00179365262200572  0.00184702836802925
  0.00190236490103173  0.00195999215172542  0.00202147347823215  0.00208561468132302
  0.00215111170995599  0.00221818297598786  0.00228801092355136  0.00236017804275840
  0.00243477495814860  0.00251198378417419  0.00259039435622500  0.00267179788156758
  0.00276328298211091  0.00285918082474238  0.00295807202011531  0.00305884060268544
  0.00316182173407237  0.00326527677702554  0.00337429730261685  0.00348830817596782
  0.00360508911803086  0.00373122819311960  0.00387345807576291  0.00403027286612936
  0.00419077289737336  0.00435698251196369  0.00453319304439175  0.00471653705950789
  0.00492656403432381  0.00515917123531118  0.00540329396957041  0.00565821031193617
  0.00592396091609796  0.00619989946756080  0.00647857131135817  0.00677301766277779
  0.00710477475597949  0.00749208670262312  0.00793570948620019  0.00840528418957261
  0.00887359411911883  0.00939907895290766  0.00999609651156288  0.01066538722072962
  0.01137351790336355  0.01215724742167916  0.01308622443886474  0.01421506839256418
  0.01561885270464665  0.01754895135453404  0.01982619323048911  0.02265976406519252
  0.02588204770074965  0.02961743346164387  0.03540537055623195  0.04680464304900125
  0.05783929300383041  0.14907731940593760  0.42684796849167855  1.00000000000000000
  0.00449428552970226  0.00603065076867987  0.00688272486018302  0.00751562854089499
  0.00807243709248423  0.00858716963292747  0.00904746683362229  0.00947074969321730
  0.00987712826004945  0.01027417039139772  0.01066156179353443  0.01103355143704767
  0.01138944182775487  0.01173359807865680  0.01210053529833885  0.01246798658776343
  0.01281709565632570  0.01314164954951042  0.01346612628823795  0.01378840458769921
  0.01410800317389069  0.01442529649652988  0.01475757222104702  0.01512034598948203
  0.01548393328813367  0.01584079713709985  0.01619686696397680  0.01655804342927916
  0.01691003022272345  0.01726205131468947  0.01762170496499399  0.01799335563744654
  0.01837663617425066  0.01876254832223544  0.01915113088394448  0.01954500330316579
  0.01993599944594285  0.02033394020821653  0.02073237977532138  0.02113479244713565
  0.02154149412899196  0.02195447680353623  0.02238392438247870  0.02282839042208133
  0.02329302983375122  0.02376296633407084  0.02424254613474494  0.02475889074130330
  0.02528386863194784  0.02581186854656050  0.02633677772627715  0.02685684723543499
  0.02737195909165115  0.02788134823800283  0.02841685701203801  0.02896502562000244
  0.02954128783179510  0.03010377003698813  0.03066972875901977  0.03125302140605811
  0.03188377725901018  0.03256465438321780  0.03327452628580809  0.03402947708380216
  0.03481464720313811  0.03559256928624346  0.03643369683607261  0.03732938314774194
  0.03835420005726827  0.03947446322692211  0.04060152682617910  0.04172649644169796
  0.04283990884858000  0.04397828201219853  0.04520172258250890  0.04650172919561560
  0.04783269887653415  0.04912865655203578  0.05040818621942421  0.05178649186022573
  0.05337000366651565  0.05517960378370117  0.05718652417043531  0.05942895181790335
  0.06185919421267229  0.06453458032316585  0.06769570886315683  0.07083801833064854
  0.07328935823163327  0.07656093834505526  0.08026283214318312  0.08432233259540947
  0.09068686488139983  0.09767585219979248  0.10674514782543514  1.00000000000000000
 -0.01098517119302936  0.05388733921125133  0.09122920267308467  0.12244971926933652
  0.14330088149691078  0.16240165859924932  0.18024739112741275  0.19689087610566569
  0.21276363519289285  0.22805719438598387  0.24207867574812891  0.25438851716189903
  0.26578484844166367  0.27651503303506941  0.28631787003090886  0.29577123092823149
  0.30517646981823576  0.31472349621192186  0.32396859655968357  0.33263191366219819
  0.34103076239443231  0.34920601619198977  0.35696475968107405  0.36435993606937311
  0.37157903206272774  0.37860059208904306  0.38556493961531441  0.39262085934407942
  0.39928136577826950  0.40538903477319604  0.41173149878617971  0.41787418604032545
  0.42381131097528291  0.42968353065428894  0.43531875238349271  0.44062579919037176
  0.44557635029084031  0.45045249174609053  0.45528129302883907  0.46005040357749516
  0.46493839325429531  0.46989541024652187  0.47483372867259377  0.47972987319629912
  0.48464178801752583  0.48957934345959669  0.49476143955566770  0.50000621923372446
  0.50520253187585062  0.51031152613648323  0.51546497893163723  0.52041674135583338
  0.52508844998286042  0.52965609047050588  0.53424264941937905  0.53886990641054755
  0.54345336704029079  0.54794247221083514  0.55233810418230078  0.55667280369699779
  0.56112135224692850  0.56583478324426817  0.57078207884339982  0.57561172958440820
  0.58038962294763519  0.58531317689332474  0.59059867215256467  0.59617814920494949
  0.60179255229827733  0.60741472738072455  0.61298538143746728  0.61875101828453671
  0.62463925513262109  0.63059527156591788  0.63661934824732413  0.64292646629131289
  0.64965319023103563  0.65680636550952165  0.66393250869185272  0.67128733335322643
  0.67879058161873829  0.68641005142626443  0.69425403330115232  0.70257386018206081
  0.71179934706971937  0.72205476461703999  0.73338010023121880  0.74605038213055841
  0.76019417855030824  0.77509744216513055  0.79014453712920718  0.80777634101780871
  0.83051003971687554  0.86064373005967487  0.90792021174985893  1.00000000000000000
 -0.00185173342368156  0.00759119537048991  0.01582554763934264  0.02495455145568327
  0.03447498439036831  0.04427468708181253  0.05609838485214673  0.06823990036446305
  0.08181654046077322  0.09341966154462428  0.10442268858503585  0.11470259294818147
  0.12494520292370670  0.13512755018072531  0.14567005866627666  0.15694112281711328
  0.16766288072460131  0.17846550277383369  0.18935579379088407  0.19965465881727279
  0.21048155252781062  0.22103322635267553  0.23223427560706672  0.24368581858391489
  0.25547970249376306  0.26753762990459462  0.27856383387786432  0.28902720889844913
  0.29871136111178709  0.30924821476833858  0.31973917218677250  0.33089384837860381
  0.34136878231644985  0.35228256692650595  0.36279607109177353  0.37379499536862920
  0.38465166292803854  0.39550882300394441  0.40626426521877002  0.41685856698295293
  0.42809170461497459  0.43979896201437368  0.45124669255082739  0.46286643646729630
  0.47438049820461231  0.48587611159415367  0.49709150818405379  0.50758837832833481
  0.51747983406509257  0.52711604791382005  0.53701475770907148  0.54764232734971685
  0.55822616497534827  0.56820918599858916  0.57773921251871585  0.58750041193694535
  0.59779298265479297  0.60789680587138217  0.61783677564316830  0.62751823147369024
  0.63721071741669433  0.64716033364380632  0.65726056106291664  0.66741833738586220
  0.67784385918832624  0.68831675861122599  0.69900505294849402  0.70884245514748179
  0.71900425713135641  0.72912557092104002  0.73948183108162435  0.75062261451380718
  0.76217720566564784  0.77254919221921792  0.78185806005836056  0.79149075802797320
  0.80161018093317726  0.81189421380541205  0.82165070271761809  0.83097406826133302
  0.84068721732146245  0.85082089274795147  0.86095028010547259  0.87127058564042648
  0.88208468957791430  0.89324923693137104  0.90457148831946266  0.91553647122728954
  0.92668144147192988  0.93748216327791445  0.94804034675822024  0.95847809918431115
  0.96866872311966479  0.97928283686949824  0.98991196234073886  1.00000000000000000
 -0.00272475325478235  0.01081459622814022  0.02260993945042380  0.03379628641983906
  0.04410673837225670  0.05408402288997000  0.06435015400714804  0.07482000436359934
  0.08511868434119085  0.09525156529807220  0.10564770951809609  0.11645893912993019
  0.12764563933305423  0.13887792499789725  0.15012650092845747  0.16134444869245379
  0.17199832893636324  0.18217096260813756  0.19226789024692081  0.20233249610556181
  0.21231809988219999  0.22236556830425466  0.23317123037227139  0.24437946132519733
  0.25552958606324272  0.26646216534932482  0.27725371846463381  0.28793519077726948
  0.29798142332921623  0.30733021730878146  0.31660898627785222  0.32570535099057113
  0.33490876517093610  0.34378814043108863  0.35309808975795870  0.36349245992162826
  0.37402946738002213  0.38414686408984927  0.39442788821883484  0.40480580347745859
  0.41566704850403802  0.42674249514157248  0.43748583744447361  0.44823329678096813
  0.45952479873806418  0.47149518866167150  0.48257087899364648  0.49317110127552344
  0.50332871495751452  0.51394213417131229  0.52501768807653737  0.53589530118880280
  0.54648813270666274  0.55658848266878946  0.56659141947253144  0.57737164793703588
  0.58763312512316990  0.59800732202604567  0.60858740033004144  0.61934977901407007
  0.63054758969126046  0.64204120588024316  0.65347601134623901  0.66451017128680112
  0.67491902984844376  0.68518451286585369  0.69537110189883533  0.70621173820169625
  0.71732871074093274  0.72879439053268780  0.73963552354249484  0.75025512643449543
  0.76060630573563670  0.77082802952151719  0.78102579328819788  0.79121031935415409
  0.80181560613455150  0.81230046500167430  0.82323107275823004  0.83376011832314145
  0.84425001023569390  0.85380369086311536  0.86373740103086472  0.87423525731411711
  0.88566562644867586  0.89696909194269447  0.90802296201899546  0.91899281438100289
  0.92943792875383280  0.93945422298775261  0.94919085990673258  0.95872939485885555
  0.96761665945186592  0.97718322435228600  0.98808706332523577  1.00000000000000000
  0.05864650945387780  0.06211998271370598  0.06569517073309472  0.06913206426332032
  0.07194274569336356  0.07441067338981758  0.07675265834769546  0.07894781060785473
  0.08103310013639428  0.08296205996466335  0.08479403667978429  0.08659168601080894
  0.08836304050042816  0.09003305118499308  0.09169539794118388  0.09331377228400495
  0.09494709832757414  0.09655852423395045  0.09812518994868166  0.09967971208978005
  0.10122013308537264  0.10272639119988661  0.10416755332935131  0.10560362840727862
  0.10702792159584706  0.10842166043975639  0.10980087486014888  0.11118742738066949
  0.11258128670732080  0.11398424947653933  0.11542019856906827  0.11688021204773319
  0.11833073005356859  0.11974881664494030  0.12117961604476740  0.12262244879104069
  0.12407156658762002  0.12552810818329055  0.12699615853710397  0.12847538673906483
  0.12995066608773495  0.13144239049692277  0.13295520547308892  0.13448929690103009
  0.13604258549272175  0.13763168791167801  0.13923225734947750  0.14074287204964231
  0.14222556788482632  0.14359882071408001  0.14490548802045303  0.14642009841851664
  0.14809065662340157  0.14974935086394875  0.15154689285093978  0.15332849594838882
  0.15517315455499214  0.15704899650935220  0.15902536084872659  0.16100333087667065
  0.16289020454471925  0.16472684536959578  0.16651211550535774  0.16826126620136261
  0.17005618949506737  0.17207623681726511  0.17411998290513431  0.17622225315402840
  0.17846165436316036  0.18079144291609647  0.18335497307464307  0.18593026536745910
  0.18862407254546751  0.19127002756232969  0.19396874651020132  0.19694392515410258
  0.19960252301263642  0.20250256177495143  0.20518389460514355  0.20789790712814427
  0.21102373185394280  0.21430647365011257  0.21824192348710342  0.22224563569117203
  0.22616889070868298  0.23129417342506844  0.23696079664877709  0.24284605429229036
  0.25013898836900345  0.26039119887855994  0.27367337045837919  0.28413618950181402
  0.29769695393268220  0.31961967180016332  0.92512282592253636  1.00000000000000000
 -0.00202386005256862  0.00897446907696938  0.01912726192495671  0.03000054083856461
  0.04123754242626577  0.05241815107271870  0.06394199186474114  0.07638291721081757
  0.08878634146451392  0.10088186114000744  0.11259469398503660  0.12377729620873527
  0.13453251450137740  0.14566703297789876  0.15696089275889563  0.16807863881850307
  0.17907516363905662  0.19023941546475578  0.20125633881166349  0.21205453982395406
  0.22284651122798660  0.23362606997135124  0.24431522929816660  0.25499562066850429
  0.26591690403795493  0.27703444240019259  0.28780896403024886  0.29832090199403571
  0.30897601508966860  0.31969428880927531  0.33026370770824348  0.34001880671848878
  0.34895666213695237  0.35730829060096370  0.36560037689430941  0.37456024922270126
  0.38360263218097634  0.39242028306039622  0.40118079342751972  0.41031558295320542
  0.41925140406619144  0.42798113242383906  0.43682081208454049  0.44553433104998558
  0.45459626390345331  0.46382590827510056  0.47262681135333517  0.48156781310540164
  0.49068873260834311  0.50054384069929503  0.51069644316451790  0.52079161423779874
  0.53066129751512325  0.54025582181964793  0.54970706798683844  0.55925895598605213
  0.56917762110924652  0.57927932794820425  0.58905127178536432  0.59826486427031300
  0.60794965593535144  0.61823877710784336  0.62865826599942576  0.63847543691217501
  0.64823492669094540  0.65812593849563938  0.66823413633625017  0.67819223247413563
  0.68735824277560209  0.69645418537546333  0.70531082010944590  0.71461143728534149
  0.72442835400473193  0.73531472558680977  0.74635870976136465  0.75848791271015548
  0.77095816802558403  0.78256148397079950  0.79356856741998849  0.80446142789203123
  0.81600478648784669  0.82797069318815431  0.84026608072302156  0.85268852423562569
  0.86484618888301668  0.87673825419505358  0.88829459502642605  0.89943887158941449
  0.91048959798864337  0.92188045554725517  0.93375500755243790  0.94608477113579492
  0.95830857526283686  0.97095566289371593  0.98424550787718112  1.00000000000000000
  0.10481474114978093  0.20143794353722053  0.23151296440826830  0.25369666494191112
  0.27257234612516928  0.29065186765011769  0.30615255993980822  0.31943465997855369
  0.33162031800190850  0.34264472773582311  0.35304685859438889  0.36307074108456916
  0.37182292102051073  0.38011967269273611  0.38838857189886433  0.39682798730164276
  0.40510933521740145  0.41323977032668296  0.42086783665190158  0.42802205864740162
  0.43525404263243289  0.44222067974928847  0.44880371724001494  0.45503466194646663
  0.46141015274386110  0.46710016027759427  0.47265043616977553  0.47771628359967111
  0.48261501027575038  0.48744941044935236  0.49220015697701885  0.49696930688081370
  0.50182165925791855  0.50664634389168950  0.51121669852378404  0.51568383265060991
  0.52000264109947947  0.52422193132871286  0.52833032012108394  0.53247482020498427
  0.53672139369425065  0.54094695342417631  0.54514833524242989  0.54922899094112743
  0.55322658881350251  0.55717450603775043  0.56114829220524143  0.56532157061824229
  0.56969527649857188  0.57400353794745773  0.57824449697961955  0.58252262643282460
  0.58690994623023718  0.59138929150498520  0.59595872036456765  0.60057783945494980
  0.60497395551316313  0.60903265231779857  0.61310895696924017  0.61714177666263925
  0.62111197699873666  0.62508447665577171  0.62913374747948769  0.63322953321492026
  0.63734112585110814  0.64152356818128475  0.64593658349640382  0.65038274788976591
  0.65477340686638519  0.65916570548098297  0.66346952517248226  0.66778880719090405
  0.67224615000027643  0.67685344242347356  0.68165720976274580  0.68664987473089623
  0.69191371324303874  0.69717381657741628  0.70238442954311409  0.70770919396194309
  0.71311646480182023  0.71879978257905441  0.72478697383103552  0.73082166879449528
  0.73720611717034390  0.74405559848687086  0.75169276364628346  0.75918494165745321
  0.76720145926468797  0.77592837154943295  0.78620864523058387  0.79771841887113204
  0.81150256149230193  0.83013679667756213  0.86331205445081716  1.00000000000000000
 -0.03136883459902701  0.15428665878903750  0.19883695962327208  0.22565694414289478
  0.24488356294024285  0.26068292399287518  0.27425445058928666  0.28591755846889150
  0.29611120139147801  0.30553083115433693  0.31442649842608406  0.32281478063296243
  0.33073543255768256  0.33810300076169930  0.34504651731902558  0.35166705686404709
  0.35770925380814017  0.36337043829347909  0.36912220332422202  0.37476579108027991
  0.38006527000169205  0.38517352348430428  0.39002866063084468  0.39478728827515064
  0.39956792685244291  0.40432542725305554  0.40884650497530078  0.41318870238114241
  0.41754392855202077  0.42198476099273019  0.42634032464214272  0.43050121078265974
  0.43456064857754551  0.43859422327643255  0.44253218412715156  0.44645965356355355
  0.45042894064310568  0.45453987492218872  0.45889632765680932  0.46330816465142732
  0.46748452888168945  0.47147175264723834  0.47536039133846769  0.47919595747802607
  0.48308679916949637  0.48684269043764339  0.49042804586169453  0.49380866535614459
  0.49715857230594518  0.50067141512263880  0.50458700524079736  0.50862355134329063
  0.51271088639386331  0.51690962874283919  0.52120872564842169  0.52551613268845554
  0.52971953888040846  0.53388447889818447  0.53821487803112666  0.54241815942576854
  0.54645102577364812  0.55055740124321206  0.55475594245172211  0.55908069105803671
  0.56381545147878243  0.56862330671871808  0.57329829126724619  0.57786603849161378
  0.58235117060676755  0.58681540114476294  0.59155254630382126  0.59630380286706042
  0.60116838869649514  0.60597758861667339  0.61117049195526951  0.61620196531545401
  0.62139936622040748  0.62693522861187512  0.63278915526551816  0.63907823321862944
  0.64544455748111407  0.65213568728000182  0.65897265049831999  0.66640534275344609
  0.67456232273588190  0.68309676221643034  0.69198168388745618  0.70143484742330542
  0.71194922711160946  0.72360648183199416  0.73650759053017389  0.75146792262595030
  0.77067785844107040  0.79778138578299451  0.84166984986637938  1.00000000000000000
   4.0419819280770484E-011  -1.0000000000000000     
 F F F F F F F F F F F F F F F F F F F F F F F F F F F F F F F F F F F F F F F F F F F F F F F F F F F F F F F F F F F F F F F F F F F F F F F F F F F F F F F F F F F F F F F F F F F F F F F F F F F F F F F F F F F F F F F F F F F F F F F F F F F F F F F F
  <DiscreteSampler_grid>
  grouped_processes
  1 # 1 for a reference and 2 for a running grid.
  10 # Attribute 'min_bin_probing_points' of the grid.
  1 # Attribute 'grid_mode' of the grid. 1=='default',2=='initialization'
  0.0000000000000000 # Attribute 'small_contrib_threshold' of the grid.
  0.5000000000000000 # Attribute 'damping_power' of the grid.
 # binID   n_entries weight   weight_sqr   abs_weight
    10   10   1.978321355108921E+001   1.096154038692137E+003   1.978321355108921E+001
    16   10   1.978321355108921E+001   1.096154038692136E+003   1.978321355108921E+001
    22   10   1.978321355108921E+001   1.096154038692137E+003   1.978321355108921E+001
    28   10   1.978321355108921E+001   1.096154038692136E+003   1.978321355108921E+001
  </DiscreteSampler_grid>
