  0.01404400891609878  0.01481639271250456  0.01505849829935914  0.01519143440114647
  0.01530106874244805  0.01539504666833819  0.01548338085883989  0.01557000067563876
  0.01565688477014730  0.01574791398271761  0.01583640604102281  0.01592232368117978
  0.01600654538810458  0.01608918218851720  0.01617467933282122  0.01625689262617051
  0.01633986849412033  0.01642347199727846  0.01650845659802595  0.01659498722199403
  0.01668239757379504  0.01676938518587716  0.01685589135594346  0.01694416399803027
  0.01703365804711338  0.01712952655255684  0.01722669675618487  0.01732739701446468
  0.01743093313884458  0.01753338800165152  0.01763229114173363  0.01773292969712151
  0.01783737033277607  0.01794475131181126  0.01805563954941554  0.01817130419645685
  0.01829234245658252  0.01842044447024421  0.01854716016979956  0.01867589431685222
  0.01880625402683208  0.01893986430859634  0.01907478209018882  0.01921001708855403
  0.01934761929069597  0.01948979607373816  0.01963924433533696  0.01979574961841978
  0.01996699468068282  0.02014543919898057  0.02032051073358792  0.02049564770286333
  0.02067411569547802  0.02085798047814567  0.02105072977194824  0.02125478543622370
  0.02146406932343778  0.02167757933090707  0.02190111995359986  0.02214202040691269
  0.02239402604674319  0.02265148943472649  0.02290801308632120  0.02317055943228965
  0.02345495203363456  0.02376035456864045  0.02408259508538281  0.02442718689977952
  0.02479067031708054  0.02516448323649797  0.02555957928300934  0.02598325055089158
  0.02643236505644322  0.02690053784874241  0.02739414949980268  0.02791955129459679
  0.02850635172337826  0.02913974007596791  0.02985157427565007  0.03065613118411649
  0.03150084780400282  0.03243588077985922  0.03349490444509480  0.03465011928744904
  0.03593052002863727  0.03744064157835966  0.03916109776589081  0.04115987560793460
  0.04369408564178413  0.04693436598749285  0.05115235260720933  0.05675419557910850
  0.06540800233878213  0.08475304814666504  0.67319847841899749  1.00000000000000000
  0.05909377816579223  0.05931856338183527  0.05990863279175988  0.06029037080751451
  0.06070396114464351  0.06129184961679975  0.06193450620306834  0.06257107024982954
  0.06316361906934244  0.06371601090702500  0.06422756180593472  0.06471591933207695
  0.06519372144985998  0.06568353396344030  0.06619156480986006  0.06671617089290115
  0.06724568097616723  0.06776824097581219  0.06828202429998126  0.06876376802385388
  0.06924205740307654  0.06968919621028415  0.07015206433632051  0.07061322775477098
  0.07109138158020557  0.07157982320217195  0.07207049484466305  0.07256275820797163
  0.07305299648072824  0.07353987291209228  0.07403984154949612  0.07454926824864277
  0.07506001743754404  0.07556908557635113  0.07609976496424051  0.07661866444186204
  0.07713042938986824  0.07763572519844697  0.07814102503956713  0.07865377521969349
  0.07917203668838431  0.07968926678814806  0.08020728927170161  0.08073093982200438
  0.08126858660020911  0.08181637679291111  0.08238385454667499  0.08296795856889122
  0.08357349749489112  0.08418300995578941  0.08479461946405148  0.08540550349257278
  0.08603862711709391  0.08666980322417286  0.08732264116553860  0.08798517149657165
  0.08868134621320410  0.08941558150314517  0.09016274671228379  0.09091541143125403
  0.09170800413423433  0.09256538428730275  0.09346904875101184  0.09441396042140067
  0.09541384961468878  0.09646017862320029  0.09751769050542536  0.09860620068742708
  0.09975684534249063  0.10092533539737811  0.10212468798008734  0.10337126110765867
  0.10467261706575179  0.10605907477972243  0.10754169707201229  0.10909478137780802
  0.11075147998526029  0.11250296886754914  0.11437444328805625  0.11639920010506678
  0.11853237842465687  0.12073593259137241  0.12306312686428003  0.12557664007175270
  0.12844884157218120  0.13175297663406307  0.13561032040292204  0.13993234510409644
  0.14502082305364794  0.15162765384864016  0.16024525650485547  0.17079938556339161
  0.18361203416075636  0.20557948554320526  0.25031801510018736  1.00000000000000000
 -0.00556623543005792  0.02097208229691664  0.03504439467978574  0.04290009161830162
  0.05211746811917477  0.06067085021474920  0.06945949470418762  0.07856128199907673
  0.08741618819377291  0.09627869649258719  0.10562664621949214  0.11435232523003205
  0.12250412308611175  0.13169848821250202  0.14082119820909120  0.14949564858494613
  0.15836884528532619  0.16747130080549352  0.17700518837082835  0.18718334784508156
  0.19716320002699278  0.20697970112590114  0.21532519576806305  0.22342310665608994
  0.23182804928863721  0.24104368403242885  0.25005646996468200  0.25888835031933882
  0.26770513492404796  0.27670657284801115  0.28607102128619361  0.29540148090340562
  0.30444626537190228  0.31327987493093606  0.32182373034288081  0.33049770642813353
  0.33933311135623423  0.34837204541350797  0.35784909238383272  0.36755193928951285
  0.37724899310975402  0.38726848361275673  0.39712428119152615  0.40643423968155734
  0.41522684519986586  0.42408458404072941  0.43305957351749097  0.44226533523695494
  0.45163786340658096  0.46056971938274982  0.46976768802491692  0.47886542190755932
  0.48849495657208997  0.49840171141907297  0.50774123344833033  0.51629245485779052
  0.52472085432355886  0.53336184099554806  0.54232148608097497  0.55096044337969052
  0.56003237207443868  0.56998099304833860  0.58016173747330224  0.59001472758883278
  0.59976872426652494  0.60984487489079331  0.61982206720262101  0.62936040142895300
  0.63896504219155248  0.64862219489794193  0.65837487780355364  0.66840619698763182
  0.67852790727313694  0.68879369715595629  0.69909427300455185  0.70935217260589745
  0.71972765267326244  0.73051507130687021  0.74186979969458156  0.75398140327290664
  0.76668558854169366  0.77960980214834363  0.79302798226998772  0.80674560376772264
  0.82115047889158954  0.83585927351986278  0.85011002613702613  0.86504371621923148
  0.88035684586157870  0.89612630138276594  0.91257712224998233  0.92971826477298281
  0.94727457364219636  0.96489458795449845  0.98289873210456369  1.00000000000000000
 -0.00258296836718151  0.00966598740071994  0.02071690635405073  0.03213821714068209
  0.04293113045336057  0.05334074956273485  0.06377650504890899  0.07411665808767512
  0.08460943438877037  0.09506948224321476  0.10585424510823968  0.11682798498037845
  0.12757675024023576  0.13853336981040495  0.14989838665076863  0.16137353630551812
  0.17212120400422928  0.18224548495301046  0.19294733174250611  0.20385302539573602
  0.21458347244586112  0.22524998089511528  0.23578262923721091  0.24613891798180357
  0.25580705242812812  0.26508361425355459  0.27452769400182114  0.28395807065352829
  0.29373910691980759  0.30365016512364573  0.31378663738313078  0.32373714809562848
  0.33394322625472145  0.34405177581635671  0.35426543672267857  0.36449511372528764
  0.37364307444545974  0.38329594342389345  0.39275910086793442  0.40330960941447536
  0.41418689472191006  0.42477717232623424  0.43536557553460581  0.44608506505260059
  0.45688533607218740  0.46849990852355966  0.48003789386553142  0.49121181375724154
  0.50207697147053942  0.51346041731144276  0.52470615470388826  0.53568724859748584
  0.54750804387394070  0.55941005495686968  0.57137211916460184  0.58280859315174727
  0.59301744530851586  0.60322657393312284  0.61349861161880681  0.62388445922358104
  0.63417364215044747  0.64433460423399180  0.65493607091673589  0.66541519330616083
  0.67577250954655732  0.68593395355937137  0.69577813836912683  0.70527959244596505
  0.71518335006430456  0.72527994598321577  0.73568307725289128  0.74571329999141933
  0.75597541395133838  0.76637491006178660  0.77622580793317464  0.78609245129435379
  0.79587796360463936  0.80675541778495030  0.81772428132360686  0.82897178348292100
  0.83973517266366393  0.85032490148901596  0.86010615458835038  0.86953706517137430
  0.87928137868293044  0.88921363645827323  0.89928198737545884  0.90940092921292970
  0.91930294098926424  0.92973336945182172  0.94069128911919442  0.95178295252993894
  0.96331322499159855  0.97534253573788210  0.98744987713273291  1.00000000000000000
 -0.00217825020716611  0.00868803312168755  0.01848816212831739  0.02815842567238726
  0.03736531616065893  0.04661919039389754  0.05603880181145821  0.06563627780580455
  0.07543500172468699  0.08562658127580598  0.09681373113255656  0.10817670407491671
  0.11904779248025789  0.12960985062903144  0.13986283204370123  0.15020964457693428
  0.16038828881818931  0.17002958416189576  0.17940650461360247  0.18890326881508693
  0.19865133973969290  0.20853615156113367  0.21904088296770891  0.23010079955911439
  0.24098534243067224  0.25183546266735113  0.26282283571551962  0.27390152441010196
  0.28484433246975233  0.29538008422692741  0.30554996335097900  0.31561154756741133
  0.32548976526002099  0.33530858849009076  0.34500783093532617  0.35533081396321786
  0.36619977456523195  0.37750236818147265  0.38871386301123384  0.39937003307144153
  0.40978774469722173  0.42048844714998007  0.43163640083031501  0.44251342046376924
  0.45322739611349677  0.46422600935740144  0.47559894272716619  0.48666263570298646
  0.49742793954485298  0.50833187347894260  0.51923989016524652  0.52978724243960107
  0.53991238462258229  0.55029256200457588  0.56091474510067485  0.57089001636171188
  0.58039199147318310  0.59014096014296136  0.60005168965240041  0.61013044227065105
  0.62058591566150956  0.63167555769220940  0.64338822451138722  0.65514549936197397
  0.66695081699235648  0.67915564295291375  0.69152746419232436  0.70363243278230125
  0.71527332170158364  0.72647297567663482  0.73673172601089032  0.74673465620526847
  0.75668153052202114  0.76606698809402984  0.77502175696287023  0.78406889931250512
  0.79372307991726021  0.80393301163851172  0.81439932563708473  0.82491157235289858
  0.83539851780416208  0.84576262797505763  0.85606919847605811  0.86664390777646272
  0.87747792760469323  0.88819365949890972  0.89887024392717940  0.90968299166362854
  0.92086127254154404  0.93238857106428397  0.94391205856722971  0.95519488874752612
  0.96587915590787443  0.97691317869143990  0.98791801456285544  1.00000000000000000
 -0.00292420272473765  0.01066196508681831  0.02174321534249957  0.03309859554137305
  0.04461497007719441  0.05649756276227066  0.06790835053222315  0.07943245497184094
  0.09087670400598825  0.10186215090679347  0.11169003872783012  0.12150830647843615
  0.13161387873681391  0.14173610329151434  0.15196980913987504  0.16242853511962432
  0.17331170180600722  0.18428433876845998  0.19526860626438408  0.20602859664697248
  0.21612026972013998  0.22598921822958437  0.23586417200021245  0.24599629375425103
  0.25547537337035142  0.26480340171185035  0.27453617486896476  0.28478671520113980
  0.29524988200058883  0.30523288823170924  0.31549419248808763  0.32701677189938494
  0.33830677627775940  0.34934636280329934  0.35951167361856479  0.36979384339798671
  0.38021032213254180  0.39117397434105583  0.40225956063859614  0.41342932113614228
  0.42444919007561532  0.43547035211254409  0.44640719232691700  0.45729149782522033
  0.46779000615001692  0.47840455651964320  0.48895495810584055  0.49945129107327113
  0.50963799859320646  0.51985613454752089  0.53007750070549020  0.54020961349844909
  0.55030601617192287  0.56066807519348894  0.57115441230275088  0.58171124716496558
  0.59216639422914297  0.60242597914806406  0.61264530433654651  0.62263306009831743
  0.63294054567741620  0.64331840393330719  0.65361399329980874  0.66381323979448303
  0.67408088846992809  0.68419849647512410  0.69416793339231286  0.70424100103536125
  0.71453792833031760  0.72575075539236766  0.73613820836311283  0.74696612306610721
  0.75717861572817236  0.76768590013313542  0.77840047007970470  0.78866271243267982
  0.79890961239688030  0.80939494206373264  0.82101756952692029  0.83270989474468327
  0.84426280660904551  0.85566916506374102  0.86728149243827590  0.87827748848740950
  0.88835967166995145  0.89823868670842122  0.90810817314927417  0.91819100352895611
  0.92830666301571196  0.93830633467011870  0.94855188600580076  0.95940055152840276
  0.97101001316811375  0.98144139140556008  0.99110598833912256  1.00000000000000000
 -0.00575157104029423  0.03641764699995217  0.06370068522604370  0.08553701726023923
  0.10311969932549786  0.11811974912220552  0.13161271436748137  0.14478748981491929
  0.15760776158717854  0.16970992383237499  0.18110188344833059  0.19248808963453842
  0.20365785087299895  0.21446470533812423  0.22503150941471345  0.23553152102764038
  0.24584368351561636  0.25557608884985805  0.26480718518439644  0.27378633875289915
  0.28284592490740162  0.29207056534417380  0.30130334824793886  0.31061243944538269
  0.31965505013700302  0.32817148710518418  0.33635656795220942  0.34454391629195624
  0.35258602676204626  0.36010380890397520  0.36718955492796890  0.37442087513200623
  0.38214283054214870  0.39020272204203477  0.39815595573663187  0.40585252193541987
  0.41345227655727523  0.42083272566486346  0.42814699071725487  0.43549974130760555
  0.44284643953653091  0.45011970846115495  0.45732779206989921  0.46445421867645831
  0.47161274938486714  0.47874139613632588  0.48629896703026770  0.49371793803551095
  0.50093782107297202  0.50817351980349323  0.51513524207799721  0.52197015671663716
  0.52852188485613250  0.53498689238503727  0.54197057987857333  0.54891332551679040
  0.55588157916986181  0.56290243773599602  0.56986826370387911  0.57672677207379741
  0.58367529066182799  0.59121309686227386  0.59901182537980413  0.60701416309546929
  0.61495931207563614  0.62291911993164872  0.63126222105685714  0.63980122173996512
  0.64825940202365762  0.65655548460714741  0.66480963943699567  0.67318945491445836
  0.68165748054045239  0.69015707699175088  0.69850644965770969  0.70675958588133458
  0.71532073059574952  0.72430784412681426  0.73334569480047374  0.74219713022204781
  0.75108208047125624  0.76058713730240324  0.77089463828033500  0.78180951688840306
  0.79295926589864552  0.80449632344757860  0.81689191103309389  0.83030498900896743
  0.84472854782297402  0.86022424339574466  0.87670097708368599  0.89410864884114061
  0.91337373232847108  0.93582412063177534  0.96385608859642702  1.00000000000000000
 -0.00242890974686638  0.01043439474815715  0.02062587133706403  0.03033151840937810
  0.03996162447451689  0.04973232912295560  0.05953812297304385  0.06888014163748869
  0.07821486213233771  0.08798062510601062  0.09816889535804743  0.10827001300123427
  0.11819232519222671  0.12801214475606496  0.13776786698709761  0.14746037762683972
  0.15724934414889044  0.16753010050215875  0.17843654876628434  0.18953947811475624
  0.20032893474048913  0.21117326384846119  0.22206947849493860  0.23263906959660266
  0.24318373271381361  0.25389962241519715  0.26485026410487561  0.27595314841476365
  0.28709004513289565  0.29826284301418426  0.30953515276404453  0.32123544360423661
  0.33331430781249982  0.34463878976724688  0.35619194977164736  0.36802223236901838
  0.37865722921025929  0.38890690605346817  0.39925433838801883  0.40971826813895668
  0.42009707088317999  0.43029740767112074  0.44099217270357216  0.45140309990646643
  0.46180530861728919  0.47226369042726751  0.48294407736863276  0.49384144977179439
  0.50457612236055538  0.51522713008876053  0.52627503789335861  0.53747555180374873
  0.54815234180174788  0.55893805477533931  0.56961114246583067  0.58119413602471581
  0.59191308911076623  0.60287135193024977  0.61324330510280867  0.62297012226841142
  0.63248211661376541  0.64209646300431411  0.65211211389750190  0.66253811149615160
  0.67314371781023097  0.68409571303139227  0.69507349899667903  0.70599306933979966
  0.71730025042289869  0.72889195693373532  0.74019819181448998  0.75067349641356973
  0.76061073267433010  0.77027979342013686  0.77983865976716704  0.78989369039730684
  0.80060887686255633  0.81175127971023864  0.82315693840784998  0.83493313216783926
  0.84700878353305709  0.85883895511452346  0.86985450067917647  0.87992774914846583
  0.88947910862624247  0.89900615472972001  0.90856251549064515  0.91864130665328547
  0.92894850399979478  0.93930185846351799  0.94994820117893308  0.96033971898419734
  0.97027139670996998  0.98054962708511995  0.99039662477402002  1.00000000000000000
  0.08785175021866626  0.16504141952549942  0.18976448104814073  0.21259650837355271
  0.23286982950353943  0.25104484324545517  0.26637198352790992  0.28065605147288825
  0.29414763919499781  0.30675178314764739  0.31904290783548855  0.33126695120399857
  0.34268433883836413  0.35348335706497580  0.36360306173508666  0.37349099185642731
  0.38307555101197066  0.39213416460076406  0.40087893291775611  0.40928285854402940
  0.41706138809343601  0.42419673099243749  0.43128056548156851  0.43886621128516567
  0.44627787014583820  0.45322876481572399  0.45986785666505747  0.46664757280877361
  0.47326017662628950  0.47978568526920357  0.48588971843922824  0.49187007526163518
  0.49772219778580024  0.50334740547007695  0.50906748200851626  0.51475388487006235
  0.52035598621269696  0.52606573535535250  0.53178556669730648  0.53755813677986608
  0.54318164632779031  0.54870173463270955  0.55408053052844530  0.55928909693262618
  0.56428283011030644  0.56902296645795369  0.57367553550670414  0.57839800416325859
  0.58323850644068431  0.58811290919206205  0.59296332584623923  0.59790856871598064
  0.60286976440316753  0.60781729274771190  0.61270136492896454  0.61738225179750406
  0.62178153960728577  0.62627342395123642  0.63101163404380167  0.63581637235193267
  0.64067787945667953  0.64552109258532109  0.65030456963686389  0.65499600852434803
  0.65972363782013299  0.66452359044915588  0.66912115591147070  0.67366158734350368
  0.67823325065332252  0.68274285007972957  0.68713089082932521  0.69143221252627396
  0.69573610411861653  0.70015108885671828  0.70467531045313947  0.70934688768213627
  0.71424684005586725  0.71900398198064075  0.72357106353783973  0.72810771398553342
  0.73297838532155535  0.73852238657690328  0.74427017780688398  0.75017509954863582
  0.75667746212479048  0.76325745758699715  0.76998538102749758  0.77707853750598543
  0.78484013284904175  0.79354086563611415  0.80360236737325008  0.81504741942882297
  0.82853754135601276  0.84641238734948931  0.87782003575674428  1.00000000000000000
 -0.03250678599682097  0.15900639849579029  0.20371601777965231  0.23047246852450826
  0.24960553249056866  0.26461671283636962  0.27834063908101525  0.29059095063920620
  0.30162781863362026  0.31183492217436076  0.32125048646205079  0.32986868807830139
  0.33735897837781498  0.34418111684349090  0.35103505160426224  0.35742285121742579
  0.36336703178192836  0.36910423665089276  0.37464149815469039  0.37969404190927170
  0.38467870495258660  0.38965948832682601  0.39473108841487153  0.39970865120599625
  0.40449534465969900  0.40909795092719226  0.41354113460863479  0.41787689557882340
  0.42204015038320775  0.42622336489507640  0.43045903091606191  0.43458414813486845
  0.43866066945832999  0.44248864187891773  0.44637903242807603  0.45038101785559459
  0.45440707609226400  0.45835669799352757  0.46213478682105991  0.46583508001398471
  0.46961079108328663  0.47339018397160415  0.47709996481708739  0.48078682741840628
  0.48439543183874850  0.48798103216540334  0.49156511077501469  0.49516612483534078
  0.49901403112957754  0.50309945841980652  0.50724686365440175  0.51125629180738374
  0.51516883779319644  0.51903757589773292  0.52308305697172630  0.52724673257893928
  0.53152730408948079  0.53578552893766140  0.54010439475630467  0.54451826774646106
  0.54899529606790998  0.55355481977563936  0.55809978499490476  0.56268681484940697
  0.56731767916660591  0.57232309023777594  0.57692870693437825  0.58154437776640344
  0.58612734221191709  0.59060198497140681  0.59522517073201942  0.60014937890116304
  0.60526552075470996  0.61050832269287236  0.61589345940125173  0.62149813057994097
  0.62738302555858516  0.63352143192165644  0.63994909040409298  0.64661531593557819
  0.65320353044610624  0.65974195361941734  0.66628586005713819  0.67291552776452168
  0.67993811779989222  0.68761518392573895  0.69585843467615682  0.70476763980025192
  0.71486040670476581  0.72653451076610220  0.73957101510856116  0.75458126270285941
  0.77311162855877691  0.79867524613776586  0.83953406260986807  1.00000000000000000
   1.4792926592489055E-013  -1.0000000000000000     
 T T T T T T T T T T T T T T T T T T T T T T T T T T T T T T T T T T T T T T T T T T T T T T T T T T T T T T T T T T T T T T T T F F F F F F F F F F F F F F F F F F F F F F F F F F F F F F F F F F F F F F F F F F F F F F F F F F F F F F F F F F F F F F F F
  <DiscreteSampler_grid>
  grouped_processes
  1 # 1 for a reference and 2 for a running grid.
  10 # Attribute 'min_bin_probing_points' of the grid.
  1 # Attribute 'grid_mode' of the grid. 1=='default',2=='initialization'
  0.0000000000000000 # Attribute 'small_contrib_threshold' of the grid.
  0.5000000000000000 # Attribute 'damping_power' of the grid.
 # binID   n_entries weight   weight_sqr   abs_weight
    10   10   4.467993716642948E-002   1.578560048294046E-002   4.467993716642948E-002
    16   10   4.467993716642948E-002   1.578560048294046E-002   4.467993716642948E-002
    22   10   4.467993716642951E-002   1.578560048294047E-002   4.467993716642951E-002
    28   10   4.467993716642951E-002   1.578560048294047E-002   4.467993716642951E-002
  </DiscreteSampler_grid>
