  0.00003698699311737  0.00004132422413706  0.00004415542146046  0.00004706703928911
  0.00004959837342499  0.00005238896776752  0.00005557192371755  0.00005933133262336
  0.00006332691388341  0.00006743611173116  0.00007167003064786  0.00007615267728951
  0.00008061271901460  0.00008489159869030  0.00008941775993323  0.00009427952094397
  0.00009949002625560  0.00010494549234451  0.00011063477690301  0.00011621483168350
  0.00012231600968711  0.00012808473839817  0.00013424767321457  0.00014049383164942
  0.00014676571962129  0.00015309526462482  0.00015957404949903  0.00016652695530209
  0.00017392348434042  0.00018173365731129  0.00018957917089253  0.00019763955142028
  0.00020586724225353  0.00021450657462919  0.00022385930379974  0.00023354865864068
  0.00024324671783644  0.00025306888600127  0.00026264684642180  0.00027301767823790
  0.00028358980975414  0.00029493971914978  0.00030614394078608  0.00031883953628385
  0.00033147240439202  0.00034455938709732  0.00035830331802049  0.00037284537366192
  0.00038812211161874  0.00040418235271627  0.00042119581186546  0.00043896467061013
  0.00045721855264765  0.00047578145578847  0.00049455132851079  0.00051348191345839
  0.00053318924486823  0.00055420740504876  0.00057667182021872  0.00060056031826557
  0.00062505063057370  0.00064938540389598  0.00067390638458145  0.00069925955351513
  0.00072543537371893  0.00075328658089155  0.00078322727588209  0.00081338200587102
  0.00084570999474416  0.00087961486686794  0.00091568193722149  0.00095410746704223
  0.00099806348428213  0.00104522290025218  0.00109733824601584  0.00115537573502776
  0.00121747390808349  0.00128400237030849  0.00135667288635130  0.00143601193415989
  0.00152421462133983  0.00162205604269161  0.00173198064716418  0.00185726874903021
  0.00199995820297841  0.00216460698040877  0.00236059012553697  0.00260133999419626
  0.00290606596996504  0.00329580818794643  0.00383570321193852  0.00471476845187176
  0.00660906985300045  0.01361284072970352  0.56050741173912444  1.00000000000000000
  0.01681496336705222  0.01719137084567314  0.01754901287794908  0.01791958031504637
  0.01823319035599601  0.01845738273572756  0.01865566975821920  0.01887702727414052
  0.01909939012319294  0.01930655505978833  0.01948941562491209  0.01966228026725250
  0.01983993882600527  0.02002378488743807  0.02020823628510436  0.02038958381911932
  0.02057469842343813  0.02076068048328281  0.02094582407731494  0.02112996785443230
  0.02131558913058937  0.02150576301351526  0.02170239280907859  0.02190504202483228
  0.02211501030170115  0.02233361396785390  0.02256177849401584  0.02279695686600356
  0.02303444568680691  0.02326970061186993  0.02350668616785332  0.02374698494263341
  0.02398851735001246  0.02423407506189077  0.02448571852991614  0.02474743818326804
  0.02502741822008243  0.02531929726906176  0.02561267815808841  0.02591046756682619
  0.02621544749434424  0.02652631213781114  0.02684764773397779  0.02717114205747283
  0.02750250142472328  0.02785553385469833  0.02822219173568098  0.02859300847741920
  0.02896621843936062  0.02934220397656988  0.02972836879250725  0.03013129865152923
  0.03055798952325404  0.03101241120220764  0.03146591138808105  0.03193813660804538
  0.03243234762704015  0.03293956038617725  0.03345527404946095  0.03400583714253035
  0.03456688330669035  0.03516285630097382  0.03577731938440154  0.03641828038332705
  0.03709628639812527  0.03780977477056489  0.03853568914814687  0.03929531086663942
  0.04010298090386940  0.04094785036938731  0.04181906841376732  0.04272687793737762
  0.04370608622471924  0.04475135816573936  0.04585428624754357  0.04701361509955787
  0.04824529123768404  0.04960402545202575  0.05102983414623156  0.05254812044742278
  0.05418025300879070  0.05601913459684407  0.05806642282934988  0.06030535177950322
  0.06282815608598979  0.06568150346041929  0.06890341860543117  0.07251239885876225
  0.07637490962334796  0.08076437569455899  0.08640662115564055  0.09398145138383293
  0.10399422630431937  0.11796703375799286  0.14723412924068721  1.00000000000000000
  0.00090950787424997  0.00452109512895920  0.00628502011265559  0.00714839979177194
  0.00779113627800471  0.00838671073100843  0.00895844380334985  0.00951449322914996
  0.00999971822074815  0.01044577629607045  0.01086856778089331  0.01127828418848372
  0.01167743240427255  0.01206205803379803  0.01243483367165521  0.01281341235829719
  0.01319487831084696  0.01355599619517900  0.01390601171328015  0.01425809354144247
  0.01460544384968206  0.01498385517311487  0.01536182845880530  0.01575407943956314
  0.01614452336447974  0.01652860733772153  0.01691731102654443  0.01731614675330531
  0.01772053895843597  0.01812521926840049  0.01853018042142552  0.01893833587577451
  0.01935550023512756  0.01978126948788059  0.02020855968880763  0.02064433877401304
  0.02110254095271956  0.02157793288549642  0.02205551053105321  0.02253149356946323
  0.02301192235397002  0.02350092910050262  0.02398376698535275  0.02445780428490525
  0.02492116250843678  0.02539723551152117  0.02589979565013817  0.02642016092229193
  0.02695674235903311  0.02750716203615225  0.02808261222525687  0.02868589167609799
  0.02929972250644363  0.02991322871093599  0.03052626993502734  0.03113876712858880
  0.03174936087678411  0.03236262743659052  0.03299310883309841  0.03365320530908216
  0.03434791823788986  0.03508350472820477  0.03584819608739306  0.03663344214808541
  0.03742683800904595  0.03824364753727119  0.03909965405161953  0.03999604533554978
  0.04088931070181429  0.04178605332323961  0.04275238178713540  0.04376301350355812
  0.04482825459347417  0.04590894422109951  0.04703843944076153  0.04827016426600653
  0.04961444415503143  0.05105627284474012  0.05276524352307132  0.05462062344758147
  0.05659716050553027  0.05861392949808934  0.06072932800368956  0.06310345531199850
  0.06568003344838488  0.06886059105139263  0.07213529493454203  0.07579153629622981
  0.07984725066917367  0.08478762888899832  0.09099069583007806  0.09920754791904358
  0.11005157734836338  0.12750195190437089  0.16314151517330111  1.00000000000000000
 -0.00196877042024452  0.00768810265393480  0.01577310566737075  0.02437628219555373
  0.03308453146466676  0.04170970119660610  0.05147045604620473  0.06108700230339480
  0.07073608248614824  0.08068650789351445  0.09080285922415701  0.10091227193435141
  0.11161427977359904  0.12284664090317247  0.13394147988379038  0.14516939431137615
  0.15625794868330947  0.16747045009463521  0.17863234078866208  0.19007617075624189
  0.20159943269659888  0.21308666391840725  0.22493712462832469  0.23669210081443337
  0.24787240874924524  0.25849924628750270  0.26916547058274637  0.28020616116710789
  0.29153058373145535  0.30300324733472567  0.31435542610308986  0.32561184871612076
  0.33665347628621561  0.34759032232339959  0.35829441861743550  0.36867059889475856
  0.37888749685290135  0.38908886708362622  0.39957081608535472  0.41021392860738698
  0.42095190309088359  0.43152726803824715  0.44180478951736685  0.45212473673568043
  0.46273162981706306  0.47346679197153624  0.48408573563724144  0.49452638200466487
  0.50503771854446933  0.51561991921279893  0.52634879496218800  0.53685934078577990
  0.54717660954475589  0.55746364818675631  0.56821466980496027  0.57904898993426090
  0.58989894229743012  0.60027758051117319  0.61108132090951872  0.62197701119935100
  0.63323547192856133  0.64465777614008879  0.65599965099136293  0.66717783510215245
  0.67796355638093853  0.68886926645844626  0.70023863879727999  0.71165181419255685
  0.72296988482508562  0.73416715831930301  0.74555076709538282  0.75716768017003877
  0.76908479961125942  0.78075775089815069  0.79203848387256348  0.80300864648999026
  0.81384276997673821  0.82406899105390585  0.83441125977254649  0.84482370944775054
  0.85443176305958723  0.86424256245054565  0.87421521050956341  0.88482934934484903
  0.89599607094480793  0.90673030531022480  0.91737179884820308  0.92763992772775161
  0.93761364450364126  0.94701751178024240  0.95631947076617263  0.96528591122100693
  0.97414903752372117  0.98277177389295267  0.99140398153249021  1.00000000000000000
 -0.00270960556174183  0.00997767618099053  0.02149266221050843  0.03270297129994641
  0.04404102914263369  0.05538486033584732  0.06633026992165934  0.07717889386887034
  0.08814597317507950  0.09921678552192661  0.10995301401180038  0.12040138778651593
  0.13075020378570693  0.14108609849738526  0.15150401967785454  0.16201742284530074
  0.17269007417873147  0.18350623475989075  0.19470924494913225  0.20585259012141391
  0.21603482424740755  0.22561439604365574  0.23525957838804473  0.24497328383241090
  0.25462532060446308  0.26412520563997000  0.27375404366631989  0.28367583193989659
  0.29397499020165152  0.30459671920832221  0.31543496318659225  0.32630591538122078
  0.33718635796201235  0.34788988826715905  0.35836511780731117  0.36868174196827302
  0.37888818050393663  0.38881968475937562  0.39886398589082844  0.40923383361011090
  0.41957309730171999  0.42953128886889841  0.43924903236112139  0.44922767745143516
  0.45943854695997355  0.46977201919852180  0.47944088434740711  0.49010033251114837
  0.50037368498000878  0.51143079938760649  0.52239921457751504  0.53339621405106719
  0.54479231417738894  0.55459529073239566  0.56452602296332488  0.57448826338103554
  0.58446479326431944  0.59473754079984997  0.60477879735624296  0.61645273648634624
  0.62776565638012938  0.63895219227475419  0.64981673407001406  0.66039449470093847
  0.67059462203518327  0.68063832738277164  0.69084765938446457  0.70139220340227604
  0.71247182631546346  0.72335213460378611  0.73425556395620728  0.74507603608698769
  0.75563434018619391  0.76606663094226668  0.77608692922159406  0.78658191472219730
  0.79648622627914856  0.80639088997401087  0.81596454775454641  0.82657023040272160
  0.83662316968730899  0.84757865194174575  0.85837238736053278  0.86975456408299412
  0.88117410264695628  0.89196878408943814  0.90264952374959506  0.91283422206438569
  0.92296071106195665  0.93376641999278776  0.94481819139100953  0.95763918814687710
  0.96891311617289999  0.97994997579601306  0.98988240246061410  1.00000000000000000
 -0.00813479595036160  0.03717153663322916  0.07012761347409278  0.09947604011911802
  0.12549991133200847  0.14795589794018776  0.16708424440265965  0.18480077570652564
  0.20149306980141984  0.21607502077610394  0.22870205765836271  0.24058427322101703
  0.25187428499300929  0.26237077165849437  0.27249725990308277  0.28213535959074565
  0.29141246676100663  0.29974847526574155  0.30786444763162912  0.31587573197251428
  0.32356079796947584  0.33082624350573286  0.33775481476612224  0.34456744732918543
  0.35131886442263405  0.35791778514692030  0.36425203984494881  0.37029802787857186
  0.37610347433320385  0.38169164600219657  0.38729317184472667  0.39300573275599887
  0.39872648429853075  0.40444694253041219  0.41001105902624208  0.41547118772125408
  0.42080822991115685  0.42621320594634976  0.43174903328243563  0.43703208106329638
  0.44212939003049856  0.44713019859469721  0.45211825387223137  0.45708555011379076
  0.46202854111689323  0.46695351184282341  0.47184331127996937  0.47669462820369990
  0.48151596437001681  0.48638715129165261  0.49131078068875939  0.49624534852947416
  0.50127603650601082  0.50659377425679297  0.51208825357523458  0.51765824805856475
  0.52333828585610875  0.52905551181316224  0.53479193462353003  0.54067913729082573
  0.54675512583513408  0.55288820374996772  0.55906298578708036  0.56517141652492864
  0.57100410839341353  0.57697385076076213  0.58302745192032335  0.58908844341675315
  0.59541172252200836  0.60205871730120342  0.60869918352254360  0.61519572448220383
  0.62163583978006876  0.62828855358198110  0.63530777236554881  0.64265467185359870
  0.65021945934849479  0.65811808407627403  0.66644019115842545  0.67507916311016369
  0.68373010994643546  0.69263056418228874  0.70204675813796469  0.71224197114892251
  0.72355490915868648  0.73602538355096037  0.74997740751256525  0.76471046733454195
  0.78064028607187996  0.79839526524727789  0.81830794068826007  0.84095809366129259
  0.86853650978112706  0.90208639547996861  0.94400489525885001  1.00000000000000000
 -0.00270642439523525  0.00992751427952939  0.02188561012230498  0.03341716124724118
  0.04463143925114275  0.05547262067439745  0.06624831381386675  0.07693280885277827
  0.08724595227137447  0.09724485598275462  0.10739980504381631  0.11762365165072054
  0.12822047813769691  0.13929052629122415  0.15082931819613846  0.16232286400228138
  0.17391682639459638  0.18540952556289014  0.19685295256131216  0.20824533624469946
  0.21942062362076517  0.23043793092610126  0.24135830495375130  0.25215188704568697
  0.26284326317420392  0.27349128750271617  0.28414639098314642  0.29479718133023786
  0.30541138117552058  0.31608340021876735  0.32695606907813080  0.33806223290917747
  0.34925666661443061  0.36035296173513837  0.37117572918999320  0.38187079237270566
  0.39268939239872358  0.40330787317463879  0.41321925198688592  0.42297140001723083
  0.43277527491211082  0.44312014202562700  0.45362193207125556  0.46364428924952705
  0.47336099733487191  0.48311362588609796  0.49313316146580649  0.50333108346670818
  0.51351325050254248  0.52372723970665436  0.53409615998244175  0.54461665220792610
  0.55511209935140648  0.56551872989524066  0.57570751543102217  0.58579145539076538
  0.59590000198185111  0.60610036367650444  0.61628142167074229  0.62650457128254744
  0.63707081698653145  0.64795365701831020  0.65878146069740517  0.66927837128299505
  0.67956558298494851  0.68994184013194670  0.70042807012019936  0.71095663565087674
  0.72098168687871889  0.73023749157323359  0.73987065635583815  0.74974272898892091
  0.76016504761724746  0.77063250143065476  0.78137857598470317  0.79221691691118112
  0.80267371127892650  0.81272074684306306  0.82228477645426101  0.83189402421122949
  0.84181124445185262  0.85213238888539433  0.86247582153744429  0.87299424170045548
  0.88369957101205820  0.89432105561712816  0.90429894893335772  0.91451671820200031
  0.92520927874200110  0.93578906629090786  0.94577815269032584  0.95575988108245025
  0.96627136846978479  0.97795140491305566  0.98900201411144151  1.00000000000000000
 -0.00241447831227226  0.00960095196881709  0.01948550547690827  0.03057313751460533
  0.04099605251883338  0.05207071582040931  0.06309768080417365  0.07333473339433845
  0.08395663756562786  0.09479689927696112  0.10527043613455633  0.11563064431014361
  0.12604786328714748  0.13683592223190330  0.14757144749077047  0.15798655914401682
  0.16824147070838710  0.17833859403779548  0.18879163094324405  0.19969601724788971
  0.21084054235038260  0.22187888901135425  0.23257371155538367  0.24209061705052967
  0.25192021812936299  0.26118604300060994  0.27084736832100720  0.28100194387144156
  0.29164814684340190  0.30316159646680152  0.31470319381776568  0.32606376412131072
  0.33757292663659344  0.34908125850940813  0.35998090944296401  0.37065048955776447
  0.38182663433546310  0.39326794701499990  0.40466229018503769  0.41558229501362937
  0.42596864045479460  0.43606653515663302  0.44594985495859940  0.45581431280497053
  0.46598178975390525  0.47645477654099022  0.48713713564069994  0.49781187606109129
  0.50857068979308095  0.51908123395091366  0.52897799023690772  0.53855449436742253
  0.54835062114699284  0.55843362743132618  0.56853845753040588  0.57839517676579955
  0.58850667447753713  0.59905360763079696  0.60936899812441769  0.61978980026016517
  0.63039059156579258  0.64136404025247595  0.65209950252010485  0.66265948204149538
  0.67311680036424837  0.68336419298647344  0.69411066816603217  0.70524989899305601
  0.71678918518826429  0.72789311499648235  0.73866367117978904  0.74917188164300885
  0.75976923818553765  0.77049508044857451  0.78089216235505932  0.79106097678960241
  0.80148652217774774  0.81221366086088953  0.82276658894393051  0.83351701603543060
  0.84442024977810004  0.85566277972914750  0.86592553386713467  0.87621382415764593
  0.88643202684939082  0.89669142610000774  0.90672486367036453  0.91694125415130867
  0.92784970838652847  0.93911928707866399  0.94989718559282144  0.96041384900277449
  0.97074657045503443  0.98095974113015261  0.99069270578497703  1.00000000000000000
  0.07067326909137041  0.15045361338671825  0.18237651871494207  0.20538919003455747
  0.22330251100687415  0.23825231390546034  0.25149333752731112  0.26360640383177397
  0.27449410111444716  0.28426652673842756  0.29349819391354320  0.30237147923922469
  0.31076113101270453  0.31879899140730966  0.32653693573253134  0.33396815337616659
  0.34127955149152051  0.34853587977601419  0.35561690941790580  0.36227771194184649
  0.36855745196884993  0.37467192277197398  0.38057237314171449  0.38641984409396657
  0.39219857633001015  0.39774563260550161  0.40302735919788196  0.40818956731771111
  0.41332825961848174  0.41844850800180144  0.42356460329093748  0.42857059593896818
  0.43349355006199025  0.43836429477375255  0.44320696993684394  0.44808511225127401
  0.45293732633451583  0.45782802939020334  0.46287833316104376  0.46795743497596387
  0.47282533752054157  0.47741412734167854  0.48186670604018783  0.48631190313380751
  0.49079805051750119  0.49544047445038653  0.50008460456962078  0.50468419399596531
  0.50932236797667563  0.51399316388631933  0.51870208363487103  0.52349381131723471
  0.52831538208061346  0.53309100036050738  0.53783406997140348  0.54258616609884602
  0.54717239328540623  0.55174900956681161  0.55642030745366189  0.56117945532867208
  0.56603910126980272  0.57095875780086180  0.57583876385067057  0.58063186636134567
  0.58528435685296054  0.58988686154407111  0.59458816165362693  0.59938526161556616
  0.60421782809748459  0.60903233595219441  0.61386492016662209  0.61877520035985789
  0.62372006320384799  0.62870880358708592  0.63380358204739551  0.63900185011453536
  0.64430684599180421  0.64975072839831483  0.65535123208461177  0.66112530330312036
  0.66720514504134087  0.67372943697369869  0.68053405860194582  0.68741842035822742
  0.69469691601653483  0.70258865922794667  0.71124040450354786  0.72045259870687328
  0.72989693088096519  0.73998767099697671  0.75109960758258021  0.76410589613917790
  0.78022082277121085  0.80170922033759073  0.83803995910940898  1.00000000000000000
 -0.03786937670594783  0.17067876321933645  0.21417543809112119  0.23834972968399118
  0.25624571851154848  0.27141489236792060  0.28432956168533369  0.29545573763028343
  0.30541368453216394  0.31450455387631171  0.32275102498163721  0.33029208459227744
  0.33760569536124413  0.34462012079868720  0.35144968122756387  0.35799420914685554
  0.36443088270066060  0.37045919409229844  0.37622855014252338  0.38174026782039350
  0.38705945538523506  0.39228577976702994  0.39738298011640871  0.40229010314795621
  0.40712667113555956  0.41194700423289310  0.41671338329744773  0.42141106399241168
  0.42604251715223995  0.43059522041564402  0.43505356957399666  0.43943860982524324
  0.44379357862163171  0.44808494850221742  0.45251679247239562  0.45676414172991914
  0.46082156802483987  0.46477082690408428  0.46861156236288748  0.47241649252386603
  0.47615969154209870  0.47987864912559919  0.48356040089330088  0.48722916763837387
  0.49090427052472718  0.49458450349115457  0.49820316440138523  0.50173754088062061
  0.50519593896140513  0.50865890303951788  0.51220393816432430  0.51576675698170182
  0.51929907504394368  0.52289480539714150  0.52655434271186419  0.53030889392398028
  0.53408983877417104  0.53793231494562987  0.54181780848972327  0.54567192516803753
  0.54947633924604189  0.55322689338079201  0.55695325612699531  0.56081409990535691
  0.56496029079350485  0.56934954385827785  0.57381633213435268  0.57825771935455683
  0.58267707043196770  0.58706594443228532  0.59146811916332931  0.59589694847835384
  0.60043337464162361  0.60511832601660320  0.60997343632212175  0.61503619452397584
  0.62023076171285896  0.62556269751486815  0.63107102144462102  0.63673215281713980
  0.64254813266796407  0.64861444913903821  0.65498366549278109  0.66172033778748396
  0.66886945024203426  0.67641446301448849  0.68432224504266848  0.69292410242989610
  0.70254836807863419  0.71377120539786687  0.72703701842919521  0.74232550169626332
  0.76096383841986570  0.78610153063232946  0.83003485003960054  1.00000000000000000
   6.1740113161413665E-011  -1.0000000000000000     
 T T T T T T T T T T T T T T T T T T T T T T T T T T T T T T T T T T T T T T T T T T T T T T T T T T T T T T T T T T T T T T T T F F F F F F F F F F F F F F F F F F F F F F F F F F F F F F F F F F F F F F F F F F F F F F F F F F F F F F F F F F F F F F F F
  <DiscreteSampler_grid>
  grouped_processes
  1 # 1 for a reference and 2 for a running grid.
  10 # Attribute 'min_bin_probing_points' of the grid.
  1 # Attribute 'grid_mode' of the grid. 1=='default',2=='initialization'
  0.0000000000000000 # Attribute 'small_contrib_threshold' of the grid.
  0.5000000000000000 # Attribute 'damping_power' of the grid.
 # binID   n_entries weight   weight_sqr   abs_weight
    10   10   2.038804848193788E+002   2.006331264784581E+005   2.038804848193788E+002
    16   10   2.038804848193788E+002   2.006331264784581E+005   2.038804848193788E+002
  </DiscreteSampler_grid>
