  0.01445260976463974  0.01482494577921733  0.01507493156959323  0.01529493527819812
  0.01552581671013791  0.01576017001035297  0.01598315183567567  0.01619562037661429
  0.01639851149777539  0.01659806057542590  0.01679909916195997  0.01699825585752836
  0.01719151762408649  0.01738328643881184  0.01757481086749492  0.01775314084864815
  0.01792891175258567  0.01809946496940804  0.01827122638364097  0.01844800573803627
  0.01862390326337731  0.01880036582092894  0.01898292325999787  0.01916682737739323
  0.01935434663740008  0.01955101154938639  0.01974818464518597  0.01994000386735372
  0.02013173203313798  0.02031821106771646  0.02049910192425187  0.02068261235450867
  0.02087345863648538  0.02107155561629369  0.02127871656427158  0.02148842326039210
  0.02169662148233623  0.02190173960146406  0.02210772319121736  0.02232200604903382
  0.02254332114626647  0.02276516453309550  0.02298619291895004  0.02320933619872808
  0.02344006048755047  0.02367675369231881  0.02392489841298334  0.02418519696735632
  0.02444875818889572  0.02471774895093894  0.02499038087142875  0.02527472410790522
  0.02556901443171903  0.02587513277190107  0.02618206445644003  0.02647909348019468
  0.02677116160751772  0.02709393946055498  0.02743306613301841  0.02777411039990467
  0.02812911640692766  0.02850502858842043  0.02890324143674882  0.02931838124814438
  0.02974060687591221  0.03016429731732840  0.03059024355675889  0.03103151750124244
  0.03149906211556620  0.03199453043454127  0.03250794817040921  0.03303457478934009
  0.03357070019318597  0.03412039829448998  0.03471941967412039  0.03538200404456732
  0.03609071604500485  0.03684596387239014  0.03763482777956362  0.03847181633313437
  0.03935700537138451  0.04029459837604270  0.04129070042850061  0.04238575467461056
  0.04361599853924363  0.04501168624260123  0.04664458841052255  0.04844042281278459
  0.05065781699163040  0.05321759316410526  0.05626310586955490  0.06033117735787900
  0.06587372894347755  0.07385264778140604  0.09779866158732507  1.00000000000000000
  0.05841845938144159  0.06045297581316271  0.06232625489540467  0.06492269214782655
  0.06730470440645621  0.06955888428482464  0.07177009397902256  0.07378528958814455
  0.07566154183353498  0.07750888273012242  0.07936796510793598  0.08119913870512212
  0.08294794933447154  0.08456479409447591  0.08614401512726869  0.08768419287999639
  0.08921785742630711  0.09076915899604336  0.09234864524770212  0.09397405917508225
  0.09561029872605417  0.09728522388808022  0.09895906930076590  0.10060566588738093
  0.10220453937256174  0.10380267832893980  0.10538345603333536  0.10698254779020205
  0.10859955299782359  0.11027032006861953  0.11196989382466832  0.11365347785973200
  0.11529120702975085  0.11692335003174523  0.11857070318082331  0.12022954293844514
  0.12190751345151637  0.12361783373117520  0.12534047329003134  0.12706801305224485
  0.12874076846985022  0.13040829005280966  0.13214011443274565  0.13389466507208767
  0.13561461263392544  0.13729810182447127  0.13898943892965621  0.14067636518358465
  0.14241877574593301  0.14428297506026186  0.14618332580387097  0.14821559218251540
  0.15034174188060445  0.15238239574288315  0.15433841878446708  0.15628956327707733
  0.15820569044090946  0.16002605311042983  0.16190105988679732  0.16381844521431746
  0.16573667436406050  0.16767405008499428  0.16977909381909617  0.17207250005829591
  0.17429811501689907  0.17641212051139180  0.17854371590192461  0.18078311768244362
  0.18319486105899188  0.18567677548546813  0.18814978896805851  0.19062400923758893
  0.19312084800311155  0.19582043423109249  0.19876460579962876  0.20190832266378608
  0.20537892040262992  0.20928106140801545  0.21342465332585328  0.21767756072939898
  0.22188887902982132  0.22606310439292038  0.23107269887426640  0.23616828799941464
  0.24154009184733005  0.24710190455228445  0.25284212379318699  0.25904503178262267
  0.26619708079273602  0.27373405113729526  0.28087404984332970  0.28821996216112600
  0.29733111741425688  0.31297006459702270  0.39779863291460404  1.00000000000000000
  0.00018582087918856  0.00039899439837519  0.00050777193283890  0.00058479302010193
  0.00064790026280712  0.00071086581477906  0.00077334391217189  0.00083621376681692
  0.00090132078302565  0.00096580311060946  0.00102903276709864  0.00109080341520962
  0.00115112142098570  0.00121172966597588  0.00127412335267336  0.00133808776914727
  0.00140217469184083  0.00146553768506340  0.00152627439830762  0.00158647880881978
  0.00164990382461320  0.00171822881513596  0.00178942418688220  0.00186272098782540
  0.00194039922910037  0.00202096905772002  0.00210454052276492  0.00219274227372253
  0.00228765052825913  0.00238521076731251  0.00248111761270903  0.00257956048419979
  0.00268508272434653  0.00279481335171816  0.00290981421512620  0.00302593566121232
  0.00314480566866276  0.00326959722491157  0.00340070341928009  0.00353339478254242
  0.00367017053544510  0.00381994259143709  0.00397985766360961  0.00416613489345043
  0.00437427458491864  0.00459714072474809  0.00483440386284758  0.00508441041486206
  0.00534288375161556  0.00560142637839842  0.00586658099684447  0.00615141604249087
  0.00645343480204761  0.00676997939947216  0.00710255059695668  0.00746424082423922
  0.00787213007543271  0.00832726027898788  0.00882070187041604  0.00935364985246262
  0.00991887867771909  0.01050417233146038  0.01111574284262373  0.01176285107122062
  0.01246511814004831  0.01322955584470459  0.01403603381805527  0.01487276797790111
  0.01575963555846565  0.01673784184326168  0.01783505957495658  0.01898173608602436
  0.02016031158666412  0.02138563502541167  0.02269888996180102  0.02407690037068352
  0.02553635315841721  0.02714276626048249  0.02893945705684493  0.03096932108580044
  0.03322192123856702  0.03563046741717824  0.03809541222608719  0.04083359769302691
  0.04404848922482745  0.04756314399675552  0.05129182399229998  0.05542435757570335
  0.06083775932423852  0.06750324209795204  0.07514952985581141  0.08469125685176392
  0.09740438194532119  0.13495966206533996  0.60002003320849140  1.00000000000000000
 -0.01089771681139572  0.05397157912272078  0.09303499060456299  0.12161412035181444
  0.14451576263751242  0.16313090336519623  0.17925694983352106  0.19428579954318678
  0.20780057824817383  0.22036181543373695  0.23271732079145824  0.24451489506790441
  0.25552762093399828  0.26533176387706764  0.27442334510791405  0.28313263321431215
  0.29177708218934845  0.29986416201868960  0.30741397201200649  0.31481791150531241
  0.32246673844854618  0.33021705033570786  0.33787279230632039  0.34523852435141539
  0.35215066503041653  0.35872169484732314  0.36503579418223087  0.37123531734346465
  0.37719754485247470  0.38298624084028099  0.38869997694983627  0.39422938728900270
  0.39955513762701145  0.40474197833372527  0.40989395422363156  0.41507500460661106
  0.42044465256992875  0.42595958339562157  0.43144068123335466  0.43694031902695118
  0.44255987874202213  0.44824442717887369  0.45395271073929788  0.45943551946545980
  0.46436184754672294  0.46932671299811052  0.47435629089769443  0.47930097818777695
  0.48419708436291953  0.48915331174114041  0.49428055995963144  0.49949551515514112
  0.50465843264945154  0.50967988102894590  0.51461865426213127  0.51943792955326351
  0.52409208633803928  0.52878747156849226  0.53357823876966559  0.53852287018349887
  0.54372510129075524  0.54889685172222191  0.55393100669230455  0.55901165656001250
  0.56410039412712554  0.56923893726726105  0.57451280824893280  0.58019066629148774
  0.58633411501876798  0.59291764264777336  0.59967180992353442  0.60575928056149186
  0.61193954220338864  0.61852343458375170  0.62561773169548673  0.63341459671737588
  0.64171503893362103  0.65015821522212869  0.65854276709709969  0.66690443292323698
  0.67537530884311570  0.68425524082955336  0.69349369018979445  0.70284950433075200
  0.71289940348902492  0.72372233667005470  0.73536312196911269  0.74833350583754599
  0.76177396192646529  0.77733345660962927  0.79656987037020588  0.81971494256380428
  0.84585105498987001  0.87486218723143838  0.91947510154959244  1.00000000000000000
 -0.00251599539284245  0.00950087916871794  0.01993482729430868  0.02985624473614759
  0.03961380933772884  0.04979308204785431  0.06012440289011564  0.07039263905829811
  0.08099994117111746  0.09143495774676945  0.10183166999943447  0.11121766997837192
  0.12070213631968846  0.13046943340485606  0.14068929551348464  0.15081496813683404
  0.16119358361393266  0.17170738896511692  0.18277189035152175  0.19423136015328640
  0.20570319843827098  0.21688658515242135  0.22770918820086952  0.23817414953886509
  0.24864882622334494  0.25933752168214130  0.27025762438125173  0.28087526395441026
  0.29102420939441648  0.30065541995577721  0.31036254112915540  0.32056427842690854
  0.33083172910928549  0.34119831264030387  0.35195929551152305  0.36353217401757232
  0.37510823540972804  0.38663354915723208  0.39746345882573358  0.40737290231918083
  0.41740746284768776  0.42755510133893204  0.43762186722585050  0.44718945470396648
  0.45743074623300989  0.46913576710185223  0.48213250773574728  0.49361751332230636
  0.50466153096120336  0.51529608807304317  0.52561819260857778  0.53551385355476833
  0.54573149742787908  0.55582168383676489  0.56661525418788339  0.57639053654412598
  0.58604994879645866  0.59713975165053657  0.60831125948792664  0.61932697333329834
  0.63080268265047679  0.64218003930513967  0.65352923380601158  0.66463274758247870
  0.67592454800874868  0.68761392544714739  0.69921441021379782  0.71014846264233888
  0.72033459507217068  0.73036936147839693  0.74080191826818231  0.75162807105415685
  0.76224457827691294  0.77268754020315922  0.78339457144682978  0.79417452066977068
  0.80457499444785241  0.81450640607716729  0.82452032537554343  0.83415590414301521
  0.84372616449767002  0.85342489508469110  0.86415232185382540  0.87464642171616713
  0.88466640087250270  0.89500366658758990  0.90544643474427500  0.91617888860844310
  0.92692286213508412  0.93740037129887277  0.94756363039760760  0.95760020249381472
  0.96782011742328322  0.97860230659311609  0.98905638873937674  1.00000000000000000
 -0.01421759691947129  0.06904625721334259  0.12256756262948870  0.16123258192348627
  0.18827269919128892  0.20933123151235031  0.22786930278382181  0.24500183988675520
  0.25963243166821509  0.27225882355822167  0.28391405788220531  0.29494629601080363
  0.30526044860716639  0.31522654068707812  0.32498805790294971  0.33454790500433029
  0.34343927432554494  0.35173968207650075  0.35972852462935551  0.36729020850083605
  0.37449821137108796  0.38130205389900579  0.38792124822117735  0.39441916330944110
  0.40067356866594345  0.40698132755581906  0.41331834679637025  0.41929017406372027
  0.42490809742635594  0.43041690915466274  0.43575492160407225  0.44077811596980732
  0.44562235504751541  0.45044221273468160  0.45535820852067166  0.45999254634052211
  0.46453460711447825  0.46910050173149354  0.47363624058137199  0.47832599990839680
  0.48300816495159082  0.48751068244607576  0.49200351167474021  0.49648542767932508
  0.50081892444951703  0.50504817806727542  0.50916430703829774  0.51323818677771449
  0.51737858317024732  0.52149887851895693  0.52552959716719028  0.52956221885055887
  0.53370364752873900  0.53808409644508959  0.54263678453685882  0.54713582009407646
  0.55166082792690796  0.55622751405516557  0.56078183335960297  0.56537437187356721
  0.56995349316512922  0.57463175100937625  0.57947690985188871  0.58420841111389588
  0.58890927375468027  0.59375858566153661  0.59867016332192369  0.60383901766140102
  0.60902818264018077  0.61429319269310678  0.61942917496512995  0.62476137967419987
  0.63017897453213845  0.63573674539336167  0.64149311522246433  0.64749985098007412
  0.65375885465971684  0.66016615764905373  0.66688398157942619  0.67421860506401410
  0.68220554296046720  0.69076584746548031  0.69954057206117359  0.70858232912796015
  0.71739380518602214  0.72677637400662198  0.73703273429929961  0.74870569231768525
  0.76193514893587355  0.77724050272475387  0.79473340299032691  0.81606320709124336
  0.84569053321049903  0.88460174374804179  0.93348265515178264  1.00000000000000000
 -0.00275865334201417  0.01058498657009236  0.02063155709062687  0.03062292741010895
  0.04023362368525846  0.05021498950646575  0.06053677624813688  0.07085104728316412
  0.08124497769920745  0.09201306721410163  0.10335245221171473  0.11321636322990175
  0.12291089637548334  0.13259216927120993  0.14242062925817797  0.15306545874802824
  0.16341140515947122  0.17360860654873617  0.18382136378817193  0.19494081272237679
  0.20732771716132412  0.21981919680329218  0.23149035834582507  0.24206552659004343
  0.25220668900875115  0.26222666172912390  0.27222116375723615  0.28197852344725693
  0.29143244997718554  0.30154967053077814  0.31211605485676258  0.32283761091696334
  0.33342703296068260  0.34440000597450510  0.35536094179478489  0.36617050998702488
  0.37661077120945957  0.38682078118819552  0.39727254444034854  0.40759827748964034
  0.41822939559928624  0.42887506807402070  0.43948377414686773  0.44971754342266007
  0.46018465395070779  0.47124655200867355  0.48222240024060281  0.49247668661998523
  0.50198484290604595  0.51169543055346423  0.52155041527008617  0.53208032033856356
  0.54287763477084550  0.55409152128143735  0.56520984923598905  0.57618137814347548
  0.58769919744443055  0.59840573926640372  0.60910780842743806  0.61978622226837388
  0.63097341607191493  0.64199224593892834  0.65233674494475768  0.66202824795476223
  0.67215430424060141  0.68251565593430374  0.69291268132545247  0.70315364078916232
  0.71323878982735189  0.72339911558330017  0.73387312293794027  0.74484805707834045
  0.75660684566365155  0.76880795628021092  0.78097588869978074  0.79262296728061110
  0.80264607275820621  0.81303638551901991  0.82311737409237606  0.83418046081655894
  0.84452138933735466  0.85526988650144187  0.86552567943137881  0.87557674182937095
  0.88497177331213006  0.89471530628807361  0.90532322609888838  0.91659506823569947
  0.92779064290088686  0.93864028842710434  0.94904335856171762  0.95893107077620787
  0.96924400443284209  0.97941404266123988  0.98984551169539614  1.00000000000000000
 -0.00249174988885838  0.00929373546367063  0.01990426633528784  0.03009383443215206
  0.04035391301656389  0.05053698806314766  0.06101284130461990  0.07069352685840957
  0.07991817886477114  0.08965200478354163  0.10066188150776700  0.11157865724313749
  0.12210466895920284  0.13237089019378359  0.14216046977772037  0.15223351895458848
  0.16256844721711025  0.17345087731591921  0.18453078109817991  0.19531609406578607
  0.20546934484739240  0.21553248483127579  0.22579079464411203  0.23701817681333465
  0.24855571735305063  0.25919785270840123  0.26916839158967071  0.27873110023734043
  0.28803603819332640  0.29775163030583063  0.30727328490185307  0.31713173845429105
  0.32658306328572095  0.33664925393776357  0.34688400543848319  0.35704975060693084
  0.36687487211887487  0.37698065631306577  0.38744699458992260  0.39846187397819255
  0.40998007857564817  0.42187332980711584  0.43380596315547054  0.44507150515157518
  0.45573824081039638  0.46669042728016386  0.47772621446478020  0.48901374197214642
  0.50026164545571716  0.51168562663089945  0.52335391269649134  0.53472479837896114
  0.54613109167199003  0.55674553184053455  0.56715658820811998  0.57673038060127924
  0.58765228726670304  0.59885499009404386  0.60947598613932519  0.61949121810765229
  0.62962152592958387  0.64016441397914914  0.65091247233439320  0.66180225864327569
  0.67277715773113234  0.68349376088241742  0.69392005021094494  0.70410485736581485
  0.71432480158032641  0.72446222291829365  0.73437715503545165  0.74472188993147648
  0.75559416055045303  0.76600770103524163  0.77615262646331429  0.78585831141767803
  0.79600024373184808  0.80663764703602669  0.81687401218268041  0.82701648961691054
  0.83787417750199833  0.84915331109147496  0.85929845252899939  0.86911881105808020
  0.87937746499372638  0.89101292148287625  0.90214794054878533  0.91310595518819215
  0.92310482842273456  0.93315420915418457  0.94346271589452546  0.95486187490907071
  0.96672107767911264  0.97796264929678767  0.98943356276862249  1.00000000000000000
  0.10023835296443245  0.22504467494911276  0.26793791978643894  0.29803855595283024
  0.32094636047834479  0.33827460786346614  0.35238859720471993  0.36542301094416746
  0.37829942672867040  0.39084197892187367  0.40217838219095031  0.41241252632821856
  0.42213837122401993  0.43176381028819061  0.44095600555738207  0.44958404904916649
  0.45762884729842218  0.46507692451547966  0.47233715436296314  0.47917156322874122
  0.48533413741973536  0.49122962528496716  0.49693403937426023  0.50246259013056105
  0.50778851888289611  0.51303048216334468  0.51803772348340493  0.52293414535540161
  0.52777191461670958  0.53252285367302366  0.53721815725473199  0.54188435423832459
  0.54677011898157124  0.55158724586564345  0.55637562753011938  0.56115500069047863
  0.56604140103770884  0.57102094182133578  0.57606925587850744  0.58090464243637752
  0.58554345666302909  0.58993837319761777  0.59411858227513359  0.59810786702778895
  0.60203579018505715  0.60604612124081292  0.61021664357068095  0.61450614003840032
  0.61878935252443468  0.62301018482045711  0.62706665045957866  0.63091364576136588
  0.63477136618159691  0.63856032109976280  0.64242758548154044  0.64622439543033550
  0.65004192008905315  0.65384753042716837  0.65763908136605886  0.66131713996549391
  0.66494078289398673  0.66852224745597288  0.67214303116880536  0.67586038631114587
  0.67960776039568027  0.68349028394110412  0.68742546606673527  0.69131281100254804
  0.69513680796740629  0.69903683453605547  0.70298440994805589  0.70700717365373100
  0.71109333962716437  0.71527092532702519  0.71961128178414713  0.72412695510251834
  0.72874949878238637  0.73342966703396595  0.73811230404313344  0.74280541663542754
  0.74752739336754603  0.75239947626370085  0.75759572401301722  0.76301188558179833
  0.76860366281990955  0.77456996011847634  0.78084300370393445  0.78743411216659609
  0.79458622906734777  0.80242030989605684  0.81088752672235132  0.82081953181051726
  0.83343351655575970  0.84943417864826121  0.87769815575999244  1.00000000000000000
 -0.03812284190069859  0.16992614124674391  0.21278139138837668  0.23725573562428889
  0.25473874303677663  0.26940151233270937  0.28183710405513379  0.29272448174940063
  0.30263331205233063  0.31150633482221696  0.31973695669582264  0.32735746505547453
  0.33481647775256118  0.34217315265919918  0.34958244367618208  0.35667487410396193
  0.36334999751200414  0.36975600097625722  0.37561499124877179  0.38097426560312886
  0.38615712303811373  0.39131867686528288  0.39631519400547582  0.40106751163158161
  0.40561125318498775  0.41012690919645739  0.41471338802392888  0.41921863712457358
  0.42346594386232828  0.42755522423286940  0.43148891063621347  0.43518524741979853
  0.43888795462363162  0.44261609262440493  0.44629084034982058  0.44994658795351677
  0.45380046565813492  0.45773928266050407  0.46166394521142506  0.46556630325667242
  0.46952257345099768  0.47343974953844931  0.47743060469091125  0.48158588146200748
  0.48582754449563459  0.49004193563560494  0.49413084121099832  0.49813151735199684
  0.50210460759051412  0.50600934901072503  0.51011124163576504  0.51427719747263789
  0.51841297804405417  0.52239351339929729  0.52637224862730148  0.53028836566808080
  0.53435610258444388  0.53847850941168185  0.54247226793169101  0.54629011849091969
  0.54992026907016933  0.55354433343513498  0.55720081218994078  0.56097315925011615
  0.56491866629452581  0.56905253168634284  0.57327163824003258  0.57763734278587442
  0.58185702201458622  0.58602951920340185  0.59028189534755005  0.59466063244912515
  0.59908705641840077  0.60370372244175341  0.60862914515826316  0.61378292179540195
  0.61916070961711933  0.62466806371105221  0.63012716552984549  0.63564435523924967
  0.64125130888250148  0.64709349355555901  0.65326770340769735  0.65993445222332525
  0.66693269357906271  0.67434354749800707  0.68215903232065234  0.69072274387523158
  0.70044833141317697  0.71166452663449775  0.72468555517030842  0.74043873590395382
  0.76029528681081771  0.78588220278528154  0.83003922156124665  1.00000000000000000
   1.6308724049128968E-013  -1.0000000000000000     
 T T T T T T T T T T T T T T T T T T T T T T T T T T T T T T T T T T T T T T T T T T T T T T T T T T T T T T T T T T T T T T T T F F F F F F F F F F F F F F F F F F F F F F F F F F F F F F F F F F F F F F F F F F F F F F F F F F F F F F F F F F F F F F F F
  <DiscreteSampler_grid>
  grouped_processes
  1 # 1 for a reference and 2 for a running grid.
  10 # Attribute 'min_bin_probing_points' of the grid.
  1 # Attribute 'grid_mode' of the grid. 1=='default',2=='initialization'
  0.0000000000000000 # Attribute 'small_contrib_threshold' of the grid.
  0.5000000000000000 # Attribute 'damping_power' of the grid.
 # binID   n_entries weight   weight_sqr   abs_weight
    10   10   2.737422024681438E-002   4.006604480647343E-003   2.737422024681438E-002
    16   10   2.737422024681438E-002   4.006604480647343E-003   2.737422024681438E-002
    22   10   2.737422024681438E-002   4.006604480647344E-003   2.737422024681438E-002
    28   10   2.737422024681438E-002   4.006604480647343E-003   2.737422024681438E-002
  </DiscreteSampler_grid>
