  0.01454289295383970  0.01476178930885590  0.01485366895263707  0.01493319504873955
  0.01502829022686657  0.01512042928382411  0.01520919215600462  0.01529548447151718
  0.01537881836749416  0.01545986068491682  0.01554019795783896  0.01562030807729400
  0.01570101360387518  0.01577995896707696  0.01585700167005690  0.01593500061835429
  0.01601057153870459  0.01608636934108504  0.01615913178413118  0.01622575811163642
  0.01630695783942022  0.01638979055915452  0.01647195837513922  0.01655351163728812
  0.01663698116404682  0.01672376438257051  0.01681230336662458  0.01690145173472644
  0.01698943869410461  0.01707373190257320  0.01716142762669500  0.01725266189625936
  0.01734749603639445  0.01744705891064009  0.01755118983622158  0.01765800373509644
  0.01776569808425949  0.01787457805781639  0.01798749656309267  0.01810785459810929
  0.01823220374598310  0.01835714541127284  0.01848336749109220  0.01860949206370382
  0.01873705646078773  0.01886975232869823  0.01901209289161793  0.01916251603737821
  0.01931682939923662  0.01947564011472623  0.01964115436829490  0.01981362132714408
  0.01999002612505468  0.02017567896197194  0.02037048685877483  0.02056964659241682
  0.02077967929418117  0.02100723571894922  0.02124619969468840  0.02150204896848753
  0.02176694921686752  0.02204528032127744  0.02231834252265752  0.02259609283743513
  0.02287587532705253  0.02317278896452551  0.02349807644226526  0.02384756313450953
  0.02422866453320430  0.02464587419652396  0.02508257477539415  0.02553780077266106
  0.02603781040514851  0.02658436532382441  0.02717309682712391  0.02781314184856274
  0.02850538510101124  0.02927511977834322  0.03010872386360805  0.03100024911172747
  0.03197444495959347  0.03307419343372166  0.03434642421691620  0.03582473833954984
  0.03750885691952288  0.03940526567304545  0.04170455963607394  0.04428911020703810
  0.04724197713756365  0.05102246216915201  0.05607239869469090  0.06374864272226961
  0.07482072396613526  0.09849052978633742  0.66656512187031625  1.00000000000000000
  0.05811313567399500  0.06319832247188763  0.06513913913852351  0.06690758440093066
  0.06841034259083983  0.06976237232654348  0.07100542466235850  0.07225909797297300
  0.07345533520033548  0.07462695333855078  0.07578781783026059  0.07693502877142064
  0.07806853359250940  0.07920438821834258  0.08029193762692301  0.08136887959493735
  0.08242949035138818  0.08350112239276403  0.08455727601169674  0.08558587288074414
  0.08657809512799455  0.08757229789623330  0.08855692408854411  0.08949635819906061
  0.09041945243643587  0.09136112305602072  0.09233174481796015  0.09330891678754902
  0.09427209757554829  0.09522007155857067  0.09618057164496524  0.09712345033255135
  0.09805038753311041  0.09903913132553234  0.10005859432193741  0.10109521236007371
  0.10216413389504768  0.10325745339513413  0.10433864979468618  0.10540046404641719
  0.10646589816783464  0.10753666984899368  0.10861640458652330  0.10970274303937969
  0.11085965717015067  0.11200448733564169  0.11322589534730673  0.11443936460882674
  0.11564676718984901  0.11686615297925022  0.11807785386418224  0.11928018099965884
  0.12054359295196314  0.12189980498365993  0.12330562524935475  0.12473439266410510
  0.12618506060628587  0.12768922790758644  0.12921042874597416  0.13072071502608296
  0.13229295354720927  0.13386316354033617  0.13554091404046437  0.13724973584016883
  0.13906878069552181  0.14096199400050047  0.14284932599443645  0.14471727728389749
  0.14663228641255727  0.14866839021139705  0.15083320975684311  0.15312659539667153
  0.15539691410675135  0.15785656998526160  0.16052419307135174  0.16316983319615888
  0.16580692677592213  0.16857828037123765  0.17170582956798189  0.17508860209281174
  0.17832063960235886  0.18148443524220786  0.18492472270993510  0.18892927705389520
  0.19354312568029300  0.19854855092640183  0.20372621981539082  0.20932148320800717
  0.21592126455373339  0.22364354428225042  0.23232255807500729  0.24184117333702171
  0.25345272416497988  0.26956185060341176  0.30110772621193599  1.00000000000000000
  0.00020068819908089  0.00030850732464755  0.00035901641286231  0.00038637590553771
  0.00041927807590937  0.00045557158066989  0.00049145685089533  0.00052570892613813
  0.00055691766143913  0.00058628292713340  0.00061645035663734  0.00064691038095119
  0.00067747269081237  0.00070827776648568  0.00073943050640776  0.00077042275588564
  0.00080233844166835  0.00083567746815609  0.00086916173998632  0.00090212063747221
  0.00093561457095388  0.00096952303064048  0.00100370534332889  0.00103679133800517
  0.00106899663951257  0.00110068609033058  0.00113256732841697  0.00116507994157689
  0.00119920623646420  0.00123687222565681  0.00127697098707451  0.00131842276543579
  0.00136437105411883  0.00141271167082869  0.00146341329973935  0.00151299308406334
  0.00156370180973412  0.00161571359564748  0.00166899826157147  0.00172383455499536
  0.00178350557982613  0.00184795370759898  0.00191365922853650  0.00197869098140722
  0.00205015262719312  0.00212485530038389  0.00220267629743094  0.00228421147279263
  0.00237016315258825  0.00246227642332734  0.00256084967726029  0.00266328615161945
  0.00276552454612709  0.00286738373551338  0.00297810112291712  0.00309437705091291
  0.00321800690806133  0.00334615617568705  0.00347684997704266  0.00361359790885095
  0.00376416854905152  0.00392251518041287  0.00409197100741765  0.00426660219229230
  0.00444877216721940  0.00464230782323913  0.00484470720100333  0.00506487948665353
  0.00529583954894876  0.00555776148311416  0.00583174044800575  0.00614970018956280
  0.00650030063579879  0.00688554747757828  0.00730222703819858  0.00778493207388776
  0.00832613677447572  0.00892128858830430  0.00958116774214161  0.01032747141654595
  0.01116824129095884  0.01210392641478604  0.01311897405205387  0.01427331428949146
  0.01557174898051488  0.01706726194675006  0.01883288766386725  0.02106375139806544
  0.02419126103685523  0.02845837525771729  0.03412634311133932  0.04232417536646354
  0.05609644296749567  0.09092179958561535  0.60563118580891850  1.00000000000000000
 -0.00490390538467937  0.02088587591534206  0.04095370192349106  0.06237027932001205
  0.08183487052629503  0.10072417543575753  0.11859103432144640  0.13626509134310624
  0.15304139216012666  0.16913747914671179  0.18451843697377646  0.19945380286374417
  0.21444402942630220  0.22877008976806107  0.24099917365996495  0.25266270203308583
  0.26467031813519004  0.27740826237809668  0.28954803607478707  0.30162941703840274
  0.31292945844043252  0.32388825440987973  0.33463037913633503  0.34538632434346178
  0.35656408607717482  0.36785975279012079  0.37895034942974515  0.38952185952670693
  0.39947822612432410  0.40928338860851587  0.41901154475897301  0.42907501043240520
  0.43891593992791295  0.44901110060243038  0.45889586235180324  0.46829290020745229
  0.47759378401665731  0.48655911512320743  0.49559150146633091  0.50451254300014259
  0.51359984115888480  0.52275488976700124  0.53191382770865325  0.54082784717574894
  0.54969975911846436  0.55867128694265966  0.56801717563284038  0.57791608675722717
  0.58762101701820202  0.59741627209915615  0.60682011726797425  0.61567397765657528
  0.62436723773980352  0.63267616434473894  0.64150899142290940  0.65008449958059211
  0.65861993755075732  0.66642964164630747  0.67484125407982720  0.68313315801217367
  0.69147414887989267  0.69956195887999939  0.70760462185208284  0.71585470412487950
  0.72414246538482885  0.73233092028684466  0.74035894883421960  0.74811293609449236
  0.75645061397735414  0.76482862024089582  0.77249567799131880  0.77952404462408698
  0.78632024373682097  0.79365665506492122  0.80138465269877834  0.80901478483532496
  0.81651636366319857  0.82408905039344937  0.83231966433707127  0.84151572034533284
  0.85099537312377993  0.86005055082967918  0.86873353691108268  0.87746246976644582
  0.88655853972398535  0.89623212212025194  0.90618750566070183  0.91620880002062122
  0.92628627916498008  0.93668309138191397  0.94694706795878880  0.95706877626021103
  0.96661100616190698  0.97684906621934631  0.98749988221546803  1.00000000000000000
 -0.00252699601748426  0.00977392161413490  0.01991092430598078  0.03119499586577243
  0.04260715395191924  0.05410407914460758  0.06538467820880799  0.07602213346800867
  0.08594497036312766  0.09541436986484986  0.10508585322010493  0.11561109743367377
  0.12621972805576662  0.13645638702707699  0.14628593094112335  0.15602747662948410
  0.16587330092900757  0.17615243759289798  0.18689928412360526  0.19787812519895831
  0.20844687192567432  0.21787946354009449  0.22745068372526950  0.23721360401808783
  0.24737152215374564  0.25760590447300630  0.26819150706315059  0.27937828072101739
  0.29041904722215400  0.30126639312791237  0.31202221572109101  0.32337119368440842
  0.33498163224052080  0.34391572795487657  0.35434766806320700  0.36444055933118114
  0.37468474477313868  0.38409444249408314  0.39375929384342512  0.40437559242021270
  0.41570594088269186  0.42677428160218905  0.43754437967297288  0.44840354112863107
  0.45951894742464267  0.47036369956693996  0.48073881311733913  0.49054078939240386
  0.50081549626945077  0.51120535265824341  0.52137050106733496  0.53144205253873456
  0.54208081948743825  0.55351160630888019  0.56492723640272302  0.57611162095962576
  0.58754532282771177  0.59938386006328170  0.61123047064111435  0.62251851669590519
  0.63341338164295879  0.64412432677673981  0.65437991949776475  0.66443886034668365
  0.67415066111539146  0.68439793333763921  0.69433649414531395  0.70406086649481447
  0.71371276722560806  0.72346258517297446  0.73360508513979927  0.74405495059811422
  0.75484568703335420  0.76711972545340645  0.77792315572021986  0.78813889049190400
  0.79817382739551723  0.80778051507060167  0.81739505975645010  0.82696995820860342
  0.83696792892152427  0.84748422188242878  0.85797584480581601  0.86835269023119721
  0.87862642949849612  0.88910738957675173  0.90016443531735757  0.91179502223660480
  0.92367492346634628  0.93528475592097682  0.94663628357697749  0.95753809011585211
  0.96812529640648348  0.97863962395358250  0.98933285280220806  1.00000000000000000
 -0.00227628520083618  0.00917306251872602  0.01867581472700105  0.02884719485677012
  0.03926438110945993  0.05025562425931470  0.06154660333511743  0.07306892137882666
  0.08517125404787118  0.09770149435894740  0.11041287562468537  0.12270807256850993
  0.13444971201122011  0.14664918484409772  0.15871254243441071  0.17010870683330220
  0.18139347511286188  0.19378215795850579  0.20638930862771890  0.21818519543157447
  0.22897651769337707  0.23998087753180819  0.25120645026175953  0.26275950174148582
  0.27477416263053617  0.28791737482993141  0.30121427595842315  0.31385040118447061
  0.32582681405109321  0.33741452407458156  0.34938767118404401  0.36208930199827721
  0.37525821453782016  0.38818260674896182  0.40084608438357150  0.41331834925976213
  0.42554313812011374  0.43755045125132502  0.44947097372249922  0.46124521261917156
  0.47280466233695612  0.48435173416074068  0.49586458016240315  0.50726654790167713
  0.51855342502188861  0.52958099167582007  0.54029406388163215  0.55089797968096577
  0.56157163148113909  0.57236524960514001  0.58321358792169442  0.59420868085608214
  0.60501209471650363  0.61518626322070191  0.62493614859813140  0.63497104287069228
  0.64539549351437631  0.65597546549638153  0.66676363423448359  0.67790051806573537
  0.68857441153200238  0.69839680197121634  0.70796497627475508  0.71706522840576370
  0.72627346660030334  0.73545528022537998  0.74403151562022674  0.75242203939862273
  0.76138685158583830  0.77070927602542905  0.78054606650004221  0.78955261203869598
  0.79930526145574854  0.80906133679681436  0.81867176891815274  0.82792008902017733
  0.83714221618081974  0.84666805415621638  0.85634292038101001  0.86620966450581094
  0.87584344527239666  0.88516167340025820  0.89392268422968257  0.90217040358535805
  0.91038337614434517  0.91861563545860281  0.92670986978964920  0.93463042586648470
  0.94239086077408818  0.95013994358184806  0.95799011747714025  0.96620651976155436
  0.97476039288698746  0.98327219954862310  0.99173029002052115  1.00000000000000000
 -0.00251461986213485  0.00944684170508268  0.02043010444464857  0.03128437945101671
  0.04203594461290813  0.05200603945293680  0.06186892288308253  0.07224937635862683
  0.08234536638048444  0.09303394138714012  0.10397816412720448  0.11472059584086680
  0.12627950196649648  0.13789140648176326  0.14921405150177772  0.15975818893843091
  0.16994409643659078  0.18026345724157719  0.19047402811226272  0.20084587930020961
  0.21197116547190306  0.22349215203660605  0.23438627744904805  0.24460455829212133
  0.25459808519541899  0.26456966100666562  0.27467216197348077  0.28510920929099665
  0.29614455813125029  0.30813066727610289  0.31978848650561637  0.33129252783836161
  0.34352173455135993  0.35520320229680319  0.36581559801759700  0.37565878436036992
  0.38501923999344201  0.39462802757532001  0.40487747907614979  0.41572181057013208
  0.42662799457390227  0.43754279322956907  0.44865501762174248  0.45922103803059411
  0.46908208691293918  0.47882955033259750  0.48879902346909970  0.49841753787876963
  0.50753506624969036  0.51649147802812145  0.52624999772234515  0.53671867388390682
  0.54711648537261148  0.55763513942300014  0.56800338650971316  0.57846967722422338
  0.58961938187427598  0.60105192881621117  0.61235927758143660  0.62285051094210242
  0.63366853010300295  0.64422490293962409  0.65457296413333155  0.66481975137858018
  0.67516063013145822  0.68597539704756283  0.69739998781179846  0.70845301727150756
  0.71900303730641579  0.72913285818081741  0.73926326653688812  0.74940898147063706
  0.76020387459987526  0.77148457389389458  0.78295461767083341  0.79382949344850906
  0.80426428751394452  0.81478042363591308  0.82523504546376025  0.83528205067360306
  0.84522234085668391  0.85544080327422956  0.86583321400194535  0.87580502553996420
  0.88525472684786777  0.89502925344986217  0.90558898953057076  0.91621755796629201
  0.92748202459211482  0.93818926326319096  0.95185180165459127  0.96266981429582210
  0.97227675462321217  0.98144914797231464  0.99059940160434212  1.00000000000000000
 -0.00212875073013978  0.00864708033564218  0.01913796854846259  0.02971161924313214
  0.04106342100731585  0.05242563941184616  0.06308347862539009  0.07340100911182042
  0.08375453943756808  0.09444899210252672  0.10489410262362045  0.11474763029334789
  0.12464401741422933  0.13477145966606624  0.14460097157871762  0.15443588279083648
  0.16373966434076179  0.17448834441434172  0.18576320422566409  0.19729058127998164
  0.20879834413502310  0.21893214696980098  0.22906307534497103  0.23965546763684528
  0.25086354805519262  0.26190567293315065  0.27318106540515485  0.28451600945874589
  0.29529535563058573  0.30594311500997301  0.31695586294784217  0.32791611428669504
  0.33855813435209697  0.34884152261824186  0.35989862707555420  0.37080943491642548
  0.38168435834249836  0.39265284360542657  0.40386133381986039  0.41553189563626342
  0.42654229217264361  0.43714539912497885  0.44691068561080044  0.45664885122701182
  0.46671402478876151  0.47690649035131238  0.48691745980081247  0.49703624090495613
  0.50756607611377180  0.51843816010273536  0.52789874380835522  0.53744080260815386
  0.54683644110519924  0.55661228215454872  0.56610862355693292  0.57567854506863436
  0.58560682563097699  0.59609769321838357  0.60626933621432888  0.61605324790605254
  0.62653788251032150  0.63754543757597748  0.64811121357002699  0.65798381965477704
  0.66784675562171936  0.67803346745668758  0.68837918910870877  0.69902527752898103
  0.70972665161401227  0.72016349965221160  0.73068813812551636  0.74164994471627432
  0.75294329986242847  0.76423475326867574  0.77523948457337288  0.78603983916244902
  0.79655209629109625  0.80682012848612783  0.81729445735095074  0.82795570733162260
  0.83830418524874162  0.84843407349371713  0.85893327218566506  0.87007127955955377
  0.88179221713518430  0.89374112663465810  0.90568634437696560  0.91739057958643522
  0.92624377221979415  0.93573330067335203  0.94544137121026506  0.95526546025908599
  0.96477846006433254  0.97436366986937595  0.98595043441970998  1.00000000000000000
  0.11721254903859801  0.16195314869917193  0.18329116381116428  0.20201835324174977
  0.22035480669265758  0.23762054181404654  0.25260937828679136  0.26613236860745609
  0.27844013400266365  0.28947243978199017  0.29871572788412643  0.30706660035903366
  0.31547944320673138  0.32403281473541601  0.33228007752854238  0.33978710698380543
  0.34673684003798544  0.35342584754115397  0.35984930293866502  0.36621266568860483
  0.37239763421085292  0.37830505995696828  0.38401841590521008  0.38958718636372580
  0.39528994932276235  0.40136702802917368  0.40740670113961908  0.41328574374068128
  0.41895253242724312  0.42436802895429160  0.42979538682778767  0.43503339215077813
  0.43986703102054636  0.44481234903283151  0.44956589960489873  0.45428383949057066
  0.45894320494209739  0.46334602451275664  0.46793715163227967  0.47261347249431745
  0.47732868044777349  0.48178767833121955  0.48601768520400873  0.49024881223478212
  0.49438558201773747  0.49843198659086019  0.50266867427842044  0.50720771585380997
  0.51182290588323531  0.51635707031625533  0.52087914812358738  0.52540232106984408
  0.52997275994274318  0.53450256204829549  0.53894051518098307  0.54334474522147269
  0.54782945714999609  0.55239021258515020  0.55707199454901124  0.56201410375064920
  0.56711175702796668  0.57220290501658333  0.57711033054920524  0.58188058091143058
  0.58679978646177799  0.59178988608426564  0.59677011434269389  0.60176712233591112
  0.60692636830016033  0.61239036257764257  0.61811269512963474  0.62398865084632715
  0.62994682739319463  0.63597944088586400  0.64201724696869311  0.64808241840961822
  0.65431062945262430  0.66061583938636670  0.66695718632833700  0.67324369691928965
  0.67973180966049840  0.68638593503705692  0.69326507294497564  0.70031502407147805
  0.70772208101421585  0.71532684933805812  0.72296678212617682  0.73102416282550819
  0.74006949845999415  0.75014022583499551  0.76184515624002513  0.77548825750098838
  0.79231127395198231  0.81314021425441652  0.84902937055816652  1.00000000000000000
 -0.03194339504077353  0.15808322755412754  0.20069746040597228  0.22551436109046696
  0.24416006334159526  0.26008716470998750  0.27401221376068463  0.28649873178208057
  0.29771073532270598  0.30761575008741776  0.31653882116453314  0.32480187492085272
  0.33272047099085350  0.34023327542671356  0.34731328553153296  0.35389088761493959
  0.36000808754977848  0.36577965468243895  0.37140719191601340  0.37696196196275267
  0.38216416223345373  0.38734170815551411  0.39244072956031140  0.39750749172176852
  0.40254094887238828  0.40767375141122136  0.41279025993949831  0.41756132756462283
  0.42197319835013819  0.42618014482746647  0.43029994070405320  0.43449771848804619
  0.43876260267689038  0.44290314145629023  0.44694872650268630  0.45098873545350554
  0.45501671982865183  0.45900985847816611  0.46295012426513277  0.46674050020301333
  0.47039869594547973  0.47416941535108142  0.47796560853633879  0.48170812302531985
  0.48577375739297801  0.48977970226582224  0.49369520593222838  0.49759637535942136
  0.50156466655766241  0.50557169466994001  0.50951978798320696  0.51357351089882242
  0.51775211901281726  0.52197690763572513  0.52622777716810565  0.53053040055746281
  0.53495340232485400  0.53948334615177884  0.54385835805141147  0.54784211813522987
  0.55165315856364350  0.55541243919842409  0.55921664649787983  0.56316509348324795
  0.56723984874300803  0.57135017676836297  0.57546681163627422  0.57974050232785868
  0.58424073584679670  0.58905618921668756  0.59371419002405956  0.59830280411669201
  0.60288010069874520  0.60791983884633971  0.61326186579535857  0.61861716068532735
  0.62392828495810360  0.62963181195178430  0.63572655097679243  0.64202288364848137
  0.64846871334044165  0.65500702017520818  0.66178258930819933  0.66908954091851480
  0.67688832968215906  0.68516734897405218  0.69377686925229443  0.70278426157489038
  0.71270292641017163  0.72409732461257781  0.73686678185120003  0.75167954950101201
  0.76952813942252185  0.79590820310957500  0.83990709136561448  1.00000000000000000
   4.1689425573477267E-010  -1.0000000000000000     
 T T T T T T T T T T T T T T T T T T T T T T T T T T T T T T T T T T T T T T T T T T T T T T T T T T T T T T T T T T T T T T T T F F F F F F F F F F F F F F F F F F F F F F F F F F F F F F F F F F F F F F F F F F F F F F F F F F F F F F F F F F F F F F F F
  <DiscreteSampler_grid>
  grouped_processes
  1 # 1 for a reference and 2 for a running grid.
  10 # Attribute 'min_bin_probing_points' of the grid.
  1 # Attribute 'grid_mode' of the grid. 1=='default',2=='initialization'
  0.0000000000000000 # Attribute 'small_contrib_threshold' of the grid.
  0.5000000000000000 # Attribute 'damping_power' of the grid.
 # binID   n_entries weight   weight_sqr   abs_weight
    10   10   8.516812314235720E+001   5.312896982934813E+004   8.516812314235720E+001
    16   10   8.516812314235719E+001   5.312896982934807E+004   8.516812314235719E+001
    22   10   8.516812314235726E+001   5.312896982934817E+004   8.516812314235726E+001
    28   10   8.516812314235720E+001   5.312896982934813E+004   8.516812314235720E+001
  </DiscreteSampler_grid>
