  0.05294790361762683  0.05429981319782969  0.05497910437459075  0.05570914119604307
  0.05637276775467173  0.05700472431459279  0.05761333947519599  0.05820783810726640
  0.05880183816101921  0.05940067301488525  0.05999247160329970  0.06056476249885123
  0.06115353972643252  0.06176434934259856  0.06238300676678098  0.06300986284907835
  0.06365066224600811  0.06429571694891847  0.06494293964772874  0.06559282320517348
  0.06624417651389866  0.06689580869421760  0.06754882549548613  0.06820793773060747
  0.06887294051139127  0.06954455539681914  0.07020834095449502  0.07087808232701884
  0.07154491672833929  0.07221089427213565  0.07289879741062900  0.07359232327901442
  0.07429616574833105  0.07503182222433954  0.07579142530985761  0.07656801227992434
  0.07734514454166171  0.07816024930185773  0.07898825787083852  0.07982101250307307
  0.08067235221612316  0.08151893422972931  0.08237352310355393  0.08321589241994574
  0.08405477322430212  0.08491478935604317  0.08579350282463717  0.08668240274795926
  0.08759783320443319  0.08854311322860714  0.08952714239324031  0.09055528113326747
  0.09157541761683868  0.09257264793784706  0.09356877833799002  0.09458516300687819
  0.09561565105885209  0.09667468807964637  0.09776148912046108  0.09889102491916132
  0.09999786506461950  0.10110993803113578  0.10227785065079549  0.10350293992793397
  0.10475901756745246  0.10609251832467013  0.10745588152900008  0.10891726661377832
  0.11042523814965448  0.11207674301173404  0.11373966677331022  0.11547227122652760
  0.11726149510692956  0.11916752002798378  0.12122844029554046  0.12350904388705217
  0.12586851130819449  0.12820918660849293  0.13053577262553212  0.13288135598728334
  0.13537629287469061  0.13816113044096054  0.14134473214478760  0.14448665259453686
  0.14761780709216138  0.15094677576627619  0.15497325738407774  0.15989547533932144
  0.16563708917699263  0.17203847753629747  0.17907280879439899  0.18742724867796337
  0.19733160988559423  0.21301553689821512  0.31002766083796718  1.00000000000000000
  0.00021723384816305  0.00035539604320564  0.00042134242133612  0.00047728286653875
  0.00053023981637311  0.00058191220712936  0.00063701742602392  0.00069165240199668
  0.00074339952576629  0.00079244377870792  0.00084285776733493  0.00089596331413699
  0.00095103541154979  0.00100772269854042  0.00106725853315707  0.00112580398731665
  0.00118372944504243  0.00124236017832893  0.00129986065768254  0.00135595423569197
  0.00141198397216483  0.00146851572569360  0.00152673945996307  0.00158736990480666
  0.00165057863365563  0.00171578541731217  0.00178256559935525  0.00185255144919641
  0.00192690299127093  0.00200431635408390  0.00208260658800286  0.00216281573217972
  0.00224313529106971  0.00232493569647021  0.00240973485997693  0.00249804415453205
  0.00258868088077429  0.00268090022092731  0.00277467327812142  0.00287032370256777
  0.00296870114779308  0.00307114135563277  0.00317864583104449  0.00329201321308991
  0.00341064105238734  0.00353162441106777  0.00365398166266509  0.00377961279732160
  0.00390955912169765  0.00404671843114149  0.00419637298604793  0.00435200928067847
  0.00451944836993033  0.00469014352286706  0.00486719138820578  0.00505577237576814
  0.00524925051294543  0.00545843344255632  0.00567479494252921  0.00590486535263147
  0.00614372203801400  0.00640129470285418  0.00667691474135673  0.00697167945612739
  0.00727562163587812  0.00759214634898502  0.00791824318864450  0.00826602081747953
  0.00863943034599237  0.00903824240285661  0.00946879554606733  0.00992678008556905
  0.01043201523329436  0.01097627325820982  0.01156953044256008  0.01219658308461146
  0.01287142350210403  0.01360098207542527  0.01441041658239744  0.01531276914813099
  0.01633492731571941  0.01747798789735495  0.01869218585999406  0.01998536050428259
  0.02139376099373897  0.02301027037910533  0.02496327704545409  0.02725008094802939
  0.02981829261752933  0.03289229982072858  0.03688405797998340  0.04233545814067678
  0.05047662939454019  0.06463322624048111  0.13093272160154978  1.00000000000000000
  0.00018373545760913  0.00030518044752796  0.00038802452790153  0.00043903043446483
  0.00050087438844275  0.00056025724416665  0.00061979659841076  0.00067687349737393
  0.00072840135524873  0.00077781421051086  0.00082758136599692  0.00087883067197821
  0.00093197644973101  0.00098750556805525  0.00104495578414085  0.00110335746610779
  0.00116387707423556  0.00122495869435503  0.00128674629469192  0.00134880503010887
  0.00141221451959289  0.00147728496502036  0.00154433403360010  0.00161325953789625
  0.00168305970550015  0.00175273015656646  0.00182428287387082  0.00189858150990773
  0.00197476099196927  0.00205253963162159  0.00212916785065719  0.00220705396481289
  0.00228711933513853  0.00236952606858183  0.00245505991505436  0.00254412489598853
  0.00263255444826034  0.00272959874177773  0.00283554321637892  0.00294339841560557
  0.00305029636065893  0.00315555637942525  0.00326243585220459  0.00337614449181368
  0.00349556542950145  0.00361962895101480  0.00374649796039380  0.00387612981435146
  0.00401636358198467  0.00416483262827072  0.00431962912382356  0.00448297132205956
  0.00465297186629157  0.00482626868911575  0.00500967118289396  0.00519568346877051
  0.00539736359472207  0.00561805848322832  0.00585767432637152  0.00610832001651952
  0.00636883866514438  0.00664026398669354  0.00692263041848097  0.00722397808000655
  0.00755252836820212  0.00791631594350973  0.00831102935932040  0.00873310470533450
  0.00918415898799892  0.00967787711057807  0.01021086664249542  0.01078819703197701
  0.01141006223250695  0.01208343859467617  0.01280998648901103  0.01359797153852355
  0.01444218973127606  0.01533219482385592  0.01626600476100416  0.01726321253611279
  0.01837642790679692  0.01963220854444443  0.02101031037418393  0.02247432641543382
  0.02406000318729537  0.02577868687104046  0.02779549615181666  0.03034163433280934
  0.03336742720573174  0.03678040144695828  0.04066176002932491  0.04546790621713457
  0.05172939312035264  0.06059939119422882  0.69237038341173451  1.00000000000000000
 -0.00944380612438031  0.04729078613940607  0.08850821554676749  0.11918576284863285
  0.14348533485606502  0.16401364220618445  0.18288722826002959  0.20090584259218336
  0.21739161111682440  0.23208187041007594  0.24539617754306664  0.25745367319617013
  0.26831552547396287  0.27850129381759076  0.28823547934093824  0.29765465012303516
  0.30678395934359065  0.31544605065163378  0.32364183196731411  0.33131164670441154
  0.33867408586952186  0.34578275120930774  0.35280062107729787  0.35972662692864893
  0.36648482678430788  0.37291540045127869  0.37907385820803829  0.38514446695707710
  0.39127922428828144  0.39741352782835088  0.40334678045849331  0.40912895874168581
  0.41482009741609255  0.42036041410157227  0.42581566284528882  0.43126780700963030
  0.43672751820903777  0.44215363883102676  0.44752375549788859  0.45287338288731288
  0.45822718511822319  0.46351768467767862  0.46869394268680059  0.47377308749718550
  0.47882316416284720  0.48404703105169128  0.48955426252099138  0.49495435273574256
  0.50021880711471334  0.50557818644816743  0.51101159228357518  0.51637880491687904
  0.52165069638992811  0.52682136241955480  0.53197218574601179  0.53725508181530346
  0.54270119101758407  0.54814403828526725  0.55348429244795860  0.55879986509094515
  0.56418425178735232  0.56964942462886747  0.57517085659770295  0.58077030153429987
  0.58660397025768662  0.59277833528500723  0.59923630496865277  0.60591210358290248
  0.61278536466912481  0.61964213535361279  0.62633375964304949  0.63294716473458379
  0.63976412053247411  0.64661207911456997  0.65379457451306944  0.66132421325670043
  0.66901807016826886  0.67672139117522578  0.68461621610717938  0.69305029115362715
  0.70211812852321087  0.71197979577630266  0.72265634433420456  0.73337825020485181
  0.74419708541918206  0.75575309662065104  0.76941896319238112  0.78365168615043523
  0.79994760247585894  0.81762547924025286  0.83715344546172554  0.85904741237565674
  0.88307654704120153  0.91148385691032430  0.94912765077055794  1.00000000000000000
 -0.00214171288385627  0.00885891257672788  0.01860508390073915  0.02900689435211887
  0.03945927076186836  0.05047144388578109  0.06133011727941591  0.07176064952352326
  0.08202256939400651  0.09266207696786988  0.10341711890577457  0.11411911110725047
  0.12499975995496514  0.13574168720539714  0.14672488803176065  0.15612375336251710
  0.16688210153515959  0.17784339467599514  0.18859935776654096  0.19856591975358612
  0.20873587174667341  0.21891042531946955  0.22928713583258920  0.23974305557332903
  0.24998808029153261  0.26045013467702699  0.27061026708696873  0.28154113148091120
  0.29282169907696481  0.30451214206832045  0.31642218448361781  0.32830811206358362
  0.34003275267542754  0.35132079201096011  0.36191704055005602  0.37214866409386410
  0.38246996217934198  0.39281528700151397  0.40309524860096613  0.41337223830716124
  0.42419055300742159  0.43499582238348289  0.44527029388102263  0.45514209832004704
  0.46509398542945452  0.47516938843784934  0.48535246973835333  0.49531707105429013
  0.50531483163902191  0.51538701455756608  0.52504624222176943  0.53449006914044950
  0.54425260743222115  0.55428837784006246  0.56428037558752342  0.57427720583803843
  0.58441526454521620  0.59470289815986599  0.60512770629811552  0.61573743504413536
  0.62646165293103817  0.63714618623660924  0.64784347910476192  0.65859763611650257
  0.66931069414540090  0.67994062745314687  0.69040408966311684  0.70060117240617603
  0.71075367445515358  0.72117640400529215  0.73221525557671086  0.74357834034778880
  0.75489910314212372  0.76599491944364284  0.77689021374942757  0.78773054499889672
  0.79836995184017012  0.80856095271184136  0.81854961001384741  0.82857189164496314
  0.83869520143351295  0.84877016975164565  0.85890137130905986  0.86930940096890286
  0.87996285677982866  0.89090521957471580  0.90196504244392439  0.91308286456225096
  0.92418656041657210  0.93494325086807772  0.94643279401405789  0.95758897714185554
  0.96814133592845175  0.97864797469968623  0.98918497425237917  1.00000000000000000
 -0.00204148453351968  0.00899546037211371  0.01840612401938008  0.02804048840315244
  0.03810020224930559  0.04858238212796002  0.05943595982628978  0.07002442040358330
  0.08034525389254249  0.09042443750303820  0.10059814692448157  0.11144929710705469
  0.12232310318114628  0.13312147999309212  0.14342717088198648  0.15436783765421802
  0.16528702325705472  0.17640054398520444  0.18718690027892773  0.19801994995001734
  0.20866763512761732  0.21875480312926657  0.22935215209463622  0.24028060304170401
  0.25213537864014646  0.26309866292907363  0.27371596367010581  0.28408856239772795
  0.29425539913571569  0.30409645259206503  0.31429637951061024  0.32502267361759951
  0.33562399086410416  0.34620535396811508  0.35692254220111924  0.36796090475498666
  0.37866582020641165  0.38935494492391765  0.40024306937438164  0.41099413876232066
  0.42134758048412591  0.43148141915943511  0.44189974730529546  0.45197366056258809
  0.46244693124071312  0.47289283634120366  0.48367500825549942  0.49401134113887457
  0.50441382296685011  0.51503080259396916  0.52554561469596872  0.53582610390241425
  0.54654365152435569  0.55703292467367738  0.56760378720963833  0.57817202473202689
  0.58882969577805422  0.59933227292569857  0.61024960272640749  0.62101469220480299
  0.63119785364459646  0.64177252967158871  0.65213300343162139  0.66235025178032148
  0.67217119973532891  0.68220783843087540  0.69287557935798494  0.70366768578432548
  0.71462490534252443  0.72567590081151645  0.73648044396830270  0.74719707599931251
  0.75801802241218352  0.76857996669334250  0.77929671806854606  0.79004117301401489
  0.80140932287785305  0.81264699588735934  0.82347257517409667  0.83363520136306923
  0.84369088952814442  0.85417824434144340  0.86504648065030532  0.87611901500760359
  0.88695089977185404  0.89730103573850761  0.90725026055756330  0.91729119643527257
  0.92783232948513861  0.93856311144062377  0.94936578670359950  0.95988833544115693
  0.97010932683265905  0.97990762870499049  0.98995031985214277  1.00000000000000000
  0.05970244953482516  0.06046190299676642  0.06107909821005893  0.06167162135801593
  0.06245333624837895  0.06356027167116196  0.06468315469870900  0.06579746823475860
  0.06689211040344865  0.06800964438252610  0.06911873704362032  0.07022271421453330
  0.07131759294484034  0.07241114914278672  0.07350479335586051  0.07459140444091472
  0.07568349947839093  0.07676724606091710  0.07784357251501449  0.07894565020156891
  0.08003498215647904  0.08112258786139843  0.08222466243574272  0.08334162705498804
  0.08449088061915253  0.08563460689980579  0.08680446008934908  0.08796251723990378
  0.08910506209448062  0.09026219159757069  0.09142445086860686  0.09259729520489816
  0.09377198109573960  0.09493143680250797  0.09609414995433765  0.09726002396660026
  0.09844968926405427  0.09966189975264027  0.10090348600627740  0.10216584369488622
  0.10339093081582010  0.10463147125083312  0.10593280158384857  0.10725100494078296
  0.10858085180525974  0.10992267550755454  0.11131468675091311  0.11276120338565575
  0.11422264727865897  0.11568557577399473  0.11717856227869811  0.11868718940395884
  0.12022929805764530  0.12180622582774005  0.12340864748572908  0.12506319427757673
  0.12677778382964244  0.12858346887335750  0.13036481859559620  0.13216338977060726
  0.13399362045356222  0.13587055743010576  0.13781965714230113  0.13980448981856802
  0.14185540296314389  0.14398603246921438  0.14625764626265433  0.14862861826184892
  0.15105922160421148  0.15348940264338665  0.15594434138907495  0.15845413316754217
  0.16104792530217923  0.16370174209525612  0.16651647463403393  0.16957357952157526
  0.17278234285154739  0.17601277746513969  0.17937634380371364  0.18292781294877747
  0.18681314048086467  0.19125359834326233  0.19603505328573520  0.20094419936277244
  0.20619935456981361  0.21210744427427955  0.21884253930565009  0.22535777825924969
  0.23257808327374971  0.24101563275843327  0.25108214348396235  0.26160419580008110
  0.27498169398211408  0.29772209694063861  0.35442281142172682  1.00000000000000000
 -0.00198102828675012  0.00787783307148010  0.01690442610107421  0.02657460212086202
  0.03607926730242275  0.04543336636899364  0.05444803054112868  0.06386024619054349
  0.07336855563964734  0.08261433600943341  0.09218688844556670  0.10231616271982981
  0.11310691387500546  0.12396616008951167  0.13492590779743280  0.14554370278809148
  0.15598395758733133  0.16620466284671423  0.17634129424451198  0.18653385570862652
  0.19693866969172433  0.20745812920116136  0.21795864995546727  0.22828804330968216
  0.23818597753355655  0.24787265088360530  0.25753819712834419  0.26731166001368178
  0.27716435291793451  0.28716959243934165  0.29776337597693114  0.30885385632851681
  0.31978580673755902  0.33029121134164607  0.34073991495202716  0.35171243202141711
  0.36330165046215229  0.37483338442854891  0.38636087781500100  0.39779670534866191
  0.41013534015460712  0.42184355596804402  0.43356209132551260  0.44526415367531713
  0.45762377390067693  0.47001186387045379  0.48255193530630131  0.49485750394295808
  0.50677864644244852  0.51843069539511377  0.52995273826249856  0.54169211879023127
  0.55368346038215899  0.56616570038065606  0.57853592403528298  0.59071910308644771
  0.60227433067855696  0.61424609464489921  0.62586152513084181  0.63768060871874699
  0.64992006190296570  0.66200568464815890  0.67391193284265205  0.68501072994351697
  0.69617751691518226  0.70708951640979933  0.71779922687581332  0.72848568183483353
  0.73858471310372531  0.74878422792066612  0.75878014040291741  0.76868899198714125
  0.77827178767926619  0.78778903710364434  0.79738270063116978  0.80666379639818420
  0.81567832676414087  0.82493974130586101  0.83446061108602843  0.84398453301265375
  0.85350285518339375  0.86305248121114675  0.87280190038841887  0.88252047771339526
  0.89212228238083968  0.90176921006143029  0.91128123288110896  0.92076993836180399
  0.93020967345508987  0.93994439382125339  0.95010819456721662  0.96039387335259319
  0.97042028093594934  0.98029796307659700  0.98995085796683657  1.00000000000000000
  0.10740767199018475  0.14674533729633338  0.16508380844432094  0.18168929680546142
  0.20186972899517003  0.21699146566770414  0.22826820174335311  0.23858419981721218
  0.24865869263092338  0.25788868730363856  0.26647977411558532  0.27504869968258144
  0.28352568224455316  0.29108216676789900  0.29777457136074464  0.30403345176863478
  0.31051106792056044  0.31705450255839446  0.32356966728910053  0.32995043936945667
  0.33626176707586436  0.34242023156530438  0.34842102776793715  0.35429942603926129
  0.36012172093091155  0.36577002796531582  0.37125207761104262  0.37670806241656390
  0.38212750068069790  0.38771233022249152  0.39328786276523020  0.39867598435595442
  0.40382289078607686  0.40877877200205998  0.41356823232541101  0.41834737096862024
  0.42310866786867868  0.42791623552728458  0.43273557520825917  0.43754424269564551
  0.44238421341490236  0.44715695578363746  0.45188620589641254  0.45663390124385900
  0.46160281162272265  0.46674837801739294  0.47178940622768262  0.47668508781068730
  0.48154672471272397  0.48649163932627970  0.49156526849405002  0.49658182291749114
  0.50154257456936624  0.50629660801927268  0.51122118764420810  0.51625982652189317
  0.52136267701227246  0.52642090484728654  0.53136216565190530  0.53623790211220890
  0.54113225372010265  0.54603491016451822  0.55104452676020332  0.55615387670398153
  0.56134953621068318  0.56662268522404258  0.57199159641958286  0.57742865884505135
  0.58278594707194398  0.58801900103318328  0.59329149798869829  0.59871875895178972
  0.60433547262267506  0.61008617427991507  0.61591369852737721  0.62180884559922289
  0.62773292924846369  0.63390889339871037  0.64020040036936188  0.64668119765809273
  0.65346218115266519  0.66034392263092068  0.66760485842882411  0.67490281072882152
  0.68234707058086808  0.69019788596981513  0.69866014267294752  0.70769483294555025
  0.71736849589887763  0.72796136820386803  0.74028223169214225  0.75479113356662131
  0.77250878037721393  0.79585570859892873  0.83550149761260417  1.00000000000000000
 -0.03736051871332616  0.16800067396102963  0.21255755050864164  0.23785087057065368
  0.25572521635186751  0.27030116026977474  0.28285924283776281  0.29417580348016215
  0.30437556628922940  0.31364205477626506  0.32235736028383277  0.33052572210585912
  0.33822367055057451  0.34531949894472846  0.35207306441410519  0.35835944221287408
  0.36432456906710453  0.37011843730838673  0.37576888288534771  0.38106844381557642
  0.38620491538350399  0.39133940301147979  0.39639128537023505  0.40090976144572033
  0.40541512085457321  0.40987086869466255  0.41404446153420510  0.41821237953771928
  0.42231219383578661  0.42645439441097915  0.43058331500975289  0.43467892188106672
  0.43857693772532957  0.44240338900244802  0.44622549477505785  0.45010551715373870
  0.45395538018445525  0.45791682202999967  0.46196044660724789  0.46596500621510767
  0.46986999362327919  0.47369045526545983  0.47746836359747030  0.48121789955421185
  0.48493351279142582  0.48866998389034627  0.49251479990764985  0.49639083471850703
  0.50024241238877742  0.50434957356404631  0.50817383399831850  0.51195748091729598
  0.51570346552663215  0.51943436362607009  0.52323694999037684  0.52716325843507539
  0.53123002327736868  0.53531338787876348  0.53938605148802110  0.54329823113652842
  0.54724124327575396  0.55128732333367891  0.55543541329439139  0.55975147833485805
  0.56416839839459176  0.56848246743311892  0.57270917311560887  0.57700179750904879
  0.58137593895675543  0.58592957417762803  0.59054519956698992  0.59516181815801661
  0.59975335506768646  0.60437518238358490  0.60915954191597599  0.61413677741222916
  0.61932775495803127  0.62470930828126114  0.63028708750710882  0.63616746971549132
  0.64209784996558306  0.64831631185212335  0.65466727558347348  0.66141257394684483
  0.66875952967430263  0.67675277795870792  0.68524083722161322  0.69412097493985148
  0.70347097496825417  0.71379533140170082  0.72585366604403778  0.74057155549048770
  0.75903939554116384  0.78424459038974492  0.82816050926706608  1.00000000000000000
   1.3245184600626871E-011  -1.0000000000000000     
 F F F F F F F F F F F F F F F F F F F F F F F F F F F F F F F F F F F F F F F F F F F F F F F F F F F F F F F F F F F F F F F F F F F F F F F F F F F F F F F F F F F F F F F F F F F F F F F F F F F F F F F F F F F F F F F F F F F F F F F F F F F F F F F F
  <DiscreteSampler_grid>
  grouped_processes
  1 # 1 for a reference and 2 for a running grid.
  10 # Attribute 'min_bin_probing_points' of the grid.
  1 # Attribute 'grid_mode' of the grid. 1=='default',2=='initialization'
  0.0000000000000000 # Attribute 'small_contrib_threshold' of the grid.
  0.5000000000000000 # Attribute 'damping_power' of the grid.
 # binID   n_entries weight   weight_sqr   abs_weight
    10   10   5.511045534654580E+002   2.796981454137268E+006   5.511045534654580E+002
    16   10   5.511045534653460E+002   2.796981454136082E+006   5.511045534653460E+002
  </DiscreteSampler_grid>
