  0.05316637824171619  0.05339594616877220  0.05372792522708512  0.05389507399309126
  0.05409482341053332  0.05430914716898505  0.05452374036572075  0.05473005142042154
  0.05492115951636199  0.05512226536924417  0.05532454701857616  0.05553038658968393
  0.05573953857179639  0.05594899981389041  0.05615770245517184  0.05636544343458792
  0.05656967740420882  0.05677053593832306  0.05697054234568798  0.05717114190761721
  0.05738037924383180  0.05759659188148549  0.05781776665806023  0.05803709510276008
  0.05825781248581359  0.05848124439901718  0.05870628892937378  0.05893526709027543
  0.05917262711410537  0.05942003710189058  0.05967211018448017  0.05993045440533864
  0.06018875758442464  0.06045046739490983  0.06071714911415840  0.06098826194018322
  0.06126031343829939  0.06153439581132723  0.06181068443844592  0.06208585693567004
  0.06236841086738900  0.06264477189229849  0.06293009233469339  0.06321918652644459
  0.06352606875616708  0.06385084036035484  0.06418307299871946  0.06451065447028953
  0.06483803684446690  0.06517488327988816  0.06550221093148959  0.06581788922188565
  0.06614746663197711  0.06649507803731493  0.06685382598093360  0.06722146444581284
  0.06760703251454181  0.06801005195765598  0.06841910872196506  0.06883402823309838
  0.06925920947721873  0.06969430835756826  0.07013256951890037  0.07058355458473131
  0.07106730926474125  0.07157669750200851  0.07210716130500434  0.07269700778193645
  0.07333735599260389  0.07398609032882805  0.07463128350539593  0.07527790187603886
  0.07596127039097535  0.07668026559881130  0.07745219644036917  0.07828676358507156
  0.07919627715971922  0.08015873326555097  0.08119087306696740  0.08226582774837986
  0.08341788035848596  0.08472279061522045  0.08617598504762951  0.08776803018768832
  0.08931423246919726  0.09120221778689182  0.09349110156588669  0.09639848336112980
  0.09961940174679068  0.10308992116977168  0.10742764743915310  0.11302285032809986
  0.11952744203354464  0.13115268683922612  0.15302209701264577  1.00000000000000000
  0.05669688836454669  0.07016391031993040  0.07731624497284395  0.08256745230872556
  0.08663996261164243  0.09011985748139034  0.09342294414541204  0.09657366649050825
  0.09950505426443655  0.10226069391448167  0.10487906070849282  0.10735241438700933
  0.10963788764721590  0.11177330326376611  0.11387004727459980  0.11599061779862326
  0.11814748445687431  0.12031801738405999  0.12229788439833028  0.12416230726036272
  0.12604175945657711  0.12793465546654451  0.12980808167571381  0.13160786707231939
  0.13334106313141997  0.13513796324391106  0.13697120574843585  0.13878098471066896
  0.14057729691818438  0.14239745465734813  0.14425200846586278  0.14611320161538510
  0.14795959968421721  0.14982784906714963  0.15173541604454771  0.15369157461622443
  0.15572144584099018  0.15773242581324071  0.15952075343768279  0.16112285933669154
  0.16269277787772821  0.16430331914688046  0.16602067060949427  0.16782444693609197
  0.16961691069679330  0.17136196811901630  0.17307450396277216  0.17475506881044622
  0.17656016293560922  0.17866862963282651  0.18090308852733086  0.18309451498393187
  0.18524040933047739  0.18734846993090112  0.18941326553335538  0.19145689158819412
  0.19348877016004284  0.19550814542679582  0.19754504212399698  0.19959569826800380
  0.20174344139870706  0.20413908102155823  0.20698244573839736  0.20972167041156123
  0.21241992185943098  0.21506461387115625  0.21776655494520764  0.22049076665455947
  0.22315026451923528  0.22588443841073028  0.22877553791537708  0.23163602650522777
  0.23492704672288153  0.23857260398208704  0.24248440494513260  0.24649557195433922
  0.25053460134269334  0.25448208426815766  0.25820695028952978  0.26166760432573205
  0.26499050987875111  0.26861783516993726  0.27256490641885472  0.27675365736830831
  0.28166787017790440  0.28754051286953330  0.29408986957439359  0.30099525842937730
  0.30732035456848505  0.31401823020055308  0.32105428287032123  0.32924054716924500
  0.33864695025087271  0.37009227418002810  0.93297127877493424  1.00000000000000000
  0.00018708631847116  0.00042965613808860  0.00054685500656115  0.00064172731986767
  0.00072890087213671  0.00081107215797061  0.00089020103156419  0.00096801060564042
  0.00104748478574409  0.00112687110046602  0.00120339326570686  0.00127581651089463
  0.00134675515493387  0.00141946940620780  0.00149488945863946  0.00156968386931418
  0.00164202933204491  0.00171616783419665  0.00179454878487216  0.00187658194242172
  0.00195844464717250  0.00203572384686217  0.00210797074515450  0.00218101307162212
  0.00225788134399029  0.00233619975345440  0.00241452575517894  0.00249241154538943
  0.00257032789817294  0.00264805883067138  0.00273374512851056  0.00282464776428062
  0.00291899899668619  0.00302395981127637  0.00314550473692876  0.00327688751468208
  0.00341053042460922  0.00354315525474450  0.00367213579001456  0.00379525100290457
  0.00391949639129123  0.00405824532560117  0.00420938139081632  0.00436538665505630
  0.00452649482649996  0.00469143877597571  0.00486105869544020  0.00504840557922491
  0.00525300402487236  0.00545652368414070  0.00566265922896180  0.00587965340709586
  0.00611802066068937  0.00637213614374682  0.00663652471840663  0.00690868941992472
  0.00719080054878048  0.00748433299932507  0.00779210973152727  0.00811789234256487
  0.00847162747309985  0.00885983920437946  0.00928577642852499  0.00973645766224179
  0.01020419478465258  0.01070376622751651  0.01122703245292508  0.01179211869941070
  0.01240554078297156  0.01305828414694398  0.01374571306168367  0.01444743914376302
  0.01519242023485273  0.01601484584306037  0.01692090842329430  0.01786227144205490
  0.01891777406253642  0.02012292608231197  0.02144714346434235  0.02295158976402596
  0.02462518822262192  0.02644707850224742  0.02845475061954082  0.03060757285627521
  0.03294741059305043  0.03571974692556373  0.03912591286544361  0.04300486321973664
  0.04743525580710276  0.05301770179378223  0.06037020389693219  0.07075005959392916
  0.08827418870062789  0.12215323978401436  0.57727927893929798  1.00000000000000000
 -0.00676032934816316  0.03073039917894833  0.05809852810982477  0.08450709726971589
  0.10878246315487915  0.13054808579487059  0.14977425021200350  0.16642288644237926
  0.18201678445974942  0.19648827270266475  0.20995372632867157  0.22319740039508326
  0.23563107142117784  0.24733709293309739  0.25825280904327441  0.26896957558196188
  0.27874964769744209  0.28842206553837135  0.29835691500283279  0.30871396824121300
  0.31905112383490680  0.32881750384685765  0.33774772002965847  0.34597318648311409
  0.35385830494506149  0.36160437892751685  0.36917669321627700  0.37652675407714636
  0.38340364403273330  0.38998281824070191  0.39663426958454046  0.40354427880965454
  0.41065474169821409  0.41744370005522174  0.42326780579979983  0.42894623654909453
  0.43473902621378557  0.44035939714271305  0.44572665820123419  0.45118851847378355
  0.45696257012439723  0.46281377963079656  0.46836790002900502  0.47364478817803657
  0.47900421140397231  0.48493611183846574  0.49140599395876983  0.49781255373351091
  0.50424413999578033  0.51078835420649327  0.51743764537287895  0.52412442135894488
  0.53084569042608176  0.53731404070894861  0.54384680057500678  0.55043029043058278
  0.55701737636249948  0.56346464900895532  0.56961047383379881  0.57558314408427835
  0.58160721798977355  0.58769610016941254  0.59390591239011747  0.60029834089706680
  0.60675665640688314  0.61301741703260959  0.61905290920278777  0.62529434458905186
  0.63195562252438431  0.63902038216225165  0.64638587108616596  0.65378361670720486
  0.66126073017052023  0.66884516398486804  0.67671433803390701  0.68477594941253328
  0.69297459615974089  0.70187032300945085  0.71155972743916018  0.72151381657111957
  0.73126739734472557  0.74099862109227499  0.75173417632577355  0.76349201191605576
  0.77566976848167668  0.78844808866381166  0.80181201681453185  0.81623466105676556
  0.83229536785381975  0.84998776149418498  0.86801640086802623  0.88741709446995209
  0.90937447300440000  0.93441712901076002  0.96373633870010122  1.00000000000000000
 -0.00259058555169549  0.01050228080812363  0.02072744537320204  0.03027351326259147
  0.03968588618086697  0.04994500752714395  0.06061597991997474  0.07097511155965489
  0.08161581068186563  0.09277992880557195  0.10493660328193154  0.11665958690151665
  0.12818130414635867  0.13864333831160117  0.14893100258393027  0.15869812012437445
  0.16836257318608822  0.17921486816861984  0.18979590728675727  0.20145051417021359
  0.21287469715593235  0.22384632845695360  0.23431582729894390  0.24465477624951287
  0.25488732570461026  0.26534260258431391  0.27599323639254836  0.28653051161812404
  0.29715132094662311  0.30775211466318481  0.31825070241256392  0.32872874668985141
  0.33946224639965389  0.35107620261700268  0.36351510074554860  0.37560221914947750
  0.38561465078551610  0.39472502489960926  0.40364196687383358  0.41259877177622367
  0.42218034412255567  0.43137466147984410  0.44052240581782909  0.45069560085434651
  0.46115645406776179  0.47168611759992568  0.48262053323573006  0.49358020186595097
  0.50400892871090230  0.51383622217627867  0.52389829997632653  0.53454946379943979
  0.54482251327688980  0.55450805855983787  0.56461606973157408  0.57543216709657730
  0.58642337989403481  0.59728285603526032  0.60761247623317771  0.61751567997989920
  0.62742123233436797  0.63758600626226347  0.64781995087391686  0.65782846915888160
  0.66818642306550202  0.67947363749515954  0.69104624430425021  0.70235266909761962
  0.71304229232112537  0.72339253447693352  0.73420212974991961  0.74546980390735051
  0.75673296159557757  0.76780287502694544  0.77890062668573945  0.79001800227473429
  0.80115026961001667  0.81238168937219735  0.82297118130906810  0.83338830784441176
  0.84330142303137789  0.85355486393339430  0.86347037509590940  0.87345379581350624
  0.88386970361070838  0.89536048296497817  0.90610727526241264  0.91647531358583112
  0.92681303011926564  0.93693052740963356  0.94672017485831961  0.95639827344171957
  0.96646105036668251  0.97757163649580348  0.98855916235561136  1.00000000000000000
 -0.03112842597479992  0.14252424578734069  0.18807174938703405  0.21441035066233155
  0.23471202372692476  0.25094853599193701  0.26445632099663274  0.27628047071113382
  0.28710594625011682  0.29723397292089626  0.30596145742527336  0.31408928594970792
  0.32175559090019562  0.32888117151607588  0.33551111860034299  0.34189894778369395
  0.34787113753950982  0.35363036147532823  0.35900702397202666  0.36408260457209973
  0.36888724620755936  0.37352794126626737  0.37828691949609139  0.38325872090794366
  0.38833035405320665  0.39324183866456836  0.39777380581612765  0.40191133831156367
  0.40582601673353541  0.40981532026298911  0.41390162114979945  0.41803474652966782
  0.42197452764635995  0.42568564186106050  0.42948175562698154  0.43339394367175710
  0.43729908564865516  0.44107284826549253  0.44470949498646861  0.44830725301913599
  0.45193730461744391  0.45554105616249635  0.45921513791685820  0.46280640229944503
  0.46637034641670400  0.46984796486951896  0.47331607238019485  0.47672488112554562
  0.48028841053822641  0.48418406598613961  0.48838446192572954  0.49265681015596591
  0.49682715621605333  0.50086180232943933  0.50478819513095097  0.50869835500130833
  0.51261523899133221  0.51652360739884773  0.52028546338773629  0.52391507939795812
  0.52751758638583635  0.53141701022519006  0.53580625503728452  0.54017745048767296
  0.54454054438632915  0.54901486633168151  0.55360619866244853  0.55832933491621628
  0.56302602021404624  0.56757121200192906  0.57198940005815391  0.57646535060642390
  0.58118471157928264  0.58624425130443425  0.59158536650690330  0.59697832841945775
  0.60224954301973910  0.60760319888474168  0.61333527927082887  0.61909075760064225
  0.62519427171004394  0.63183809185443263  0.63880868481544906  0.64627491509769242
  0.65421132576313246  0.66251999747677492  0.67118634531246846  0.68056177984463351
  0.69091818944293160  0.70277841441029920  0.71678703719303627  0.73412376671155544
  0.75591795763259040  0.78419701753849280  0.83372999745138299  1.00000000000000000
 -0.00257808812976200  0.00985653300837770  0.02064930097023989  0.03132991749865269
  0.04204663626239440  0.05285522536366980  0.06370578312094176  0.07451312000329438
  0.08489823313971667  0.09523123652492048  0.10610987750725713  0.11707786011105453
  0.12794352726073879  0.13844462059283752  0.14895261070150190  0.15956515319665140
  0.17047681129618528  0.18149965351644334  0.19271418889073758  0.20384078305071476
  0.21438436434267868  0.22434873946077302  0.23409873427218819  0.24379091258538010
  0.25405668651955898  0.26466781029939168  0.27445428606686434  0.28358618595197965
  0.29278983309699519  0.30174294976763238  0.31066121953882975  0.31957150120177791
  0.32849608036514766  0.33808150367129802  0.34803872197995256  0.35799970695396982
  0.36787927312405355  0.37784698322487509  0.38792245752197624  0.39812534040062381
  0.40861147968290723  0.41929634516588427  0.43020861435629448  0.44125935344824530
  0.45241878538512514  0.46359509952271094  0.47456370271594128  0.48541475709315307
  0.49649709897513866  0.50790477079890906  0.51973278144000012  0.53171434121840921
  0.54316665054476498  0.55392614952147801  0.56408495853829732  0.57371704848133009
  0.58368156882082567  0.59405175919448450  0.60482012916428107  0.61610552545700092
  0.62851138554187713  0.64179268901967379  0.65542788435389709  0.66819551173747038
  0.68020384053066230  0.69168449619348960  0.70286517900703982  0.71434148371033412
  0.72561512010650253  0.73630011422839858  0.74643861970000691  0.75674467198461925
  0.76737297752743983  0.77835624173496853  0.78886194648137598  0.79872804144341181
  0.80804458979188565  0.81784700278783906  0.82862915685224114  0.83902413586460645
  0.84853881980041446  0.85780143094048622  0.86709265312824790  0.87621127954744826
  0.88517434839992259  0.89455720814558704  0.90458780181657317  0.91493276076184893
  0.92574452580279998  0.93679026030722823  0.94794214975907842  0.95900626279679313
  0.96962294460098075  0.97996076662012388  0.98991421431715121  1.00000000000000000
 -0.00293390442852626  0.01047389744876656  0.02211007652653602  0.03259759822003604
  0.04308449989230426  0.05350346620636105  0.06403573108974851  0.07351092173879227
  0.08343796493218472  0.09107603901440860  0.09950698880733513  0.10856924333003065
  0.11788000908774439  0.12739912867725686  0.13667341599347313  0.14622554617052630
  0.15699004935282540  0.16794286439856870  0.17844293409867273  0.18907580761813589
  0.20009737515006151  0.21087258917140489  0.22087038712594217  0.23042050602157901
  0.24013522993273106  0.25031160173381228  0.26048187907891629  0.27105130038106362
  0.28244641246246582  0.29387513515785324  0.30509181588359541  0.31638355439445726
  0.32777111582702395  0.33917429915241221  0.35025553228771417  0.36092571863843897
  0.37158976370852792  0.38240660475404487  0.39309558160467273  0.40316789919633750
  0.41345993921107610  0.42428515153452401  0.43557044145579993  0.44749268235421008
  0.45962204406634438  0.46978952163975318  0.48070729428339254  0.49089402195015652
  0.50103737529478565  0.51110769721929261  0.52201621337733239  0.53455683599642090
  0.54609270215165007  0.55648759546439974  0.56704185993185208  0.57705492383295387
  0.58643109374437530  0.59512146903857588  0.60450336146660466  0.61538294906909929
  0.62634309821498757  0.63603139371656947  0.64524642392352560  0.65439994321544770
  0.66399308462659445  0.67420487205553803  0.68468552927240511  0.69540194852375425
  0.70676759110352139  0.71848136522072792  0.72984937095199121  0.74050692911758775
  0.75061903310172773  0.76100083686248843  0.77188257734789301  0.78307161615997134
  0.79403146431900196  0.80479089469019105  0.81553798204111727  0.82614077743779679
  0.83668672056448345  0.84711217585348375  0.85749722067346812  0.86788168194355353
  0.87860710388655550  0.88969728004689053  0.90071292962496652  0.91153278317383557
  0.92230682649800833  0.93347090450021430  0.94449507312000180  0.95498762404744708
  0.96609006411049891  0.97814308445551423  0.98901742627652856  1.00000000000000000
  0.11339098463298808  0.27368993251723484  0.32190740058436335  0.35462800824214563
  0.37748163410600200  0.39733105433896082  0.41106559145416671  0.42424498683216005
  0.43773893974302980  0.45040668939546463  0.46204850840140749  0.47279883287340435
  0.48254276743636054  0.49134823050078280  0.49957752281698892  0.50733800424573772
  0.51468008850212210  0.52136810373392550  0.52745387752426565  0.53339010391817776
  0.53918766821104858  0.54471336157499051  0.54999628123966848  0.55524078757094086
  0.56043517464191495  0.56542283900907775  0.57020914231074549  0.57489176117720131
  0.57962836906993087  0.58426246222884215  0.58867678759246556  0.59301230197132271
  0.59714610088852116  0.60121165536544308  0.60530808410751991  0.60941610808115954
  0.61350876279734401  0.61751567107161753  0.62154813589301672  0.62556022961598223
  0.62959441119419757  0.63339725947763870  0.63698301170964244  0.64044953024726770
  0.64396860269046607  0.64762338810917219  0.65135701383111011  0.65503146579871363
  0.65871062203296982  0.66249417645398367  0.66612007081573732  0.66943753771016778
  0.67261347416055839  0.67575814997758510  0.67886871466793575  0.68197379489474808
  0.68513060565314676  0.68826632973673219  0.69128434502340497  0.69418439487497086
  0.69707091229206108  0.70005340434553087  0.70314909109149204  0.70621974659844755
  0.70923559531011537  0.71223757551062850  0.71533816149363949  0.71858118051896303
  0.72189068170743853  0.72520683517867668  0.72853659595834475  0.73204119607051754
  0.73581449411803124  0.73966247161143150  0.74344558593094523  0.74726210177903996
  0.75118559772812854  0.75506194853028064  0.75887056181015411  0.76274561996090540
  0.76673764582823667  0.77138192503603087  0.77670396091364491  0.78226132370148338
  0.78778654997180186  0.79337836751686897  0.79913770712405685  0.80504333139560713
  0.81124923817719830  0.81820294337025468  0.82648456039894092  0.83642145689106884
  0.84802852311210886  0.86263203048713211  0.88903345574211912  1.00000000000000000
 -0.03850664829603532  0.17082518061525087  0.21405893755756639  0.23885309816091016
  0.25661056347230093  0.27098444646112207  0.28353219721031087  0.29457379209175610
  0.30455026936373319  0.31380471351207950  0.32240200971347149  0.33037514505361182
  0.33767249572949365  0.34485059491916598  0.35176707392359585  0.35819325034038996
  0.36404297795581009  0.36958266365975984  0.37502633440313821  0.38024505856638807
  0.38524034883544905  0.39007830820671280  0.39468505624697431  0.39938720423765978
  0.40411150477670710  0.40884247948092967  0.41352068551763349  0.41787465419341946
  0.42246214197385806  0.42707686347424539  0.43164114219705602  0.43608869266449102
  0.44032197668333123  0.44464279717206945  0.44896817252377325  0.45324211684849991
  0.45752818545861357  0.46174659717561095  0.46578155697951429  0.46968540584844581
  0.47352623204200323  0.47737460679259802  0.48148646562348241  0.48559741490413677
  0.48959884711531215  0.49356055283837813  0.49740610896279402  0.50112150240964792
  0.50485608789108316  0.50889368908338017  0.51309029692861408  0.51723574783214210
  0.52117960443501310  0.52501343558738589  0.52876968000345759  0.53241366431772275
  0.53618935510543175  0.54005508957984749  0.54364850815327526  0.54726108687406427
  0.55093849869282541  0.55466350153673183  0.55846082261372920  0.56211025344491816
  0.56575294599478698  0.56938058431206917  0.57306656934571443  0.57685295656013624
  0.58081981140954020  0.58489153286688800  0.58901846344045261  0.59319081676444552
  0.59751749910837970  0.60183922903007936  0.60652238176885520  0.61159386289972095
  0.61682290252065131  0.62234774490213896  0.62802305330985542  0.63402691308161374
  0.63989881620056022  0.64596223319085133  0.65253706046356663  0.65962562082057086
  0.66734059834763471  0.67557792832162189  0.68440519258663313  0.69403936158154522
  0.70468903413402040  0.71672300070419048  0.73038700603810769  0.74562734115296048
  0.76347134789218163  0.78669892557264276  0.82762888701931514  1.00000000000000000
   3.8525037584660003E-015  -1.0000000000000000     
 T T T T T T T T T T T T T T T T T T T T T T T T T T T T T T T T T T T T T T T T T T T T T T T T T T T T T T T T T T T T T T T T F F F F F F F F F F F F F F F F F F F F F F F F F F F F F F F F F F F F F F F F F F F F F F F F F F F F F F F F F F F F F F F F
  <DiscreteSampler_grid>
  grouped_processes
  1 # 1 for a reference and 2 for a running grid.
  10 # Attribute 'min_bin_probing_points' of the grid.
  1 # Attribute 'grid_mode' of the grid. 1=='default',2=='initialization'
  0.0000000000000000 # Attribute 'small_contrib_threshold' of the grid.
  0.5000000000000000 # Attribute 'damping_power' of the grid.
 # binID   n_entries weight   weight_sqr   abs_weight
    10   10   1.554400338361943E-003   8.326929472588141E-006   1.554400338361943E-003
    16   10   1.554400338361943E-003   8.326929472588134E-006   1.554400338361943E-003
  </DiscreteSampler_grid>
