  0.00004118011060494  0.00004281530370768  0.00004449257014646  0.00004636417344432
  0.00004825891224470  0.00005021771031315  0.00005224713508207  0.00005426671305524
  0.00005628725714546  0.00005837228094698  0.00006063965238377  0.00006299773275947
  0.00006549119566064  0.00006798347998142  0.00007053761619720  0.00007334664150374
  0.00007625503826266  0.00007901941198108  0.00008194208894058  0.00008511186777896
  0.00008871655116996  0.00009255372168893  0.00009637670804735  0.00010028642458706
  0.00010464389118347  0.00010916535678159  0.00011373292751060  0.00011901118126553
  0.00012487435618992  0.00013108420473189  0.00013771419681464  0.00014471166714173
  0.00015192971351910  0.00015935562508110  0.00016692973416737  0.00017461524745782
  0.00018287467351205  0.00019196215265834  0.00020172750296697  0.00021168730203353
  0.00022133593741756  0.00023139831066755  0.00024193403693421  0.00025294911713830
  0.00026439494326228  0.00027635575415239  0.00028886380521388  0.00030170578055202
  0.00031524800622287  0.00033006840461645  0.00034609244724308  0.00036262382639674
  0.00037929222665939  0.00039605822098724  0.00041225096181405  0.00042898494089981
  0.00044657876303142  0.00046474237292840  0.00048343984707512  0.00050236904136949
  0.00052223576488106  0.00054309801885430  0.00056475580731881  0.00058730459719001
  0.00061064839891306  0.00063492332237887  0.00066038925350320  0.00068770197009143
  0.00071703624288598  0.00074891217836388  0.00078266752153864  0.00081779321611615
  0.00085491560650536  0.00089516450749607  0.00093826436877245  0.00098404271365919
  0.00103304169517197  0.00108633719414503  0.00114543044626906  0.00121034713081136
  0.00128164743696334  0.00136307749983349  0.00145741598749783  0.00156696793045699
  0.00169411037557928  0.00184171598412402  0.00202311364582926  0.00225994740476146
  0.00256910961127882  0.00298045966094843  0.00353562681628021  0.00450499261564737
  0.00659737380430261  0.01362180516013878  0.52710266335075540  1.00000000000000000
  0.00090809558059494  0.00110930382386162  0.00125918545005482  0.00135434674355572
  0.00144667520866190  0.00153510390658990  0.00163295246234166  0.00172909609583911
  0.00181877402221135  0.00190964660947550  0.00201333575917243  0.00211980665910770
  0.00221866429771779  0.00231068638578807  0.00239991381982645  0.00249127857821252
  0.00258277627009518  0.00267489389461665  0.00277123706535123  0.00286584117897611
  0.00296392711670866  0.00306418334469536  0.00316328755326918  0.00326056900276494
  0.00335468928382809  0.00344803841797534  0.00354523300493168  0.00364667525192377
  0.00375575565560129  0.00386200445700635  0.00396596810783500  0.00407012540884853
  0.00417382967895868  0.00427561268406906  0.00437487061295291  0.00447291402959370
  0.00457219411328218  0.00467399358072767  0.00477890980994635  0.00488723203492345
  0.00499857264180346  0.00510898010646067  0.00521666527693296  0.00532733454714929
  0.00544590805087540  0.00557356404970826  0.00570482344276068  0.00583553085321909
  0.00597031060678052  0.00611358193078697  0.00625739955104708  0.00640453451947128
  0.00655843350155236  0.00671653925048728  0.00688234699303693  0.00704760685262894
  0.00721771175296351  0.00738730835920922  0.00755946290875412  0.00773276495144164
  0.00791594725411771  0.00810194953278780  0.00830312024691692  0.00851332250211129
  0.00872435634210789  0.00895188954724345  0.00919767699936125  0.00946208972549824
  0.00973130131884256  0.01001973064320416  0.01031930584325090  0.01064132872077395
  0.01099442349594316  0.01137169649100569  0.01177378518352725  0.01220117078411237
  0.01265254758165920  0.01312656239858545  0.01363300025965451  0.01418660024643536
  0.01482147988087265  0.01554925095277426  0.01638705828392096  0.01735654890614665
  0.01846831486927818  0.01974862232353515  0.02122870181282326  0.02296669026868263
  0.02502745741564173  0.02768458189883058  0.03145294738230035  0.03740390937969893
  0.04701932357455420  0.07902626711301401  0.58035301873288803  1.00000000000000000
  0.00205929058163852  0.00284039838043452  0.00354536812733958  0.00427815402740973
  0.00472253772001434  0.00513720044671437  0.00556781154964735  0.00600494101744994
  0.00640808644663441  0.00676511303690720  0.00704987940665768  0.00729004597130714
  0.00753690090021983  0.00776919018867543  0.00798231641800349  0.00820349987528148
  0.00842915365555440  0.00864598719956526  0.00885472051112123  0.00906020151037135
  0.00926564092842062  0.00947613097533472  0.00969527834909986  0.00991704679023587
  0.01013573758475909  0.01036166685364936  0.01059834904021756  0.01083638582946912
  0.01107241518762799  0.01131501566260270  0.01156802397701343  0.01182316520640404
  0.01207020153642405  0.01231346560739768  0.01255801192064825  0.01279335863878773
  0.01303041172514929  0.01327316023474608  0.01352088006111048  0.01377497091693345
  0.01403404599054089  0.01429939735393842  0.01456307649319839  0.01483190650836423
  0.01510735313792962  0.01538873907863247  0.01567899048419968  0.01597047210677922
  0.01628341452720242  0.01660656727042222  0.01694391466986352  0.01727258436010999
  0.01761948950641420  0.01796787340145886  0.01831680254437034  0.01867513592231175
  0.01905018742361037  0.01945604056529128  0.01987282365462906  0.02031700494983351
  0.02077334318386876  0.02124232434754126  0.02173507804657013  0.02224628300378469
  0.02277344353290202  0.02332728004412089  0.02392402377188432  0.02453916071611511
  0.02517206561101504  0.02582495038797972  0.02651430008529339  0.02725546649553220
  0.02806084803182917  0.02889413386832596  0.02979786762535839  0.03073391253940982
  0.03173884269285494  0.03279109672051386  0.03385596384927764  0.03496006774487667
  0.03614532460455708  0.03740750185405388  0.03881101583028896  0.04036050631776179
  0.04210912769467587  0.04401208696184235  0.04615315952522562  0.04858228472453625
  0.05126044717587724  0.05446701584425183  0.05865505001392075  0.06396442344402468
  0.06999550993309658  0.07780620258167635  0.58990354112021881  1.00000000000000000
 -0.00174374465183237  0.00661523345540595  0.01419177416104909  0.02218387674050070
  0.03053334570412537  0.03884837503592402  0.04767022041778809  0.05702346511111903
  0.06667791839253887  0.07668104783078356  0.08697264099372308  0.09740440873919999
  0.10776606712209169  0.11823062921532022  0.12919325286000682  0.14068297936806157
  0.15188770659115636  0.16264756546829495  0.17330542567379964  0.18437647971910229
  0.19536017839091557  0.20630362800861227  0.21721306110347754  0.22789701576534474
  0.23828889044225093  0.24904649982648383  0.25988850449137563  0.27054792106655295
  0.28089643489640126  0.29156030644713599  0.30222635733304404  0.31326184628732207
  0.32407792367485683  0.33477857854127863  0.34487930612776602  0.35540743998661900
  0.36623205309914908  0.37723237987166935  0.38848165931758361  0.39960497127259881
  0.41009813220167635  0.42060547091461975  0.43145832742886359  0.44241460065765625
  0.45280456469216424  0.46341852088354979  0.47475597704336014  0.48639090755639008
  0.49759898431753485  0.50847844540135956  0.51940369575661804  0.53047078588830832
  0.54190738070155298  0.55372357982886278  0.56571291575125093  0.57760910270681498
  0.58886127304751490  0.59974200650392784  0.61062868624671163  0.62173100633685552
  0.63282425000289844  0.64376383779441282  0.65490744340009832  0.66596946525874001
  0.67644500848742539  0.68677202939917248  0.69698147498206453  0.70687303667484291
  0.71663843290974794  0.72650478246601535  0.73677855938201298  0.74726909178857082
  0.75837308272423498  0.76952625573387345  0.78039299339314594  0.79167792743946996
  0.80369798256895764  0.81641381630602661  0.82860286991650767  0.84045337010441723
  0.85220301914770913  0.86403621625567406  0.87547805781336152  0.88617757851045020
  0.89693071186118667  0.90784093789071396  0.91781902442205676  0.92650630056300576
  0.93488500531600760  0.94391221469514042  0.95305068109199598  0.96181215506256790
  0.97015477051901899  0.97856790138369709  0.98818824779590664  1.00000000000000000
 -0.00223959523862755  0.00922723435612396  0.01800675508179513  0.02780162440966369
  0.03765958927084379  0.04789682650380146  0.05839045287148945  0.06946761870997706
  0.08075169811954100  0.09173636209536329  0.10256920400640943  0.11313533712361841
  0.12373675794757724  0.13428655720837607  0.14457165368448424  0.15499130277824041
  0.16500548867557935  0.17502997500010545  0.18501650461998942  0.19520128429741065
  0.20558103730548408  0.21605234466650983  0.22649155251554459  0.23701346439878751
  0.24746977325295741  0.25796517016746573  0.26830195713758753  0.27838975541119593
  0.28828305117495745  0.29789188385305948  0.30733924321773226  0.31664768636894286
  0.32587899513189822  0.33533500416586609  0.34504901912459202  0.35509518496432563
  0.36534621179734406  0.37557672768273931  0.38597180637344758  0.39652775525076506
  0.40735712583582406  0.41808424851629522  0.42834998496495180  0.43818498122677801
  0.44802819261983956  0.45827313326365232  0.46889639215016554  0.47980251551569425
  0.49091683264986913  0.50212777749389093  0.51326653850576265  0.52393842784703293
  0.53427477882725449  0.54479493086522479  0.55577443142767358  0.56680592922465767
  0.57779061410639643  0.58864137108826142  0.59938106015887671  0.61000135569043767
  0.62035982964486081  0.63058777388616993  0.64082160487486761  0.65136023478581018
  0.66218112236858850  0.67290688647197094  0.68357421010528963  0.69405617242503526
  0.70431669178573175  0.71434726224044398  0.72428343268433182  0.73435501439252804
  0.74467138211686279  0.75542001598810360  0.76657075307880673  0.77785053213920607
  0.78899724686505313  0.79989557385923693  0.81080676860586653  0.82207762989957001
  0.83365421846579280  0.84502412654144843  0.85643782796260948  0.86817292257866929
  0.87978172001354660  0.89092405981936351  0.90183340044508042  0.91254167692370924
  0.92339188036980480  0.93403878327169121  0.94459020507822589  0.95494244764218461
  0.96541915226619002  0.97619680436406364  0.98756916510468840  1.00000000000000000
 -0.00231585868475520  0.00939359808275681  0.01968432353219161  0.03006553645582472
  0.04054660151232691  0.05094293700142983  0.06120474295214386  0.07247004008347691
  0.08323152372732652  0.09395990788587832  0.10441425425584643  0.11494196236437663
  0.12565781937104822  0.13639240798525626  0.14733501588448264  0.15844011765679078
  0.16976787058442788  0.18131178998944730  0.19255106673765851  0.20358296907107332
  0.21468352084224449  0.22584379323534812  0.23701307700884475  0.24816087336393600
  0.25913476118988676  0.26970420876744744  0.27985725572681597  0.28986684013743419
  0.29988331069532315  0.31000989458618605  0.32038487082972233  0.33073674189944657
  0.34076379518692279  0.35038225673926132  0.36006384438883493  0.36992299312880939
  0.37986265709358052  0.38972628364800199  0.39979926419759421  0.41018696793577991
  0.42077130228467774  0.43164686143891601  0.44277228545565356  0.45392652200502220
  0.46466256607547968  0.47523035851920703  0.48586353909781388  0.49674853828985649
  0.50794067490506700  0.51929148756841303  0.53086179092324459  0.54257352800074432
  0.55433903641945781  0.56527842652078186  0.57546842417715027  0.58548537590660099
  0.59582937428790073  0.60612546638806775  0.61614527986888290  0.62625727164984979
  0.63658416974354770  0.64672260358184785  0.65630460489527631  0.66596511738413788
  0.67563595945671706  0.68520107786551121  0.69462354510755131  0.70423993121763917
  0.71428147259747510  0.72420571268914435  0.73431140697136266  0.74431138629299209
  0.75449449886847531  0.76495996009219980  0.77661687400189183  0.78818104386295273
  0.79857964227602385  0.80841673626360111  0.81822603022820362  0.82849806023080885
  0.83888067135830213  0.84950123655792520  0.86023321000389652  0.87106136156248160
  0.88167605386887471  0.89219675871856963  0.90260832674363778  0.91297310727656367
  0.92346979901599557  0.93401368337981039  0.94459860331240963  0.95517274159632870
  0.96626373505258545  0.97739339021773053  0.98903115144734477  1.00000000000000000
  0.05292172195492428  0.05475096160150188  0.05629145798849586  0.05750958169315027
  0.05861155478935672  0.05964303409727477  0.06060894774450441  0.06150191230814284
  0.06238035977863059  0.06331525336346283  0.06426623449169527  0.06522327735689416
  0.06618076868756240  0.06712494177139831  0.06804304880609095  0.06893962184706670
  0.06982989847244658  0.07072477027632100  0.07162122833536111  0.07250906503194449
  0.07339814895230397  0.07428911491575145  0.07519305004452767  0.07609275953086488
  0.07698516757178239  0.07788311011017082  0.07877447828343720  0.07968305414750027
  0.08058315467856304  0.08148963752035837  0.08240685933200789  0.08333322687259676
  0.08428926118354291  0.08527661298388235  0.08629021609562211  0.08731824380592779
  0.08831690087133552  0.08932546840701215  0.09032184651895825  0.09129446469797559
  0.09226375942138786  0.09325051596055275  0.09428571224506538  0.09536487877496860
  0.09641510286403041  0.09743176527703708  0.09845354673980790  0.09946770397922478
  0.10047927616137212  0.10156991718799928  0.10277260347288127  0.10396022922445043
  0.10512934412797996  0.10635226647681112  0.10750501329951620  0.10872576175331986
  0.10995314503494652  0.11124321141051517  0.11252625500011780  0.11385873151981758
  0.11527371110170745  0.11682408531613175  0.11843621794110895  0.12003163159508819
  0.12173458693006277  0.12332128610110674  0.12493695728700398  0.12660115187590879
  0.12831680238578136  0.13012988585998889  0.13206754031595613  0.13414902600490419
  0.13634844759341458  0.13859323916755190  0.14082586561044333  0.14323141077236479
  0.14561717497233731  0.14804735817319087  0.15049904937420006  0.15287873747142189
  0.15553208035048521  0.15856317619727006  0.16192925059076735  0.16576615465443273
  0.16955721589257042  0.17354555181262499  0.17716572673699649  0.18117397921935044
  0.18537962858082299  0.19023695042000607  0.19629734453712414  0.20775691994141340
  0.22368030228780017  0.24281503711191121  0.73383291463008193  1.00000000000000000
 -0.00323497696136261  0.01119394390567469  0.02375057832831989  0.03594860032820835
  0.04793675887122573  0.05955183598696465  0.07124896619205211  0.08283514898404928
  0.09415638552180110  0.10562581033817713  0.11731065157955607  0.12886842104624441
  0.14045475276056574  0.15207271560853142  0.16348126214359876  0.17410013842704983
  0.18415727515016789  0.19390383699085223  0.20387414009035890  0.21414092472355034
  0.22481218821818982  0.23581571611331245  0.24677534234897441  0.25712899725998722
  0.26689075817810104  0.27636315856033106  0.28581949566940740  0.29537893680853838
  0.30503847351792523  0.31487487917429213  0.32519723805832940  0.33505866048857774
  0.34512180848434176  0.35473427888911335  0.36475066446181675  0.37421260564572428
  0.38363174477948764  0.39291715505749858  0.40264295234988734  0.41295166978421483
  0.42307465538530364  0.43310242030028095  0.44301030748492209  0.45288497376539888
  0.46327730299058639  0.47317164948612517  0.48240242876647993  0.49130774839341118
  0.50047666002880675  0.50997974810805247  0.51918603401483288  0.52847378467675699
  0.53788647956823954  0.54834274773616365  0.55903328275946496  0.56951383867696004
  0.57979814787397022  0.58967640217818007  0.59905496750137099  0.60898556082896282
  0.61864409240551421  0.62834884130459157  0.63802571470429670  0.64823905623961131
  0.65965843460719142  0.67053209812898051  0.68101770629165759  0.69117843105904930
  0.70151925566859286  0.71161633984123174  0.72152519937604642  0.73181681774261975
  0.74220678898625636  0.75253458723217193  0.76258441898527085  0.77333352294399327
  0.78470847325234905  0.79587865288965998  0.80678679942689457  0.81753526585361191
  0.82890562845836668  0.84006476066648816  0.85155558489396643  0.86267538979051317
  0.87339708114362380  0.88459988909425336  0.89628272704434953  0.90859912380682795
  0.92090174387282864  0.93271952544446968  0.94428155383054091  0.95476717382823328
  0.96592429533688418  0.97703314725551516  0.98839068457375578  1.00000000000000000
  0.07811061266937687  0.13132865699182317  0.15657362118505028  0.17305139667419578
  0.18792050619905076  0.20077035011722560  0.21129914010915712  0.22088967101945142
  0.23035481575126104  0.23998638200938197  0.24896041427663576  0.25724954233272640
  0.26535384653811700  0.27314906383861387  0.28051788764291880  0.28761582660672080
  0.29455631542393279  0.30149551906116917  0.30843791613543264  0.31513150871371870
  0.32145304127830754  0.32782341015935940  0.33409834803548211  0.34001777597948357
  0.34560736687783766  0.35089725783697873  0.35604824522009226  0.36105968255072074
  0.36622232488835493  0.37110900642500622  0.37594964738601860  0.38087136758460571
  0.38575665738453513  0.39068552201538409  0.39566758824736481  0.40065296907598780
  0.40557416475530483  0.41049741799289990  0.41549840605389909  0.42058379403531931
  0.42575347777306238  0.43086780301608291  0.43585048750859107  0.44044968291446229
  0.44502339455862261  0.44962696755710863  0.45439349578292004  0.45913071771948111
  0.46378509513256355  0.46839413321989604  0.47303494160775889  0.47776088613047862
  0.48256987854002481  0.48740959782846766  0.49220546865879194  0.49693701312568878
  0.50168009949153436  0.50645992129858297  0.51117052140097552  0.51584137218280079
  0.52054289462778924  0.52521750199314654  0.53016150642631066  0.53512384736229834
  0.54007153258083773  0.54509633783129208  0.55027087125901131  0.55549385756632452
  0.56092578283832006  0.56677697133496296  0.57288395230545319  0.57915605388131475
  0.58535659992833844  0.59151912362118819  0.59837781525923373  0.60518816801737330
  0.61182884670187276  0.61863238902034212  0.62536666765207172  0.63203987478405343
  0.63868309556665370  0.64570774918443419  0.65334504341594557  0.66128667032330735
  0.66953711436381569  0.67813765034420614  0.68718265529634082  0.69701180826746401
  0.70792719101531432  0.71986567094269183  0.73315090408271832  0.74852697839269577
  0.76680640366090491  0.79006604292200189  0.82879522108651127  1.00000000000000000
 -0.03164710315659888  0.15636253281670842  0.20215705118446797  0.22970381520068200
  0.24925197798314569  0.26416365201406827  0.27627924767230400  0.28685169057145993
  0.29662598188561934  0.30525740306634530  0.31350110798155856  0.32150698781472559
  0.32934601404302311  0.33702857829862987  0.34445828293275405  0.35151353936575147
  0.35816986309892884  0.36458445458847871  0.37071313654666943  0.37627736254864286
  0.38126776080365676  0.38602064061350999  0.39079638890676693  0.39558640765555092
  0.40036966254248552  0.40508228053630585  0.40974033030124474  0.41427779381458785
  0.41871628370132175  0.42317813797912818  0.42755608676216039  0.43177741855210466
  0.43582591797362746  0.43986124012371053  0.44385024769418607  0.44779593668402046
  0.45180193426691878  0.45569559939069415  0.45953386847528482  0.46324573543461495
  0.46699664700592103  0.47082541379527287  0.47473711362317000  0.47876548258709906
  0.48285514524976897  0.48688056387708400  0.49078444112511932  0.49459516481580573
  0.49835006901978801  0.50212340826790436  0.50600147520155658  0.50996395651902171
  0.51396328850487827  0.51796326611089272  0.52199380407568441  0.52601834370355327
  0.53010309156889868  0.53420594242346631  0.53830027220666032  0.54261013715950757
  0.54716820118152987  0.55179789796488621  0.55629977484474358  0.56070899539604879
  0.56506305953368829  0.56938392818988159  0.57379937248888124  0.57839332139095423
  0.58313009554295869  0.58787856775016523  0.59277072877531656  0.59795910101655925
  0.60301864605939881  0.60796354152743315  0.61281001171305305  0.61799135757401058
  0.62340255155931501  0.62894346880747276  0.63452918970301975  0.64012443353233894
  0.64604220636539811  0.65255910038923126  0.65958915258878636  0.66717548097884249
  0.67533690717917394  0.68408733054600401  0.69346382271295082  0.70364188424434793
  0.71477731896973629  0.72689601508172208  0.74008601424797626  0.75500741599471188
  0.77242919900173346  0.79645797591200018  0.84041893418467539  1.00000000000000000
   4.4608506349932825E-009  -1.0000000000000000     
 T T T T T T T T T T T T T T T T T T T T T T T T T T T T T T T T T T T T T T T T T T T T T T T T T T T T T T T T T T T T T T T T F F F F F F F F F F F F F F F F F F F F F F F F F F F F F F F F F F F F F F F F F F F F F F F F F F F F F F F F F F F F F F F F
  <DiscreteSampler_grid>
  grouped_processes
  1 # 1 for a reference and 2 for a running grid.
  10 # Attribute 'min_bin_probing_points' of the grid.
  1 # Attribute 'grid_mode' of the grid. 1=='default',2=='initialization'
  0.0000000000000000 # Attribute 'small_contrib_threshold' of the grid.
  0.5000000000000000 # Attribute 'damping_power' of the grid.
 # binID   n_entries weight   weight_sqr   abs_weight
    10   10   3.011442745762325E+003   2.566235867930618E+007   3.011442745762325E+003
    16   10   3.011442745762325E+003   2.566235867930616E+007   3.011442745762325E+003
  </DiscreteSampler_grid>
