  0.01449707717522370  0.01493315073325315  0.01519353875030101  0.01544083574745703
  0.01564823993075344  0.01583836156676090  0.01602236529764241  0.01621488950805003
  0.01640861543268377  0.01658385291862369  0.01674815533738455  0.01691115038890158
  0.01707196280663614  0.01723905315114428  0.01741617723672705  0.01757679269154450
  0.01772605188898031  0.01788743343409023  0.01805138353953396  0.01822926822687609
  0.01840571451848363  0.01858628793704773  0.01876594554597827  0.01894897334930905
  0.01913588633054002  0.01932044477448636  0.01949989752794988  0.01967802343460260
  0.01986027577789744  0.02004341405939505  0.02022760618422820  0.02041794258210855
  0.02061101167685314  0.02080845659399165  0.02101711812169333  0.02123199213735874
  0.02144677880149255  0.02165867352112939  0.02186695393890295  0.02207055024875309
  0.02227352408174514  0.02248797001292794  0.02271539047645588  0.02294613024395872
  0.02317362898912362  0.02339918401884599  0.02362736983438779  0.02386089553504579
  0.02409661254204220  0.02433761210382838  0.02458849062308691  0.02485921997975441
  0.02515049310536743  0.02545281087800085  0.02575888132263706  0.02606989293122287
  0.02637817094254027  0.02667601037465412  0.02697972352567209  0.02730320391178193
  0.02764989847861263  0.02801992761381842  0.02841610314097212  0.02883878717259602
  0.02926894249599231  0.02970733512163012  0.03015796911384538  0.03061885168523447
  0.03110013739093900  0.03159679652469561  0.03211895964676238  0.03264862959122551
  0.03320923835806231  0.03384897324836200  0.03453218938350287  0.03524436722606517
  0.03599929759645153  0.03679606371218727  0.03766794079929537  0.03863459952533750
  0.03971931703361623  0.04092356329201687  0.04223573860656015  0.04368357766133543
  0.04538767190210664  0.04732858343016676  0.04941000056745411  0.05188146566342960
  0.05463433976628890  0.05822139863432457  0.06244848595645091  0.06910570112768293
  0.08082970548087046  0.10586065519392777  0.56683376498183946  1.00000000000000000
  0.00132784316361335  0.00428951363391423  0.00477305741409515  0.00515765682741438
  0.00545948880540515  0.00573900671923903  0.00599241066765506  0.00621114654550128
  0.00641559667055001  0.00662005246868470  0.00680244371825345  0.00698517201811635
  0.00718188744141937  0.00737809558810886  0.00757424305225291  0.00777193378924954
  0.00795723311901726  0.00814450685777223  0.00833391310519576  0.00853042742994990
  0.00873482169345579  0.00894723335234846  0.00916106488572654  0.00937468837780696
  0.00957709950603071  0.00977307679852133  0.00997766469967594  0.01020417052501659
  0.01043871259361070  0.01069456699779296  0.01095719999302471  0.01120892392431688
  0.01147476749478439  0.01173186291251370  0.01197168312688889  0.01220788550503046
  0.01245649476629329  0.01271439863351105  0.01298967458035394  0.01326909507065847
  0.01356420580424961  0.01385305572038852  0.01414217556222440  0.01442700095458025
  0.01471841978383413  0.01500479759791279  0.01529958684415401  0.01560483953006394
  0.01592290380494290  0.01624040537546023  0.01656784493271189  0.01690023142027003
  0.01723201338852168  0.01756076787114189  0.01789044288192178  0.01823754716622672
  0.01859893868090045  0.01896827193983647  0.01935036479217096  0.01976030574310948
  0.02017565839085494  0.02058784827852294  0.02100468210000565  0.02144516514005340
  0.02186929238520962  0.02235818627788482  0.02287568893690024  0.02341172393359401
  0.02397374477381822  0.02456471338824943  0.02519185915521205  0.02581974356990896
  0.02646856264620417  0.02715573911357650  0.02788954851014505  0.02867877608362445
  0.02950533931278281  0.03037490441254860  0.03128165942279453  0.03221618718053290
  0.03320181939166809  0.03429044928600251  0.03550032443011970  0.03688288240587911
  0.03846592832869995  0.04018434002862143  0.04211798322865161  0.04450192604468194
  0.04754022801995109  0.05117681167445895  0.05525593927001177  0.06030499214976125
  0.06790329454375810  0.08745157300703352  0.52986595671504799  1.00000000000000000
  0.00326499116054003  0.00448891819277055  0.00542083443024034  0.00629202957510156
  0.00703929009044104  0.00761048195743566  0.00805219585749654  0.00852676953853350
  0.00895425008042410  0.00938609142611315  0.00982915079575613  0.01022552718448472
  0.01060391981962449  0.01101858329518513  0.01145522240620006  0.01188384211324597
  0.01231500277975460  0.01273777083019185  0.01314957325049872  0.01356982964525435
  0.01399307663633187  0.01439552667465558  0.01480116394557035  0.01522496796972837
  0.01567745634987633  0.01613185138259556  0.01660637007530491  0.01710693904861080
  0.01761972211704504  0.01812935270472118  0.01863137878183613  0.01911667314929476
  0.01959413123151140  0.02007361033440734  0.02057135766367858  0.02109675430550514
  0.02163566049400656  0.02218222805418645  0.02274236942441391  0.02331767309728952
  0.02389996819659051  0.02448098055805999  0.02506354832394066  0.02564996607443662
  0.02622907890834017  0.02679226829561407  0.02734786365232200  0.02791325274841086
  0.02849846635091845  0.02910077677338833  0.02971943537458057  0.03035167188926535
  0.03098149001928286  0.03160025197947775  0.03221985582187571  0.03283407984813120
  0.03345850080327573  0.03412364969457480  0.03483084708065315  0.03554046854441904
  0.03626362784659477  0.03700733706691758  0.03776258253707852  0.03854040176260495
  0.03933819321495465  0.04017819618651475  0.04110702764475079  0.04207820300277385
  0.04306697090440573  0.04406935694435807  0.04510826779660694  0.04619278252171129
  0.04733499722828376  0.04853493859113128  0.04973758158313468  0.05093909247619751
  0.05212977401829981  0.05328575882680684  0.05460246882202623  0.05600388580168666
  0.05745859091022997  0.05902498222526806  0.06082753059497290  0.06282512985010459
  0.06493342344754868  0.06722174503095542  0.06971169842950364  0.07248679063338115
  0.07623031823115584  0.08054970329688511  0.08534790057989439  0.09083287790781469
  0.09783506374049987  0.10672078655824996  0.11700126845690438  1.00000000000000000
 -0.01453627614095251  0.06761499687582803  0.10419876838362299  0.13277000638656072
  0.15600380854791887  0.17462699300176024  0.19114382857410156  0.20574041764526774
  0.21865265963372554  0.23012795842677791  0.24087786907435951  0.25140477137721573
  0.26164012822653382  0.27144337192892443  0.28038968805248987  0.28780589200224999
  0.29538675948675497  0.30320823014038845  0.31136877571377058  0.31935571815351893
  0.32696424724336126  0.33441400440243957  0.34193209032773408  0.34945246954970766
  0.35698177266302439  0.36437593481282160  0.37166303973242099  0.37883207537636976
  0.38571230940668072  0.39217926649090956  0.39825186768967441  0.40416745602130105
  0.41028273998039816  0.41638882032524072  0.42167194923012513  0.42665334286588558
  0.43169779915517009  0.43703960336862724  0.44248131856543960  0.44776026369773664
  0.45276368537478534  0.45783498959870494  0.46307882619902468  0.46836125596101513
  0.47348391411712715  0.47859477774970044  0.48401919327750031  0.48952157221219572
  0.49508150186047406  0.50092116245490148  0.50684277537247113  0.51275369251102654
  0.51865641210713198  0.52452120992847107  0.53030354736371554  0.53632549726209566
  0.54236760013724383  0.54834659628210258  0.55429297210119111  0.56040611095407755
  0.56603254436004524  0.57166947216190112  0.57726531045370488  0.58339994260232997
  0.59010224908033138  0.59711035523547817  0.60396676045424003  0.61066847360004939
  0.61711198288203906  0.62385662657465757  0.63035937315499124  0.63719498490883120
  0.64428729031753684  0.65111314013737664  0.65779715807721784  0.66455803745912156
  0.67179165089412018  0.67955828439274302  0.68745845172900455  0.69543651121188732
  0.70376570430044483  0.71258263865155336  0.72208375393269086  0.73158614861458959
  0.74184275387761756  0.75244785856410756  0.76581890789720608  0.77955184522852716
  0.79348168884797377  0.80869697525980910  0.82374292600226495  0.84100686523214818
  0.86186746095746802  0.89020383594721841  0.92979022973021230  1.00000000000000000
 -0.00246734700317129  0.00996080910181817  0.01999803217061717  0.03153487265280095
  0.04221229980988524  0.05253481281273254  0.06268151779291081  0.07425490500723145
  0.08700228784748505  0.09786198923956864  0.10817608520081054  0.11773630775045947
  0.12777671190278977  0.13817461364946229  0.14913539995336247  0.15990598408917703
  0.17120208840112550  0.18245982479518530  0.19340882288564706  0.20390535209213206
  0.21402776701923748  0.22434492940697298  0.23458912408527513  0.24494248936087337
  0.25548044112310464  0.26622209915130152  0.27700296959286946  0.28772503873936578
  0.29843764133347245  0.30911410116433552  0.31936084300587975  0.32948903560418230
  0.33954540512438430  0.34958313832666621  0.36043952022034920  0.37083231892265667
  0.38121261534005391  0.39170860978589211  0.40235825809420672  0.41311729149550702
  0.42379111728350655  0.43432333162676184  0.44500201296816139  0.45595134893870432
  0.46684514071403876  0.47694237195713973  0.48637588937164628  0.49557384321258957
  0.50501138902930109  0.51510596218350901  0.52585048167534088  0.53676893839816453
  0.54709746584062224  0.55689090971254362  0.56660913704340121  0.57623357335790459
  0.58587029523329137  0.59522123234941793  0.60423403826946587  0.61425735481608446
  0.62378799577240629  0.63310977573587102  0.64241043096185246  0.65257038978299786
  0.66235300484208626  0.67201528874625893  0.68148146373201646  0.69103433047066132
  0.70141149196105501  0.71181429729212997  0.72259468705085794  0.73407600634893633
  0.74598009416752176  0.75732744352162207  0.76832526929397837  0.77947771645522379
  0.79061114566421986  0.80166725137123485  0.81248624131671299  0.82361160930422594
  0.83424322491858061  0.84419954556941545  0.85362819010415758  0.86352339446852477
  0.87317718803215927  0.88318395202075184  0.89352285384466124  0.90479772632772337
  0.91668657747062632  0.92827422099641754  0.93997151509809107  0.95153293740670364
  0.96304642378515415  0.97477038349640466  0.98727052478141009  1.00000000000000000
 -0.00289824402232867  0.01103549746455060  0.02205587696159129  0.03333957780122250
  0.04411905051149225  0.05398238069932798  0.06379055740674627  0.07386103446058778
  0.08450085008260401  0.09504363538882449  0.10558610420805334  0.11750584868638325
  0.12976473074341652  0.14157553329720696  0.15320835728838714  0.16443063171602093
  0.17503800511114243  0.18536574900920041  0.19511186252777843  0.20471192062560187
  0.21442656167664700  0.22415320692213436  0.23422833711861307  0.24468446501261787
  0.25520694458895665  0.26547600929283460  0.27564459973294747  0.28576917354014186
  0.29575755692610595  0.30567722143042902  0.31612836902631530  0.32727737019638359
  0.33852305935195404  0.34945556515001996  0.36011805000657482  0.37086328195488066
  0.38181162818534531  0.39250622617317549  0.40280392684974103  0.41317072830700180
  0.42392624683112451  0.43442608020184631  0.44449360034824836  0.45430414559120724
  0.46436762898931488  0.47481040400967817  0.48542192335985174  0.49620201818987858
  0.50705151916081648  0.51783124041186213  0.52854671462675185  0.53956161267169211
  0.55002737748937736  0.55969246699455810  0.56975151860268014  0.58055408155269228
  0.59158208426579750  0.60251194816307418  0.61339564652700895  0.62405033115511088
  0.63466126503318165  0.64522085874093360  0.65556102491172896  0.66554191835252252
  0.67541757951459758  0.68560358268839661  0.69674479529878686  0.70828647972120573
  0.71884143941364043  0.72826178928064811  0.73774831656690232  0.74821154094361519
  0.75889309596045840  0.76996050836465912  0.78113125217771151  0.79215463477438441
  0.80275624055201844  0.81335418624143019  0.82431766913911353  0.83606250700971019
  0.84755128715559958  0.85825276945049989  0.86863282011434850  0.87915860608160656
  0.88973988576631624  0.89993678364976004  0.90976311044412150  0.91979506267158662
  0.92995356425542941  0.94014211761057176  0.95012671063873388  0.96070030541243800
  0.97117519650648698  0.98096364701754002  0.99054179179676027  1.00000000000000000
  0.01585065367464133  0.02917227479814547  0.03448419864527198  0.03788430581059064
  0.04063753118569041  0.04301697131385132  0.04515863723067166  0.04712589261242267
  0.04895617298339251  0.05068481562273179  0.05233642199961074  0.05392681676224687
  0.05547027302067847  0.05696829998519985  0.05841297637401423  0.05983793165130666
  0.06124167945457465  0.06255293008579937  0.06380001515205652  0.06501861747295068
  0.06626935917263332  0.06747034661575251  0.06864214049890517  0.06983364929795034
  0.07103498286433090  0.07221713412528551  0.07339616459950216  0.07459270724614217
  0.07582053825960051  0.07702639740914924  0.07820460324324809  0.07938068753327829
  0.08055771971861145  0.08175851190075943  0.08301190585383637  0.08429402672445736
  0.08562219951140956  0.08696526679960630  0.08827564616311938  0.08956214012861308
  0.09087098392087041  0.09213178832726696  0.09336627451507176  0.09458176230702815
  0.09576107338706656  0.09700403377289810  0.09833933107129680  0.09964628924188118
  0.10098433760970355  0.10233765005453464  0.10370463977575435  0.10505291533569881
  0.10642960422712505  0.10785954502261584  0.10943388462039595  0.11100499159590169
  0.11258819228916024  0.11427096530518717  0.11611750345183310  0.11803641762809110
  0.11983121610312307  0.12141838738352466  0.12295521619736254  0.12443010730840627
  0.12618311001193092  0.12823748775842764  0.13026273787811815  0.13226900131415681
  0.13431424971284725  0.13635603772200125  0.13839362403080219  0.14038032435373354
  0.14233124170737119  0.14443071099764121  0.14678155432194837  0.14938841455986962
  0.15158742624654600  0.15401317505301659  0.15685054899455253  0.16032127242003896
  0.16473315450947548  0.16954643399872224  0.17410911921641956  0.17889775705592462
  0.18420828974309780  0.19033897961097992  0.19783118523940921  0.20763258947810007
  0.21702040091970706  0.22271683361398228  0.22841326630825751  0.23657642442762541
  0.24489587065698473  0.25952842832759315  0.27725707706351843  1.00000000000000000
 -0.00210582467134916  0.00812999062315885  0.01705289231158500  0.02740999444655311
  0.03783678404911704  0.04799205770630113  0.05775231367855251  0.06754644922942979
  0.07766689681457532  0.08725105304062039  0.09668820723420107  0.10622610452805080
  0.11584366147227491  0.12571084615240716  0.13547574314677935  0.14480205403553748
  0.15389454777467815  0.16298493578802503  0.17224198674556146  0.18149080167396531
  0.19069793150793671  0.19977930283181747  0.20901041655541691  0.21863406656297418
  0.22836396387177091  0.23813162369922325  0.24794417670542948  0.25773196090579636
  0.26736688260208924  0.27734147158406347  0.28777182125936035  0.29830076919655124
  0.30898263419076549  0.32002404796076084  0.33171378378409877  0.34418265786757890
  0.35699672133692067  0.36921303660485805  0.38190224130717093  0.39525922205239394
  0.40859769628134041  0.42095064864493081  0.43265063894866523  0.44448245033921147
  0.45670057209101833  0.47010383157708818  0.48355885739622040  0.49825730850246308
  0.51193890663971930  0.52529475641462342  0.53869837581830671  0.55290866095836000
  0.56697097345652314  0.57975552115700901  0.59082222432097131  0.60131247768106399
  0.61191072503240096  0.62277722722397966  0.63409954384801093  0.64507351937813129
  0.65663688387081209  0.66794068075321811  0.67944200124737941  0.69018489442941711
  0.70072255068104050  0.71126164107189360  0.72203869545754884  0.73303075521780880
  0.74421641289411267  0.75512178138157648  0.76519630308200826  0.77451430976965741
  0.78372885794407621  0.79308935916245615  0.80259485081945992  0.81198072898836848
  0.82107889436672832  0.83007397001084893  0.83900175627419771  0.84813241101946857
  0.85780089432953077  0.86784203869752918  0.87788305425589286  0.88776700403911357
  0.89757652045362890  0.90748926508400951  0.91740035943375131  0.92679818402523118
  0.93588951088429684  0.94487029664834399  0.95381919714575980  0.96267838717276899
  0.97123869623320414  0.97989414251241480  0.98918592291062046  1.00000000000000000
  0.10158124982142590  0.31153976176718329  0.36679187462308377  0.39920311778529749
  0.42573287829997436  0.44626418028673570  0.46082501724908564  0.47247319533470894
  0.48313861731508151  0.49294627314239181  0.50216047742542458  0.51059933183565376
  0.51858407399473971  0.52644603142726432  0.53431203750331902  0.54157841481320279
  0.54779697830005070  0.55359101343877914  0.55927546083850688  0.56481037573418258
  0.57030009437996432  0.57554984833930745  0.58052153700488462  0.58528261998398401
  0.59001745455183607  0.59484539879579434  0.59953241269047319  0.60396889565731560
  0.60836361330356670  0.61285782862857419  0.61708445907052056  0.62120721620412267
  0.62527887291160600  0.62912944065738619  0.63288981147479961  0.63656369727963480
  0.64028267330930921  0.64381771724397463  0.64717587008065913  0.65046122196738843
  0.65374021916856961  0.65703325989569950  0.66027549595637902  0.66338671082192457
  0.66637553341023736  0.66930756407110659  0.67225979996484353  0.67529137110122894
  0.67836663337701719  0.68130803923008254  0.68421260526327210  0.68711706745664392
  0.69009093704927515  0.69317017312232110  0.69625196456515215  0.69939104636897520
  0.70244356200525937  0.70540812757874272  0.70847981442904162  0.71161383704870773
  0.71467535958896822  0.71773319035362670  0.72067154929919863  0.72347410738041251
  0.72630423452979587  0.72915929559700510  0.73201722081784393  0.73491839764807554
  0.73790359143703288  0.74091830809072434  0.74393546150306022  0.74698382084887616
  0.75013564360384644  0.75342056300205262  0.75676530076571613  0.76015353673339414
  0.76359359239048885  0.76712370100538763  0.77090287120622980  0.77491977181600369
  0.77906601071397796  0.78322104198098963  0.78737714203717357  0.79172582908678146
  0.79637012468383483  0.80131575920396636  0.80651627372091705  0.81166505862439986
  0.81798339556785959  0.82467009686502690  0.83224389102573737  0.84131475075328233
  0.85168976868875956  0.86500215529188385  0.88923538672948799  1.00000000000000000
 -0.03789202010093092  0.17341206656670610  0.21634702619605700  0.23982618457103103
  0.25748357595057092  0.27347304000797296  0.28732151215212964  0.29848479297155539
  0.30785386627936911  0.31650390787307781  0.32466499373704300  0.33220194594197161
  0.33934904717271974  0.34626720657545723  0.35258327464956740  0.35852879381897063
  0.36402004283715877  0.36938311528178064  0.37458513056436388  0.37967207396069813
  0.38487720422224814  0.39047258675919000  0.39595360881196845  0.40087626019326150
  0.40532167538187125  0.40957918213325978  0.41383661859942533  0.41824218880190456
  0.42265986010903905  0.42680776555830391  0.43078739941613797  0.43481193727655815
  0.43887794669671237  0.44298785467153351  0.44689810088451393  0.45073500434856090
  0.45452228640951670  0.45821660789240587  0.46174099613983921  0.46531409351052061
  0.46897743086339055  0.47261244437674754  0.47614190061136513  0.47961231397692888
  0.48303923356853778  0.48643696308018086  0.48989689034303824  0.49338598625145125
  0.49671066388550861  0.50003852917425806  0.50345564298879220  0.50705241960633363
  0.51074760300137656  0.51443295018323321  0.51809084594749699  0.52193105233444892
  0.52599741101099695  0.53023679645148170  0.53447969287754138  0.53861324238720176
  0.54263457279318916  0.54662872388855721  0.55074563363140228  0.55487795793176964
  0.55889122233099520  0.56320337750832183  0.56765034599508657  0.57217622375377941
  0.57657546742855459  0.58093576238140432  0.58542092473638185  0.58999880941022964
  0.59502518973933516  0.60022701425757863  0.60536565137700238  0.61050404373077705
  0.61573617039677186  0.62116486239837676  0.62680397203628502  0.63230401266230174
  0.63767214023518903  0.64336105416690403  0.64973932668483203  0.65705090778486530
  0.66504653713765904  0.67365414857391481  0.68320012598881852  0.69302083909159085
  0.70305085608256190  0.71449824962257491  0.72741329161200496  0.74338884538217331
  0.76196226373078546  0.78718675626624324  0.82938518031394204  1.00000000000000000
   6.2352862314151730E-013  -1.0000000000000000     
 F F F F F F F F F F F F F F F F F F F F F F F F F F F F F F F F F F F F F F F F F F F F F F F F F F F F F F F F F F F F F F F F F F F F F F F F F F F F F F F F F F F F F F F F F F F F F F F F F F F F F F F F F F F F F F F F F F F F F F F F F F F F F F F F
  <DiscreteSampler_grid>
  grouped_processes
  1 # 1 for a reference and 2 for a running grid.
  10 # Attribute 'min_bin_probing_points' of the grid.
  1 # Attribute 'grid_mode' of the grid. 1=='default',2=='initialization'
  0.0000000000000000 # Attribute 'small_contrib_threshold' of the grid.
  0.5000000000000000 # Attribute 'damping_power' of the grid.
 # binID   n_entries weight   weight_sqr   abs_weight
    10   10   1.360662365990264E-003   3.226449390214985E-006   1.360662365990264E-003
    16   10   1.360662365990264E-003   3.226449390214987E-006   1.360662365990264E-003
    22   10   1.360662365990264E-003   3.226449390214985E-006   1.360662365990264E-003
    28   10   1.360662365990264E-003   3.226449390214988E-006   1.360662365990264E-003
  </DiscreteSampler_grid>
