  0.05311071982344607  0.05352793466479278  0.05439480976888340  0.05495204349539008
  0.05548659493527718  0.05600964042506356  0.05651666930943316  0.05700610033680797
  0.05747704777141417  0.05792999755737990  0.05837660282425176  0.05882435941507183
  0.05928018905677718  0.05973974600464304  0.06020020956692016  0.06066816495339623
  0.06113520568199966  0.06160763264325191  0.06207849747546849  0.06254233745046112
  0.06301544895952603  0.06350527377915402  0.06403201246275680  0.06454335041146252
  0.06508282364673790  0.06562229075441266  0.06616449699072179  0.06670573639794020
  0.06723300055056601  0.06775712534820798  0.06830895244286543  0.06889143082175876
  0.06948439147707676  0.07011681415140598  0.07073073698475586  0.07134220116853821
  0.07195387427936629  0.07257201044708697  0.07323831840585494  0.07390963565087889
  0.07462513145777523  0.07532355563706490  0.07600718111027327  0.07670028548094483
  0.07739997508872799  0.07812303134987363  0.07884421810769082  0.07956633020559739
  0.08028269763783480  0.08099026648485658  0.08172802431950078  0.08248333965735098
  0.08323443630805431  0.08398766380848766  0.08474851122863837  0.08552432546736416
  0.08633698528037308  0.08725605892298186  0.08816261524063426  0.08912183245779730
  0.09012012801045628  0.09119173992912663  0.09234480712877575  0.09355467853293907
  0.09477585780761603  0.09599192306734328  0.09720560520333142  0.09849556024850348
  0.09985278099464687  0.10127950851114871  0.10275108771970522  0.10437725277194096
  0.10614054403938891  0.10795109110307907  0.10985801022750705  0.11176786792399580
  0.11357127920070077  0.11528990737175969  0.11711065541587058  0.11912843249027651
  0.12142090838709353  0.12427869538005905  0.12731786324810948  0.13040761039223681
  0.13344870392314739  0.13698743180532416  0.14177572763712082  0.14777371959780011
  0.15498225263563054  0.16319743116581076  0.17174988159592960  0.18055846738684359
  0.18969607828357010  0.20798723177337503  0.72307075306977930  1.00000000000000000
  0.00023236961647967  0.00031737053183636  0.00035010099383201  0.00037659083946912
  0.00040137632134182  0.00042549024127616  0.00044747529827568  0.00046733949458673
  0.00048650932628573  0.00050491733193304  0.00052363148498697  0.00054279345536165
  0.00056152406577183  0.00057965909849766  0.00059806301494851  0.00061741028598521
  0.00063644387333839  0.00065515427891031  0.00067485553013441  0.00069478161272655
  0.00071425797544775  0.00073329004465578  0.00075286774420551  0.00077335007702899
  0.00079383497153817  0.00081808690118652  0.00084297744717318  0.00086703877588721
  0.00089080155351985  0.00091453861086900  0.00093866501607473  0.00096366214519321
  0.00098961456817511  0.00101686542958818  0.00104515566007723  0.00107425390424830
  0.00110426545228366  0.00113442328543882  0.00116432511403489  0.00119543238599692
  0.00122774812832976  0.00126107144870773  0.00129533399918752  0.00133103610103282
  0.00136786616767726  0.00140532157923411  0.00144333597561531  0.00148341615232815
  0.00152749814275150  0.00157514761851550  0.00162459977796376  0.00167504920786612
  0.00172573960388687  0.00177701762512458  0.00182967193189669  0.00188562867285075
  0.00194183474352268  0.00200383168700819  0.00206783605780097  0.00213277416939402
  0.00219937825460666  0.00227271900810593  0.00234552788148336  0.00243005915491633
  0.00252230693204732  0.00261861807894101  0.00271879726097873  0.00282130905146012
  0.00293266238527418  0.00306018047928287  0.00319533170151162  0.00334231451764249
  0.00350255201742110  0.00366717530896129  0.00384201822271006  0.00403055703094725
  0.00423829555074264  0.00446684071514120  0.00470607526472394  0.00495758159767933
  0.00524916572053156  0.00557496022730843  0.00593980101252820  0.00636306602403479
  0.00686779689251176  0.00750611125614049  0.00832622715060511  0.00932935992299465
  0.01054529818054734  0.01211800524356198  0.01406857724685467  0.01643209365714841
  0.02087321919515820  0.03537586091787287  0.56860227556913623  1.00000000000000000
  0.00016768903418942  0.00067712213481850  0.00079800579726253  0.00091384224896978
  0.00105518193173492  0.00122762193417146  0.00138332998775735  0.00151121024671469
  0.00163070305431525  0.00176306366276166  0.00190763846476927  0.00205244946038024
  0.00219769658584854  0.00234265420547037  0.00248874835682331  0.00263301891372635
  0.00278199413219178  0.00293065650631078  0.00307156969343555  0.00321112151094422
  0.00335411283409319  0.00349796161225492  0.00364553613659261  0.00378571538914886
  0.00391798565153534  0.00405058946163570  0.00419546636284847  0.00434445436010523
  0.00450934604493974  0.00467315623833982  0.00482886837268412  0.00499846366248802
  0.00517852892387839  0.00535302553434552  0.00553299699470580  0.00571014228624253
  0.00589522367455109  0.00608826354778477  0.00628482898638574  0.00649022634505811
  0.00671084302847012  0.00694388967777115  0.00718152290505377  0.00742929123237099
  0.00768595912984896  0.00794706031150829  0.00822613666545715  0.00852147182761011
  0.00883201324711526  0.00916487107214515  0.00949940064184093  0.00984505032938017
  0.01021627752145057  0.01061018985417571  0.01101929446271221  0.01142325821140741
  0.01182903240367098  0.01226874789746930  0.01275095451067226  0.01325173683837337
  0.01376045427811262  0.01427925009547342  0.01481671231108823  0.01538677802299851
  0.01598164098471121  0.01661121305345005  0.01727761035374911  0.01794361616636325
  0.01863680577666321  0.01934027592985523  0.02012089912495759  0.02096547264307297
  0.02185460004769891  0.02278697118453439  0.02375268017991914  0.02474163577815596
  0.02576194669415984  0.02680137098396822  0.02789016219821176  0.02904368858173354
  0.03031090453556741  0.03176903484120895  0.03345639242316266  0.03536167975909697
  0.03744618516352037  0.03967228139309335  0.04212729631792592  0.04480688615582923
  0.04738704924919072  0.05010668319375762  0.05356842961351652  0.05786849364327627
  0.06339509704513768  0.07203972342194917  0.08808402911102388  1.00000000000000000
 -0.00629723983001811  0.03404194000107717  0.06671949622867512  0.09656116126967064
  0.12364508273844711  0.14698543025122898  0.16548496566224929  0.18192312717887305
  0.19655721679886182  0.21105903204609727  0.22313487614643138  0.23503794915784809
  0.24638769145087908  0.25717723848849711  0.26672814693003893  0.27590575216179020
  0.28514110003557236  0.29418104526725963  0.30317743391981877  0.31237197712818721
  0.32166683961671783  0.33051036219360130  0.33858657281942633  0.34603074734999456
  0.35296071561255848  0.35959526241098277  0.36626363111752835  0.37301830029712901
  0.37993327196234672  0.38688484175546700  0.39357098160001935  0.40006706332745839
  0.40635451241661086  0.41269461283361364  0.41902537148307417  0.42541528184561628
  0.43157920283276435  0.43740994428392294  0.44305782407350008  0.44861969598728468
  0.45410375228606764  0.45948189759245323  0.46486205711584705  0.47043638729558795
  0.47615125825637677  0.48166914646412967  0.48691174580881452  0.49214193777992887
  0.49765645108856266  0.50352270621633821  0.50971537465722427  0.51573962703794041
  0.52164050816020535  0.52738336159679433  0.53297954231713740  0.53860955110683162
  0.54442930954601865  0.55026552880668078  0.55603857591529504  0.56187871952965784
  0.56768932052502352  0.57357246620992364  0.57944391182439392  0.58507662876104771
  0.59086095246842374  0.59695632298504409  0.60308636560098328  0.60927221913096075
  0.61564336892018356  0.62234501765161532  0.62939307414587697  0.63664395907854987
  0.64392827198478608  0.65153564933587482  0.65935493361248043  0.66717759196731463
  0.67501210671119405  0.68299528443256174  0.69164418457191967  0.70116319080882072
  0.71123199097530243  0.72154032294501358  0.73286570345454838  0.74519800839672534
  0.75731384785358535  0.76906562341739604  0.78190714359650348  0.79612771874095156
  0.81136621259096908  0.82865116457958565  0.84816368288559152  0.86985139109213305
  0.89414240507198162  0.92427591374278217  0.96096752576020983  1.00000000000000000
 -0.00205792594814624  0.00959673318028994  0.01924479806851781  0.02876932862401399
  0.03810844984902195  0.04716966080785608  0.05549741164906966  0.06396133973982401
  0.07335004478741447  0.08301978298401527  0.09306258782591929  0.10432821969214874
  0.11731123586964837  0.13005128002022304  0.14131350332654244  0.15222776841252078
  0.16316837901314563  0.17382016014907775  0.18454558492801434  0.19573697271196810
  0.20708509700032540  0.21800779192247452  0.22858725234934404  0.23909830635611798
  0.24942561437721852  0.25957210798753744  0.26974427893726899  0.28017571523298807
  0.29089074077153065  0.30182165384200660  0.31271735433687964  0.32358162362431531
  0.33456162636422526  0.34584170059996933  0.35709124195063319  0.36791342704892127
  0.37827725529621514  0.38838462039139621  0.39869334332468026  0.40849952202810602
  0.41772366948457201  0.42670902903912078  0.43622421704117814  0.44646121348712253
  0.45672790339753844  0.46695246917740940  0.47765499857344063  0.48834219714389937
  0.49882833022224859  0.50903353680054830  0.51860988020844090  0.52790213558918064
  0.53710272725116859  0.54693760726096108  0.55787058826202884  0.56913123879382654
  0.58086947618463258  0.59233519138452229  0.60394926967182161  0.61575982261769602
  0.62674546359003147  0.63660031382100613  0.64585812441596369  0.65517914031226965
  0.66450941181449985  0.67383255384020191  0.68370860018864033  0.69459127546438060
  0.70586103023385405  0.71676178351600617  0.72742376819171084  0.73847239681620269
  0.74993083703715113  0.76111624512698850  0.77181246526454139  0.78180736769084980
  0.79148201339143176  0.80170211461183671  0.81269401026300814  0.82413285423839577
  0.83531858089254574  0.84634253848427787  0.85760592023421367  0.86902410687814569
  0.87985171659903105  0.89010163781664331  0.90044881337411664  0.91117022966168792
  0.92220778120500080  0.93316779299497299  0.94357163895506935  0.95394902769173429
  0.96465992560335012  0.97629686317998254  0.98800312114486033  1.00000000000000000
 -0.00280144215569309  0.00997410603906290  0.02085679365222501  0.03202816013181268
  0.04275025085908964  0.05297059203596680  0.06258656539170154  0.07187476062707537
  0.08089430388812707  0.08999017630158386  0.09925721044652465  0.10910899588966323
  0.11998805473999459  0.13075915975358549  0.14087265069468963  0.15081662188169592
  0.16169858424756592  0.17302649407910367  0.18344728072831426  0.19356833781112631
  0.20385323436533176  0.21501645908484768  0.22628375178369620  0.23731471733167178
  0.24770024901181686  0.25780754627053049  0.26744560889933988  0.27716533451782538
  0.28716341676407847  0.29737380371217303  0.30755970901059348  0.31685579083026610
  0.32611585237491575  0.33559599244437405  0.34570027601485548  0.35600292537566508
  0.36703244392539158  0.37885300860948751  0.39052418917237608  0.40210599354800408
  0.41307773707267142  0.42397163425595275  0.43526896740107185  0.44659029930581862
  0.45817087466435685  0.46935531952812459  0.48047347389118628  0.49147254468413099
  0.50248800485416478  0.51296857550352837  0.52350727171829703  0.53395190289426175
  0.54428975424670967  0.55473518630531327  0.56485967953727789  0.57514663490965057
  0.58572025882805356  0.59594703017949824  0.60571876672543845  0.61572788992434757
  0.62598594009068387  0.63721284758598185  0.64802850410757440  0.65882728774438748
  0.66922302920174859  0.67986962286267061  0.69062249562586064  0.70236092936691386
  0.71351457053500711  0.72455960924926299  0.73441427369749257  0.74376569018043848
  0.75375823053824553  0.76379262003630533  0.77402522482044844  0.78431988596019886
  0.79426593490796149  0.80455283002489608  0.81426066535167796  0.82422790920525724
  0.83519284680760952  0.84689581130889990  0.85837315707345563  0.86890056333039301
  0.88069338862148661  0.89227334960913252  0.90396159130731712  0.91530301673677938
  0.92629619603905611  0.93734670665464526  0.94794442823906122  0.95768853086241201
  0.96753635786588166  0.97692526685246783  0.98844268154330051  1.00000000000000000
  0.05942607064142665  0.06092220690262649  0.06197174551237397  0.06305786774125648
  0.06447959556265222  0.06605074279278887  0.06766138677272865  0.06924345204326306
  0.07078313627874919  0.07226147059226641  0.07372527995744448  0.07522943814109750
  0.07672474912361671  0.07817306199743070  0.07959043153382192  0.08100232975951832
  0.08245788924107390  0.08386815060873017  0.08524771824180213  0.08663967249419316
  0.08803511246608170  0.08942981376425016  0.09083835512489384  0.09229241117402981
  0.09373916936654671  0.09521356512360316  0.09665951249378706  0.09815539448080710
  0.09965220787081779  0.10117868030691682  0.10271481079394855  0.10427533337767898
  0.10583096940312268  0.10736352660790333  0.10885864224959114  0.11035953338960142
  0.11189395729207161  0.11349523093307107  0.11514873701331679  0.11682014499578323
  0.11845172592564819  0.12004053345963372  0.12164739195174773  0.12324713574518072
  0.12488881405411856  0.12653524172068495  0.12816069487193701  0.12982058644619182
  0.13148499028474994  0.13318995973958320  0.13490426175731518  0.13658677449190929
  0.13833473815841971  0.14020434681574453  0.14220206082011197  0.14424936641177979
  0.14627009216994480  0.14823034317259698  0.15020983820643535  0.15223689425981801
  0.15429441314594777  0.15644825366197174  0.15863361248126348  0.16080492032403090
  0.16299201574166514  0.16525808063351308  0.16762290454538104  0.17002058636617620
  0.17245852191544703  0.17493923689017385  0.17759823255458362  0.18033382029740863
  0.18307105868259238  0.18579769844505847  0.18881898221262569  0.19215749425381018
  0.19569837224683129  0.19934081255643207  0.20340027576227615  0.20811457484475557
  0.21395157744477866  0.21984231018839784  0.22566466885474987  0.23032311980889900
  0.23591345160224059  0.24174660324688690  0.24868723053617037  0.25742136760511264
  0.26785495612975091  0.27909429082293580  0.29199513683711670  0.30554683445059172
  0.32486351011607201  0.35720218147212252  0.90971820003040382  1.00000000000000000
 -0.00392658135776180  0.01580882234693240  0.03152125460534044  0.04633351670672874
  0.06049829753874703  0.07697953128769305  0.09525024529258797  0.11317799196418805
  0.12893135098779576  0.14329673063558393  0.15760367278140489  0.17158951685410639
  0.18437297546360559  0.19658923957388386  0.20854802584826557  0.22077949963439908
  0.23287315877506048  0.24414591836367877  0.25442502352761442  0.26396771581379253
  0.27327349416893082  0.28246028804690443  0.29142870307806967  0.30026768720734448
  0.30878984951647315  0.31712327390077810  0.32575746625026031  0.33473603718910505
  0.34364482385122880  0.35222633827963157  0.36096054652108955  0.37014608362485940
  0.37925085770935979  0.38781292402497258  0.39581870505790906  0.40342664741431700
  0.41103511535785026  0.41888056446426003  0.42670555619573108  0.43458780384416340
  0.44244476474864458  0.45042850443431359  0.45844361640847642  0.46644482171115420
  0.47436317392655009  0.48196126910875353  0.48912653336306045  0.49593138295468409
  0.50253704696134671  0.50922109917512459  0.51640304375672763  0.52402606696722243
  0.53165780836429410  0.53923311283104869  0.54707997678110321  0.55488543372467614
  0.56253315457762676  0.57020129188929314  0.57824240133064231  0.58640172342058305
  0.59486517297425978  0.60312730395898151  0.61128184409073882  0.61951031789681721
  0.62750250866926605  0.63503248061426554  0.64240535959414946  0.65034266210734026
  0.65830601360915553  0.66685343855964441  0.67611880353242770  0.68586023703540144
  0.69568906881611747  0.70577911362771240  0.71591838438710376  0.72618510892340427
  0.73617298000096731  0.74592073002935888  0.75612388874523950  0.76665267460820063
  0.77768919206017451  0.78946603938555271  0.80150677854901564  0.81377295578551367
  0.82662062946713544  0.84025387481429803  0.85460665872977293  0.87028227619935461
  0.88587199420856000  0.90142708316967690  0.91722588727061294  0.93452231914756412
  0.95271112166255245  0.96999903739652871  0.98599956281120560  1.00000000000000000
  0.13715959037754649  0.20454883804419885  0.23111534396987224  0.25260558459127613
  0.27017598112696461  0.28304771467808859  0.29394537177443991  0.30474045387497312
  0.31458183918873250  0.32363860077536644  0.33255473520662704  0.34165857619505779
  0.35042708480955354  0.35914235496130548  0.36748957562370937  0.37481914571308722
  0.38153799788958209  0.38842091317724753  0.39509743834319627  0.40172271067921933
  0.40768548525936982  0.41328502372890502  0.41878653335297544  0.42449861511996584
  0.43032687895006511  0.43608871112519526  0.44135858658604726  0.44688095165207675
  0.45245399700552802  0.45757096593827257  0.46230562338576620  0.46690131070627700
  0.47163358847525300  0.47665762300348230  0.48174543079371185  0.48652684743557612
  0.49099545359059721  0.49538097153975885  0.49977796099939015  0.50407260438851331
  0.50832226443423789  0.51254635515239622  0.51671585994397207  0.52088233587304933
  0.52481815074462301  0.52866418572795404  0.53266414470992773  0.53697586387256968
  0.54151257523248897  0.54560644749136478  0.54954967141752786  0.55343455757674354
  0.55739856350190597  0.56156321367099615  0.56592961046582202  0.57039703220217586
  0.57486498957544285  0.57941278616327074  0.58413212574015649  0.58891851640533055
  0.59365038643500578  0.59833376989953291  0.60304189485250803  0.60785193775988045
  0.61278365220558950  0.61763813810096946  0.62252582633941200  0.62730228102183516
  0.63220784995954282  0.63728831585899992  0.64257071536581112  0.64784224089653586
  0.65315437998690595  0.65852534683746122  0.66407869649442897  0.66986000144685087
  0.67559729002086188  0.68141352938568578  0.68727544809835006  0.69298023509697526
  0.69851863108042178  0.70412067257343591  0.71005007506868933  0.71639686879117426
  0.72292058743496057  0.73000286696330496  0.73777840401752148  0.74579493860855894
  0.75462911423653745  0.76496248060376693  0.77603217462050567  0.78912269267917012
  0.80481197037454555  0.82576728678678035  0.85914017590537861  1.00000000000000000
 -0.03306458335375242  0.16394024866873508  0.20480475234906526  0.22963240969391913
  0.24743982220337926  0.26312019948400489  0.27615732216105354  0.28699837147852358
  0.29675110656176429  0.30553709633134268  0.31346666852905464  0.32080470293537394
  0.32786840002420387  0.33487567651692951  0.34184087627349313  0.34852831516908239
  0.35485368784358068  0.36077197218675150  0.36669310637711011  0.37268393684586115
  0.37856093450956529  0.38438715988574612  0.38992598442557075  0.39513424155002547
  0.40002150400281011  0.40475263625952101  0.40958740969849339  0.41453472873393105
  0.41932676909813749  0.42423423906150803  0.42883173194887497  0.43315122842365383
  0.43734562997803328  0.44156296650371230  0.44581956585517774  0.44999508461212462
  0.45405638626282097  0.45800974913550063  0.46178241372025947  0.46568227908052023
  0.46953243943317696  0.47337545355784666  0.47717644143033389  0.48098486898781101
  0.48482081955479456  0.48871186616057799  0.49260157138161298  0.49668193213871981
  0.50063425923702753  0.50447888014444442  0.50836324586839621  0.51215783445355678
  0.51582023437997770  0.51951779528818487  0.52333381732290751  0.52722574280742251
  0.53117172219223630  0.53520812111112470  0.53928953298052296  0.54333919129707398
  0.54736849726620496  0.55156541421514382  0.55595148538417438  0.56065627377662286
  0.56544186488225390  0.57029687766240600  0.57480565217706936  0.57926581199027294
  0.58368999260775933  0.58800423617639241  0.59243131928295223  0.59686891358942229
  0.60146980333960154  0.60630931544353095  0.61129093617892349  0.61657584097147011
  0.62175239653955094  0.62719476440888178  0.63288195369881939  0.63878111818811290
  0.64502588120451176  0.65188551130655281  0.65906348869854636  0.66625538382215310
  0.67366400716408170  0.68140074466907485  0.68983941751669897  0.69892193879609343
  0.70884985023370517  0.71976002204741929  0.73257115453521071  0.74785265399783285
  0.76628278404036620  0.79125628863386976  0.83697695292347418  1.00000000000000000
   5.5563160782208475E-012  -1.0000000000000000     
 T T T T T T T T T T T T T T T T T T T T T T T T T T T T T T T T T T T T T T T T T T T T T T T T T T T T T T T T T T T T T T T T F F F F F F F F F F F F F F F F F F F F F F F F F F F F F F F F F F F F F F F F F F F F F F F F F F F F F F F F F F F F F F F F
  <DiscreteSampler_grid>
  grouped_processes
  1 # 1 for a reference and 2 for a running grid.
  10 # Attribute 'min_bin_probing_points' of the grid.
  1 # Attribute 'grid_mode' of the grid. 1=='default',2=='initialization'
  0.0000000000000000 # Attribute 'small_contrib_threshold' of the grid.
  0.5000000000000000 # Attribute 'damping_power' of the grid.
 # binID   n_entries weight   weight_sqr   abs_weight
    10   10   2.402820290168077E+000   2.926401586688673E+001   2.402820290168077E+000
    16   10   2.402820290168077E+000   2.926401586688673E+001   2.402820290168077E+000
  </DiscreteSampler_grid>
