  0.00073069604682411  0.00168826991447357  0.00212699690359450  0.00251601877416185
  0.00282509475456697  0.00298118723215483  0.00309721073213021  0.00323333111157603
  0.00337912634795262  0.00353403554452795  0.00366487672161664  0.00377373146866571
  0.00388185744644595  0.00399384084325283  0.00409684106362910  0.00418494361944335
  0.00426674937007015  0.00435102211494324  0.00442744484910049  0.00449378927204470
  0.00456223983882840  0.00463514766062152  0.00470783530842408  0.00477926795704501
  0.00486283997658357  0.00496725713841958  0.00508428311202901  0.00519657512575610
  0.00530450527888772  0.00541541383257875  0.00551652190110566  0.00560264161784122
  0.00568081946780851  0.00575767745238341  0.00583756074947997  0.00593847741684631
  0.00605923200885728  0.00617464002395705  0.00628793729907233  0.00638963089574164
  0.00648012626755402  0.00658425443554328  0.00669108612191469  0.00679875487033770
  0.00691618105615310  0.00704433164758967  0.00717751791662529  0.00731057999047825
  0.00743981268077681  0.00756648301444278  0.00769281758056429  0.00782316030466238
  0.00796438562725742  0.00811469029934401  0.00826862522451892  0.00842536866219602
  0.00858587240706079  0.00875147391010150  0.00892250809816886  0.00909596000042914
  0.00927227973456596  0.00944739267032500  0.00962657652870962  0.00981372059722771
  0.01001164063272093  0.01022485273896559  0.01045244964109003  0.01068994538590403
  0.01093727166781475  0.01119412559084172  0.01146274926943644  0.01174473286857023
  0.01205117228485053  0.01238910863531144  0.01273720627005158  0.01308905784704967
  0.01345243472995586  0.01383973266715641  0.01425824335886673  0.01470917174839618
  0.01520671953364451  0.01575453837432566  0.01635756426149746  0.01705361054555999
  0.01783126847157014  0.01869910311479527  0.01967996231407259  0.02083540933717790
  0.02226561408311001  0.02412471085134776  0.02663936323760208  0.02975102546233699
  0.03425790554657351  0.04241389168808460  0.06201502631563451  1.00000000000000000
  0.00025086916199663  0.00030724627196803  0.00035047020296463  0.00039821015960269
  0.00044616277579294  0.00048414709296241  0.00052002040849283  0.00055150205374411
  0.00058087093820582  0.00060805385279176  0.00063427778022086  0.00066570466131241
  0.00069988414779021  0.00073523051544933  0.00077204155947277  0.00080632391471258
  0.00083914223460411  0.00087123843059953  0.00090443772161411  0.00093825109321828
  0.00097107542872033  0.00100485416614922  0.00103878299046738  0.00107215809318767
  0.00110638437736918  0.00114225624930091  0.00117892983017938  0.00121648161345369
  0.00125602738557485  0.00129561584178227  0.00133478957007694  0.00137179600175664
  0.00140716303330803  0.00143999623525444  0.00147324698935047  0.00150684542882815
  0.00154187671817806  0.00157887525575600  0.00161769986722784  0.00165741165442773
  0.00169774889369440  0.00173875519914919  0.00178268421992492  0.00183066420312204
  0.00188034001042583  0.00193280272044895  0.00198245921095731  0.00203099288260825
  0.00207927854432486  0.00212772850363972  0.00217521729967899  0.00222497010661965
  0.00228054050085621  0.00233998689036806  0.00240042428820944  0.00246366813048224
  0.00252817574796712  0.00259603319418661  0.00265952368770794  0.00273122182594835
  0.00280487381233708  0.00287997621795785  0.00296133466783570  0.00304741582793804
  0.00313757244176684  0.00323167464266109  0.00333937763348430  0.00345644116421214
  0.00357530640863981  0.00369791748025953  0.00382769531456445  0.00396214360261258
  0.00410660037739628  0.00425545913903326  0.00441760531276762  0.00459104813123062
  0.00477395417551920  0.00498552033184144  0.00522396372858117  0.00548669807766464
  0.00577407333324787  0.00608911594094934  0.00644106492669609  0.00684882673051485
  0.00731260503890011  0.00781911823848147  0.00841912112423089  0.00915599307724014
  0.01003920450993340  0.01109066893047662  0.01243310871374708  0.01427822221193670
  0.01694946494482005  0.02185418780804091  0.70499750916015003  1.00000000000000000
  0.00232307733954586  0.00253615854223035  0.00274666491423344  0.00292290640956186
  0.00309699480549442  0.00326681058047321  0.00345024874118261  0.00362929181025405
  0.00379116744939823  0.00393582644572229  0.00408677093340961  0.00423977591916640
  0.00437745508691351  0.00450336433592550  0.00463425444415301  0.00477965441145301
  0.00492175504520532  0.00506619706032755  0.00522591035764101  0.00539047875824214
  0.00554706893102717  0.00569908375515455  0.00584717128658918  0.00600171342761365
  0.00616519238159709  0.00634069767830172  0.00651930543568441  0.00668110395179055
  0.00681913691446472  0.00694984616736243  0.00708391199590065  0.00723221050461499
  0.00738145991061202  0.00753150269266905  0.00768065847454122  0.00783044938008312
  0.00798752226139305  0.00815526995899487  0.00833021398294485  0.00850681939109169
  0.00868373453592063  0.00885774174874450  0.00903140470120095  0.00920608777679083
  0.00939140436744546  0.00959961051613157  0.00980966628959788  0.01002197376392852
  0.01023555312238660  0.01045788171295017  0.01068506931115859  0.01091562509227198
  0.01115196031527029  0.01139520932902736  0.01165995772384391  0.01194012632443014
  0.01221691971852500  0.01250077815389704  0.01279300076594746  0.01308125422496313
  0.01337512171704935  0.01367246864792066  0.01397458330981867  0.01429085041377936
  0.01462120519995469  0.01498271452918898  0.01536188077905779  0.01576191657155420
  0.01618066215201648  0.01661063014057258  0.01706326707570766  0.01754544181476855
  0.01805526493215332  0.01854280190273826  0.01904161560835094  0.01957774821591341
  0.02013606677667458  0.02072940456196391  0.02138945690000432  0.02212011586595196
  0.02288619862229126  0.02366154370299808  0.02450723205520575  0.02545248637322430
  0.02653341508603974  0.02780234118733579  0.02926676139062459  0.03086901895068938
  0.03259990779676947  0.03457296315097417  0.03717571846488422  0.04033247500908153
  0.04456098125978125  0.05099658277604518  0.06382124386868984  1.00000000000000000
 -0.00230257415884560  0.00957818039808039  0.01913398714193344  0.02894417511849344
  0.03833622439420417  0.04833879587322949  0.05819122017817977  0.06786598370928218
  0.07743604584169100  0.08629921082426084  0.09507974135707792  0.10474669814355379
  0.11505741480341540  0.12543824422151889  0.13582808174405447  0.14637081946160563
  0.15683277714334540  0.16735112121623841  0.17799123466117900  0.18866153721801668
  0.19902780993958130  0.20908701095938909  0.21914864764655465  0.22957533016573747
  0.24030368642724548  0.25105804981282248  0.26159946467156026  0.27191774106659433
  0.28211802259702917  0.29252121728342240  0.30328887561978063  0.31419351218861352
  0.32467151686817053  0.33538806897661227  0.34645290743512941  0.35767126056438608
  0.36857917308689825  0.37905728394619964  0.38913149181776940  0.39886532719105150
  0.40879186145238061  0.41916729001157271  0.43008191190348222  0.44140951523626148
  0.45279510853036614  0.46430105492436463  0.47615296347841690  0.48841169968457127
  0.50038525330963179  0.51205627239057672  0.52343173457368541  0.53434392986947099
  0.54488745619333301  0.55453477298567755  0.56450258224850036  0.57444720243421732
  0.58437086016385875  0.59427061666362235  0.60460133274132022  0.61589916027612124
  0.62701493305359324  0.63731212025552220  0.64730076814748827  0.65690349121687264
  0.66632812805912489  0.67575925263715542  0.68535208660596503  0.69532159330984877
  0.70579006347010509  0.71654771841652842  0.72760244591528633  0.73897315198640101
  0.75043575458547140  0.76172586800689446  0.77289979223336980  0.78394445535023982
  0.79515001075936420  0.80700783313389823  0.81901899010605883  0.83158683372421127
  0.84239580902662525  0.85217219814517708  0.86177988333770661  0.87181333683531792
  0.88193683183097094  0.89172719847174009  0.90197091661686790  0.91236635971157809
  0.92304155742296790  0.93420373530156209  0.94531539061627090  0.95624504699226220
  0.96644174133011385  0.97661143459711652  0.98703306898004672  1.00000000000000000
  0.01650922503931094  0.02260535525754775  0.02450518816940742  0.02578038205622616
  0.02684516704794260  0.02782331447585020  0.02868659781330090  0.02947471454191008
  0.03019362472731832  0.03087841790077640  0.03155154305432886  0.03221364119351160
  0.03285341695168113  0.03347844993344623  0.03410756329314373  0.03473790189928265
  0.03536724880761524  0.03598965946947619  0.03662320132863849  0.03725847925157304
  0.03790999569177601  0.03856688632753858  0.03921273207916466  0.03984532176544513
  0.04047218480813753  0.04110943063830232  0.04176196459674128  0.04241288389426225
  0.04304839736515604  0.04368185401848079  0.04434120988376992  0.04502925695615631
  0.04572652678060983  0.04642284499837105  0.04710356895926346  0.04776829291137229
  0.04848557675903036  0.04922955565874603  0.04998850301505037  0.05076066469804265
  0.05152707014156797  0.05229555466349796  0.05305389473481265  0.05380690741756389
  0.05456983888765700  0.05533986066665542  0.05612550485725935  0.05690358170061794
  0.05767770045039696  0.05846448660867200  0.05926811640033210  0.06009265493451680
  0.06094673076182807  0.06183027001491240  0.06276695134778282  0.06373098759828855
  0.06468778469622218  0.06565345317331094  0.06666143008742438  0.06769973132330609
  0.06873864062106877  0.06982661036479193  0.07096895555949155  0.07206526508837212
  0.07312253920266740  0.07417745921764250  0.07526900643152649  0.07643007258936745
  0.07766084469367168  0.07895895846410950  0.08030289362263711  0.08164489840595457
  0.08303685613402735  0.08453254845683901  0.08614925754666876  0.08781804623518755
  0.08951794403782042  0.09130618863889380  0.09322633991465655  0.09527737689521340
  0.09741514652740103  0.09964832605036326  0.10200694689423306  0.10483542681836618
  0.10800886269393413  0.11124719618112987  0.11456834322586573  0.11804235413546921
  0.12246468914033212  0.12751906867061202  0.13283304043774416  0.13923490778745948
  0.14929764150609462  0.16622267705735450  0.22852696855379162  1.00000000000000000
 -0.00241733198936800  0.00954238261753546  0.02117462566538117  0.03324913894846240
  0.04593000205181640  0.05808494309196852  0.07025621379849667  0.08249061160709534
  0.09438043257774589  0.10594251874492394  0.11699246942225204  0.12750668477628374
  0.13822375474399859  0.14977657175728479  0.16215873549372520  0.17455972743781561
  0.18575091051575110  0.19588343503207148  0.20585293660112666  0.21614953010328808
  0.22752929513907069  0.23910624397501920  0.25057766032026219  0.26149950642251113
  0.27226360320120174  0.28279122004149126  0.29314382787019228  0.30275647965932384
  0.31290554440110835  0.32330956878038608  0.33350386688577716  0.34278981461476710
  0.35234280409751634  0.36259334728408227  0.37318804512066339  0.38362437703310398
  0.39373820663097969  0.40325517666480032  0.41301917433837276  0.42176351647767407
  0.43014091673344645  0.43867854930656713  0.44807617037987646  0.45808270654507188
  0.46881932268600396  0.47945686159060275  0.48958966057115005  0.49928008002462332
  0.50890710527418115  0.51863664184663527  0.52844794557455710  0.53835082038454707
  0.54772319709931383  0.55664197075232968  0.56551452649022516  0.57440616286482515
  0.58328712521589532  0.59249513682301136  0.60212515931356425  0.61254901573252751
  0.62373446092780671  0.63478727251740252  0.64555700349689826  0.65656291561660429
  0.66762726612595136  0.67912074144109158  0.69001415919025932  0.70005080860178037
  0.71030847643156070  0.72066854521971857  0.73078375498744619  0.74048046016486369
  0.74932481401419804  0.76009979428753482  0.77077058858981540  0.78101248458033401
  0.79219775173971574  0.80394036550579895  0.81626697519797797  0.82824149361276667
  0.83974616197662810  0.85087455203963180  0.86163917285804592  0.87281759998558883
  0.88405771492070651  0.89460471493987448  0.90497231844820147  0.91613989646821248
  0.92809762397791917  0.93913471762187450  0.94889231827119258  0.95828445722794320
  0.96790101213893509  0.97841064138643963  0.98946583068139604  1.00000000000000000
  0.01401456589460291  0.01665552878491617  0.01785606806244385  0.01889343277802793
  0.01983335405402403  0.02069556943476526  0.02164355197616749  0.02261827958716771
  0.02352161806130987  0.02436575661172532  0.02518787042962430  0.02602888048515776
  0.02688171617611291  0.02771918472891964  0.02853030261252772  0.02931103472543206
  0.03008614842095959  0.03087728814846106  0.03166760187706853  0.03244610065588630
  0.03322419715711652  0.03400985306838149  0.03480618259816327  0.03561054988196934
  0.03641357386040777  0.03721584610210271  0.03801400291315015  0.03880082640811440
  0.03956771151202665  0.04034110313678439  0.04115877825864691  0.04201411414842366
  0.04287733137495493  0.04370731131633850  0.04453919029473043  0.04536304854592962
  0.04619824064273279  0.04699263004034107  0.04779264093048152  0.04859963446266897
  0.04936581794707944  0.05011920732416323  0.05091059199949716  0.05170465336208937
  0.05254804377569076  0.05346554628799476  0.05432175250346476  0.05521356635779043
  0.05612352768780736  0.05697594111296991  0.05775540954199072  0.05846429148785931
  0.05916563594022903  0.05989868827639182  0.06065439499228710  0.06143977732945094
  0.06221390306604207  0.06310120281640361  0.06397410245916295  0.06480127810793644
  0.06561652116704329  0.06644918333003780  0.06738884355319183  0.06846595176159963
  0.06955878336482015  0.07064448737505202  0.07166349466041107  0.07271128294778492
  0.07377993290408402  0.07483427632906395  0.07590447181440438  0.07701956285213768
  0.07831793525178980  0.07938653956531493  0.08033163103521980  0.08129921584128685
  0.08242378975149670  0.08380099216189778  0.08543756953415081  0.08709224516299448
  0.08859013445945435  0.09024010932297181  0.09225289831877480  0.09475917871682363
  0.09665436441433548  0.09863118994082934  0.10100087891343552  0.10312589617029709
  0.10528420153760105  0.10770116405997907  0.10978290567038042  0.11187948804217114
  0.11542862769023519  0.12171187151885429  0.57928967783905083  1.00000000000000000
 -0.00227816133631914  0.00801443723495765  0.01760306530515986  0.02630842191693662
  0.03472101953151878  0.04349335176629530  0.05259684778882937  0.06190707260774371
  0.07097398388707656  0.07994582018433430  0.08875527355999142  0.09777396552491638
  0.10649063222674822  0.11511301288482319  0.12394030687234775  0.13263399531103467
  0.14145640829589406  0.15043212515426799  0.15979204509425796  0.16940979820569926
  0.17993136255790926  0.19077308305274437  0.20158827099136453  0.21216309194730790
  0.22267112150109877  0.23288802167227987  0.24300085475400518  0.25273564510356916
  0.26189979595742441  0.27133771178575034  0.28136487163324242  0.29185748704004894
  0.30214180929571083  0.31270910037415006  0.32399923557595744  0.33567076272272989
  0.34803160919426801  0.36136104463326363  0.37609699823556347  0.38910998386747353
  0.40181940711186043  0.41497034256782511  0.42878656379308960  0.44284019256058993
  0.45646960641110146  0.47053903088485888  0.48397097222265439  0.49770210595645026
  0.51111832877056207  0.52408199514621323  0.53728033273009013  0.55046601522910144
  0.56389928351461027  0.57748072866363531  0.59158762652734831  0.60596720320198694
  0.62015994443310252  0.63409646882768278  0.64734003509108540  0.65963426098265199
  0.67084644319323194  0.68151261596581392  0.69289047380666191  0.70387775157951571
  0.71456816505999865  0.72458688829306306  0.73517178518380211  0.74615653244813396
  0.75671992349592032  0.76727513363896249  0.77759143983352386  0.78768193298260269
  0.79732537238735768  0.80727341667937158  0.81747408269012467  0.82668777492152357
  0.83512616969837450  0.84358781941501793  0.85255054200216585  0.86164316116252904
  0.87072689456029007  0.88006728881582608  0.88901034985344329  0.89728445724510075
  0.90519599443778120  0.91321999594826286  0.92135423506223468  0.92961262538189737
  0.93835758407018277  0.94692786206655022  0.95518495344141097  0.96313834283937472
  0.97162407536712236  0.98032664785404577  0.98995415830847333  1.00000000000000000
  0.09149008123994369  0.25623115774285127  0.29925063782593375  0.32876693947892194
  0.35364952337935224  0.37326135797592791  0.38892520053807322  0.40114857105815449
  0.41146120694716232  0.42116098745166031  0.43027536538485028  0.43839228086317489
  0.44571836546535160  0.45282270106701061  0.45970634344816885  0.46601440829307461
  0.47141057439116729  0.47644794287894882  0.48118314087975400  0.48598763111526971
  0.49101494175243959  0.49591130852442078  0.50028620428280135  0.50475704467335314
  0.50895817901082008  0.51340069314290271  0.51838796534045106  0.52358061539516465
  0.52867313122030779  0.53358634241627390  0.53821716260185537  0.54271236365133735
  0.54702394409591115  0.55130489791288861  0.55569970614061037  0.56004243348299054
  0.56414196961477392  0.56795318682778395  0.57162877859805372  0.57527627944198911
  0.57889887424167763  0.58250712174453778  0.58605721867300520  0.58955564537896288
  0.59311971152647069  0.59670047752643363  0.60024984035427420  0.60384401090653494
  0.60747462141757269  0.61117104830934699  0.61482770908443574  0.61840021391745825
  0.62188243997830361  0.62532344705411180  0.62882683736392175  0.63226233257867259
  0.63555213306939240  0.63881144492551678  0.64209179383958181  0.64551768678696619
  0.64905371036207293  0.65268264662956710  0.65629513710901410  0.66005680720362048
  0.66389412922380753  0.66765027391814447  0.67132821942371534  0.67502855667609718
  0.67879550741104544  0.68255198317561350  0.68629678008113526  0.69020707180282537
  0.69428260240015194  0.69849241357971914  0.70265171184353359  0.70675962862375319
  0.71103691002278091  0.71550789251868785  0.72021454909287674  0.72510805704988568
  0.73004319693097941  0.73504365288202622  0.74015427167469861  0.74545542994138592
  0.75098270440217330  0.75683393416270550  0.76321849308013268  0.77019778324417598
  0.77772094290062266  0.78576043673130924  0.79453329828552244  0.80487124804438004
  0.81810102611539981  0.83555740742631213  0.86637981056363023  1.00000000000000000
 -0.03683966803233307  0.16742484258556553  0.21056435399792875  0.23640535641031796
  0.25543515647035059  0.27037877460427773  0.28372187768565815  0.29570821952747278
  0.30630241232543520  0.31592509116683859  0.32515461937947610  0.33343024706670560
  0.34059017947472059  0.34690380781819247  0.35283737823582095  0.35877123448565512
  0.36472112988338262  0.37078439495912746  0.37665702116177358  0.38212827819748807
  0.38732092847879535  0.39233877527857819  0.39724597552815888  0.40201674432812112
  0.40661637175008913  0.41094991419653143  0.41502937908193926  0.41915602053121986
  0.42355278375852234  0.42781841945241944  0.43179052762370246  0.43555703933806456
  0.43912555416616073  0.44271754555543086  0.44637276940725074  0.45003724369369436
  0.45379921385809902  0.45771880810874238  0.46167209976058254  0.46567849350149942
  0.46963771917605029  0.47343618289981937  0.47718285355541329  0.48090625790265001
  0.48465322327400728  0.48834095005255124  0.49199164839633563  0.49556529332239208
  0.49920101761555424  0.50282431469579780  0.50669479228572556  0.51047154133241102
  0.51422481467213699  0.51808886593187053  0.52214808856263750  0.52635054699898054
  0.53048730458969706  0.53447550610119221  0.53835193265191694  0.54212415242612921
  0.54579531658188307  0.54952072002247421  0.55348882963562396  0.55758146287459143
  0.56188780710708786  0.56626798104871023  0.57076891544904884  0.57505130639674529
  0.57925345225909619  0.58348465049830367  0.58771988738787473  0.59211993170109711
  0.59680940204280286  0.60177532149295121  0.60669208737381031  0.61168180988504139
  0.61673541159393064  0.62196662673723135  0.62776637612938813  0.63400704462938007
  0.64007714480326383  0.64650818548209865  0.65325873517203781  0.66068444766038092
  0.66846422479845269  0.67618894044275801  0.68426974074414393  0.69240639820047001
  0.70186797411097657  0.71259131885955418  0.72556124239017183  0.74086363583125792
  0.75933731838300211  0.78369425275008431  0.82802173296810733  1.00000000000000000
   1.3386538285546092E-010  -1.0000000000000000     
 T T T T T T T T T T T T T T T T T T T T T T T T T T T T T T T T T T T T T T T T T T T T T T T T T T T T T T T T T T T T T T T T F F F F F F F F F F F F F F F F F F F F F F F F F F F F F F F F F F F F F F F F F F F F F F F F F F F F F F F F F F F F F F F F
  <DiscreteSampler_grid>
  grouped_processes
  1 # 1 for a reference and 2 for a running grid.
  10 # Attribute 'min_bin_probing_points' of the grid.
  1 # Attribute 'grid_mode' of the grid. 1=='default',2=='initialization'
  0.0000000000000000 # Attribute 'small_contrib_threshold' of the grid.
  0.5000000000000000 # Attribute 'damping_power' of the grid.
 # binID   n_entries weight   weight_sqr   abs_weight
    10   10   1.255536580027808E+002   1.026851706744527E+005   1.255536580027808E+002
    16   10   1.255536580027809E+002   1.026851706744528E+005   1.255536580027809E+002
    22   10   1.255536580027809E+002   1.026851706744528E+005   1.255536580027809E+002
    28   10   1.255536580027809E+002   1.026851706744529E+005   1.255536580027809E+002
  </DiscreteSampler_grid>
