  0.05294849125766563  0.05434326547778972  0.05510943207457434  0.05594223228521009
  0.05674734396686546  0.05751634290981859  0.05825578092850281  0.05898025029562248
  0.05969605006854284  0.06040020543620237  0.06109543180633588  0.06179217884299092
  0.06250089661933322  0.06320699618070592  0.06391212919163651  0.06460901516788992
  0.06530544981111319  0.06601232837739830  0.06672458694512653  0.06744064179872906
  0.06816621251855115  0.06889787998099352  0.06964486227460573  0.07040507824950500
  0.07117307096799441  0.07193862672906141  0.07269778230900018  0.07346083805461390
  0.07423573517094058  0.07500971805746048  0.07578597623739587  0.07656683581790069
  0.07734496969091811  0.07812578450393440  0.07891158898248048  0.07969559672222340
  0.08049956547503709  0.08131133097013431  0.08211752883831365  0.08295143537855654
  0.08385283742782236  0.08480587113492577  0.08576270002998471  0.08670476179770081
  0.08763918754316441  0.08859147949705502  0.08958382860914459  0.09062333119810367
  0.09169128988645887  0.09275568582888923  0.09381166336536187  0.09487751283759598
  0.09599021803329248  0.09711683365166311  0.09825667764549074  0.09944082944532233
  0.10066441918999562  0.10192704647098813  0.10322788240698580  0.10455608861063805
  0.10590078464293805  0.10726754582402656  0.10866840493313995  0.11011138950849436
  0.11159516773690650  0.11310227221374652  0.11467259728364228  0.11632539503523801
  0.11808856837887634  0.11995922273472762  0.12187194009377729  0.12382600102456490
  0.12584975068550022  0.12794385003549982  0.13017316901051176  0.13254212984116770
  0.13511035427683107  0.13783372232498964  0.14068414640061550  0.14381231282852591
  0.14706008338821769  0.15036875511253134  0.15378343123124133  0.15740432630915535
  0.16138076950335359  0.16572819612594614  0.17070541511321122  0.17578210527689889
  0.18172072200762787  0.18831416107857354  0.19599414691605396  0.20610454708582518
  0.22157692729863918  0.24940523809759538  0.88898051209063511  1.00000000000000000
  0.00003889409504264  0.00004068434261670  0.00004243396240228  0.00004427572749125
  0.00004633852357045  0.00004858718836738  0.00005106761036065  0.00005362445688256
  0.00005634526231669  0.00005926276177950  0.00006253799790225  0.00006613571888044
  0.00007003958934254  0.00007424656094182  0.00007872320858996  0.00008349389212844
  0.00008860244641056  0.00009417154826034  0.00010032310359570  0.00010705378345102
  0.00011433545948516  0.00012211331719404  0.00013041066395164  0.00013907360952592
  0.00014781218025989  0.00015658671985757  0.00016560379134094  0.00017502583780422
  0.00018486707500705  0.00019522441612196  0.00020604359850995  0.00021757092284728
  0.00022975454274909  0.00024250889408408  0.00025611223068987  0.00027051954437037
  0.00028559831697107  0.00030118444529700  0.00031722741869386  0.00033369082926803
  0.00035063685824515  0.00036817511149846  0.00038671535981903  0.00040632325642244
  0.00042702675306594  0.00044855270513114  0.00047082017998328  0.00049405037685422
  0.00051827809153482  0.00054335971326479  0.00056905548950793  0.00059550996634193
  0.00062258857953327  0.00065021098693271  0.00067973374866599  0.00070966573389363
  0.00073990184407725  0.00077106673044366  0.00080304556522252  0.00083682103170022
  0.00087203142761702  0.00090971374646897  0.00094831589973775  0.00098976990774037
  0.00103161494806014  0.00107606094991014  0.00112371795677797  0.00117412733521742
  0.00122793850986200  0.00128439562025015  0.00134426171790617  0.00140956931096521
  0.00147996264316437  0.00155607684075969  0.00163831421425985  0.00172901885731175
  0.00183188233057830  0.00194688914253179  0.00207366578973581  0.00221561817151239
  0.00237890863528453  0.00256908515817163  0.00278855292037797  0.00303970257548418
  0.00332861641621929  0.00366435136646042  0.00406557421496714  0.00456528350925885
  0.00523206074196811  0.00615413956858669  0.00755748079623860  0.01004742920989899
  0.01514133629837446  0.03183642152071026  0.38944361102149261  1.00000000000000000
 -0.00003744817632364  0.00116081144722720  0.00156138500866901  0.00180571401654979
  0.00202335746256778  0.00223823689963701  0.00244618435646759  0.00265827361319661
  0.00287804329001729  0.00309179087807736  0.00329642374618783  0.00349360155153788
  0.00368226167012580  0.00386670662095499  0.00405163446111151  0.00423661033503462
  0.00441699504780735  0.00459454637493400  0.00477121185343327  0.00494817419453956
  0.00512608351769594  0.00530580362653437  0.00548656510341908  0.00566685182067641
  0.00584713005218702  0.00603074694335798  0.00621536983947292  0.00640396682812307
  0.00659793504181720  0.00679336686784301  0.00699504484995653  0.00720181213555332
  0.00740984432475569  0.00761943127886712  0.00783222431898311  0.00805028998099498
  0.00827484263100037  0.00850431232417731  0.00873813877765208  0.00897742642952470
  0.00922163672232031  0.00946979071783864  0.00972014364213211  0.00997770838571731
  0.01023826490576263  0.01050643335269782  0.01077832448509446  0.01105653565953331
  0.01134421784733445  0.01164770934818908  0.01196232956859233  0.01227559785170222
  0.01260143829351928  0.01293283281330832  0.01328205176501272  0.01363127119049218
  0.01402011464250349  0.01441614181378310  0.01483768912499856  0.01527789542182955
  0.01573149348652571  0.01620206372514359  0.01670186097418225  0.01722119354150170
  0.01776679563570271  0.01833339039198008  0.01891879644173633  0.01954360792559774
  0.02021539372590861  0.02092077245214876  0.02165333769771852  0.02240756314451449
  0.02318331578262760  0.02399466873542211  0.02485179286993750  0.02578188915036469
  0.02678870274525378  0.02788270221177593  0.02906686857317228  0.03028911556232360
  0.03160329833412844  0.03300101021955978  0.03452341574666300  0.03626429056726050
  0.03821042270545084  0.04039597347498613  0.04298060122322792  0.04590077786672139
  0.04935789839423421  0.05349511788863972  0.05884432895430305  0.06598767561857515
  0.07458307260931285  0.08676678559657361  0.22926444429811171  1.00000000000000000
 -0.00958051824360375  0.04773369976830507  0.08754296024657937  0.12042034768649575
  0.14664394331117445  0.16826113512379423  0.18770601681813445  0.20511267166505617
  0.22075520185944522  0.23515014385385588  0.24844300371779776  0.26035281167815288
  0.27133354089828277  0.28152369098900010  0.29121865183241169  0.30053237643331110
  0.30969229801910575  0.31885440423959227  0.32734761503667320  0.33524898197365033
  0.34263406652927447  0.34975614185891835  0.35674200406114964  0.36368657701633944
  0.37050195386373141  0.37713603156083964  0.38366502316287798  0.39018976228661584
  0.39657907933602626  0.40276145277627962  0.40876981334727364  0.41464708869200212
  0.42038648219642982  0.42598441551036892  0.43152896746787017  0.43705707652906162
  0.44252780506685813  0.44799531680861365  0.45344849975051887  0.45877011257438827
  0.46381881995845214  0.46892548439095783  0.47415373252854043  0.47935079102893419
  0.48445072288926661  0.48961294559274582  0.49482892616372509  0.50003578433253637
  0.50509619501746694  0.51008471315813464  0.51508577771978914  0.52007856399022667
  0.52511844083140746  0.53016390156225923  0.53522275231889793  0.54036392217416684
  0.54558568489347892  0.55086127312754962  0.55622319846672430  0.56159975444660748
  0.56711231003208340  0.57275380008339649  0.57838651878243075  0.58423673127296372
  0.59033357492768002  0.59646443815468264  0.60267079351421293  0.60893562683609459
  0.61526581100658295  0.62165413962063309  0.62806361217697848  0.63450343871804071
  0.64110762891627360  0.64807337473555737  0.65539663131221471  0.66298393563791402
  0.67066742520200562  0.67848114263438364  0.68652013825937375  0.69499585495854888
  0.70386550373905388  0.71309098392634962  0.72266847861927319  0.73298751980306320
  0.74397826460704319  0.75570094268864141  0.76806866778167693  0.78187009619827008
  0.79689773081057691  0.81376709227482180  0.83237606407665299  0.85306149587755808
  0.87741142857325827  0.90791226254355140  0.94854861084769637  1.00000000000000000
 -0.00243259711992413  0.00960679201876344  0.01966798005978719  0.02997915009324022
  0.04015818383250744  0.05094954769593796  0.06231289093445228  0.07337495590333648
  0.08416593608645147  0.09478084218305820  0.10518319966244064  0.11551110565178015
  0.12616516885581794  0.13735191773633962  0.14852903835593712  0.15904599687457749
  0.16947722804712093  0.17986931732510708  0.19006135534630220  0.20027762946700306
  0.21010399727482432  0.21999499933996874  0.22997434373269673  0.24011892262363049
  0.25026627052442391  0.26025924555770674  0.27006867394024331  0.27989920249430567
  0.29000557485147765  0.30061954156751403  0.31160472921690474  0.32244722318669478
  0.33312388271518795  0.34377449466189947  0.35455471825757662  0.36527112918166088
  0.37539590697977016  0.38518145912457941  0.39527227915439067  0.40614844197905220
  0.41747862842563982  0.42861600591727189  0.43938423667153603  0.44993281704835075
  0.46075324617731223  0.47179717701626434  0.48241994309587322  0.49233414666892855
  0.50277903125491730  0.51352276262311503  0.52424602250924524  0.53450400266245002
  0.54490873095140024  0.55539955714298916  0.56572761262643323  0.57594357395389251
  0.58632624380895326  0.59721099743586847  0.60825376503423489  0.61951379995777967
  0.63061559379376031  0.64147406883178926  0.65239115991389707  0.66307127048712133
  0.67378460714536159  0.68461675539396760  0.69547699866986012  0.70589704054883162
  0.71579882954112750  0.72607103628028480  0.73688829195691063  0.74774562310071713
  0.75800420831831050  0.76787763652397090  0.77764524928253043  0.78748422871342194
  0.79728914937907902  0.80717862448608191  0.81727602856392767  0.82773160271846546
  0.83838518589725664  0.84893263049905421  0.85946573558129136  0.87032238394416839
  0.88143044562264239  0.89257896298088313  0.90359031573653725  0.91411520091362564
  0.92414423562178505  0.93413159717358130  0.94477097881870609  0.95633838693012285
  0.96752537747170897  0.97842117877905466  0.98908140716689319  1.00000000000000000
 -0.00182237205553319  0.00739279722123682  0.01568660995262222  0.02474408960809986
  0.03371409685242861  0.04276681017903652  0.05229514717736875  0.06215240240213157
  0.07204399952057894  0.08173782772615254  0.09178076399135357  0.10225316826225803
  0.11266770191154601  0.12321706001271082  0.13442708845159795  0.14614537678678027
  0.15712959476947030  0.16761302048595017  0.17811764036659308  0.18865485212264899
  0.19924073900249140  0.20997191946677360  0.22099007447389993  0.23190622645249331
  0.24241780983248834  0.25288468401667663  0.26346560244293005  0.27391425243416156
  0.28435402515396691  0.29510445196618884  0.30594364971004057  0.31642973392657309
  0.32668816451745980  0.33710673401803765  0.34785388656849980  0.35875808345738991
  0.36962185317891749  0.38033482674267871  0.39092500802062297  0.40141253744559907
  0.41194887477574932  0.42244946095724190  0.43271809817857587  0.44277582230374063
  0.45283660476393639  0.46290049747827450  0.47295357154626910  0.48304760458697704
  0.49327524504921566  0.50365485630329565  0.51433163756892653  0.52533338798570317
  0.53656500795617135  0.54789026140099772  0.55913681425668871  0.57029872351050015
  0.58122058611423488  0.59200445991551298  0.60271977039714042  0.61355016771496163
  0.62490047140281146  0.63667468857005860  0.64843854998870165  0.65989642187534492
  0.67093908480292297  0.68206050780090366  0.69283969668994483  0.70338001593961608
  0.71377827254243909  0.72428126933720527  0.73457337665175104  0.74468834857777499
  0.75500850329498326  0.76556605474484596  0.77614954321859697  0.78705237292210950
  0.79855036036290139  0.81044207403110824  0.82226451717889004  0.83393359841669712
  0.84567174363590358  0.85761830611947087  0.86935396051934355  0.88086716721358349
  0.89193403662357518  0.90295306546727672  0.91377062003614040  0.92449983687592108
  0.93495930867214161  0.94511545996803703  0.95524202637841893  0.96477580011165387
  0.97375135358338571  0.98252788763176113  0.99114623908136013  1.00000000000000000
 -0.00230074732391530  0.00936818316435208  0.01947263859081026  0.03032033738074943
  0.04087758117995352  0.05141896457210758  0.06180877869174553  0.07216714085308645
  0.08234008321955980  0.09215710140582999  0.10197456660642951  0.11210958287017585
  0.12251873598224894  0.13276114312572920  0.14291463472718791  0.15305641999893868
  0.16352284306729142  0.17422482148806714  0.18513032723176337  0.19620936556368390
  0.20765442766215611  0.21912975368460272  0.23072069949858387  0.24212540435333504
  0.25324728722528606  0.26407558569882272  0.27489562252069721  0.28606382258157131
  0.29695184796425800  0.30722758109418902  0.31740725285806903  0.32775837289384319
  0.33816634346484759  0.34885913591371026  0.35949062367096923  0.37066867198328096
  0.38182207665371737  0.39282017247968176  0.40336755422443160  0.41401583732508451
  0.42456604844150359  0.43505368350182738  0.44515049573894377  0.45521888621029449
  0.46543080224484584  0.47584381109687440  0.48639235839805217  0.49705306246050218
  0.50764993713362749  0.51840242456000529  0.52920205413154542  0.54014080136681375
  0.55123722527099106  0.56237591396226527  0.57312240946976445  0.58378228482987615
  0.59447848416819171  0.60521393723946881  0.61556601861678706  0.62563486904803256
  0.63565505090499441  0.64587594923066038  0.65608882594855866  0.66637342244972042
  0.67631146261488129  0.68613561436767179  0.69636117737225478  0.70693618883397613
  0.71754377498117627  0.72800672069788386  0.73874893319883594  0.74966197592346773
  0.76054737122624716  0.77162638143367979  0.78271173190112930  0.79336355121956670
  0.80322112151596115  0.81327839035443161  0.82358339221847887  0.83384271412366351
  0.84399892362660156  0.85458697699640485  0.86593001687259408  0.87707139180620919
  0.88778323025167905  0.89843232509108850  0.90958210863487565  0.92005002480765707
  0.93018415133304755  0.94017918815803458  0.95018355636202123  0.95995661605413274
  0.96993252865518798  0.97974493278049402  0.99014961740482932  1.00000000000000000
 -0.00239901996054478  0.00989316822704735  0.02001650077639167  0.03060404796328717
  0.04049822391175179  0.04989678998462722  0.05975741705763957  0.07004756565675430
  0.08060150192684866  0.09079973187728971  0.10089307543240975  0.11106329645195635
  0.12138657139451549  0.13190708133220644  0.14275454877786040  0.15385273420082884
  0.16464673952747588  0.17541134413474224  0.18648523070348572  0.19716288006517438
  0.20778396623014050  0.21762525846994216  0.22765450807195528  0.23773517760723228
  0.24796648408726660  0.25814005683926800  0.26824931263166452  0.27842460943257197
  0.28881555354872762  0.29968101705398620  0.31074340517856125  0.32160052900194869
  0.33220349722217185  0.34236633898296004  0.35246535205075408  0.36251524542750269
  0.37248111366510689  0.38239150291801910  0.39231157292579405  0.40235117379277208
  0.41263218583715239  0.42301296654411630  0.43355126341742206  0.44407189336220670
  0.45432402762954660  0.46443389171937449  0.47445479213614294  0.48471532275047935
  0.49530311844112446  0.50581315112547098  0.51624289677156177  0.52636467637302697
  0.53626301865184778  0.54628099408828046  0.55622618638863797  0.56621512286976217
  0.57630861812301526  0.58656792107863354  0.59709216014169220  0.60802431686263481
  0.61922775214455028  0.63024334620817823  0.64084707826189180  0.65152534231220049
  0.66258220988048333  0.67373386983774686  0.68498097917628065  0.69643781535434246
  0.70797528865855386  0.71931062771299481  0.73037769754143667  0.74166971643325252
  0.75320251709501318  0.76463380732965358  0.77567821186839936  0.78648998988478935
  0.79704379285761962  0.80768642820236936  0.81851602195300865  0.82951488539303719
  0.84037636118260184  0.85114333467456071  0.86159450432237550  0.87197179962904481
  0.88229645827396119  0.89270739446041225  0.90311819588953302  0.91378018379447512
  0.92476423881139724  0.93580948585344359  0.94621408660995732  0.95651885086915722
  0.96697528948004929  0.97763887194982924  0.98873746959470210  1.00000000000000000
  0.12807811432720384  0.12912278871454272  0.13016746310188160  0.13534485547632408
  0.14143499379635027  0.15284220673402504  0.16407179520769880  0.17398790950692725
  0.18332447701294441  0.19267282094164545  0.20169632477910016  0.21021573861761522
  0.21818964244508779  0.22593787140523125  0.23359650126057566  0.24113265037187825
  0.24841468504682282  0.25539211346655871  0.26211370458710448  0.26869373833548593
  0.27513818351494673  0.28150019474199733  0.28782923150274470  0.29419647120831055
  0.30057034745078692  0.30682653562363216  0.31288278275020465  0.31869543348082424
  0.32439609772741634  0.32999490465665710  0.33556373357567382  0.34103628487752419
  0.34648075385970312  0.35189578892422690  0.35739937143198514  0.36290612099086167
  0.36840232620232316  0.37394021117656340  0.37936568996656739  0.38471189771040493
  0.39007195853659604  0.39540742327556822  0.40073650286329288  0.40608719719849140
  0.41146425001534798  0.41685482476779723  0.42217200448461506  0.42737679091314906
  0.43250360954036077  0.43768163179094616  0.44299457997248676  0.44836850507862719
  0.45375371612844573  0.45915909754978973  0.46459958081680419  0.47000530721646622
  0.47535866249163383  0.48079462311672228  0.48633466829121730  0.49192042881628251
  0.49750716600721473  0.50319320909846776  0.50903847673103342  0.51500711925219389
  0.52101287856977385  0.52690902075114110  0.53272457473856583  0.53857418074131824
  0.54441946601807523  0.55029172042332031  0.55620642584913538  0.56224095561357734
  0.56850189629196590  0.57487679860201335  0.58111481575185886  0.58774387042692322
  0.59471749507069471  0.60183010393883374  0.60911802805570103  0.61663964343201960
  0.62435341496332475  0.63214178178055414  0.64011781175084259  0.64825584489291443
  0.65674112924911698  0.66570314972534639  0.67559098790538885  0.68599118995260622
  0.69701367322346142  0.70838665439423265  0.72233783354762493  0.73824054023324215
  0.75692556080382689  0.78103265677301070  0.82479179448521922  1.00000000000000000
 -0.03835958879545736  0.17065293016463623  0.21447177904919112  0.23861859044693842
  0.25620730616729992  0.27092479341058251  0.28375646707650953  0.29498650544386029
  0.30486702171454666  0.31378983689545575  0.32191666874739305  0.32959459166738281
  0.33685941774772260  0.34371270424590949  0.35033298332453938  0.35671856925149747
  0.36276673219851024  0.36865577468977073  0.37428081004652575  0.37969556202754673
  0.38488401191106997  0.38998628837215743  0.39495084370035127  0.39980142300318511
  0.40447887239797820  0.40914910717800751  0.41376793191562566  0.41819581302677927
  0.42242314643296586  0.42658513151033900  0.43067532728148755  0.43472134796226825
  0.43856437586843361  0.44235583131223732  0.44617044887150764  0.44999207152977394
  0.45380706360705408  0.45749529362872760  0.46116989846346523  0.46495011434313710
  0.46875891780900719  0.47251681297213138  0.47624631168196380  0.48000496699838446
  0.48380047779550761  0.48760402562947808  0.49138765176625815  0.49511301145860981
  0.49878846327167714  0.50251593515961113  0.50634707941354395  0.51021985432864725
  0.51413438052787985  0.51806193184335037  0.52204600180548844  0.52612741320262435
  0.53019202028522805  0.53420622127740158  0.53817495986256469  0.54215866132983870
  0.54619747072315317  0.55031281196785109  0.55450936973217302  0.55876008827699408
  0.56303378158797468  0.56732790757573492  0.57166858506384088  0.57607443122331570
  0.58054172987474384  0.58511140800158712  0.58975260657544515  0.59434479260844963
  0.59882188240414125  0.60340338997910115  0.60811652467104094  0.61307465782516324
  0.61830684006261161  0.62364622813445103  0.62920303345071948  0.63494759773855103
  0.64085428701105085  0.64708334163573888  0.65378834265657004  0.66089825391691626
  0.66834637191034973  0.67615527389013219  0.68452722258987408  0.69369123799572596
  0.70397037537264995  0.71521078070803701  0.72746175369937860  0.74161831818264634
  0.75972857898790069  0.78451932059980489  0.82752910177467542  1.00000000000000000
   1.4262736539669363E-011  -1.0000000000000000     
 F F F F F F F F F F F F F F F F F F F F F F F F F F F F F F F F F F F F F F F F F F F F F F F F F F F F F F F F F F F F F F F F F F F F F F F F F F F F F F F F F F F F F F F F F F F F F F F F F F F F F F F F F F F F F F F F F F F F F F F F F F F F F F F F
  <DiscreteSampler_grid>
  grouped_processes
  1 # 1 for a reference and 2 for a running grid.
  10 # Attribute 'min_bin_probing_points' of the grid.
  1 # Attribute 'grid_mode' of the grid. 1=='default',2=='initialization'
  0.0000000000000000 # Attribute 'small_contrib_threshold' of the grid.
  0.5000000000000000 # Attribute 'damping_power' of the grid.
 # binID   n_entries weight   weight_sqr   abs_weight
    10   10   2.506590861063981E+001   2.462404427918085E+003   2.506590861063981E+001
  </DiscreteSampler_grid>
