  0.00614255908968101  0.00866184417368686  0.01362917798379308  0.01867629239646391
  0.02394776927542548  0.02942438522970016  0.03492846470724580  0.04044800345213662
  0.04602572769861202  0.05165797942582306  0.05731691279402012  0.06302521669994075
  0.06879630695639610  0.07463341046786955  0.08049702940745088  0.08645326789303598
  0.09246732117073524  0.09851909952641687  0.10463127463791694  0.11082063393070483
  0.11706882757935473  0.12336333578958056  0.12972983837915220  0.13618724915683686
  0.14267609197109157  0.14927200309302582  0.15593052263492529  0.16264350922892420
  0.16943722518089618  0.17632321259079792  0.18328240922178340  0.19032896935018870
  0.19747152337189333  0.20467770368482133  0.21198172974667362  0.21940408626424268
  0.22688997371176464  0.23451074619691356  0.24221900895292042  0.25002909345718832
  0.25795944842493207  0.26599557270335417  0.27414364050680734  0.28243520975576841
  0.29081359349305802  0.29936064628534059  0.30801142016857902  0.31682581729163245
  0.32578758595469909  0.33490332542534268  0.34417290468812806  0.35359399020390780
  0.36318679974320217  0.37295746006050445  0.38292509376003503  0.39307807103024750
  0.40343235602555111  0.41398931342380729  0.42477207742762468  0.43577918970161295
  0.44702286636367583  0.45851163729365618  0.47024854042692343  0.48225786345341071
  0.49454353978811844  0.50714059568642067  0.51999861223885913  0.53318133502357046
  0.54664605329708238  0.56047975657665094  0.57462408458079794  0.58910922945713717
  0.60391392738385219  0.61909560381500284  0.63464197343523387  0.65056719253064665
  0.66681098292942609  0.68340493019191517  0.70032223897906454  0.71755722570795655
  0.73505895282206102  0.75279973229238095  0.77072723266258825  0.78881029797747426
  0.80699850957854946  0.82522870490451539  0.84345055899001742  0.86161937137921230
  0.87968889932284611  0.89760614124055838  0.91530350321610454  0.93275101448841269
  0.94994276627198782  0.96686575322278101  0.98351606334549813  1.00000000000000000
 -0.00242172465897914  0.00955900881901323  0.01986541984963497  0.03055106758609247
  0.04119368635698358  0.05158566370554482  0.06202439223695529  0.07228401771106104
  0.08252958232544043  0.09267509395199544  0.10282721527935772  0.11315453061431097
  0.12346530892639088  0.13386081925584284  0.14410364964163158  0.15440784372154598
  0.16476889422849728  0.17522919573876486  0.18569361090217260  0.19631626639703759
  0.20686666973138215  0.21749902012425168  0.22812352793953369  0.23881178415360543
  0.24947380833429333  0.26017328549654750  0.27086999381130678  0.28145689803819424
  0.29202205223371025  0.30254338881557707  0.31304186732930689  0.32349669084391880
  0.33383659056800208  0.34411414129494977  0.35430141340149124  0.36460705445784969
  0.37499572743352566  0.38550250490885102  0.39614791193277160  0.40689108830601672
  0.41755047371713960  0.42834482591253081  0.43902577667951354  0.44977241745374352
  0.46047059850720901  0.47118252218686296  0.48208711286810468  0.49298009331175435
  0.50385926377083201  0.51456999572183526  0.52519027359325154  0.53598441113943340
  0.54664356304338046  0.55727360421578553  0.56782968067363493  0.57822785774264696
  0.58873843909889634  0.59904350642897997  0.60951614230228957  0.61992607969514679
  0.63044943491454142  0.64095202714520549  0.65147082192453898  0.66200910993422346
  0.67245927546530704  0.68292899693654585  0.69342289129556689  0.70404886162527314
  0.71457544504432202  0.72508725345833414  0.73583272577321768  0.74664245864563283
  0.75742148901119899  0.76798090733415592  0.77857565868724532  0.78921105402237857
  0.79982261970511570  0.81052903265731702  0.82128357246508610  0.83189091538482973
  0.84233574910613429  0.85278357352283585  0.86335453708600518  0.87389158104599374
  0.88421302210248653  0.89461490059952753  0.90514812553680979  0.91579301564606119
  0.92631574419350393  0.93686981962777072  0.94746894281245952  0.95808513858626720
  0.96863523346683178  0.97908124852280509  0.98949030940853500  1.00000000000000000
   4.3850803587796972E-008  -1.0000000000000000     
 T F F T F F F F F F F F T F F T F F F F F F F F F F F F F F F F
  <DiscreteSampler_grid>
  grouped_processes
  1 # 1 for a reference and 2 for a running grid.
  10 # Attribute 'min_bin_probing_points' of the grid.
  1 # Attribute 'grid_mode' of the grid. 1=='default',2=='initialization'
  0.0000000000000000 # Attribute 'small_contrib_threshold' of the grid.
  0.5000000000000000 # Attribute 'damping_power' of the grid.
 # binID   n_entries weight   weight_sqr   abs_weight
    10   10   6.391975343209140E+005   6.599478963073175E+011   6.391975343209140E+005
  </DiscreteSampler_grid>
