  0.00003581803218190  0.00003900288347504  0.00004213159695289  0.00004444141906759
  0.00004653211778777  0.00004885905821587  0.00005221856147263  0.00005530719444121
  0.00005861035956343  0.00006225733321957  0.00006623479695580  0.00007045534368865
  0.00007479176265399  0.00007918556475490  0.00008356021808683  0.00008779912269995
  0.00009211839921352  0.00009678387369138  0.00010155494321554  0.00010645055729089
  0.00011153067716408  0.00011664462000768  0.00012176772471196  0.00012716924263911
  0.00013325395658292  0.00013978952318078  0.00014630443893263  0.00015271069205058
  0.00015922849657165  0.00016616084408591  0.00017347690271841  0.00018086397142636
  0.00018855229913678  0.00019623544601640  0.00020422347596169  0.00021162441140353
  0.00022099733598645  0.00022999295731080  0.00023865240611979  0.00024777854152876
  0.00025683145208311  0.00026656497733693  0.00027711170128854  0.00028838366803038
  0.00030010215909101  0.00031225434745445  0.00032491760890812  0.00033802533738661
  0.00035177379951457  0.00036658052739514  0.00038242359734306  0.00039899326508437
  0.00041706210534886  0.00043664245213498  0.00045671478739857  0.00047747365399743
  0.00049977747543148  0.00052390302500262  0.00054961631388226  0.00057632713712042
  0.00060321676212381  0.00063035458865552  0.00065821169021359  0.00068740412861523
  0.00071798398721537  0.00075030208816618  0.00078509336970821  0.00082190592058725
  0.00086045173585006  0.00090182244259759  0.00094437409982973  0.00098524992581418
  0.00102521284323590  0.00106622231033547  0.00111153625309734  0.00116178248357395
  0.00121600685686003  0.00127514431853888  0.00133617834486357  0.00140843758669413
  0.00149897161224352  0.00159880044872709  0.00170362504454886  0.00182481044310818
  0.00197279972591256  0.00214787294001771  0.00236013661088020  0.00261294104390718
  0.00291189105761431  0.00332313940558168  0.00391711759628965  0.00484006706786159
  0.00689524494507416  0.01320919102021702  0.52772835046675115  1.00000000000000000
  0.01577726803821224  0.01691329397802060  0.01713765386630180  0.01728494127490128
  0.01744660510989655  0.01760056039483892  0.01775967664533907  0.01793484081620045
  0.01808929010691592  0.01820983883473913  0.01831549123532363  0.01842121099299431
  0.01852354753305572  0.01862230698659383  0.01872181891301948  0.01882144633786925
  0.01892592273314324  0.01905132287645678  0.01919610208768914  0.01934040497986920
  0.01948180044033869  0.01963058340065602  0.01977745905617826  0.01991375910849931
  0.02005358642669741  0.02019804977724304  0.02033451824469047  0.02047657668098229
  0.02063096033707839  0.02078798171889425  0.02094429192681769  0.02110027719420416
  0.02125549827907499  0.02140465991128111  0.02154750122685499  0.02169717704996780
  0.02186262776515216  0.02203670104650044  0.02221306337413273  0.02238923841212061
  0.02257095567024165  0.02275754896138475  0.02294517417092244  0.02313016849833169
  0.02331581909067728  0.02351376400874764  0.02372375807967547  0.02394968363671305
  0.02418615674170940  0.02442564565863657  0.02468872212127475  0.02499054996211576
  0.02531580381952016  0.02564863126578530  0.02598307866235493  0.02632246753938148
  0.02667401720232972  0.02705584545793528  0.02746457275508508  0.02787541675973514
  0.02828749739044028  0.02871054600554895  0.02914985564003815  0.02961445604948828
  0.03010198077692263  0.03061737125231426  0.03115794218564553  0.03170319655025483
  0.03225121168109121  0.03280188939155113  0.03336373646569778  0.03393834515114940
  0.03453411049817229  0.03518336895935475  0.03590477198476345  0.03667703911863363
  0.03749633350001173  0.03835002322185819  0.03933917774307250  0.04050569986764989
  0.04179555937900941  0.04323166485123217  0.04476297030594775  0.04641789296998456
  0.04818881290749734  0.05023922014505335  0.05273390252313470  0.05588236862994710
  0.05981625784841586  0.06495124462324817  0.07183133522778927  0.08138475662230120
  0.09857870784197825  0.13916143183494531  0.75037357380152414  1.00000000000000000
 -0.00247099082741069  0.00812910176066787  0.01902222576819554  0.02934032885007782
  0.03716303250042716  0.04218168121477700  0.04808216879760507  0.05285994493834889
  0.05817648529004778  0.06424763734561868  0.07027398747132846  0.07651967845466440
  0.08295737050407286  0.08998186319664529  0.09760502179776290  0.10472032716898000
  0.11134627478071256  0.11824743721747361  0.12631011104772924  0.13514748816745689
  0.14423512152913620  0.15337015086797434  0.16238058387772505  0.17148026034883584
  0.18067424528377679  0.18992092894435655  0.19880056744618599  0.20804578459089904
  0.21855653235108960  0.22900614947078227  0.23887274806323977  0.24919960915634071
  0.26095049688181932  0.27286579665639349  0.28301093842494246  0.29256526391838950
  0.30275352170324882  0.31398722722815914  0.32626024597097386  0.33793076561467572
  0.34965516001025648  0.36130194811384375  0.37275673086939509  0.38379551022096375
  0.39459331441319689  0.40480798046389038  0.41523492176163557  0.42587036697869207
  0.43781610218349970  0.45070720644726958  0.46191671786354449  0.47321199340692299
  0.48405931646758898  0.49476385799301809  0.50565646928634966  0.51694995558980006
  0.52865075292356933  0.54071909739165358  0.55342165395758081  0.56642720348134989
  0.57901303761096523  0.59126399656095785  0.60317916771584001  0.61459348726130114
  0.62592191543740683  0.63772372178265013  0.65001136466923937  0.66238293137137283
  0.67480518516819810  0.68689620096960891  0.69886760285828620  0.71075687278132327
  0.72273276256861785  0.73475589656514906  0.74761314428495651  0.76088828481140247
  0.77398888926486775  0.78737005957374029  0.80201825142539240  0.81699954221572757
  0.83122574103203117  0.84467626103113258  0.85753538056254408  0.86993717278018579
  0.88233912822244243  0.89419958720577686  0.90563015728639007  0.91703307750441665
  0.92867349466223115  0.94009727469490567  0.95088898001914635  0.96117041087216781
  0.97103310189142500  0.98068295542218009  0.99026006478605033  1.00000000000000000
 -0.00305885068055778  0.01055090391400622  0.02294462715348704  0.03514915542506872
  0.04655373578681955  0.05713445165859757  0.06743481855112536  0.07764970690968363
  0.08738720243718706  0.09657119471933331  0.10627210851064539  0.11682961306997765
  0.12733156109113344  0.13766400206824964  0.14829499950435568  0.15964729026200372
  0.17060833967861469  0.18082733823530225  0.19091084905462324  0.20129582609134222
  0.21184953459064573  0.22256583374667549  0.23336242371378205  0.24516593115971913
  0.25621858030928168  0.26673627875466627  0.27767904406750793  0.28834834383639413
  0.29860067159930581  0.30873304470723528  0.31965978511814269  0.33056396950435984
  0.34108719941266624  0.35166470554636065  0.36241228993693908  0.37370423815394949
  0.38522046690772971  0.39630751112977097  0.40711033736775881  0.41780494477666447
  0.42805581515400243  0.43784304563379145  0.44752457006638768  0.45754852767883430
  0.46821478342311068  0.47912345138493118  0.49024938119754419  0.50185932808096179
  0.51392479360865762  0.52587243224487823  0.53711734216452356  0.54799333120463956
  0.55865413855204327  0.56784025542934202  0.57623486628864695  0.58535594077525888
  0.59465626503102387  0.60318695060293259  0.61130054430402891  0.61928191067810567
  0.62859076915525502  0.63934820046698393  0.64900534807023247  0.65811944340500028
  0.66755924389445609  0.67688670216164193  0.68552752053809896  0.69460970795383203
  0.70394386737836367  0.71459730459357518  0.72735920289089318  0.73897729635370857
  0.75054407915560417  0.76200059425536293  0.77401421550256722  0.78509432073581809
  0.79630909354173995  0.80737395667315370  0.81799340944258991  0.82827605308943142
  0.83834585021815822  0.84849813553146447  0.85913279087181982  0.87002591673531149
  0.88055661119513651  0.89035891724574356  0.90079323055073235  0.91150191586592832
  0.92158251431169169  0.93162701757158450  0.94223714290077565  0.95364240186155391
  0.96447329362713874  0.97545208307441023  0.98724045570399566  1.00000000000000000
 -0.00725652332851031  0.03648891889102471  0.06812880936167677  0.09840853067176075
  0.12593353277086683  0.14971410063598345  0.16955182921448564  0.18729761248118942
  0.20430987893979394  0.22004784502302155  0.23387420918704718  0.24607191865353611
  0.25785352636504566  0.26928423293670323  0.28009675058447725  0.29026126774596567
  0.29973226110565326  0.30866677635363626  0.31698302737523348  0.32525316234494056
  0.33349965725163305  0.34177001267857593  0.34967953715179156  0.35783452481018907
  0.36589021138953293  0.37355995212409870  0.38078939485092062  0.38773297266661977
  0.39460999783470918  0.40109192758927953  0.40733444627495480  0.41366346091382150
  0.41991212751262358  0.42605143768961296  0.43161810619476715  0.43726109940133118
  0.44302353663473198  0.44860192991490611  0.45435922784198041  0.46001926930388992
  0.46586417212594161  0.47193489515580395  0.47776359931219109  0.48338672905999047
  0.48892008433517631  0.49436861633712903  0.49968957443551221  0.50459340764131733
  0.50915784183737389  0.51385841252366948  0.51853515234167247  0.52335356261594468
  0.52828681933265009  0.53315203206017125  0.53814382429875662  0.54328159336729887
  0.54857208107780742  0.55378344224507725  0.55879978518121642  0.56415273955630385
  0.57111363919276004  0.57820867160133427  0.58493598634937938  0.59153695950563601
  0.59830293813332136  0.60487481978329005  0.61119107656642091  0.61742054314273576
  0.62363271913677554  0.63008023098731292  0.63674653289099603  0.64369955800281131
  0.65127308046852284  0.65943763583941906  0.66724994388445957  0.67442933217617851
  0.68173730515602549  0.68932901033473337  0.69715632074541045  0.70488799832634186
  0.71266055032503728  0.72081804018431628  0.73028723391474482  0.74186557054899582
  0.75434276538741929  0.76719698405478498  0.78142430233985249  0.79823307516257147
  0.81666780373745151  0.83541968404255251  0.85509616090681051  0.87622150616211858
  0.90039819183176795  0.92985699895533047  0.96442157691524844  1.00000000000000000
 -0.00152307678766628  0.00704283385917763  0.01496164673156689  0.02335896586569952
  0.03193455373884034  0.04094531334992711  0.05146119725391339  0.06248578622479858
  0.07304022423176845  0.08381699330384940  0.09516306119405073  0.10672979732739450
  0.11828659159416524  0.12951525930532548  0.14050443413248964  0.15153878834910728
  0.16277095425689567  0.17359903042048319  0.18376004621952521  0.19376376006870380
  0.20390350249241959  0.21399830829494543  0.22356235784667922  0.23356109985702123
  0.24360201015843819  0.25370928158189732  0.26414953363020349  0.27602339815649862
  0.28901759136875271  0.30171723172463738  0.31408770859290036  0.32583067587104875
  0.33838815103981090  0.35076607538599380  0.36210452802670590  0.37246645503403847
  0.38302826586370475  0.39354930704310342  0.40420372172125429  0.41525905449688044
  0.42688406578740351  0.43821625455721930  0.45011854046288730  0.46233424925270744
  0.47507821951908030  0.48741906680177904  0.49878398899260457  0.50979687478718594
  0.52056873201218368  0.53068115616803158  0.54047255197012922  0.55057209874416368
  0.56080029892049699  0.57056489294282564  0.57999332058082786  0.58956386009006800
  0.59931420583990969  0.60912294564139036  0.61920496433949712  0.62955819017648140
  0.64060792070307326  0.65161217155001327  0.66245190977737567  0.67397987302990658
  0.68553480879873330  0.69604237204006181  0.70578225866110467  0.71601576913462328
  0.72667834360256733  0.73702402830395786  0.74745812496477193  0.75940855628861870
  0.77138012272845735  0.78129170239782320  0.79012229534823464  0.79916479028433207
  0.80826891663197542  0.81756862312366330  0.82644558868398987  0.83521720932001742
  0.84450689597244366  0.85456906719339243  0.86497552261224120  0.87546245419455970
  0.88625864278310973  0.89691185371534476  0.90793113954418569  0.91884694622796270
  0.93010886352914079  0.94089106129344313  0.95145041488706361  0.96149275520143751
  0.97125697623209228  0.98113343993995850  0.99060541064979668  1.00000000000000000
 -0.01341626548315500  0.07514239677677668  0.12947882652862899  0.16854187056271960
  0.19444599690121944  0.21408757840876327  0.23078264735039763  0.24645266904102461
  0.26053403167799472  0.27270502204973018  0.28398274771244630  0.29457241174561855
  0.30424245830025703  0.31293330191643320  0.32118137734575397  0.32968983929618623
  0.33755869315641113  0.34466823649785799  0.35120843400651885  0.35720656513397170
  0.36343288380076166  0.36978952503073470  0.37585239825995154  0.38149034469273924
  0.38683161967131580  0.39214482406768686  0.39741276082354532  0.40263274585609310
  0.40783818269593097  0.41299179112589562  0.41815877183695205  0.42330391265352901
  0.42827641668634941  0.43298381245284712  0.43765643162784995  0.44233943035228973
  0.44702839538556455  0.45190538991953405  0.45702607951312024  0.46182487825339891
  0.46662727837379092  0.47144528684150167  0.47610249124952447  0.48050861925768884
  0.48465103765948181  0.48853042097010091  0.49224257010216321  0.49600188471082901
  0.49986043608695846  0.50394205111068602  0.50809743811805097  0.51214295285560718
  0.51609684216698226  0.51998124217790520  0.52390019195333382  0.52794522824033985
  0.53196197002648216  0.53607173393490504  0.54040230344321605  0.54524613823170753
  0.55030706894536308  0.55545060481175290  0.56066625351659127  0.56603950053119967
  0.57150269128428766  0.57688226710922785  0.58215792228033447  0.58753525297910414
  0.59291661615005387  0.59813143061020213  0.60348240955873889  0.60920764648327186
  0.61531469938986583  0.62155443605613403  0.62796489886646578  0.63441088036202153
  0.64065502100970140  0.64721242254038891  0.65435287147244237  0.66177683607720184
  0.66947957642843403  0.67775903083791555  0.68673710003265043  0.69650303324358653
  0.70694884129362379  0.71781837156038408  0.72929248955538650  0.74157622006967905
  0.75465897647750479  0.76918002611850311  0.78581670726725528  0.80634091717292966
  0.83366785792408238  0.87011953279705267  0.92274047716293306  1.00000000000000000
 -0.00162815132481639  0.00756636078004967  0.01561930556494872  0.02373478258542960
  0.03158967675982096  0.03954265572819943  0.04791669076033614  0.05665317865490155
  0.06588468117552634  0.07557433961449855  0.08550230669700067  0.09656274064993860
  0.10808994555752240  0.11948671879448686  0.13090351233240871  0.14200191701253759
  0.15296766464384651  0.16434986896035633  0.17629290726320671  0.18811619614317859
  0.19918600907294762  0.20971687944091935  0.21988832980555817  0.23003109353253196
  0.24008184585036990  0.25003482274832728  0.26012176012724086  0.27056798974871793
  0.28143957464757280  0.29246038671402230  0.30370206714010167  0.31488656280545252
  0.32581530422982452  0.33699662176569151  0.34812608945043311  0.35860573836054405
  0.36858622543629538  0.37868268873935501  0.38941817125716538  0.40050386790291703
  0.41178808754991453  0.42334289310557704  0.43488227620031644  0.44637400711543329
  0.45787076406823102  0.46948664944631069  0.48127563445485128  0.49279031439144272
  0.50449773919289986  0.51636610562361829  0.52755774344340345  0.53844448666718248
  0.54941374161660717  0.56028586226523069  0.57021025157561711  0.57960410433551657
  0.58912659570639048  0.59945677992651902  0.60907096557239626  0.61867686977472203
  0.62878394422200057  0.63981211657700809  0.65068077839199556  0.66081628092424094
  0.67081533813592864  0.68152326378073158  0.69201753108749064  0.70096202983906286
  0.71034699620832420  0.71960777982760449  0.72995306739752075  0.74016028036120762
  0.75033752166828394  0.76031709404466263  0.77026982962467738  0.78020485058745581
  0.79065399989131724  0.80157158464796519  0.81258488513374916  0.82351024338209999
  0.83456746115793479  0.84532534302046991  0.85616841071962446  0.86683901536045815
  0.87702403228724179  0.88706302914450763  0.89749237124796677  0.90889323095496921
  0.92047058933645609  0.93157980458329670  0.94263694539437548  0.95377673467350188
  0.96472511813381545  0.97589677220852655  0.98734928168020963  1.00000000000000000
  0.09605033862002235  0.16155282088099177  0.19109267223963960  0.21009543587190649
  0.22514256102329985  0.23900613710844321  0.25202364253725096  0.26439808564282108
  0.27679005766565945  0.28889975819001862  0.30046438595714597  0.31126471819490814
  0.32106924225717748  0.33010087843394798  0.33848937602229262  0.34657070944489810
  0.35476267632318242  0.36293559243891271  0.37091405416418188  0.37846433155661968
  0.38581205936795993  0.39273145189974834  0.39966826859428928  0.40637009459324230
  0.41331128837748848  0.41975160300902176  0.42590688699088802  0.43207362484379475
  0.43818462199957386  0.44423527309267791  0.45006895315905110  0.45579022314447831
  0.46152072472424877  0.46740742840009192  0.47319683816641239  0.47887923671264554
  0.48451398600795625  0.49004133380289616  0.49547934084970202  0.50063775781484221
  0.50552959988320478  0.51034119565692826  0.51522686476176260  0.52025325870492845
  0.52538751483321133  0.53058340982715024  0.53573692086698177  0.54064680363285944
  0.54546005434259093  0.55009143305864272  0.55482663586787351  0.55962153073544607
  0.56440121546332866  0.56918020431738348  0.57399747875929075  0.57880815292663268
  0.58354997316831780  0.58820333234214028  0.59284767569554409  0.59758358673753231
  0.60235047306622691  0.60694376801499539  0.61130163686811745  0.61572761727985770
  0.62036268191456834  0.62514432096056216  0.63010735906428950  0.63518136714515150
  0.64030547416114392  0.64552917769177431  0.65069470741918534  0.65654742334879601
  0.66255075466037494  0.66802901001915149  0.67312945848006600  0.67810605424864456
  0.68313515237456413  0.68830328672459440  0.69357477899178044  0.69897979495540985
  0.70454574095803546  0.71040466722681250  0.71643100489986966  0.72268828158848208
  0.72929974412687049  0.73674343867549907  0.74480896860684709  0.75306733379998725
  0.76213321870225104  0.77162125307805352  0.78181005578731266  0.79332436125349615
  0.80822768433427394  0.82799985584897917  0.86475939968232329  1.00000000000000000
 -0.03240961637618869  0.15810775799305574  0.20079562081558869  0.22529185378757519
  0.24481161541169369  0.26004966563051862  0.27308570683066286  0.28476535177625606
  0.29571343168744418  0.30621449602617540  0.31602234228226866  0.32476113101277987
  0.33279297186903928  0.34018357193807325  0.34712117004177112  0.35370051467872171
  0.35982766926148235  0.36590795482485794  0.37201465697041214  0.37794632021930996
  0.38343774670249670  0.38846924718345321  0.39349791259071804  0.39852387416899376
  0.40350876705341915  0.40843064356320091  0.41334038791257616  0.41797224966638169
  0.42223255743957555  0.42641820372098371  0.43043933759908726  0.43440655048241372
  0.43853010145910737  0.44260449655164269  0.44644461325080420  0.45012906664827695
  0.45381862710853171  0.45751724799508869  0.46145889404452389  0.46516616139063482
  0.46869284055185029  0.47224978139019569  0.47603133262784192  0.48014827475734306
  0.48448913727548815  0.48880518157549568  0.49298604139410490  0.49708628375705538
  0.50113557540629461  0.50510854798188087  0.50910196652285333  0.51306680833429608
  0.51699456752363859  0.52086560417088179  0.52480697902340712  0.52888099442750036
  0.53305958069368053  0.53733696160889521  0.54163110799443526  0.54583396090173009
  0.54998213926725148  0.55413132343759930  0.55837938737882153  0.56284287342792549
  0.56753440479795092  0.57241203980339062  0.57736240081545498  0.58237317325062921
  0.58748072383920313  0.59263677233681711  0.59777222550596232  0.60286807913251961
  0.60799474515352825  0.61329885907304527  0.61889481309377836  0.62464976884271561
  0.63011131720252178  0.63533113990107848  0.64053719702307876  0.64586349513918306
  0.65149347302149230  0.65746767375818693  0.66387839175392460  0.67071622686940502
  0.67794014800049418  0.68572591119070914  0.69471799791309341  0.70462667636534371
  0.71500122013821577  0.72627979748014482  0.73844281614947527  0.75282125171662773
  0.77235121655829875  0.79821428971781117  0.84038418676608584  1.00000000000000000
   5.3486743437818529E-013  -1.0000000000000000     
 T T T T T T T T T T T T T T T T T T T T T T T T T T T T T T T T T T T T T T T T T T T T T T T T T T T T T T T T T T T T T T T T F F F F F F F F F F F F F F F F F F F F F F F F F F F F F F F F F F F F F F F F F F F F F F F F F F F F F F F F F F F F F F F F
  <DiscreteSampler_grid>
  grouped_processes
  1 # 1 for a reference and 2 for a running grid.
  10 # Attribute 'min_bin_probing_points' of the grid.
  1 # Attribute 'grid_mode' of the grid. 1=='default',2=='initialization'
  0.0000000000000000 # Attribute 'small_contrib_threshold' of the grid.
  0.5000000000000000 # Attribute 'damping_power' of the grid.
 # binID   n_entries weight   weight_sqr   abs_weight
    10   10   1.160009287824040E-001   9.998813214565234E-002   1.160009287824040E-001
    16   10   1.160009287824041E-001   9.998813214565253E-002   1.160009287824041E-001
  </DiscreteSampler_grid>
