  0.05311241910492982  0.05355831246035195  0.05371745195479753  0.05389208551990102
  0.05412340460195489  0.05434102048363534  0.05455016145381369  0.05475226346542580
  0.05495129126184679  0.05516534148049451  0.05537495059094142  0.05558912130435020
  0.05580571375821812  0.05602410454999336  0.05624460958057692  0.05646482317768320
  0.05668359096215581  0.05690233924147146  0.05712105233780023  0.05733731355294921
  0.05755103019160791  0.05776656690351841  0.05799109659442720  0.05822993353612291
  0.05846635984951229  0.05870227676487613  0.05895842316429676  0.05922722438021583
  0.05950745924439080  0.05979096364777898  0.06007033949771218  0.06034603518784999
  0.06062205761404921  0.06089087625133791  0.06114366107867018  0.06139580395976815
  0.06166267187094900  0.06195713187469717  0.06225621177345220  0.06255135268962833
  0.06284966966711698  0.06315170945498187  0.06345786459090637  0.06376886668845323
  0.06409145734827504  0.06442226053841466  0.06475826227214636  0.06510715454181583
  0.06547673586260112  0.06586838497231960  0.06625964655964534  0.06665223871241846
  0.06703220864172171  0.06739958034565786  0.06777804899697100  0.06818106395111702
  0.06860728224903004  0.06905406918219634  0.06947594008072776  0.06991885247771920
  0.07039486980741630  0.07093163770889079  0.07149915669654149  0.07212879002489340
  0.07283062528744212  0.07355397083852404  0.07422289251149301  0.07481700581200329
  0.07547695299618400  0.07613795636161064  0.07685996890812519  0.07773577891771714
  0.07870276178608047  0.07968592538336769  0.08074082191855787  0.08175547710018054
  0.08283209288354773  0.08399963616735757  0.08537627299816479  0.08692361925343868
  0.08862107645151006  0.09045691935128873  0.09236756542260056  0.09443574623664984
  0.09671277084921584  0.09896830705911686  0.10176299325750779  0.10563942216344963
  0.11031523603925956  0.11569246657564955  0.12239270763216586  0.13211531145573144
  0.14708308104398629  0.18386234375580035  0.70792366885005742  1.00000000000000000
  0.05685208787083876  0.06784310793181460  0.07424514972042298  0.07900834253297560
  0.08306549791210091  0.08644209979014972  0.08936605598768387  0.09220581241955723
  0.09481400172660988  0.09713092568247331  0.09929425050075028  0.10148707265601739
  0.10360103557483430  0.10561577735343282  0.10765116544300121  0.10965409101151781
  0.11157741334074738  0.11347209058258932  0.11528900383791857  0.11710375025822473
  0.11898492958044263  0.12096327787886302  0.12292021446937863  0.12475612235248063
  0.12648262505780880  0.12814803681474468  0.12968237092523843  0.13109487188763180
  0.13250568484347169  0.13390350660812697  0.13531796526260059  0.13676315286555529
  0.13820229335183729  0.13961772993869351  0.14099556895161883  0.14232553451282559
  0.14369092961792587  0.14515067166097692  0.14673546021017866  0.14826772212377282
  0.14989728163494151  0.15146430272703168  0.15299772926340069  0.15459833013189919
  0.15619582086189199  0.15782432516020514  0.15942419148715581  0.16101685678499886
  0.16253727294605910  0.16412431963877475  0.16560360691410281  0.16731141147135706
  0.16915809621561742  0.17121663973589707  0.17330020038563002  0.17533975617630032
  0.17740599405368968  0.17956422462230737  0.18197415748445148  0.18426680511464219
  0.18633832531583300  0.18840394299156213  0.19052966222723966  0.19259502380866361
  0.19444482522121820  0.19627061609428462  0.19847188006758865  0.20088193811472621
  0.20344003202111724  0.20607729689583903  0.20874069927862485  0.21151725799119908
  0.21466302399480125  0.21856239665564128  0.22265499612450859  0.22660750597491999
  0.23038458386973060  0.23403024883361098  0.23773275211431374  0.24171032684686625
  0.24653042256888294  0.25155138050132914  0.25692847791990858  0.26279561129507839
  0.26890599810006177  0.27553702739407854  0.28269908827434392  0.28917673931601057
  0.29525510054862292  0.30119625797344329  0.30868813391399597  0.31677217821845766
  0.32688351468284232  0.33742975552969873  0.35222679474797036  1.00000000000000000
  0.00018418962519255  0.00040859667585580  0.00051870236844340  0.00060566944184816
  0.00068388700291758  0.00076116945955608  0.00083896584892686  0.00091424603158040
  0.00097886562078965  0.00104277583891074  0.00110709938441513  0.00117599161889898
  0.00124712888231310  0.00132218896701577  0.00139846685207405  0.00147191309345779
  0.00154364782314809  0.00161914210159925  0.00170081893962056  0.00179076508779582
  0.00188657892397493  0.00198608310176692  0.00208528420491410  0.00218553395964215
  0.00228411440548831  0.00238250465735264  0.00248676312223202  0.00258652529914543
  0.00268783842549715  0.00279354344960523  0.00290281839840020  0.00301549746986990
  0.00313226597844077  0.00325022390608118  0.00336823641434551  0.00349027340631685
  0.00361069002545016  0.00371845741825121  0.00381955052340062  0.00392044785302416
  0.00402964360379609  0.00415314978071182  0.00428002098207753  0.00440207415079322
  0.00452698098818672  0.00465373834921993  0.00478355933142977  0.00495876421247245
  0.00515793205051669  0.00536653863892377  0.00557822395753897  0.00580856962777863
  0.00606175120858848  0.00633883561174257  0.00664965124533707  0.00699269261639296
  0.00735335070750155  0.00773629288358765  0.00812756689729636  0.00855021109541334
  0.00899627755415441  0.00944397418050752  0.00988071229301745  0.01031494225619165
  0.01074630203853932  0.01118050393393035  0.01164399038855526  0.01216324643037269
  0.01275119335154321  0.01339080105035191  0.01405615908665619  0.01477024829425838
  0.01560573808280326  0.01650675326190698  0.01741666159928192  0.01848239647205387
  0.01969895818607396  0.02093005523333119  0.02226879451347230  0.02374628758530725
  0.02530778847458770  0.02704807377344733  0.02903203027640865  0.03113328344050696
  0.03354668178311324  0.03641762853552596  0.03973220778500879  0.04328442083016408
  0.04725539637608363  0.05200537163886212  0.05844052442989919  0.06869751277282179
  0.08690651025295346  0.12436815094272710  0.54084954301580401  1.00000000000000000
 -0.00489358116538432  0.02588137123407985  0.05188571858618801  0.07724486802754246
  0.09963653238350090  0.12033428115620504  0.13869287185665430  0.15611804660755432
  0.17308126522030781  0.18927247252127166  0.20307388921623945  0.21662906986664007
  0.22989557497964794  0.24268214421991033  0.25447468907238924  0.26598082991874994
  0.27618929355538197  0.28544251375929147  0.29412067042691353  0.30304823401640446
  0.31230138886819048  0.32155644145424567  0.33012681830034363  0.33803102099384574
  0.34567327373851076  0.35323683870124489  0.36065756215729866  0.36775699127757194
  0.37436838471146527  0.38077383197549008  0.38737212786853686  0.39427971744030837
  0.40145548158732941  0.40843224111253007  0.41550453745283428  0.42294214887067078
  0.43056937053956434  0.43820842341074867  0.44530378194897063  0.45214620740326528
  0.45851039556137152  0.46423110732566703  0.47010467280438850  0.47593433816839059
  0.48237903544358324  0.48866576914771875  0.49559086714994466  0.50312409692897420
  0.51040072223409449  0.51761874204384062  0.52487788408150515  0.53208419223988190
  0.53892550129563122  0.54540210953232993  0.55144480209976143  0.55754105671575149
  0.56339495647522686  0.56908452338928139  0.57515409584441457  0.58171260214534459
  0.58842154119936729  0.59501314206588407  0.60154008882727883  0.60795591415727179
  0.61444242332249688  0.62125785813030077  0.62909526929695769  0.63779104540508380
  0.64696116841345908  0.65634601328809972  0.66514805939769328  0.67270074081856146
  0.67986059057827286  0.68743596921302208  0.69511318432271407  0.70247120871154123
  0.70933741743907164  0.71639369930544150  0.72424988311685623  0.73373181624824446
  0.74440702038861406  0.75500305719690297  0.76605954661097919  0.77862874495323808
  0.79231808841281692  0.80685116920237143  0.82199026931835883  0.83821330627324619
  0.85571152453629906  0.87459877551972709  0.89259982732741250  0.90953879422149519
  0.92810191718717705  0.95198420637510406  0.97796960874681749  1.00000000000000000
 -0.00273358531456822  0.01029602713601743  0.02134472539694706  0.03286275454239317
  0.04444024098620584  0.05551440169986928  0.06688004484118797  0.07814092806503670
  0.08924234438633769  0.10022897187567659  0.11118113111760028  0.12146077468212531
  0.13063569617895612  0.13937697774781760  0.14842512210282963  0.15743127361090939
  0.16627955000489927  0.17561706523532891  0.18309219889618888  0.18967639233816089
  0.19713026750357068  0.20551785828229616  0.21567870877453713  0.22598363192808865
  0.23537287006051777  0.24397537916326675  0.25371255686405142  0.26354142013701098
  0.27330602057527636  0.28311851375342745  0.29345295928288967  0.30414682599053838
  0.31548003144499287  0.32689570095549830  0.33823585921019128  0.34839638367954540
  0.35835259196483116  0.36890408853301826  0.37944499640361035  0.38991466246439610
  0.40040581650935309  0.41407275747741756  0.42353469101271179  0.43391699135591477
  0.44342045187075946  0.45207386728088306  0.46032348430984560  0.46882770282506753
  0.47839261836425873  0.48956019905461434  0.50063733269045174  0.51111504714064049
  0.52116012642276843  0.53146309407320547  0.54208095540977796  0.55338730993615592
  0.56461825909534780  0.57485144993614024  0.58408244441700397  0.59352863350260965
  0.60365748164257593  0.61484403846186664  0.62548236291746406  0.63636107446690948
  0.64783018864215069  0.65941526825907026  0.67074609379907280  0.68188772746309012
  0.69270286590824648  0.70394156813935027  0.71480910227248939  0.72593112907405022
  0.73790945916542738  0.75077504714050169  0.76342423828459127  0.77465825576138891
  0.78528549102799305  0.79638524390955701  0.80833224231445300  0.82011113687145842
  0.83138261128577284  0.84303601229140546  0.85405712253090116  0.86531130583288685
  0.87626277616629222  0.88657613898698240  0.89680767278467721  0.90741407189212608
  0.91840042595860072  0.92983353620231302  0.94161690230005313  0.95375627152154363
  0.96496238714135885  0.97622842590543646  0.98725146200244573  1.00000000000000000
 -0.02738413022212730  0.14605471506623421  0.19363163379391646  0.22710250623481409
  0.24937303531204616  0.26307408578009916  0.27541022234817997  0.28691888445354957
  0.29724671931489144  0.30709536047710495  0.31667414213926831  0.32650676995651368
  0.33577917831905607  0.34395989918771458  0.35144769271089094  0.35861791655570174
  0.36554379280054428  0.37270831971117768  0.37900643370740938  0.38452158358189625
  0.38948704935905604  0.39424808003860967  0.39902256334129316  0.40377403656538086
  0.40845379059859238  0.41318558069420191  0.41786249145685128  0.42240801040364084
  0.42692750740891705  0.43151745083879856  0.43604797388823113  0.44078982180043708
  0.44555273157625480  0.45020277523175894  0.45464966162156106  0.45888866696813030
  0.46311451695478106  0.46743669562518997  0.47170206354952532  0.47581246492558227
  0.47975530448748288  0.48372266915574164  0.48776755908127706  0.49187051500016177
  0.49625221975344336  0.50096918177916006  0.50538574775553402  0.50962873728057212
  0.51362040839997325  0.51736141152164539  0.52085743366732629  0.52437163596766567
  0.52817365850906806  0.53223305286530120  0.53649594622256025  0.54085326005424927
  0.54523552823250543  0.54967820879553053  0.55418354511507628  0.55870711409923901
  0.56318440972598449  0.56760701486881648  0.57208937094329804  0.57664300149520731
  0.58112676713454847  0.58554850787992863  0.59027437359364943  0.59487741312047127
  0.59954466778259385  0.60429771585249326  0.60897783341273704  0.61366131315672356
  0.61842918208469111  0.62335563391868543  0.62837080964462022  0.63344999395696566
  0.63835683000129628  0.64364108516272767  0.64937948568341952  0.65558501200203967
  0.66217508965526406  0.66895977026821862  0.67642149087788150  0.68458717096744481
  0.69341320718551969  0.70268851198169446  0.71250517889739939  0.72283644953226556
  0.73510716434728607  0.74926147488680661  0.76475887837508449  0.78140652109735342
  0.79996222602242251  0.82387211753251144  0.86861103241189008  1.00000000000000000
 -0.00379379112047110  0.01320385723293226  0.02529285389412669  0.03579565228526364
  0.04617253446469871  0.05658031194378373  0.06553133488843103  0.07404594632006185
  0.08296546926573614  0.09075368357240150  0.09820060021602876  0.10592282531705791
  0.11436879031925502  0.12291183276880584  0.13212983647236290  0.14188699011319167
  0.15148819965337790  0.16105097233642376  0.17111164900727388  0.18156981069486006
  0.19257583259117178  0.20497807199954321  0.21769152764959263  0.23075487148228069
  0.24335168509605642  0.25563746777873242  0.26744051910163780  0.28003676107730435
  0.29238710715833366  0.30444014875999165  0.31625228016558837  0.32788378710797061
  0.33917370777503902  0.35019502765659266  0.36110742349926417  0.37189850303776767
  0.38242530886894971  0.39233765296596868  0.40177958669930025  0.41172613629262456
  0.42274100129860787  0.43403332809712625  0.44492087649956230  0.45562639169887437
  0.46686337442862463  0.47869546331862728  0.49095615096804818  0.50271777955978980
  0.51403282544329731  0.52472730815136481  0.53437178015689246  0.54309164211024641
  0.55127008699945235  0.56003169749940584  0.56818917605028818  0.57614015502737037
  0.58449650002568831  0.59343279169141105  0.60135167057902783  0.61066059483610402
  0.62070265712660189  0.63150794434821134  0.64328174588576970  0.65540599590939119
  0.66714208955834409  0.67899520785858725  0.68997395779875748  0.70000745282259824
  0.70988104004111974  0.71980189848292064  0.72956182273260750  0.73896369665788997
  0.74838177677463702  0.75872311962733940  0.76897817314872274  0.77938682292333616
  0.78994845045786677  0.80099724196975530  0.81269390725894386  0.82461098628226193
  0.83614144205596908  0.84696103792141830  0.85767916099842090  0.86888317746229071
  0.88034550293636393  0.89117750968947518  0.90163485053890513  0.91200315813441135
  0.92284200092360302  0.93424303300259959  0.94618891717639675  0.95720940284168199
  0.96962177141418171  0.97950492455364968  0.98974992266094364  1.00000000000000000
 -0.00193563588710634  0.00833644686350792  0.01784799575659990  0.02874459302358620
  0.03951324264123109  0.05020723117267345  0.05994205304954765  0.06926662965993551
  0.07829704668869590  0.08849947747375016  0.09752983560379387  0.10598633107220015
  0.11454901807680015  0.12339333827647275  0.13351273932924354  0.14539332732937160
  0.15657512775592508  0.16747352225357950  0.17797907073251434  0.18824564076423891
  0.19940649882110670  0.21104901958124628  0.22355177273975449  0.23590668252352032
  0.24656343633233807  0.25691818695604629  0.26734195918349135  0.27889580050365309
  0.29016891821320606  0.30214907891137627  0.31429313426574829  0.32656885217858178
  0.33860950281226093  0.35034165805539025  0.36199964592715200  0.37369917690731502
  0.38534745616878879  0.39686360677225108  0.40848017450307483  0.41958944328402342
  0.42996973502325636  0.44042823292406752  0.45028971416717600  0.45920551065796894
  0.46767392854808659  0.47686588152084025  0.48802809552109966  0.50004876816359389
  0.51198618550854080  0.52367918994142859  0.53536444215488976  0.54697245841798381
  0.55833782606306115  0.56833539609031125  0.57706716493498023  0.58505960879873675
  0.59330622685548895  0.60219989481983527  0.61081449147291944  0.61869345188212543
  0.62782817938841251  0.63888354660130287  0.64863689193841201  0.65756666721828283
  0.66675010683370617  0.67591298219065910  0.68617263629148395  0.69706778066089914
  0.70882685146129887  0.72050889842694599  0.73203197168166345  0.74303164919750153
  0.75367963721136311  0.76454330382019664  0.77557850563877284  0.78589901614500124
  0.79492891103876095  0.80383961191231057  0.81236029441107338  0.82180720604160895
  0.83132397222148102  0.84181083396987522  0.85291532104086865  0.86331611848678880
  0.87287091357287139  0.88236306982942547  0.89257697703782568  0.90354499506635289
  0.91448098250034049  0.92547128233751874  0.93689956153547460  0.94894488456915893
  0.96283156000238568  0.97560937639643852  0.98788830821889018  1.00000000000000000
  0.13297291478021572  0.26148606988899470  0.31334360800265465  0.34456559543496934
  0.36846473403261570  0.38785815207323693  0.40358464415959550  0.41764719631288411
  0.43039867833133472  0.44243620215113499  0.45389844234326809  0.46480868736446668
  0.47548351019923535  0.48499386287594137  0.49338013043727619  0.50132453211463635
  0.50819372376674188  0.51476754694748361  0.52073934052304094  0.52660959548460251
  0.53232810381542561  0.53797558150350799  0.54338204340129792  0.54855545306899456
  0.55353170101273153  0.55822217411013186  0.56289300874932091  0.56784933294785667
  0.57279445929734185  0.57776781400125665  0.58287499489287209  0.58689800283589255
  0.59082008902753447  0.59511313073775063  0.59925777712603290  0.60312146603283612
  0.60674792390749699  0.61025082304703893  0.61373612597670546  0.61720160084973363
  0.62049607090581504  0.62382911715029643  0.62712955336539489  0.63044819572819688
  0.63382166231947012  0.63718748459912444  0.64038614042259456  0.64385361153976750
  0.64759205593532176  0.65141274309419905  0.65515308230014824  0.65872074826462301
  0.66220073778667288  0.66576150193650119  0.66927248153881813  0.67273931856528701
  0.67623887415060291  0.67976785999526768  0.68339775390868107  0.68713002591289407
  0.69086373992262240  0.69457056017349694  0.69817679052612225  0.70196204220870073
  0.70558225464676128  0.70921576582483414  0.71290805385098732  0.71661960376360012
  0.72037550564584296  0.72425420139270780  0.72822931158017179  0.73217362754331816
  0.73615695948345361  0.74014999306644402  0.74424931214172507  0.74881021996730301
  0.75299748493123209  0.75726197517050153  0.76149454629224689  0.76590518415353259
  0.77025749281697065  0.77474193412225445  0.77986036061322617  0.78554389251558498
  0.79162254500449769  0.79791884988623163  0.80435006954167532  0.81124152077616241
  0.81863916951932958  0.82635829488673718  0.83470938851187571  0.84438552088488050
  0.85646419240836424  0.87181091756540963  0.89913005021876846  1.00000000000000000
 -0.03165142320347816  0.15806215428543241  0.19824431069391801  0.22260485244980804
  0.24115263076052196  0.25697844669052272  0.27153919176807739  0.28430194690273974
  0.29532877535713747  0.30499219087100793  0.31408682939156479  0.32270395005353769
  0.33094208786874607  0.33868540461170710  0.34599767306619295  0.35307756552789615
  0.36003648523693710  0.36667210859244120  0.37284711520714364  0.37858592221934062
  0.38465097733142184  0.39092055934023867  0.39658233557432848  0.40174597108267862
  0.40600085537655950  0.41016814784291794  0.41435044739666305  0.41874994786396746
  0.42343375711896242  0.42754653960663025  0.43141949594860374  0.43536698595717171
  0.43941231224591920  0.44356982705977455  0.44758555557736640  0.45152556006707750
  0.45518393672520746  0.45913017056200639  0.46330080329518719  0.46761791805897840
  0.47205093451919278  0.47656039729391936  0.48107160291855383  0.48548304482220056
  0.49004254386302215  0.49474183608957900  0.49936656919979500  0.50359952348667947
  0.50736124205472910  0.51112188939586867  0.51504352391513075  0.51900516896508708
  0.52301729657734208  0.52698948065494666  0.53088468306336067  0.53468822874246713
  0.53842068728639558  0.54221583017498287  0.54617199280193929  0.55047940615021307
  0.55444835600157927  0.55853843579754769  0.56260173731308027  0.56674951841766241
  0.57107095293295906  0.57530958933611587  0.57903168397916815  0.58313407048018384
  0.58732392653621079  0.59175052850952159  0.59642743312237778  0.60103167092424958
  0.60542769090746473  0.60989105617819150  0.61430728153713443  0.61903493942635612
  0.62455650309375055  0.63110422325970095  0.63813196777740211  0.64533025457718929
  0.65270458667485265  0.65998084439016447  0.66707616631578093  0.67357036221512501
  0.68066860976373578  0.68844135309195442  0.69623527704911004  0.70443320409725663
  0.71396888798632341  0.72456518535471948  0.73728482218096358  0.75385613227778014
  0.77467137557576460  0.80421119876195524  0.84871427338782612  1.00000000000000000
   7.5486077444216677E-015  -1.0000000000000000     
 F F F F F F F F F F F F F F F F F F F F F F F F F F F F F F F F F F F F F F F F F F F F F F F F F F F F F F F F F F F F F F F F F F F F F F F F F F F F F F F F F F F F F F F F F F F F F F F F F F F F F F F F F F F F F F F F F F F F F F F F F F F F F F F F
  <DiscreteSampler_grid>
  grouped_processes
  1 # 1 for a reference and 2 for a running grid.
  10 # Attribute 'min_bin_probing_points' of the grid.
  1 # Attribute 'grid_mode' of the grid. 1=='default',2=='initialization'
  0.0000000000000000 # Attribute 'small_contrib_threshold' of the grid.
  0.5000000000000000 # Attribute 'damping_power' of the grid.
 # binID   n_entries weight   weight_sqr   abs_weight
    10   10   1.213489027042094E-002   1.444705640583040E-003   1.213489027042094E-002
    16   10   1.213489027042094E-002   1.444705640583040E-003   1.213489027042094E-002
  </DiscreteSampler_grid>
