  0.01403352748940689  0.01480263178501161  0.01490603005096288  0.01500277580262399
  0.01509536626933286  0.01518591448963259  0.01527605198167211  0.01536747765821868
  0.01545629916529799  0.01554021282806401  0.01561921881590337  0.01569559335718601
  0.01576783744153042  0.01583975940572294  0.01591034665972858  0.01598091852683738
  0.01605434242687945  0.01612984770339822  0.01620170819236705  0.01627685853347957
  0.01636001091485859  0.01644658326538616  0.01651910905983395  0.01658885992311350
  0.01665872386747386  0.01672930437456147  0.01680034566138681  0.01687194069439305
  0.01694682606419336  0.01703376519945660  0.01712294476099976  0.01721779320270030
  0.01731284618785649  0.01740558942983265  0.01749913235776224  0.01759548650252823
  0.01769423472189401  0.01779498355607200  0.01789767072019417  0.01800423985592813
  0.01811480179649453  0.01822843174029763  0.01834308399257637  0.01845951345122495
  0.01857789924671591  0.01870093091654537  0.01882741354217150  0.01895519139160985
  0.01908399484039253  0.01922286417298029  0.01936266930179697  0.01950483280361762
  0.01965177983355345  0.01980676177612940  0.01997282479332812  0.02015816182021283
  0.02034538340683669  0.02053814941842214  0.02073539925584073  0.02094304466286111
  0.02117152862226968  0.02140516415613275  0.02165103898205004  0.02190644172212890
  0.02217849257768154  0.02247919815694310  0.02278782800352254  0.02311324803699799
  0.02345716384370699  0.02381303128137749  0.02418597219399727  0.02459571676666806
  0.02503252696888712  0.02549391553630204  0.02600256508545053  0.02655081376715503
  0.02714332009213334  0.02779511836851442  0.02851900375382925  0.02933434710769446
  0.03023697875700421  0.03120149336367444  0.03224713288889022  0.03346332651669374
  0.03481883580535510  0.03631866777424265  0.03805435524556287  0.04016493257938548
  0.04272944597555896  0.04574578478296099  0.04951747357254512  0.05470408368817627
  0.06238079180892104  0.07473707933474544  0.10022023671917601  1.00000000000000000
  0.01893091658181605  0.01913595101822703  0.01926046859988499  0.01940100926717299
  0.01955499512951004  0.01969833131494925  0.01982642702944743  0.01995241049117332
  0.02009209050352053  0.02023540264766115  0.02039439508877522  0.02053939440056839
  0.02066883167003656  0.02078479854660227  0.02089130264104855  0.02098212519516445
  0.02107070418904047  0.02117130407344463  0.02128760224269120  0.02141430711457733
  0.02156030003093274  0.02171644777063113  0.02187830687867062  0.02203592888812169
  0.02221930239583809  0.02241183358994877  0.02260603988526744  0.02280292193761967
  0.02299432308804591  0.02318828246926061  0.02338416296556527  0.02357934875934354
  0.02377451822340138  0.02397038582397621  0.02416768943133429  0.02436806630527641
  0.02456424341677574  0.02481523009735303  0.02508216542539328  0.02536585551652974
  0.02565838448286283  0.02592006067949949  0.02619572011854489  0.02647989785348479
  0.02677672845914077  0.02708486754517694  0.02739900566425411  0.02771563806904321
  0.02803646571333030  0.02835472360692478  0.02868690703169675  0.02903035562105699
  0.02938543902848775  0.02976869754170560  0.03018600809264609  0.03061852908007348
  0.03105247142900009  0.03150298429713704  0.03195788121500697  0.03240620692909917
  0.03288899318163568  0.03342583196439890  0.03401537738907548  0.03464843506103013
  0.03531937225190630  0.03601282798099687  0.03674383986093206  0.03750118086118560
  0.03831093935228327  0.03919404276190308  0.04017056756443711  0.04120669591288404
  0.04230368489451823  0.04345387117135034  0.04467580721418831  0.04594195408726935
  0.04732048775707517  0.04884888506350419  0.05057072626297734  0.05246342703826321
  0.05445089998056979  0.05657891824081823  0.05894612587716839  0.06172283286645220
  0.06491649144724128  0.06857017069242352  0.07262491197774268  0.07728838831759850
  0.08255554848029754  0.08881451803399075  0.09596759662821765  0.10519079168536294
  0.11905539843238867  0.14155293649600129  0.19124159790936227  1.00000000000000000
  0.00137830620567179  0.00215577748613924  0.00285500290657795  0.00339096714141081
  0.00386408267661406  0.00431885909153544  0.00468700491579045  0.00505895779318542
  0.00543516870015716  0.00579125539060131  0.00612265785917934  0.00643851653454978
  0.00677117032724973  0.00696081522831847  0.00714724026803247  0.00737931153039975
  0.00760673603880088  0.00787024009574118  0.00816530896822649  0.00847671431716039
  0.00879641323683309  0.00911080177126642  0.00941759659932692  0.00974305506674326
  0.01009186245863000  0.01044141262404268  0.01078896661338120  0.01114819616512473
  0.01152439130098161  0.01191649616115704  0.01231406848558074  0.01271545259928710
  0.01312212163197234  0.01351179799332110  0.01388730990705325  0.01430969500101813
  0.01477894742969844  0.01527583990512060  0.01579778751886653  0.01635365846267309
  0.01692302214619273  0.01751036006292973  0.01813493288922783  0.01879097524685402
  0.01947033012295474  0.02016641791325732  0.02086943931741322  0.02161328563130831
  0.02244075195107238  0.02336362085316561  0.02434583016365186  0.02531902019837409
  0.02624831550332795  0.02714196932118139  0.02803934353945874  0.02898875572445159
  0.02998279768162322  0.03104374872792345  0.03215005023618807  0.03328368286324223
  0.03442094247834421  0.03561622248990623  0.03690826300331998  0.03833830049351394
  0.03983489178491033  0.04141819933589670  0.04310233784419420  0.04482438932427012
  0.04657249194996014  0.04840695447244010  0.05026713232734598  0.05205015779818293
  0.05402503890237730  0.05608284865524146  0.05852249101150290  0.06136238762856736
  0.06413652758891149  0.06688003993717656  0.06994416842292636  0.07339165338121574
  0.07707030946160545  0.08051834543197438  0.08417029631558727  0.08783932191074877
  0.09236373930236116  0.09741914705393313  0.10239716588805560  0.10766773090937005
  0.11300977737545255  0.11908040155244436  0.12577492171009616  0.13920576701641577
  0.15287526237182250  0.17028028070782017  0.21560024641436246  1.00000000000000000
 -0.00405064096772423  0.01364480709779054  0.02858144103509760  0.04203004506096798
  0.05328269245167040  0.06352433646202642  0.07399313139466143  0.08574715691356830
  0.09772614193774962  0.10907807072419282  0.11987517702543039  0.13026694409713460
  0.14039265195165362  0.15008033518237954  0.15920536369373739  0.16823343106199945
  0.17763214400101948  0.18747915589787487  0.19766542984599131  0.20804439557355583
  0.21783702503189292  0.22701306285412454  0.23600909190363470  0.24476963313433986
  0.25389531263140830  0.26309636208070292  0.27226407077816372  0.28114074944115175
  0.28973300241217204  0.29789277545888915  0.30576443139770448  0.31344998510092814
  0.32103001952624155  0.32873145462596237  0.33662953569267451  0.34496853642939795
  0.35341786918957968  0.36179759443580362  0.37001219186804535  0.37834538808986135
  0.38685309186327160  0.39518220242592167  0.40288872161660194  0.41019506286972307
  0.41752015117446273  0.42554792993400059  0.43292718502634980  0.43950669544120863
  0.44653112635320946  0.45326199674578915  0.46071957342235959  0.47083023810021568
  0.48069577140393188  0.48966282372582470  0.49952904023845546  0.50847524394241561
  0.51765775358660227  0.52601373650067007  0.53490316723212494  0.54343584562436920
  0.55182643740365522  0.56029548233108106  0.56932523813610170  0.57817024705242537
  0.58674002519866320  0.59518456386193208  0.60436748304928090  0.61524284742887392
  0.62631482596283705  0.63685204983144006  0.64732866444762771  0.65751414763007288
  0.66817751031855133  0.67874124985278150  0.68956146993832768  0.70061176309282658
  0.71224140084674925  0.72448720248208653  0.73690485652163462  0.74948774877280377
  0.76145869543241984  0.77411622596718177  0.78795958103851549  0.80138633842370743
  0.81549122626601411  0.83117136691976168  0.84820490624250522  0.86463834429832231
  0.87909286871864112  0.89320053769756280  0.90791798735897322  0.92528366077450319
  0.94363353495480518  0.96142605852022367  0.97956086025610278  1.00000000000000000
 -0.00235455398672628  0.00877238727632521  0.01900797847242502  0.02918659558027663
  0.03979002287666140  0.05062349781432040  0.06220874681086620  0.07373602916896602
  0.08547422006681740  0.09741523712633772  0.10961890673677861  0.12177250558669397
  0.13309700985343328  0.14374633730495687  0.15427515391940960  0.16514504087591692
  0.17634355053196563  0.18755962781592483  0.19902112864045843  0.21027214712853590
  0.22101547112448189  0.23087701335664018  0.23963574445700234  0.24827911400391450
  0.25711798303084038  0.26640797527179022  0.27611593550516855  0.28627333864049598
  0.29669739811222784  0.30575622908462879  0.31402036130126038  0.32247943894351855
  0.33061458020566958  0.34186313235565458  0.35272032175295454  0.36310326055996939
  0.37394406495906674  0.38556639073885207  0.39735018715834314  0.40871170387224054
  0.42010120678285973  0.43203871344166517  0.44326652437374614  0.45458260070448375
  0.46563961160548700  0.47645811133544302  0.48671489961811254  0.49643110512006500
  0.50614478577813138  0.51580950843868023  0.52666961227297659  0.53856603783631141
  0.54917160409418153  0.55836115199206460  0.56749053392736959  0.57648110857989687
  0.58569961107311574  0.59480545383589467  0.60406018127220185  0.61370437467075689
  0.62355896487514006  0.63341375692478852  0.64369091223509012  0.65507857524898461
  0.66690852607749884  0.67862177617413177  0.69092494691413897  0.70369434805605047
  0.71666476190423634  0.72911952171812167  0.74032152338765478  0.75070023991435531
  0.76049734371037636  0.77046336505674740  0.78035637712704597  0.78997386937654479
  0.79966002007633152  0.80975663296219424  0.82057619994893638  0.83169043114325036
  0.84340574882722819  0.85404602916683348  0.86318958967986092  0.87221056024183119
  0.88128333596196207  0.89028646574906789  0.89913762431603728  0.90852118836740636
  0.91736139334672540  0.92971108935534486  0.94192489343090213  0.95434266867016271
  0.96633667167831228  0.97799343868757338  0.98901615014949129  1.00000000000000000
 -0.00241761340732973  0.00946826863849280  0.01930189764638033  0.02842068543249609
  0.03699070921817796  0.04563419324228032  0.05474745638770276  0.06553821229543649
  0.07695265326588678  0.08739625799321200  0.09605454442869787  0.10538843238119769
  0.11533167322161596  0.12601416450501793  0.13542945500266448  0.14476918472918157
  0.15369071118542862  0.16163225899627193  0.16959878145205329  0.17748540150323075
  0.18636950316505710  0.19638104269903806  0.20656415981405843  0.21591384803388652
  0.22448325335846170  0.23318145107219404  0.24202225953830489  0.25087518680219151
  0.25975179003164678  0.26859669048308693  0.27822825556335046  0.28883093818061456
  0.29887217737960819  0.30885638272660554  0.31897080514235598  0.32913935536911282
  0.33904172978070002  0.34857926426244079  0.35781956914896595  0.36684704709256089
  0.37557005228003443  0.38359126488589845  0.39116125125641849  0.39852563384383222
  0.40572880406970768  0.41311713422358942  0.42057805613548588  0.42808370488567860
  0.43576622330034631  0.44394035761387624  0.45259609919115507  0.46149414870976541
  0.47060715820540944  0.47999509183835293  0.48964303633076528  0.49935304428076760
  0.50973717742291058  0.52013381868786512  0.53060966543430432  0.54072601889145355
  0.55045762691373956  0.56011753207491943  0.56950884027945847  0.57897620748663570
  0.58926845787869286  0.59968388031594289  0.61013541567517815  0.62055185480720332
  0.63124873139669124  0.64200915586633067  0.65278830302549107  0.66366641021686978
  0.67441319366221775  0.68504517021843025  0.69547666140062170  0.70609843773059211
  0.71655551866838341  0.72682270610368693  0.73730262597759844  0.74841695812412079
  0.76053749791955716  0.77342530381620622  0.78776117722624073  0.80178367665127093
  0.81511494559135167  0.82852516193334136  0.84285202973532591  0.85826291345908601
  0.87413079831529372  0.89110738834540060  0.90989454454292407  0.93048788216422196
  0.95133243548667812  0.96934746370341851  0.98482196884911832  1.00000000000000000
 -0.00273894879423949  0.00973244487566038  0.02041568513550652  0.03019449032230961
  0.04036152340627270  0.05056490898976120  0.06119285602332423  0.07225489398351843
  0.08285510891169992  0.09320206766084492  0.10358144438802099  0.11319019006599769
  0.12439108763059138  0.13478915353233353  0.14580451030459257  0.15584128830742944
  0.16598443933029458  0.17662305178477991  0.18697724929404008  0.19820941832300434
  0.20916882287181474  0.22010750875500099  0.23108041760948317  0.24151510385842859
  0.25253337514044244  0.26357949038894052  0.27536919966010770  0.28775258212469335
  0.29906310763683402  0.30946781270896018  0.31896802347454112  0.32843198354520925
  0.33867682263112714  0.34870958878258190  0.35801457967021666  0.36557397732970903
  0.37303656203286772  0.38103865684709537  0.38998569980147724  0.40150001473897501
  0.41266526937806225  0.42390353564104283  0.43527549808702110  0.44738909365622742
  0.45958311887028308  0.47104355188749769  0.48229885897145436  0.49389159330559634
  0.50441388733521730  0.51417518957182540  0.52377625849968845  0.53360252798818153
  0.54370389821427145  0.55406108040569413  0.56468056750952111  0.57621515722290484
  0.58673858089234399  0.59664293474194774  0.60655343722360278  0.61689293649286414
  0.62778527915449833  0.63911849861541548  0.65068061497170948  0.66190745659720174
  0.67219045690880586  0.68202680289411877  0.69219088006899510  0.70154207252994716
  0.71049035662056392  0.71930233519273534  0.72871002072699853  0.73927220911585556
  0.75031368740439441  0.76157047239361142  0.77337048081529924  0.78567747553815470
  0.79762111651510137  0.80882230775251507  0.81937394913120942  0.82962025241139836
  0.84055675369326532  0.85150071172965314  0.86185071644837885  0.87182321043094702
  0.88199345663372486  0.89189278818837781  0.90164322108818717  0.91173340451763107
  0.92254441078903249  0.93399575846075900  0.94622054222555507  0.95833328568483012
  0.96922183467652034  0.97959206041538627  0.98935527507156062  1.00000000000000000
 -0.00277163367542606  0.01096104275078309  0.02172047343167721  0.03197598087025980
  0.04207093503193317  0.05268130615637378  0.06369533378413648  0.07539389721528204
  0.08690634048821232  0.09928834861070772  0.11144248518131630  0.12375298746073750
  0.13296985349311133  0.14249627586272434  0.15136701134477026  0.15955219401768311
  0.17005503379939774  0.18060052391630024  0.19044540527893786  0.19925504409402406
  0.20773571046562486  0.21698620442982242  0.22686319523763809  0.23759627022460983
  0.24812224775405223  0.25853666459771535  0.26885674905984569  0.28001785663177364
  0.29164130915845821  0.30344437029945864  0.31448538883173427  0.32463097908541183
  0.33459253585148285  0.34450397750459882  0.35439968530455246  0.36400009094467611
  0.37411196872720759  0.38542165290811498  0.39784605418414759  0.41016460033599700
  0.42193870864865196  0.43252861383979641  0.44220736020613322  0.45151292886955990
  0.46151642448906438  0.47259262455025985  0.48359917671259811  0.49407488164815855
  0.50361839762791671  0.51320235561644034  0.52285205638490839  0.53285179142817252
  0.54370551745716134  0.55523099395245523  0.56678987817028414  0.57800261814215803
  0.58855977691647399  0.59936967269881436  0.60985882215769693  0.62013193615261641
  0.63051239451144303  0.64163674473116861  0.65287080851971557  0.66300809089979829
  0.67420942486979540  0.68515980734412485  0.69649251297563952  0.70789767081871791
  0.71930852345924023  0.73019636246828612  0.74041408240226991  0.75105260008601649
  0.76242367828018953  0.77410227516270835  0.78575448409911619  0.79698177169769546
  0.80770219045087022  0.81845823864039302  0.82933013238643682  0.84046682703646935
  0.85186232871070688  0.86295128465831672  0.87366126746090733  0.88367133240218609
  0.89388385299990869  0.90360079688833372  0.91268752030880729  0.92201595542302273
  0.93177323843643600  0.94141998736199783  0.95082269673796982  0.96062402836708172
  0.97096488757126231  0.98096020969416520  0.99043396604409262  1.00000000000000000
  0.13559587172928084  0.15134689857174227  0.17031568269863503  0.18718698365414599
  0.20323638817786785  0.21711957324886005  0.23015291517923428  0.24285607322908637
  0.25482317485747996  0.26573237930847549  0.27623530799138168  0.28646791941758915
  0.29619883830568611  0.30573308309945552  0.31506527433596665  0.32377715920069977
  0.33233702093971629  0.34062006169930148  0.34901276371825413  0.35709778450194207
  0.36477451264817362  0.37202204867527722  0.37863603940881974  0.38503017348648261
  0.39154412815131440  0.39795209126204384  0.40395482451944903  0.40962979533016941
  0.41524482061066093  0.42091446844118080  0.42663086614307644  0.43233693079799773
  0.43801113693324883  0.44372539258286420  0.44926915339286572  0.45481551909909290
  0.46032514485060871  0.46598186492958094  0.47166825487531333  0.47727155150213285
  0.48273971670450849  0.48807134975038835  0.49322241060857119  0.49848769655239744
  0.50353178249624619  0.50865949662271781  0.51369211988272090  0.51873159954229464
  0.52382823971167602  0.52900727484487164  0.53417005473229773  0.53920904863801167
  0.54426986650197029  0.54928267089445637  0.55424378940878627  0.55914324516730429
  0.56387869802757107  0.56877132252425544  0.57381016454269484  0.57878068445237651
  0.58379516389703412  0.58865639410818105  0.59352894607975182  0.59851889538661807
  0.60343248917695880  0.60811287593986196  0.61279641062477475  0.61746379515645078
  0.62268937424775295  0.62782367256252858  0.63302333942494793  0.63821875795599892
  0.64341374411057095  0.64875032642346842  0.65437835507420716  0.66009687169223230
  0.66594031277586385  0.67197608687447297  0.67765650259237531  0.68333678415391164
  0.68966658612314247  0.69663863039312235  0.70426581123996246  0.71219375641461236
  0.72022838435553982  0.72855858709937937  0.73710190914024420  0.74669653020500815
  0.75737447783006384  0.76856316160055926  0.78009497532059513  0.79340853405596334
  0.81095803633442443  0.83407971537125991  0.86987452139209975  1.00000000000000000
 -0.02331316336263418  0.13805472987339693  0.18115951061204588  0.20767631215248541
  0.22872987189904931  0.24772543958489177  0.26224696119204310  0.27445042924982482
  0.28554473688325249  0.29604346674631504  0.30555707274089666  0.31414217595186716
  0.32180722863576072  0.32910261915626104  0.33625176605032342  0.34330848282922538
  0.35019302582855821  0.35671421528881120  0.36290076655497894  0.36883926511407178
  0.37445230878013530  0.37986750592501128  0.38525166916889192  0.39094078596153792
  0.39654873437011651  0.40173916381555153  0.40684818690451074  0.41198023251572868
  0.41702329008212841  0.42177265779499967  0.42624816768735002  0.43052282818894927
  0.43435809211713322  0.43827367327968608  0.44215840869588069  0.44589231724320938
  0.44985081673630212  0.45404861780023137  0.45825767649656635  0.46248824548408202
  0.46674105950922695  0.47099589467190067  0.47545160996830299  0.47970569297843535
  0.48394522213489727  0.48825279955276563  0.49246443753549818  0.49663638917109987
  0.50081074953617133  0.50520635454340090  0.50944491712158968  0.51367871271849574
  0.51806034274421664  0.52252243401633802  0.52686249334214474  0.53125383718365204
  0.53554559018194936  0.53969303491804199  0.54384543397266583  0.54814891224661855
  0.55260867514659628  0.55714577765834439  0.56173209464548091  0.56638974756083327
  0.57077025755353394  0.57510123921227907  0.57940870364023289  0.58399715583562184
  0.58883528563792253  0.59371319307261272  0.59867646554279985  0.60382614855591077
  0.60918168057667332  0.61453690005845329  0.61972456108503182  0.62494960369013586
  0.63046252113741341  0.63620912123544160  0.64218487783812850  0.64853505573940662
  0.65509075714347886  0.66199809739248971  0.66909176795828784  0.67714554980942687
  0.68584855802033040  0.69564913973315901  0.70606767485120747  0.71651964949872449
  0.72736183869851567  0.73891051319480072  0.75185498612589285  0.76731710679498466
  0.78641188188649702  0.81452803991002509  0.85884853505240777  1.00000000000000000
   4.4535545522828213E-011  -1.0000000000000000     
 T T T T T T T T T T T T T T T T T T T T T T T T T T T T T T T T T T T T T T T T T T T T T T T T T T T T T T T T T T T T T T T T F F F F F F F F F F F F F F F F F F F F F F F F F F F F F F F F F F F F F F F F F F F F F F F F F F F F F F F F F F F F F F F F
  <DiscreteSampler_grid>
  grouped_processes
  1 # 1 for a reference and 2 for a running grid.
  10 # Attribute 'min_bin_probing_points' of the grid.
  1 # Attribute 'grid_mode' of the grid. 1=='default',2=='initialization'
  0.0000000000000000 # Attribute 'small_contrib_threshold' of the grid.
  0.5000000000000000 # Attribute 'damping_power' of the grid.
 # binID   n_entries weight   weight_sqr   abs_weight
    10   10   9.720209654400792E-001   1.966972868419533E+000   9.720209654400792E-001
    16   10   9.720209654400798E-001   1.966972868419534E+000   9.720209654400798E-001
    22   10   9.720209654400795E-001   1.966972868419533E+000   9.720209654400795E-001
    28   10   9.720209654400795E-001   1.966972868419533E+000   9.720209654400795E-001
  </DiscreteSampler_grid>
