  0.00342938558593603  0.00392410064200657  0.00425374902388006  0.00457451744336510
  0.00489882841307947  0.00521922778268764  0.00553277515948006  0.00584128376267569
  0.00614375058366924  0.00644367017913139  0.00675182593040655  0.00698020729334740
  0.00724349797315687  0.00748996682563453  0.00775175774117062  0.00807044649749473
  0.00839514844952096  0.00871981675959025  0.00905343485624941  0.00937281917982449
  0.00966605592547240  0.00994656562652946  0.01022728667290316  0.01051388350786323
  0.01081150864135636  0.01110850627082272  0.01140628756684607  0.01172230777362843
  0.01206100605277332  0.01240963150562486  0.01274721509322264  0.01306927321862384
  0.01339314279857749  0.01373767662309355  0.01412280053443722  0.01453607336421553
  0.01495767257310771  0.01537848196915625  0.01580077728077665  0.01623814096377856
  0.01667708362736220  0.01715610673179321  0.01766462951181903  0.01819674557089441
  0.01874212518845410  0.01929879430961620  0.01987529145644069  0.02048509382714965
  0.02113176021131527  0.02181583593047609  0.02254467166353993  0.02332578807745827
  0.02414261338413288  0.02497862227626436  0.02583166481174825  0.02670790133036865
  0.02765070530212493  0.02861570322350661  0.02958239424539067  0.03050774813406811
  0.03145060514669665  0.03243549970471635  0.03344591850405635  0.03451439181135449
  0.03569246526332736  0.03693025276291512  0.03818431372064778  0.03944807851271324
  0.04077580160446957  0.04217341671256376  0.04365089448897438  0.04516785302523019
  0.04671949557673394  0.04827859057501500  0.04992633972065869  0.05161373157118129
  0.05354902490380659  0.05558541796702644  0.05782525990123926  0.06014903387992949
  0.06240951022714749  0.06474779116943361  0.06728602396974694  0.07010581231553527
  0.07329588246627086  0.07679791336801119  0.08148092790548682  0.08735257016857305
  0.09411820408594293  0.10146203647718238  0.11043949532826389  0.12044880189964544
  0.13248938407789462  0.15310488469006509  0.19394824047444831  1.00000000000000000
  0.00075523972929612  0.00081976816380273  0.00086952176001737  0.00092957434117930
  0.00098403321524151  0.00102161052585219  0.00105155465897725  0.00109510362084143
  0.00115581445605016  0.00120610264386763  0.00124205810826044  0.00127346044718360
  0.00130640147903034  0.00133982466415110  0.00137651523900638  0.00141260492987667
  0.00145110476708627  0.00149121096830977  0.00153043633047584  0.00156643709731856
  0.00160394132740636  0.00164717643723887  0.00170667002554549  0.00177886366089291
  0.00184438890527147  0.00190958479151539  0.00197091850997898  0.00202889826006303
  0.00208328143994029  0.00213335293335924  0.00218323042247726  0.00223465304264931
  0.00228527333985731  0.00233800539148843  0.00239365712896347  0.00245149810689903
  0.00250988628708040  0.00256742565118013  0.00262527279569223  0.00268363697109430
  0.00274359954603039  0.00280560358497428  0.00286627032594555  0.00292925268110699
  0.00299614277772019  0.00306597860935292  0.00313710724272955  0.00320931993838485
  0.00328414332652213  0.00336225593857753  0.00344326250283705  0.00352485295502702
  0.00360590246703452  0.00368853977594872  0.00377492620441273  0.00386450677203672
  0.00395377935536306  0.00404239012904534  0.00413591730218484  0.00423555940792866
  0.00433651974216877  0.00443840798146956  0.00454543717790583  0.00466453173499608
  0.00479111619770672  0.00492142186171409  0.00505124621520567  0.00518778557075170
  0.00532797627121738  0.00550035849246055  0.00569176992278517  0.00588113191169103
  0.00608678912061996  0.00631784659376886  0.00655917947895376  0.00681163444871700
  0.00707035469639139  0.00736405222572812  0.00769968968532187  0.00805196964927375
  0.00844274797182810  0.00887981079188184  0.00941403270066307  0.01004733261927335
  0.01078395062728033  0.01165023673865422  0.01264828360212056  0.01391030861589018
  0.01560293098294006  0.01781927958018999  0.02083304052078253  0.02535634035159496
  0.03254805689072515  0.04563504640995006  0.10553039449818596  1.00000000000000000
  0.00022904954150943  0.00034070834312525  0.00037370831794707  0.00040723539229395
  0.00044311457806583  0.00048156370593813  0.00052090972343887  0.00055875156944658
  0.00059769396486673  0.00063619451227280  0.00067421920812698  0.00071329997433664
  0.00075427703750514  0.00079640358842565  0.00083734284326808  0.00087671445470716
  0.00091667805661812  0.00095838121283502  0.00100074061222383  0.00104265873599056
  0.00108484349591711  0.00112898247543091  0.00117580725994449  0.00122431381559701
  0.00127455876056861  0.00132453045189982  0.00137457208847097  0.00142374383540739
  0.00147256979453024  0.00152152294363995  0.00157314349842063  0.00162495748508654
  0.00167766302116314  0.00172981019443430  0.00178309852499007  0.00183766553214110
  0.00189372350073230  0.00195027665375083  0.00201031655605998  0.00207395886483012
  0.00213957116559165  0.00220736446112127  0.00227964672643939  0.00235384057821311
  0.00242650325702033  0.00250891388406966  0.00258991236866015  0.00267466787227611
  0.00275986834188264  0.00284766684651431  0.00293766933615343  0.00302972433570228
  0.00312369795367940  0.00322385712441517  0.00333071938744930  0.00344213829013444
  0.00354994385393354  0.00366111459050010  0.00377929153239854  0.00390216467658101
  0.00403033343960932  0.00416069063161509  0.00429456425291195  0.00443229286104128
  0.00457425460027559  0.00472090971220880  0.00487593242521228  0.00505265887426165
  0.00524226397940812  0.00543928849259969  0.00565148062737096  0.00587875243839657
  0.00612459957224622  0.00639808479762420  0.00668772111232024  0.00699055735325994
  0.00730173008618061  0.00763917395910472  0.00801553222154600  0.00844426809748463
  0.00892721527700712  0.00944926952901544  0.01004242917513296  0.01073534426630081
  0.01151110204716347  0.01238344360723987  0.01338141287978358  0.01454299316271209
  0.01594863365341654  0.01769410559904257  0.01992926103089642  0.02308041622606088
  0.02759266948202585  0.03507782268569933  0.51669989497478697  1.00000000000000000
 -0.00215644099211840  0.00897595895792896  0.01855096280697936  0.02841296895853579
  0.03811325679263650  0.04768774259503804  0.05754169863483573  0.06777239013172381
  0.07789143587165373  0.08782952072574352  0.09764330820679486  0.10725786278231406
  0.11674867635160147  0.12647712233334682  0.13659771582654975  0.14711188439770345
  0.15769494221388111  0.16820334540447213  0.17871293363236118  0.18931761568069724
  0.20004270865639975  0.21066489232172958  0.22105331730177757  0.23161363240110047
  0.24230034576688647  0.25305217003293190  0.26381364251046768  0.27445931476516711
  0.28485852978716586  0.29508194593239984  0.30539834236893842  0.31591032558069199
  0.32662258554209855  0.33734431625529587  0.34806913668736950  0.35862510173420042
  0.36890445626177065  0.37964136725710307  0.39122276888766194  0.40293890196061438
  0.41437558672234837  0.42553302605848303  0.43642332057793137  0.44725009078800154
  0.45797558203921745  0.46894889258231431  0.48005216780651272  0.49103644627921905
  0.50228628228586136  0.51380702769637732  0.52509821119847067  0.53624287648568003
  0.54697627999528509  0.55718008679244435  0.56718560027397469  0.57720627980320938
  0.58739082906413842  0.59865134282724142  0.60988627461040779  0.62133222467505955
  0.63298352524781276  0.64463488492446341  0.65502219972607889  0.66521259857898274
  0.67543710475531193  0.68593232759943890  0.69662810391241436  0.70747361487987037
  0.71868818271064872  0.72984967930223810  0.74096038036356815  0.75202394633521452
  0.76294624272666034  0.77316577692322508  0.78250360960400445  0.79144397566596592
  0.80045336358667341  0.80991426233804353  0.82049329706268848  0.83031648758778154
  0.84123209261399468  0.85284161858576535  0.86425166045351054  0.87524898745458835
  0.88606290002090859  0.89687763010281163  0.90674396905269261  0.91650090694196629
  0.92632989113718400  0.93695241439488441  0.94762917969924521  0.95796216281185631
  0.96824945640925197  0.97885305694335434  0.98961622885681466  1.00000000000000000
  0.01685129931945565  0.01871912561164336  0.01926911354478751  0.01981594287463254
  0.02034175109364834  0.02081441213619518  0.02153052233706903  0.02227401042032643
  0.02297663576918099  0.02363703609213361  0.02429521282727461  0.02494466974466475
  0.02559401051240114  0.02624202055329286  0.02689489862223756  0.02756188139709539
  0.02823572718559975  0.02890691327364177  0.02956784333408827  0.03022684782625770
  0.03090147324653659  0.03159631788278596  0.03229751537727937  0.03299918124680792
  0.03369768546354650  0.03438789241220302  0.03508010303412878  0.03578586303535517
  0.03650910112409150  0.03724748123493336  0.03798521747017777  0.03872924469014485
  0.03948927098038334  0.04024439045507371  0.04098779396625638  0.04173875894919740
  0.04253273615717058  0.04335150814181354  0.04417848475809014  0.04498626433911326
  0.04578570460161636  0.04660060072707693  0.04742281469085527  0.04826327260641046
  0.04913822412834989  0.05007301981571059  0.05103047458947871  0.05200921640101185
  0.05299066358602076  0.05398303781881365  0.05500983607162432  0.05606070593761026
  0.05709618835266245  0.05809520932465503  0.05908441007851820  0.06009409323378737
  0.06112352432608458  0.06219938899619819  0.06344207892305767  0.06474876540487735
  0.06602028403428738  0.06728102218116307  0.06855180806614780  0.06982679168018882
  0.07115282541783317  0.07256018320373699  0.07404125946119540  0.07561654736928818
  0.07727026559667201  0.07898007249248362  0.08062594796491659  0.08220638900112397
  0.08403854787297173  0.08606562446296580  0.08810760407447280  0.09022682625897083
  0.09243741554593551  0.09478062924257195  0.09728867098652956  0.09988497081166343
  0.10257456383540167  0.10580618899376201  0.10898341602817577  0.11217622733130476
  0.11556895922824095  0.11914070584382869  0.12320153703536738  0.12827332755504303
  0.13438372675182214  0.14114086733338518  0.14864061548868579  0.15892908713290615
  0.17410553239375473  0.19614598498378499  0.23345964653150164  1.00000000000000000
 -0.00210195161100862  0.00842534287598663  0.01723049622436998  0.02631067316557752
  0.03499115578669222  0.04369395774217990  0.05314167691550951  0.06273447401012014
  0.07193420636487721  0.08143694333625552  0.09095875145153794  0.10090660253085126
  0.10978880205162531  0.11874165380440235  0.12787347354478767  0.13740742104053749
  0.14694287907496378  0.15597571221059353  0.16524763049880914  0.17442010479209949
  0.18355880636927685  0.19298293876445094  0.20263024689628442  0.21284106271090353
  0.22355733634117925  0.23430465159142380  0.24495494605702053  0.25607573298431802
  0.26746210377508395  0.27887272804555907  0.29001676118859726  0.30082139136447783
  0.31171820308003201  0.32298925049048710  0.33454946372533823  0.34568327233701701
  0.35661732608940450  0.36776157975856244  0.37921962674244974  0.39068996685926538
  0.40235528839961821  0.41413961105881397  0.42572437586233114  0.43705197531077672
  0.44844037223364736  0.46008726223949847  0.47129550638154721  0.48189234278573012
  0.49281148191002666  0.50441223318074235  0.51688802504187614  0.53003114095369241
  0.54346548954476037  0.55587276151396114  0.56784928658100808  0.57997645107755758
  0.59161273912943779  0.60259765636341922  0.61353172311231730  0.62433158932311827
  0.63506096861988748  0.64586946340897289  0.65744277100441972  0.66914009402645702
  0.68058028370858359  0.69236759539119486  0.70396075605727215  0.71501790227294171
  0.72591643358194158  0.73701131702682776  0.74828540774522123  0.75933517689294139
  0.76954483386720995  0.77959589534798823  0.78956324428101954  0.80001447718336194
  0.81123492055626856  0.82270881327561118  0.83380941553300081  0.84432550496865122
  0.85442939679676089  0.86438947614222872  0.87404183452744211  0.88343412749390293
  0.89260271533119040  0.90193821567619503  0.91145840876788875  0.92103049699150730
  0.93083448907490329  0.94077765684365933  0.95075572788049501  0.96089764546816125
  0.97080622715168186  0.98079911610359338  0.99017134807865570  1.00000000000000000
  0.00002951566221061  0.00004370453762109  0.00006426938861184  0.00009010507560535
  0.00012006240636492  0.00014982192676900  0.00017968820372348  0.00021067143165156
  0.00024393424094776  0.00027716081961479  0.00031045125156208  0.00034382118617226
  0.00037730593384231  0.00041147277597093  0.00044554209384179  0.00047948966890968
  0.00051430890598761  0.00055115403112394  0.00058637530631784  0.00061980181296406
  0.00065234735334794  0.00068390453949508  0.00071880357900901  0.00075530730082442
  0.00079286818372330  0.00083139926727224  0.00087078285259087  0.00091066113496525
  0.00095285256643714  0.00099580144479140  0.00103923102606920  0.00108525454319755
  0.00113677802561666  0.00119465094530895  0.00125722290623664  0.00132179970383835
  0.00138894212398638  0.00145897296718381  0.00153175253944601  0.00160701082899059
  0.00168704236354488  0.00177289022775651  0.00186297327790520  0.00195759885756222
  0.00205711597411019  0.00216033258887616  0.00226671937573486  0.00238473149129531
  0.00250824741518957  0.00263626285974827  0.00277159991937041  0.00291630740166674
  0.00306924514386687  0.00323049304025486  0.00340162917209757  0.00358458846613120
  0.00377785459459354  0.00398049400249063  0.00419592575386627  0.00442602366427945
  0.00466982325676287  0.00492933077078438  0.00520929104614276  0.00551620463790678
  0.00585146473389279  0.00620490562881633  0.00657373778654302  0.00696603580517851
  0.00738280786661968  0.00782348146401120  0.00830252570877795  0.00883329495276338
  0.00941449376831803  0.01002721342783710  0.01067608116146095  0.01138867729274208
  0.01217721709513823  0.01301515029325350  0.01396314044333716  0.01503520308169086
  0.01615423021561970  0.01726164289292055  0.01840778391091266  0.01980144818595734
  0.02127258364219653  0.02288026856724885  0.02442710540988043  0.02610777960370205
  0.02791887190050821  0.03005370131292960  0.03248240961586546  0.03522555063984691
  0.03871323195568574  0.04361075982371831  0.49208373436802977  1.00000000000000000
 -0.00319518604408911  0.01039443015859509  0.02184881078749895  0.03287468678381156
  0.04340554194972822  0.05378657355747923  0.06415007541864765  0.07434747633292146
  0.08422091404521122  0.09359098415160420  0.10277015908100010  0.11204301102281289
  0.12133497702995069  0.13044387605897598  0.13922014158857185  0.14792553649451387
  0.15667366892318410  0.16533559056927311  0.17383109383522960  0.18242282828133061
  0.19132470144567415  0.20047616838845939  0.20955262489632837  0.21862895909105437
  0.22776074033159555  0.23703022265345597  0.24645861084264623  0.25609287507292766
  0.26579995958397890  0.27541452369622937  0.28508196493920779  0.29495326576127778
  0.30499744952102420  0.31519061860540531  0.32555927544743118  0.33643186913694467
  0.34812917295798940  0.36073802687652434  0.37376553336262214  0.38677205271513976
  0.40051110968264586  0.41545186144116963  0.43166151592420909  0.44887383414495990
  0.46645841738830512  0.48350486508305995  0.49879861555638411  0.51205982728837707
  0.52406028809205840  0.53629679779996409  0.54942748865747160  0.56305899103880930
  0.57755417936423870  0.59316224184003463  0.60885909535500549  0.62279006937548176
  0.63422099219242944  0.64529131157538100  0.65663405673297992  0.66801982854246944
  0.67926146938464205  0.69007877275629781  0.70039192470227885  0.71023579369904999
  0.71976255383895738  0.72908141045526864  0.73793365807073186  0.74644323189890294
  0.75527757702911225  0.76481814028965001  0.77330837139185071  0.78066119446990589
  0.78818075386479791  0.79650505690062656  0.80502975321051629  0.81347440097818802
  0.82150434063567390  0.82900061336153263  0.83659836437075774  0.84479009302127739
  0.85342979847422396  0.86202044366589448  0.87057176552900639  0.87936747164653761
  0.88844377619943571  0.89769454463555254  0.90714981628907210  0.91687133444490077
  0.92703638331878135  0.93726537477432414  0.94739142485780936  0.95775452516130977
  0.96856025603884677  0.97936946984395878  0.98999473251335435  1.00000000000000000
  0.08238881446594429  0.13302533259789220  0.15618328302489251  0.17556810028654990
  0.19161807431980377  0.20413633653159341  0.21556227402443948  0.22610198471930038
  0.23509911951921594  0.24286462435226699  0.25056553506190810  0.25898425894252586
  0.26749707176673132  0.27560590938422119  0.28342806470732901  0.29108428711180201
  0.29829362759255795  0.30509024517054995  0.31165696000452026  0.31798869941626157
  0.32419493565664687  0.33028179000010732  0.33633325362394062  0.34247326946517004
  0.34879025396519936  0.35485199272078832  0.36045101692041737  0.36577314825152107
  0.37112302006775311  0.37642388420531059  0.38174577292581674  0.38709396077634722
  0.39241701964430170  0.39742820433571024  0.40209254034097958  0.40679038396422812
  0.41173277904770839  0.41677528268373260  0.42182873964233453  0.42683724138294876
  0.43162481361622701  0.43647397283057038  0.44117880239598745  0.44605814132768601
  0.45081498174696688  0.45552449338866668  0.46031561224882461  0.46515310958553419
  0.47000638249732379  0.47494187421286305  0.47990507938303428  0.48494817735265233
  0.49009384674322504  0.49532468531778839  0.50059619559536561  0.50574975194430039
  0.51076009968958891  0.51577547536058721  0.52078945025248269  0.52580583077574183
  0.53073437493193798  0.53573211800196885  0.54077903640159430  0.54574709980903635
  0.55060381858379892  0.55549045139013509  0.56058788540311644  0.56569184557589280
  0.57109658344047809  0.57655865875338486  0.58198400810907547  0.58781235765826523
  0.59374844519114633  0.59991030773940135  0.60595432404596716  0.61173727375714926
  0.61751253818529372  0.62334765142714432  0.62964714773720343  0.63656057549654499
  0.64368195475039569  0.65070942608289062  0.65768948867505228  0.66490409088697988
  0.67270153039808822  0.68123308661906490  0.69024891264385535  0.69972267493814100
  0.70997659286657311  0.72168954713607814  0.73509424325170258  0.75064667552027997
  0.76909853218179680  0.79261639367815295  0.83296399738520266  1.00000000000000000
 -0.03706993022037971  0.16731830707842976  0.21207215436487326  0.23795268689800420
  0.25665078333924091  0.27178663947687176  0.28418935000613016  0.29472187594192856
  0.30420574034121872  0.31329993943229628  0.32202047093315356  0.33021094906469867
  0.33797851302747089  0.34533616130046274  0.35225096029392938  0.35886318297257419
  0.36517694968831388  0.37125540104203952  0.37696395338111510  0.38197538103098705
  0.38706732880459022  0.39206998670888504  0.39701983022606568  0.40193507019581148
  0.40650645755883102  0.41100215485992203  0.41544168155196004  0.41966937511055569
  0.42392927729750690  0.42818159255810601  0.43229966327651553  0.43619458459210336
  0.43987675122098441  0.44357806241275671  0.44726307052096265  0.45103115285140177
  0.45487941328435538  0.45875328042223668  0.46266467298715086  0.46651943391623796
  0.47023525897395452  0.47385826098982697  0.47744580015347077  0.48103511157185930
  0.48479666075545802  0.48871435163844329  0.49263730429646457  0.49658752566503722
  0.50060786561351345  0.50468121145661882  0.50879023102380849  0.51290305701272654
  0.51696334043181780  0.52038183642853086  0.52397291527609813  0.52763881609982599
  0.53128161127963069  0.53481467662073556  0.53874264249446357  0.54284974585359047
  0.54695203987192376  0.55103011134995861  0.55513042565366300  0.55930906351736431
  0.56352576997895820  0.56774689835831071  0.57196954450802717  0.57623288442015130
  0.58066096419103974  0.58528586913632441  0.58995356454466419  0.59464950125620630
  0.59943019937975850  0.60427609652655057  0.60923028950891089  0.61420510374139703
  0.61921858190279344  0.62436786881249251  0.62980448136425538  0.63574208730694370
  0.64206083806956193  0.64850625944898455  0.65481705890761033  0.66131497670994555
  0.66846263821279728  0.67639395043706141  0.68485371674793416  0.69365607639823557
  0.70322180190181560  0.71387718882604490  0.72619161026925982  0.74094129952022492
  0.75959854142596339  0.78432923857537817  0.82677038771593570  1.00000000000000000
   7.9882916475044253E-010  -1.0000000000000000     
 T T T T T T T T T T T T T T T T T T T T T T T T T T T T T T T T T T T T T T T T T T T T T T T T T T T T T T T T T T T T T T T T F F F F F F F F F F F F F F F F F F F F F F F F F F F F F F F F F F F F F F F F F F F F F F F F F F F F F F F F F F F F F F F F
  <DiscreteSampler_grid>
  grouped_processes
  1 # 1 for a reference and 2 for a running grid.
  10 # Attribute 'min_bin_probing_points' of the grid.
  1 # Attribute 'grid_mode' of the grid. 1=='default',2=='initialization'
  0.0000000000000000 # Attribute 'small_contrib_threshold' of the grid.
  0.5000000000000000 # Attribute 'damping_power' of the grid.
 # binID   n_entries weight   weight_sqr   abs_weight
    10   10   6.312978995564833E+001   7.245214825925621E+003   6.312978995564833E+001
    16   10   6.312978995564832E+001   7.245214825925616E+003   6.312978995564832E+001
    22   10   6.312978995564832E+001   7.245214825925618E+003   6.312978995564832E+001
    28   10   6.312978995564832E+001   7.245214825925614E+003   6.312978995564832E+001
  </DiscreteSampler_grid>
