  0.05304137690685710  0.05389126135884899  0.05460907867568218  0.05520397202549829
  0.05576059107164998  0.05629452324493654  0.05680235752178486  0.05728893265281271
  0.05775671744660767  0.05822393629233390  0.05869640274703399  0.05916750834392370
  0.05964555874795933  0.06011898849476690  0.06058400819359325  0.06104050415329225
  0.06150865272860302  0.06199567964587145  0.06248133976091364  0.06296005690672357
  0.06344216998136029  0.06395830066750700  0.06447487442198682  0.06499202848935538
  0.06552261839741678  0.06605209225824246  0.06658767944254518  0.06714485662446888
  0.06767403052649358  0.06823881081479628  0.06879594278491881  0.06936308790168109
  0.06992609657491852  0.07051459186910873  0.07111226881502981  0.07174122351206207
  0.07237450372157933  0.07301358224906766  0.07366050892996776  0.07434616108180481
  0.07507557822365786  0.07582556839643376  0.07659322271833542  0.07737136607750422
  0.07818129751817765  0.07899715105776103  0.07981553301984717  0.08066572521768864
  0.08155517040123859  0.08242144473719643  0.08330599502002874  0.08423468274626943
  0.08515841605169704  0.08609268301304873  0.08706008804257544  0.08808028793434423
  0.08909392682515171  0.09008099585137981  0.09105405594310548  0.09202387667019366
  0.09299694889403748  0.09404787519572760  0.09518719363790248  0.09630289319812343
  0.09740245208445508  0.09863626812313814  0.09999700172330592  0.10143054168583358
  0.10287666071812805  0.10439799188619633  0.10591085447791482  0.10725402894831092
  0.10860111815087779  0.11000153480445803  0.11158161109691456  0.11335220862822436
  0.11523562116308005  0.11728250631800251  0.11956536377170042  0.12204765703945757
  0.12475778235520431  0.12758212768107863  0.13047686666103020  0.13343495714259843
  0.13668846831987214  0.14055371801718475  0.14531130366989672  0.15070617449263932
  0.15664564460215580  0.16318194172112552  0.17042707046394059  0.17903048033618527
  0.18820337738201870  0.37984449505235846  0.85763609888733061  1.00000000000000000
  0.00026554250234945  0.00031038397362307  0.00034240016766148  0.00036878086166777
  0.00039628486396145  0.00042411737213616  0.00044771218735132  0.00046867159431259
  0.00048757132162874  0.00050530226064633  0.00052213294654133  0.00054026461956678
  0.00055877949083277  0.00057681249298066  0.00059476226450994  0.00061392348787628
  0.00063372279939440  0.00065389971519487  0.00067466356942641  0.00069601502965928
  0.00071656296981626  0.00073628813930420  0.00075596986465314  0.00077595709661168
  0.00079627978511237  0.00081658345692871  0.00083685265524890  0.00085742449122016
  0.00087827380473297  0.00089928875732656  0.00092050532864028  0.00094248181211006
  0.00096465088078661  0.00098892302545154  0.00101368629723219  0.00103930497402682
  0.00106545708599076  0.00109211518447765  0.00111877530149268  0.00114536039240100
  0.00117232928613958  0.00120045178147626  0.00123153833091066  0.00126406499297583
  0.00129664720825910  0.00133034232914632  0.00136512736030042  0.00140183717358403
  0.00144035883479188  0.00148076295293599  0.00152252366853756  0.00156491776665926
  0.00160844201979782  0.00165363038990777  0.00170004024135678  0.00174745347484740
  0.00179729161906888  0.00185081828105174  0.00190616080062437  0.00196287073051039
  0.00202499115210461  0.00208918010783252  0.00215653576731943  0.00222843474613718
  0.00230439785920233  0.00238442092157794  0.00246921417465498  0.00256037899318242
  0.00265625762584851  0.00275952603329221  0.00286998188207154  0.00298309753653475
  0.00310376047763257  0.00322695767235808  0.00337126434416970  0.00352222326500728
  0.00369305209965776  0.00387900295302736  0.00408674064677717  0.00431768177316868
  0.00457306184966962  0.00486322617975439  0.00517654944924158  0.00553676758549300
  0.00592718967840842  0.00640868399371565  0.00695898731291123  0.00760316407061802
  0.00831184324960543  0.00925438430553665  0.01054250323450981  0.01226850134062890
  0.01496686729798320  0.01987837594275815  0.03245525566701052  1.00000000000000000
  0.00013634547259351  0.00066122581437949  0.00091112389730901  0.00108504152507892
  0.00124207783225031  0.00140904565204518  0.00158390008517020  0.00175183779638025
  0.00189926347862255  0.00204447769245054  0.00219592777315309  0.00234631746759626
  0.00249896794305585  0.00265083340826657  0.00280261208914310  0.00295936902516272
  0.00313130285939491  0.00329727281370354  0.00345603982065477  0.00361429432860438
  0.00378016493209810  0.00394959595048859  0.00411597852801031  0.00428036389500836
  0.00444702449025918  0.00461743859296703  0.00478626014488325  0.00496368267962752
  0.00515012030495435  0.00533571052886385  0.00554186304052170  0.00574781493783258
  0.00596001843829454  0.00618510436247815  0.00642382098614092  0.00666692105221829
  0.00691203103412084  0.00716308400249124  0.00742167362514495  0.00769029465567998
  0.00796262471192477  0.00824091599948252  0.00852763550295706  0.00883243492870010
  0.00915680614891209  0.00949299487646119  0.00983461655290390  0.01017735453355867
  0.01051991506274670  0.01087070777569227  0.01124098550793978  0.01163017120886362
  0.01205220615565847  0.01249839599611080  0.01296745218330318  0.01346736411390204
  0.01398684807656416  0.01451686335464201  0.01507013718156809  0.01566491187353802
  0.01628756447760304  0.01693524768141787  0.01761214278341762  0.01834212418027396
  0.01912966804872476  0.01996031245491215  0.02084757339434010  0.02179101852834565
  0.02275308804093164  0.02374253980922551  0.02478506962012218  0.02587757984231613
  0.02699164703382510  0.02805400634859564  0.02926262079904198  0.03050820545749649
  0.03185433858520171  0.03318700913122342  0.03464924830653129  0.03632849726553209
  0.03819593520210751  0.04024149007627040  0.04252103358575954  0.04505476308016515
  0.04784270356026245  0.05077701842434395  0.05434183038445886  0.05770897203007197
  0.06162246386734613  0.06671002744172763  0.07303241520741446  0.08000867747074848
  0.08902857478637947  0.26051501212098310  0.59830941406127947  1.00000000000000000
 -0.00939803097754285  0.04183607294441813  0.08077707268403969  0.11135237288947589
  0.13534047917304420  0.15669841703509099  0.17687205712584117  0.19553081898345920
  0.21191028346283422  0.22640346907498812  0.23977649187798722  0.25249556262397849
  0.26423904637523521  0.27495582058352208  0.28505070903523178  0.29480015056311060
  0.30403574880500150  0.31277245483128147  0.32147581532597119  0.32957590617214044
  0.33724760757999678  0.34460783678678680  0.35194996489349445  0.35922547807784122
  0.36625748857405949  0.37309996292749537  0.37977261955332919  0.38641139454770224
  0.39311745755083871  0.39971878512417736  0.40611711529941841  0.41227039661720771
  0.41821069321487614  0.42402662186118140  0.42957628362161643  0.43517820992782497
  0.44062025160554907  0.44608395613392615  0.45127421978588772  0.45645776168284219
  0.46166687957533170  0.46685764551397191  0.47195905908883184  0.47707677558374351
  0.48211113709920195  0.48728212829753692  0.49248840088794626  0.49772197666127160
  0.50298840594012872  0.50819440958823958  0.51327763606512633  0.51829460085889478
  0.52327329412607115  0.52857849666177636  0.53408122003939729  0.53990028588985151
  0.54573163142174630  0.55148796597827654  0.55708811537794189  0.56250025346080357
  0.56795564483592587  0.57349990681847596  0.57917943776497138  0.58505388385959867
  0.59111615287537844  0.59741665639214736  0.60402177500034471  0.61094965261295175
  0.61800990296894653  0.62519326747838266  0.63204758188615173  0.63914053467233833
  0.64647552350882354  0.65342341869726994  0.66090599153356766  0.66837867838513898
  0.67586794818231399  0.68349248524383655  0.69115061924815779  0.69885397882981659
  0.70720338713789588  0.71666115239101291  0.72695018363675401  0.73777209528963628
  0.74941427650816794  0.76201139471987456  0.77508579095482699  0.78842353342360849
  0.80332541397155055  0.81935623871921126  0.83692599086140707  0.85704047293076546
  0.88107988478186294  0.91095928565028217  0.94874384905169318  1.00000000000000000
 -0.00242377867049390  0.00916592550958740  0.02023521090825030  0.03135644444478294
  0.04264280624332965  0.05390104686760729  0.06490147042078508  0.07556691012970669
  0.08542351442036059  0.09518742610319596  0.10509785375771288  0.11518420205938409
  0.12538460978161950  0.13558460004327513  0.14599968703998631  0.15624715199170214
  0.16622333193711258  0.17644293204047096  0.18717860982599913  0.19833368502080384
  0.20910404939314509  0.21962268771750881  0.23002722552490124  0.24040336359439457
  0.25060363349251674  0.26061162509797481  0.27061129722764571  0.28071377846650886
  0.29091615302498408  0.30105832571242525  0.31100415244084545  0.32134182872484579
  0.33222348825705139  0.34378208079694289  0.35514277173192133  0.36576109135166640
  0.37598827010297609  0.38600226097413426  0.39571304344908126  0.40530440649535582
  0.41518147121452542  0.42545254124459009  0.43597197826981920  0.44618436287540708
  0.45668357906505291  0.46701106492350608  0.47754862139492182  0.48791071364189914
  0.49789578053777561  0.50736850342894368  0.51714111882646763  0.52749467152235596
  0.53781163526472564  0.54790613019880163  0.55847091223175838  0.56980312428286906
  0.58125831416536466  0.59195101690474139  0.60224046157880884  0.61304053441146122
  0.62412511414954785  0.63504113103352788  0.64582052996226447  0.65681588445454631
  0.66779493601149220  0.67854845120227658  0.68937430335491434  0.70034688082530705
  0.71122748410336023  0.72200115895681594  0.73268986161217986  0.74337151310885874
  0.75389615441736846  0.76421293689804748  0.77462086203472336  0.78517607498033692
  0.79593841575894109  0.80711929571308461  0.81837950955898731  0.82964001963905654
  0.84034343879246920  0.85078435953467779  0.86111548356125167  0.87152894650661805
  0.88230250711216218  0.89346023254221352  0.90412685100457313  0.91444340397832058
  0.92447151874624289  0.93528576243714157  0.94573087892052055  0.95650441092723826
  0.96738058465139187  0.97926829864799692  0.98966325666282173  1.00000000000000000
 -0.00248631764994843  0.00919577086347685  0.02020511240760552  0.03132086710091961
  0.04283462066383439  0.05413144316364392  0.06552063101464117  0.07680676028751075
  0.08818685376704595  0.09938170585128640  0.11015225138298343  0.12065948166623501
  0.13109339402373776  0.14186348961988490  0.15281276704678337  0.16353238435256426
  0.17419024411064746  0.18501457988823508  0.19623457030349539  0.20740294116936478
  0.21831634520101409  0.22805905724697109  0.23797084805282726  0.24835240441979897
  0.25951036554319618  0.26998991763291291  0.28129792751586657  0.29192517684643482
  0.30259730577763078  0.31325490784883747  0.32417401888575342  0.33479174400226130
  0.34416255180958549  0.35497917671165702  0.36582279467139789  0.37667980142094143
  0.38689810012108927  0.39698924151291820  0.40744424882030095  0.41825815020542140
  0.42974021913786153  0.44104730757318389  0.45216969809687502  0.46293965693645783
  0.47389624160349769  0.48464640814550108  0.49518809048798429  0.50524420453558871
  0.51511725706419365  0.52462795283887409  0.53402423894768647  0.54352814274246652
  0.55368339679672329  0.56362956528257391  0.57328346731022550  0.58288366518568802
  0.59281550008633310  0.60281774739652350  0.61257125405824531  0.62212529545040118
  0.63184571113429777  0.64210497249208676  0.65252357960785734  0.66268392131807097
  0.67349398738408839  0.68451343395438613  0.69486042474051735  0.70542410310685300
  0.71623328997411029  0.72694845860696011  0.73737964183440252  0.74746085513112603
  0.75733416273274934  0.76699706381808430  0.77680796170611643  0.78738244500880539
  0.79850969799674243  0.80948097299693167  0.81929262963307425  0.82861465219610420
  0.83800224084905883  0.84872912063713257  0.85957185152206605  0.87005163176068534
  0.88034128005503476  0.89062222422070114  0.90119849544880160  0.91179617837391447
  0.92252700105284757  0.93367513393379720  0.94484138397426387  0.95592567786616089
  0.96733864423010119  0.97833571285906462  0.98950294096558145  1.00000000000000000
  0.05994503309642525  0.06192758829016404  0.06298560946191877  0.06460757599040790
  0.06614122087028597  0.06766063182844424  0.06915125026819849  0.07061002963751647
  0.07206894606405558  0.07353380051637202  0.07500796628633372  0.07647150356782073
  0.07794182480772757  0.07942220189866231  0.08090637844710431  0.08240011435285756
  0.08386479228684487  0.08528315806113483  0.08668670376175484  0.08812177631756897
  0.08957913459157210  0.09105839138109856  0.09253440899583967  0.09403270739750072
  0.09550612389441450  0.09693717942953951  0.09834429972579349  0.09977465631858448
  0.10125664940506705  0.10277458125285510  0.10430104730997457  0.10584023800931602
  0.10740659403581658  0.10896773460715148  0.11052480321901777  0.11212255754957039
  0.11373345329760705  0.11536038124045933  0.11693228197941669  0.11849353770117434
  0.12003359706139080  0.12161947109514133  0.12322601581211901  0.12487193222271721
  0.12653476120356930  0.12817477616965667  0.12983141472736695  0.13152424871055049
  0.13323839964016787  0.13497945959827160  0.13676666139341409  0.13861155949895407
  0.14042328054674474  0.14225213365212530  0.14409883212217584  0.14595086216700548
  0.14784907283334697  0.14987029184428963  0.15191715616076201  0.15422270464918655
  0.15646811909167083  0.15883276279992822  0.16124938204209965  0.16358221219433305
  0.16594659248242025  0.16842282773116016  0.17096822295237005  0.17358859032022314
  0.17634578243470525  0.17928493264496817  0.18205177307319409  0.18452783977392728
  0.18729062753034667  0.19029701047499714  0.19348383035214672  0.19692542777337491
  0.20039149714899548  0.20397902618635080  0.20762542543798262  0.21148968532549070
  0.21557304550601292  0.21958652748338434  0.22417965094617862  0.22874538843243650
  0.23504541444209348  0.24229328445373804  0.25019918212330927  0.25980470821379614
  0.26901629553609602  0.27685959712084346  0.28475805327787307  0.29655532349612795
  0.30835259371438284  0.32621588008245550  0.34527786040178915  1.00000000000000000
 -0.00156570705538017  0.00608721302608739  0.01380278840185462  0.02160202334277408
  0.02975827270352823  0.03827113049112869  0.04678538820534531  0.05515255448676361
  0.06334343782064181  0.07157688779533225  0.08000461224001781  0.08813557976569233
  0.09595989880446633  0.10354189964301688  0.11115139433985781  0.11909710772127770
  0.12729262711549305  0.13545462436245156  0.14361012459037165  0.15195196776091480
  0.16034852734292865  0.16829640326658427  0.17594543574702817  0.18361234652759484
  0.19178692789167023  0.20054802297756269  0.20942283886140178  0.21873538362540618
  0.22834056826361473  0.23790170488046433  0.24752575583427575  0.25699710181021046
  0.26640399211601612  0.27603267992598135  0.28583613668068986  0.29630955477507254
  0.30735091483706911  0.31817854952153640  0.32871506381575177  0.34090610416121186
  0.35396699472565274  0.36759030552412097  0.38241480350350465  0.39879012346623827
  0.41627182725420980  0.43408721210559181  0.45199675743838813  0.46973760371939022
  0.48617447364478800  0.50144122836331628  0.51621471021668286  0.53083627197347050
  0.54590522505998873  0.56187743022749514  0.57866140441941138  0.59524777111908900
  0.61153461293015499  0.62846232212848518  0.64522934572737545  0.66043486502060567
  0.67497408006584780  0.68844080161477639  0.70089797604285742  0.71321935952553617
  0.72557652866760647  0.73709228664728721  0.74753919672043556  0.75806600044286310
  0.76845431312806067  0.77881143257019481  0.78865768959716942  0.79808207923044772
  0.80748328649473156  0.81635917274909109  0.82515746759139053  0.83421676720249827
  0.84333546540399540  0.85224799044941379  0.86102680870405668  0.86982063027431011
  0.87867711306396412  0.88744616960818301  0.89593041391999473  0.90420678089435735
  0.91247151958564443  0.92071800539107451  0.92894297550806015  0.93710604048671386
  0.94513372677152019  0.95314065463199771  0.96117005858192073  0.96927187238655677
  0.97730669987137908  0.98527280801518591  0.99263804574301395  1.00000000000000000
  0.13019618376713907  0.20223663324290342  0.23323627962728333  0.25231286590193397
  0.26660871247651446  0.27966028272015719  0.29098352989292919  0.30040790526619249
  0.30978279917249646  0.31999467484456545  0.32978249441825364  0.33856351749226843
  0.34660369040202582  0.35422796848528704  0.36178295915577002  0.36931002854250916
  0.37687731665186303  0.38404716155459589  0.39078602832708886  0.39689921750922530
  0.40280007463993478  0.40872141239623738  0.41468728321978482  0.42044082931877497
  0.42581983309706345  0.43117955663270846  0.43649917116256870  0.44160137851584153
  0.44663481900366858  0.45175365823204983  0.45693004712051116  0.46208001560895057
  0.46714541940731402  0.47200440426623408  0.47682619981904500  0.48170151954741736
  0.48657990265641343  0.49132831837477214  0.49573595960743400  0.50001191339725815
  0.50429211529436146  0.50859094010558858  0.51287487088485784  0.51729107870566027
  0.52168482612989164  0.52592453463276656  0.53007819833505021  0.53437278131417454
  0.53881997472555587  0.54342934885132022  0.54794270372629172  0.55234677961795775
  0.55668097831954555  0.56093136270771982  0.56515760707702323  0.56942615441942201
  0.57370868393491981  0.57795775952631212  0.58220319700721124  0.58638922917976855
  0.59049640647858803  0.59456772748235842  0.59871666035016524  0.60298129508406684
  0.60735361136426902  0.61176996939300177  0.61615093949531397  0.62056202668147209
  0.62497992684062798  0.62970581567788586  0.63456163288413858  0.63946684898242090
  0.64437128345416228  0.64955684105154377  0.65481614339307848  0.66008471756136944
  0.66541307732179766  0.67079814110898717  0.67638850232714109  0.68223831017209524
  0.68830746235351392  0.69466810180224714  0.70134147842983396  0.70824437891617442
  0.71526789458956774  0.72240706936386945  0.72992474964756104  0.73808531168281488
  0.74708598782594615  0.75703112852015020  0.76803337865248822  0.78021272561521160
  0.79467070115332705  0.81434269978985530  0.84958699910739677  1.00000000000000000
 -0.03669224621997722  0.16544508987218001  0.21118458049587160  0.23648921891313229
  0.25469978447072694  0.26926313453548872  0.28228489066623630  0.29371382821741349
  0.30418009023157150  0.31379139794234767  0.32264064786144375  0.33061260921534474
  0.33806676372936945  0.34500055606081770  0.35166012662530122  0.35795311651399048
  0.36420646002951745  0.37012770340629009  0.37559969367157703  0.38073383240021275
  0.38576640068151041  0.39079164103926001  0.39575532103179101  0.40058488641808054
  0.40535075567676709  0.41007103986676141  0.41461409510254349  0.41911950605815096
  0.42335180828543889  0.42756381798167709  0.43178236689734228  0.43598631925660819
  0.44025874850446589  0.44448837573631922  0.44858407635961334  0.45256592607230733
  0.45645941341374058  0.46035732166450960  0.46431843845148302  0.46831461802400309
  0.47248233418657037  0.47659375994104586  0.48049441669675103  0.48433526526944831
  0.48808607352560868  0.49187862099757418  0.49574073493764770  0.49971395434466787
  0.50349210764244878  0.50718463980613837  0.51074766782356817  0.51432109974458406
  0.51789954509348646  0.52146180893251970  0.52511702373746805  0.52882725402052766
  0.53265773846883335  0.53644873697489315  0.54020123178811852  0.54403473297388405
  0.54785006369464539  0.55161294098654523  0.55536516338390907  0.55929291033981865
  0.56340776776005519  0.56778795658243142  0.57220671130553558  0.57665661684455705
  0.58119765495229425  0.58579630334888788  0.59042781480467998  0.59514544035604544
  0.60002485380824033  0.60500949900201839  0.61006644645689967  0.61528123466155737
  0.62064701076671747  0.62624981136051994  0.63206672406877740  0.63797202934472907
  0.64400502658270187  0.65017720969240222  0.65657124246217213  0.66329364571650851
  0.67027396380582749  0.67779311097976680  0.68587465534761916  0.69475926116575693
  0.70446546274012789  0.71588314851941326  0.72933178321025605  0.74401720357608148
  0.76112281076859822  0.78360007421903477  0.82720180789314868  1.00000000000000000
   2.8517854479662150E-012  -1.0000000000000000     
 T T T T T T T T T T T T T T T T T T T T T T T T T T T T T T T T T T T T T T T T T T T T T T T T T T T T T T T T T T T T T T T T F F F F F F F F F F F F F F F F F F F F F F F F F F F F F F F F F F F F F F F F F F F F F F F F F F F F F F F F F F F F F F F F
  <DiscreteSampler_grid>
  grouped_processes
  1 # 1 for a reference and 2 for a running grid.
  10 # Attribute 'min_bin_probing_points' of the grid.
  1 # Attribute 'grid_mode' of the grid. 1=='default',2=='initialization'
  0.0000000000000000 # Attribute 'small_contrib_threshold' of the grid.
  0.5000000000000000 # Attribute 'damping_power' of the grid.
 # binID   n_entries weight   weight_sqr   abs_weight
    10   10   2.569770277424913E+001   2.903656218267515E+003   2.569770277424913E+001
    16   10   2.569770277424913E+001   2.903656218267516E+003   2.569770277424913E+001
  </DiscreteSampler_grid>
