  0.01406484383502854  0.01475163892979889  0.01534909352865032  0.01577674689568476
  0.01615391145583232  0.01648749402686553  0.01679365964554649  0.01709621231460976
  0.01739255376975676  0.01767327080701330  0.01794390899161078  0.01819943131058947
  0.01845349446202804  0.01870766754974351  0.01895478116348984  0.01920342915150930
  0.01945358706664305  0.01970993753512245  0.01997056156632227  0.02023501562814987
  0.02049940714198131  0.02076356350507264  0.02103067049751134  0.02129409969148773
  0.02155381569812130  0.02181280388051497  0.02208298895481634  0.02237346880303809
  0.02265290104939538  0.02293292851304392  0.02321082281539903  0.02349476978515910
  0.02377401437154835  0.02404532087003518  0.02431510700159201  0.02459011377963910
  0.02487805830182431  0.02517978461853583  0.02549022742035993  0.02579670046430775
  0.02609693273722403  0.02639994643276663  0.02671455898945703  0.02704541579501028
  0.02738490121013220  0.02772932035609861  0.02807838949331034  0.02842879940116303
  0.02878708093951975  0.02913492804433566  0.02949250867663361  0.02986728625693362
  0.03026859763193221  0.03067821701508670  0.03110445475484082  0.03154083502738284
  0.03199087682437483  0.03244419351112122  0.03291426951979386  0.03342425404860068
  0.03393235298564919  0.03444265738549125  0.03496388969119535  0.03550301015438310
  0.03604688656794907  0.03666135096236404  0.03734322133774829  0.03806459713810997
  0.03882903669474370  0.03960187915899223  0.04037794255968716  0.04122571269534443
  0.04211402884787230  0.04307779196964428  0.04412771676110013  0.04518173262144615
  0.04628572211598812  0.04740505763189995  0.04861070210959882  0.04988842037719596
  0.05123943906629231  0.05264475133550451  0.05414826429461109  0.05581637230172965
  0.05774549067116869  0.05995748412098362  0.06250160592193783  0.06547809030688034
  0.06873574935135267  0.07220051400137098  0.07630424619924593  0.08172402249108868
  0.08948254480444351  0.10198654995895134  0.12511605816562638  1.00000000000000000
  0.00020853093749554  0.00038033930182162  0.00043557038674228  0.00048161153853327
  0.00052532935803527  0.00056774595869637  0.00060856697117654  0.00064700371761984
  0.00068518050961263  0.00072473045270905  0.00076489523129902  0.00080526937185704
  0.00084487857457546  0.00088453942431771  0.00092618683626772  0.00097011217233979
  0.00101458695768401  0.00105862170435582  0.00110285013760517  0.00114799492091679
  0.00119413330241190  0.00123745782660421  0.00128219844046359  0.00132648220217666
  0.00137020704659491  0.00141497263508427  0.00146117035335668  0.00150834809278848
  0.00155629436372745  0.00160536502063045  0.00165611274752361  0.00170748852750334
  0.00176052241530231  0.00181717622137702  0.00187695286821674  0.00193945578016576
  0.00200362167730079  0.00206966077763292  0.00213722774536881  0.00220783772307772
  0.00228730754818255  0.00236646033384215  0.00244708389422420  0.00253039563134850
  0.00261137073600055  0.00269807040589469  0.00279611587879555  0.00289095560292789
  0.00299129419541890  0.00310282481333736  0.00321738463563942  0.00333575014069013
  0.00345889586086054  0.00358691706764058  0.00372079231219622  0.00386174900032083
  0.00400782089361597  0.00415682393187010  0.00431296459171695  0.00448341828663185
  0.00467021499414120  0.00486748490402285  0.00507690723184685  0.00529926466670243
  0.00554901351936958  0.00581569751816895  0.00608905718537072  0.00638017697996902
  0.00669644540835692  0.00704555438330800  0.00741612191219592  0.00780427786631582
  0.00822035263748117  0.00868337485760422  0.00919204126002589  0.00973505230690065
  0.01034277777252520  0.01100583650949853  0.01173135522422143  0.01254250278047223
  0.01346764793415249  0.01453242430643718  0.01571568697580876  0.01698867023750883
  0.01837958091193954  0.01990960321245719  0.02155831940871939  0.02352559203061089
  0.02615588211700890  0.02935930683619564  0.03306639102172102  0.03836582614866760
  0.04931943216654398  0.07548057118200688  0.54115192795769618  1.00000000000000000
  0.00229697667712543  0.00419783364616882  0.00558408879129607  0.00664025336065012
  0.00721657246296508  0.00775509938747129  0.00830733729961440  0.00884036293979504
  0.00933626312731213  0.00980590051036083  0.01025829775616101  0.01070568871783446
  0.01111863598784669  0.01149682008605741  0.01186511831976899  0.01223945800980005
  0.01262348312965077  0.01299513525932112  0.01335664357124569  0.01371750758536677
  0.01407264383665588  0.01442522338290564  0.01478139098837418  0.01513843617005954
  0.01549443719462325  0.01584665841274435  0.01620014174617228  0.01655690173593896
  0.01691226701572759  0.01727239982868087  0.01763767922572373  0.01800952650411659
  0.01838066132546226  0.01875023350494832  0.01913647343759726  0.01954966368729357
  0.01997121371322325  0.02039494949303632  0.02082165487000522  0.02124785342553923
  0.02167648538658299  0.02211348154651726  0.02254987307535709  0.02298280935849613
  0.02341175077337937  0.02384169848200180  0.02429259981156585  0.02477524368557061
  0.02528154325536157  0.02579935321110221  0.02634204714757339  0.02690544474281652
  0.02750780986269964  0.02813039799256157  0.02875614599552498  0.02940353683762275
  0.03006992090031802  0.03075547961550994  0.03144752203768827  0.03213798344208855
  0.03285978436608147  0.03364812109796321  0.03449676265636410  0.03533423836873924
  0.03618321005386711  0.03705761555510561  0.03797182190815743  0.03894670281946761
  0.04000251414550780  0.04115642846302928  0.04239134788014818  0.04369750583862404
  0.04507272435199630  0.04650055961528301  0.04801193573428744  0.04965015379998629
  0.05148533255175223  0.05358271709716290  0.05589573229669275  0.05832858999578402
  0.06065568639367074  0.06292547748003605  0.06535204710077420  0.06825427503536272
  0.07167051095424441  0.07579056359784031  0.08082847648247000  0.08736375297051154
  0.09464365823922130  0.10304637449752883  0.11353795052001386  0.12648204117766931
  0.14655192004955261  0.16972584485663292  0.54037624999958922  1.00000000000000000
 -0.01676248136707573  0.08219122457970457  0.12630970889543378  0.15315312339520318
  0.17182736372683310  0.18759025852476349  0.20129203046374836  0.21428413703690952
  0.22666398627728090  0.23820727374754713  0.24892732194409625  0.25911180518034754
  0.26875823965439471  0.27769773364465705  0.28601200423192791  0.29386711438240382
  0.30119148082785496  0.30816737924748389  0.31476863450936327  0.32108588889399420
  0.32732661533967011  0.33360469723275271  0.33998997148282678  0.34626741812537776
  0.35216299915483923  0.35775511914651786  0.36323333263984003  0.36875569931008029
  0.37418784255293419  0.37929547560496785  0.38405265567184604  0.38857431854575092
  0.39310899179694736  0.39781670036687683  0.40277194288997153  0.40793892619236610
  0.41306272470631744  0.41803320176527697  0.42286942225632557  0.42758340641284248
  0.43224167187867252  0.43688912931067725  0.44158431299393547  0.44634531607317840
  0.45098896333670718  0.45557373186247957  0.46012112957523782  0.46472538987282724
  0.46943927939436869  0.47412921485551784  0.47882389442195650  0.48354571085014808
  0.48827321441030763  0.49316870679238278  0.49823727119675282  0.50349618316824563
  0.50880914663755406  0.51400774288141382  0.51912280453529702  0.52399540686708412
  0.52880163073809516  0.53373567606114802  0.53888692668884974  0.54426546815609989
  0.54973631227168840  0.55520096475383429  0.56069331851952264  0.56628387421187365
  0.57195719829404090  0.57760414666522752  0.58326342023795186  0.58916106295430370
  0.59547205817382842  0.60211856566591282  0.60904944607273859  0.61630467052874072
  0.62370462394348736  0.63120604573184458  0.63896323899807539  0.64715915891402642
  0.65586483031737031  0.66502541471019982  0.67423735474027324  0.68338617904100962
  0.69357315111724860  0.70516086209180351  0.71749495063674262  0.73025530304149000
  0.74397003385829308  0.75938581572214681  0.77664736721394001  0.79658746990092233
  0.82239131147771105  0.85697583110090791  0.90869903868339374  1.00000000000000000
 -0.00196270402125785  0.00862513834920814  0.01809312631547904  0.02898320049662764
  0.04007918350448086  0.05058123022094144  0.06095562884893074  0.07153980064320868
  0.08225540787508709  0.09285261746259989  0.10350876417133141  0.11427136379933463
  0.12506206192914224  0.13588945913946732  0.14640224437743563  0.15668207017110605
  0.16714280921434699  0.17829482030024896  0.18940673853440820  0.19976568082066434
  0.21001650925470255  0.22073434761825922  0.23183255613732093  0.24308617760183171
  0.25438486560918860  0.26539767599753811  0.27610000757508174  0.28668725050711247
  0.29728009052762666  0.30788066491680771  0.31868824654215505  0.32955402506068526
  0.34025161182691294  0.35069799361149351  0.36120668463944883  0.37194403993244285
  0.38337181167784257  0.39511032262558249  0.40705607826247892  0.41820435989489191
  0.42929349506923886  0.43975361752671954  0.45042718950499250  0.46088103700866345
  0.47100916840452622  0.48096709588842657  0.49082880387879163  0.50042824901463712
  0.50969976923946636  0.51888017678095744  0.52857526011723110  0.53837058526608428
  0.54817583933006520  0.55791152292108859  0.56839759618998797  0.57992905559446206
  0.59155170116585398  0.60327478422475722  0.61472039155272318  0.62554457405270214
  0.63594703482753634  0.64627909245965365  0.65636811244992799  0.66636891564291623
  0.67638639536836120  0.68620044794793922  0.69585917650011830  0.70506678837053294
  0.71463540792284763  0.72467001502354511  0.73517667670806663  0.74582833867337550
  0.75651385657284254  0.76697135761227497  0.77752911058824103  0.78809053313109478
  0.79872691762803716  0.80953759113400614  0.81937099762719834  0.82957146882890620
  0.83988343715175739  0.85007983319181946  0.86041447038592633  0.87035912696790996
  0.88111687133754157  0.89194700400667748  0.90335186285511826  0.91469468801503973
  0.92549459455339766  0.93587698355973115  0.94623288226417301  0.95667919139308233
  0.96721945070176885  0.97743880109261028  0.98842270911061558  1.00000000000000000
 -0.00236899099017400  0.00875424179966589  0.01908913079639759  0.02880843020888706
  0.03895653324811278  0.04928654216217569  0.06014503324395453  0.07014720027682818
  0.08000788341891157  0.09028541007769356  0.10060971347507817  0.11065107175179204
  0.12040929093968898  0.13032127238110888  0.14038679378091939  0.15055329121442571
  0.16088045919110600  0.17166831162892171  0.18312598151518492  0.19486094195156206
  0.20627534060756028  0.21728970769382719  0.22790822608841710  0.23793358575773266
  0.24842275409138187  0.25882927383332766  0.26965935417329373  0.27997617352488147
  0.29023709478085735  0.30064128364299436  0.31106815019956208  0.32177594774132579
  0.33139948941357655  0.34301260948196766  0.35404941203469725  0.36512568710031423
  0.37592770553075505  0.38574239847254393  0.39528186545655153  0.40494546239454543
  0.41569007123337154  0.42720063742291298  0.43874846743401869  0.44975408415623030
  0.46012340265035201  0.47004914105455808  0.47981932539346034  0.48949081590464638
  0.49914672537379989  0.50852426138539863  0.51776653321461352  0.52740806140568997
  0.53746068884140608  0.54814414255093191  0.55859893009495232  0.56919851566500501
  0.58041329310230971  0.59146837640287975  0.60270074149692143  0.61379893449978706
  0.62460669735292229  0.63552131760528174  0.64667379770629230  0.65807992319527542
  0.66946054900588681  0.68035735253677032  0.69081474129312814  0.70154447500118711
  0.71230456050362023  0.72294540417509867  0.73328564106861915  0.74375901819590218
  0.75434855847993232  0.76481208361754516  0.77535281386504995  0.78581765665576508
  0.79642412536689755  0.80676427256287575  0.81706148752910035  0.82758820805328970
  0.83827092019704985  0.84945813898089007  0.86060079876763751  0.87177922064863800
  0.88177685707937214  0.89193627917097296  0.90261827394751371  0.91413748067764189
  0.92545152844587619  0.93666773653918933  0.94746412048785289  0.95892604432031836
  0.96986592485078316  0.98042356215525894  0.99035691554190630  1.00000000000000000
  0.05778962087875802  0.06208174979361264  0.06571068915083372  0.06881777794371718
  0.07143470913323638  0.07381288729268487  0.07600996735953873  0.07807554350614955
  0.08005037064031754  0.08201187081003158  0.08385651461912126  0.08557714755975170
  0.08727776476688541  0.08898348285687264  0.09066744631308619  0.09232123952810187
  0.09393726580383562  0.09549637982937409  0.09700984299139763  0.09848928108340815
  0.09993439809554443  0.10138509290774689  0.10284528647406188  0.10428366451785748
  0.10574809507300592  0.10719363081468093  0.10864385320304541  0.11008091440197666
  0.11145647328351051  0.11278897150142111  0.11412691613095555  0.11547140596787075
  0.11683457352342495  0.11819245180861662  0.11955852107269391  0.12092528970485371
  0.12230493660273817  0.12371408652680863  0.12516562907613574  0.12666495874788580
  0.12818694373282249  0.12973736518799897  0.13130408080165820  0.13287775969196977
  0.13443451158678077  0.13600348973073262  0.13757530993343972  0.13910388298215018
  0.14063511432682235  0.14218995061337439  0.14377298629226337  0.14546753346564562
  0.14729412072532266  0.14916176377713425  0.15105278704228764  0.15297317507194555
  0.15491634570314802  0.15688893668630355  0.15891220637734227  0.16093084676214153
  0.16284451964017715  0.16470984024628585  0.16666465272907405  0.16886841201940708
  0.17116066644187175  0.17351791568422573  0.17591741951413764  0.17833036833977259
  0.18071455690835986  0.18303151128222325  0.18527913719470249  0.18738149804826951
  0.19055711067331499  0.19363440831212453  0.19677430797894413  0.19986025709929919
  0.20287984168808842  0.20609700047795085  0.20961092977357959  0.21333091832364692
  0.21750405422227118  0.22155990543041906  0.22513702015472645  0.22871024997947331
  0.23199528307293102  0.23511345071987325  0.23823051382214283  0.24222255037896417
  0.24815176571148798  0.25647857551823644  0.26665007172299693  0.27763499051868090
  0.28923001498092726  0.30664689851145149  0.96388536196891850  1.00000000000000000
 -0.00193636980230011  0.00792037569956568  0.01678716685948480  0.02565557141501788
  0.03471480498649710  0.04354782502021392  0.05260150812095025  0.06142685279028418
  0.07026673454794238  0.07896018074718084  0.08736462096121676  0.09572583875911925
  0.10462736154175055  0.11380268735868150  0.12262480372643154  0.13098444521983316
  0.13920313019785938  0.14770119497455006  0.15661935934713869  0.16583364763344380
  0.17525829689897637  0.18421028747313598  0.19273797182081784  0.20130813327480374
  0.21057050121984280  0.22106287340409542  0.23143668244467278  0.24128971244505079
  0.25125824987800072  0.26142525076817391  0.27170630615076713  0.28193645901496672
  0.29267060379898346  0.30448774680601509  0.31651548338902746  0.32865129553543565
  0.34067605394171868  0.35303639378291624  0.36589554891342835  0.37904404808167008
  0.39215973259431874  0.40537181034555830  0.41888188788371050  0.43271547356906997
  0.44616895271958701  0.45898367630508913  0.47168241297025482  0.48514327363746201
  0.49870657568941179  0.51297990815469652  0.52706520053281847  0.54018951510768398
  0.55228961752642725  0.56425476254815121  0.57681350740255632  0.58974538272502186
  0.60231421356632753  0.61453536271243459  0.62679447223727414  0.63937413289627054
  0.65176516338218848  0.66386790852892963  0.67621745593011784  0.68876512769848786
  0.70104931812540838  0.71299338960367098  0.72427934408051675  0.73486061035837613
  0.74529358717489758  0.75606619409241715  0.76726775587313822  0.77844938483711446
  0.78919818088586546  0.79949348081133820  0.80939724091712850  0.81893843627270568
  0.82817273513325462  0.83719214320255486  0.84623222220283401  0.85559633676975078
  0.86548743157380736  0.87540691682199812  0.88474347755405325  0.89346692316910092
  0.90194967621696420  0.91040350385528124  0.91901736720105476  0.92788985507742794
  0.93691060031879869  0.94588020795516370  0.95471707704598230  0.96352694212665968
  0.97242367116885209  0.98146879336274961  0.99044173596113771  1.00000000000000000
  0.09129001005928915  0.20626489167624457  0.25174966985391867  0.27947885659279570
  0.30111062630597057  0.31855447031581013  0.33282977901493449  0.34530439645252953
  0.35703588477234199  0.36773693945347230  0.37823688470159256  0.38845921731931304
  0.39752094536358429  0.40536769596231514  0.41261365806003358  0.41977849119800015
  0.42688808650950677  0.43368825275521938  0.44029708946282398  0.44653890735208762
  0.45267270883770089  0.45861046599577854  0.46413740881775439  0.46957193619211973
  0.47493881187344333  0.48004592880735902  0.48501212232913177  0.48988354200678819
  0.49475166100221707  0.49948350409767256  0.50407132613322059  0.50867594657830262
  0.51321005583050505  0.51774683343985928  0.52223175742940708  0.52669170965475165
  0.53105406341504258  0.53526510186294829  0.53947655303526487  0.54381255046544918
  0.54809010034458550  0.55227554488446629  0.55633105603912791  0.56032174496376785
  0.56432358072236244  0.56838016242734257  0.57247047003437146  0.57648398003078716
  0.58040665634801214  0.58437240696768011  0.58842926161628506  0.59257400539019700
  0.59672349738055486  0.60083549351635890  0.60500236779057048  0.60884669702813932
  0.61297598387238295  0.61708740423777952  0.62112719073000899  0.62509115123195214
  0.62902550748255548  0.63297249810471001  0.63698371507862395  0.64099631785346634
  0.64496334430831492  0.64883640801790943  0.65266775997267923  0.65651183509441136
  0.66043473323593305  0.66448927440588634  0.66872196120215754  0.67299143758343760
  0.67730586648970170  0.68168312879865522  0.68619419999669307  0.69081510831426307
  0.69549550838839846  0.70025697050484625  0.70519821540801442  0.71038605141157496
  0.71585175892136754  0.72152243616499878  0.72734869567814175  0.73335965356171984
  0.73960775339092388  0.74618408023318661  0.75327331812137432  0.76112369126484658
  0.76958917538060789  0.77855455026037890  0.78815647260405775  0.79885796135001286
  0.81157528286985903  0.82829154768122282  0.85957779109037802  1.00000000000000000
 -0.03808783838480041  0.17148110958503984  0.21381178827973327  0.23932689800341828
  0.25833894165565457  0.27322126566543870  0.28508539547220901  0.29584471962059899
  0.30598053393392527  0.31517671134937963  0.32272561918056047  0.32975234319361707
  0.33644988476949395  0.34296029232282860  0.34919347967818043  0.35510761758060649
  0.36086741547893936  0.36655420957324752  0.37223450397244484  0.37772016501495947
  0.38299861684436592  0.38817141898129898  0.39305106010508567  0.39790238030849601
  0.40276239480224618  0.40747572270993077  0.41208966879048342  0.41663930908629432
  0.42118474177613968  0.42567813720360820  0.43004160968998173  0.43437789949763966
  0.43860988842148718  0.44287369580359459  0.44711073419209635  0.45134835954357860
  0.45563050871978839  0.45978322982741421  0.46381006079921827  0.46772688940007323
  0.47163247601525315  0.47552464826581231  0.47933370354760313  0.48310781383250251
  0.48679839012360027  0.49048176955246514  0.49415329553216014  0.49780254711648192
  0.50131193929743212  0.50481656854524759  0.50833170335813982  0.51226252162593866
  0.51612420951212068  0.51994603064668621  0.52377833978120314  0.52762159969498112
  0.53144167310414347  0.53523076607806763  0.53902787415145859  0.54284742006332065
  0.54676417888125461  0.55077583746065473  0.55484017895173887  0.55893603574765416
  0.56310556289862601  0.56742733099205878  0.57183712538441733  0.57631036003549507
  0.58083304329181495  0.58539443106037270  0.59019713252921635  0.59501382252603052
  0.60018568074810341  0.60538346883497152  0.61061079535266838  0.61586554398047266
  0.62117318848967040  0.62678442812434076  0.63255308546082689  0.63834221566841454
  0.64424913487284841  0.65018984383423528  0.65652965131247243  0.66331453038892674
  0.67042205328568227  0.67788935972263775  0.68595280802058700  0.69477599855288319
  0.70454526582993648  0.71567682038120972  0.72855548012485749  0.74402643828614634
  0.76249238882845738  0.78719719300118385  0.83025855249402436  1.00000000000000000
   2.1557035650719273E-011  -1.0000000000000000     
 F F F F F F F F F F F F F F F F F F F F F F F F F F F F F F F F F F F F F F F F F F F F F F F F F F F F F F F F F F F F F F F F F F F F F F F F F F F F F F F F F F F F F F F F F F F F F F F F F F F F F F F F F F F F F F F F F F F F F F F F F F F F F F F F
  <DiscreteSampler_grid>
  grouped_processes
  1 # 1 for a reference and 2 for a running grid.
  10 # Attribute 'min_bin_probing_points' of the grid.
  1 # Attribute 'grid_mode' of the grid. 1=='default',2=='initialization'
  0.0000000000000000 # Attribute 'small_contrib_threshold' of the grid.
  0.5000000000000000 # Attribute 'damping_power' of the grid.
 # binID   n_entries weight   weight_sqr   abs_weight
    10   10   1.052319754488576E+001   9.079432624325518E+002   1.052319754488576E+001
    16   10   1.052319754488577E+001   9.079432624325524E+002   1.052319754488577E+001
    22   10   1.052319754488576E+001   9.079432624325518E+002   1.052319754488576E+001
    28   10   1.052319754488577E+001   9.079432624325524E+002   1.052319754488577E+001
  </DiscreteSampler_grid>
