  0.01440402178815492  0.01523726432730219  0.01564679614746954  0.01599902422806356
  0.01633235652352752  0.01662566524634348  0.01690231547858519  0.01717752821939687
  0.01745780103329322  0.01774305602440569  0.01803184573783186  0.01832889904645790
  0.01863840954316303  0.01894613460790108  0.01925785562500160  0.01955681585939483
  0.01983713050242864  0.02010393233819750  0.02036128944877469  0.02061763502647134
  0.02087011274399664  0.02113349538590405  0.02141268619070456  0.02169953857170424
  0.02199216597126289  0.02228155715627242  0.02255600025451467  0.02281887915898013
  0.02308741757630685  0.02337073826214160  0.02367645017454712  0.02399240844654426
  0.02430553134962779  0.02460514225641160  0.02489668747873753  0.02519926074551347
  0.02550951956838177  0.02582297623930343  0.02613716495087738  0.02645573970337140
  0.02677989704079338  0.02709403107563693  0.02741472522774224  0.02773146603646813
  0.02806325189505961  0.02841700858751236  0.02880216630093631  0.02920046348475784
  0.02960627383031439  0.02999825499441149  0.03041808162861376  0.03081654424840278
  0.03125984155754379  0.03170218177198100  0.03217004668590222  0.03264422227844228
  0.03320305934142938  0.03378678139903665  0.03434091956355913  0.03486874858024053
  0.03538392601145388  0.03590705237574728  0.03649397106299206  0.03713800736611309
  0.03781237876597669  0.03851381242491364  0.03921202107524654  0.03990442274286655
  0.04066066246797643  0.04147230782126821  0.04229674842024038  0.04317042436247714
  0.04408060209614660  0.04508316982864318  0.04624570825111461  0.04749903154220093
  0.04872748635557594  0.05013185362629973  0.05176964463203464  0.05365893331225984
  0.05564904832907291  0.05762568719911763  0.05958865955810055  0.06166661778250566
  0.06390577657645062  0.06624891202229796  0.06875186953726091  0.07169015376395926
  0.07497027884888366  0.07922026796888579  0.08485979729782780  0.09204614625621371
  0.10028883925113391  0.11455150760816883  0.14882571785386550  1.00000000000000000
  0.00019270182443747  0.00034622265522260  0.00040067255027786  0.00044524104043910
  0.00049345698721933  0.00054355088297813  0.00059241763860589  0.00063901725616562
  0.00068226739699013  0.00072413851106208  0.00076921080107540  0.00081687735092738
  0.00086215091379878  0.00090161522208350  0.00094203941815692  0.00098371056311455
  0.00102551481560958  0.00106887458307063  0.00110964137194536  0.00114996262442980
  0.00119086299100140  0.00123429027746990  0.00127890888658548  0.00132349542485414
  0.00137112577368768  0.00141765343338008  0.00147000148486432  0.00152564622224548
  0.00157942841390002  0.00163690797083548  0.00169811421781917  0.00175938323994505
  0.00182330755361125  0.00189260631097245  0.00195817776976011  0.00202779548130303
  0.00210129748686404  0.00217692853520908  0.00225603195094922  0.00233881434846759
  0.00242451148571225  0.00251253110596807  0.00260311473893949  0.00269813304353438
  0.00279859044934225  0.00289879405632523  0.00299777201499147  0.00309699447882225
  0.00319801022675310  0.00330544792861837  0.00341744330356008  0.00353715077924717
  0.00366560856651028  0.00380287421598664  0.00393330782482007  0.00407421350770642
  0.00423722202748749  0.00440792444937465  0.00459084799845859  0.00477693428225046
  0.00497992457015463  0.00520124106863273  0.00543638063909631  0.00568982892134863
  0.00594775047206183  0.00622468384311846  0.00652528217804882  0.00684479653608746
  0.00717832937324843  0.00752999142047412  0.00790852290876828  0.00832762185410544
  0.00879553402572911  0.00933073418567359  0.00987979897186872  0.01048940535436474
  0.01116630991398899  0.01191637739682099  0.01274130222782833  0.01364652733894897
  0.01468173361765148  0.01585220663827509  0.01714866560644647  0.01849024280995230
  0.01981960065234406  0.02133624071621620  0.02318845219065739  0.02540670526117334
  0.02796413391013958  0.03127519494103102  0.03570946703095087  0.04180595706317444
  0.05123322797329549  0.07161034426035950  0.79506812055735299  1.00000000000000000
  0.00210344197245243  0.00368734972783687  0.00520738978161948  0.00644324958378473
  0.00727797384064686  0.00773571541723427  0.00825256099128652  0.00873454696500360
  0.00919402769097979  0.00962206183045539  0.01003088962778169  0.01041994052782410
  0.01078636471984658  0.01112413013390155  0.01144987711767623  0.01177098935222388
  0.01211058894407197  0.01247518294806804  0.01281538705214624  0.01314242302743991
  0.01347307652476140  0.01381939968014493  0.01418539841789090  0.01456301982358925
  0.01493435753323258  0.01530118031656029  0.01567587819642423  0.01606535345036741
  0.01646565916192987  0.01686484935084480  0.01725265792476792  0.01763021238214448
  0.01801182787677470  0.01838266564280546  0.01876534652324104  0.01914654831955655
  0.01953359270161030  0.01989973016052153  0.02028186383575776  0.02066275643192424
  0.02104721378557981  0.02144341732749212  0.02183630662965980  0.02227585143742500
  0.02274262897678978  0.02322506316670395  0.02370974257995930  0.02418364506984976
  0.02464558246360430  0.02509201510515834  0.02556082272573545  0.02603650197452866
  0.02652860054728189  0.02702667508150414  0.02755578179975133  0.02810512783705421
  0.02873682636513180  0.02943463054507725  0.03014236547921672  0.03084516173014894
  0.03155205857933768  0.03228012350457050  0.03304746749643774  0.03386309753870467
  0.03465758057519572  0.03546878487326772  0.03630012709105494  0.03726418643469039
  0.03821089054841343  0.03913834488579934  0.04007715783877949  0.04110134794546987
  0.04225366410845670  0.04338234445061918  0.04441660496850161  0.04554110673177766
  0.04686275286020137  0.04847643907375943  0.05025796284077262  0.05222286593067577
  0.05451252567244431  0.05716661905589970  0.06000773543577223  0.06300643398183142
  0.06635031172686721  0.07010184828296090  0.07449061226525037  0.07947946129653352
  0.08584053881709221  0.08912627556051429  0.09326509940607458  0.09813499634181316
  0.11018124342340126  0.12432307137555534  0.13547657527588833  1.00000000000000000
 -0.00715660099463381  0.05505893980335713  0.09611411835239930  0.12787308139405532
  0.15689131405104384  0.18112548176821039  0.20320187243515164  0.22363030132804382
  0.23970152229527530  0.25324400844959100  0.26618424225788939  0.27828442057756547
  0.28972218533305971  0.30156603802765353  0.31314220767593171  0.32345130267807426
  0.33283324717876817  0.34175519964993673  0.35036407623078469  0.35836875241471100
  0.36617552663503689  0.37387567499732144  0.38136771078302178  0.38885711077623103
  0.39607989619378492  0.40311376405111632  0.41002849810476782  0.41677044515481187
  0.42332247763234493  0.42986245169943699  0.43638016550110154  0.44243577692205249
  0.44819864782972357  0.45362576278961259  0.45899281439839279  0.46385823122452385
  0.46895844979065621  0.47419575294355182  0.47949049995212778  0.48456199540690503
  0.48935679826711431  0.49388721751806092  0.49829629598334474  0.50292934095203135
  0.50798326849691211  0.51320024764771643  0.51843740549427098  0.52389844395143437
  0.52909986043744406  0.53414529817088541  0.53865522357073814  0.54340544953488767
  0.54822743770525040  0.55313208445586559  0.55819436179121407  0.56356152196247766
  0.56941433691079635  0.57524078137648815  0.58105513720663138  0.58694854050607392
  0.59308580210163775  0.59924638425709242  0.60515423793736534  0.61080527544633700
  0.61631073208648612  0.62191742846514353  0.62758379659359431  0.63337930532822340
  0.63962587485258227  0.64610512531449749  0.65269245527076591  0.65923068619208680
  0.66550365431342018  0.67173887866818560  0.67826319305290328  0.68481090221293484
  0.69165601546873434  0.69873176336292964  0.70609689241286933  0.71368930244354778
  0.72138857579446303  0.72944851055148230  0.73809847240708215  0.74730926464227887
  0.75680370087380933  0.76677771285477292  0.77802816623591420  0.79035062568532977
  0.80305092739577766  0.81720738501369516  0.83395101493056134  0.85242990933599316
  0.87193367479006811  0.89543283560761877  0.93582688262931968  1.00000000000000000
 -0.00259726446633189  0.01090523114805487  0.02168749915121211  0.03292507621709836
  0.04428539209643816  0.05544456574799134  0.06661902020565874  0.07712079631260808
  0.08757708550178907  0.09800552155753252  0.10843946853606759  0.11930015970245450
  0.13127894743931398  0.14423158938278210  0.15632543243769534  0.16694959742868429
  0.17704987630872310  0.18684696820259741  0.19634376794968525  0.20591702835682282
  0.21559640570561717  0.22579666766522691  0.23637519995066014  0.24683931796476974
  0.25748548221557566  0.26737472641943211  0.27782313243439916  0.28875971430450842
  0.30078693382456273  0.31305772157550371  0.32487236766612521  0.33558400131524457
  0.34596765326600454  0.35580921224586909  0.36517795176337764  0.37475684975176826
  0.38345472791049667  0.39229599489080508  0.40100052997698588  0.41029119923293661
  0.42032360100930982  0.43128082511450133  0.44210980038743997  0.45304849450747037
  0.46406061615102168  0.47434052181605341  0.48436390146325980  0.49426200491614442
  0.50389783248626763  0.51362479549600548  0.52410390690193975  0.53543519700034481
  0.54632462253025682  0.55616338876240101  0.56541097281208641  0.57447039706226621
  0.58392423363476520  0.59368523691186925  0.60345011437104945  0.61289198423722679
  0.62222333093209614  0.63247157323854719  0.64338187920465051  0.65517046201992768
  0.66763068875216425  0.68029172102675595  0.69282965347469261  0.70500443909412236
  0.71687221211972352  0.72828874262158971  0.73932547015151062  0.75021834635296458
  0.76078507693251740  0.77049245532522970  0.77994793041863753  0.78953764932596593
  0.80040615501331025  0.81130482116224567  0.82067448051939129  0.82987098938844639
  0.83955691677809874  0.85010580943263936  0.86052549768425890  0.87070633466140135
  0.88054476603448972  0.89059913054425288  0.90101107839264150  0.91219210578678878
  0.92349798883416789  0.93595063783975363  0.94894482386299950  0.96081568089533675
  0.97020110500922119  0.97972894804931110  0.98945053868195876  1.00000000000000000
 -0.00221927937578354  0.01020031018114587  0.01943018273362085  0.02924185529063379
  0.03894009745658848  0.04878446205470119  0.05844760878446757  0.06845839520792610
  0.07931550002654271  0.08928854072669902  0.09942892077837112  0.10982602748374781
  0.12087177498098474  0.13198041826811274  0.14331772057054093  0.15470833195663489
  0.16664750857376431  0.17885845252243660  0.19115877431234701  0.20321503573841018
  0.21434768327584300  0.22518521501707073  0.23586678933240529  0.24645278298311640
  0.25734107992377520  0.26828667544724644  0.27920741320611514  0.28992354590101849
  0.29984166462569961  0.30926390529650255  0.31869851329185833  0.32813356710569219
  0.33751031049955876  0.34699667433576598  0.35718850066190616  0.36851206698985839
  0.37976493255230598  0.39058789358645724  0.40091757720581639  0.41184643284453010
  0.42260665963873578  0.43408399513509982  0.44312412686048791  0.45163211989579410
  0.46011177047119839  0.46849953780502263  0.47776788227427641  0.48821116712665974
  0.49893430915822112  0.51117203587631099  0.52381517873229499  0.53514891885442550
  0.54604996287276164  0.55648517073293624  0.56622400543855789  0.57566897349896273
  0.58535983158870286  0.59549326173295036  0.60553780999807183  0.61557987206016918
  0.62586224105147403  0.63664780265388143  0.64734885759303074  0.65763562955233268
  0.66762303852051663  0.67810537639177160  0.68880788939506010  0.69968580170002936
  0.71034301831174385  0.72058511049343721  0.73082008513342711  0.74045281176919686
  0.75019238287477019  0.75984564819840639  0.76993974192573655  0.78072045462250461
  0.79153820958842636  0.80270881704946484  0.81388986913765271  0.82489670865255660
  0.83557340842086292  0.84651027294708292  0.85717434861142361  0.86825721869115602
  0.87856118378547154  0.88817832258626961  0.89787427841725398  0.90781963800576682
  0.91847007164151873  0.92902995577590430  0.94004388344741574  0.95217687347035773
  0.96443437928316789  0.97614781444366061  0.98831775315630022  1.00000000000000000
  0.05926487764457149  0.06089718235826968  0.06310159122633166  0.06598103590297061
  0.06837662686252090  0.07047321445562628  0.07256882671478075  0.07462232232746005
  0.07659624860249047  0.07845581477825418  0.08020785990044978  0.08193829006213438
  0.08352175966095264  0.08500549050123055  0.08641762027240948  0.08783101058174948
  0.08930679460403894  0.09079390359520897  0.09224494593601422  0.09366534442870703
  0.09504612397226325  0.09639432940812813  0.09773801804146701  0.09906032859722623
  0.10038048984428974  0.10174929045015561  0.10307606587099170  0.10437175485341821
  0.10565948272974615  0.10691936661928567  0.10817992956605470  0.10946080182598328
  0.11071095505731805  0.11192889519910855  0.11313843511521163  0.11436646391775303
  0.11559089659658682  0.11682213426304058  0.11806805195638584  0.11929134247088982
  0.12053637331602850  0.12180424224558875  0.12307724780629735  0.12429586921249816
  0.12556190036068018  0.12693276244135293  0.12833437108419957  0.12974504782605903
  0.13115686396947868  0.13258990707182208  0.13407435700444531  0.13558168918171237
  0.13717896717018599  0.13878624217921262  0.14032513980535399  0.14181123750654259
  0.14325463116488241  0.14476066669630494  0.14641782147294377  0.14813324191994576
  0.14984730853315165  0.15153658145054694  0.15317895053161784  0.15475672404397836
  0.15635551390721394  0.15799082700273931  0.15974954353305648  0.16166808635654195
  0.16373182996916907  0.16592464379462812  0.16858996336073606  0.17143773371864737
  0.17424503710004094  0.17692815737558534  0.17967917140416564  0.18273644119387580
  0.18636188633045139  0.19065267849191286  0.19523626323975996  0.19995834924412592
  0.20410764171588847  0.20809927573240655  0.21281479736711520  0.21774590153042703
  0.22353579517541947  0.23013821039162921  0.23808090024820333  0.24618723826598593
  0.25450165427146093  0.26360768730458162  0.27222400138834635  0.28203167310557409
  0.29259492286547267  0.30923751328586829  0.35856424986032487  1.00000000000000000
 -0.00370389087708725  0.01418924651516992  0.02929688089280594  0.04492947331562941
  0.05883990847008611  0.07284417929283099  0.08592674591985305  0.09881555437980488
  0.11178182379589022  0.12574385852170655  0.14037700087762456  0.15543160863465189
  0.16935837388499822  0.18079886447517687  0.19179434310345775  0.20281062854093454
  0.21423010148008181  0.22556191567414355  0.23653450909319171  0.24710210367892993
  0.25708660117293530  0.26701616796052136  0.27713630629662128  0.28718463753625928
  0.29631518998630918  0.30472403261040137  0.31298379706030921  0.32122863408266539
  0.32958732118829775  0.33817149105073380  0.34723938230505175  0.35684540085150601
  0.36717750750496841  0.37695275338984752  0.38664624344629811  0.39586185824241449
  0.40494657090088587  0.41386409874680941  0.42278830688837921  0.43202532482671585
  0.44142718045134305  0.45096452909270479  0.46023672775268426  0.46910873425884614
  0.47761769135602694  0.48563243746003698  0.49344375571650789  0.50121732218077919
  0.50947936037453745  0.51800593208374812  0.52733969576962603  0.53708993557810158
  0.54642436246961634  0.55537733814221768  0.56390258643800839  0.57173785073777006
  0.57977707182868510  0.58818909453819124  0.59672684937475773  0.60554890320254950
  0.61481842303290557  0.62406582541085576  0.63376486571274748  0.64374874335064447
  0.65369398562930159  0.66380629399859969  0.67329684318769956  0.68217361609975269
  0.69154763567184985  0.70140844532708280  0.71135585779745603  0.72116255854740752
  0.73166989333591881  0.74369361379591326  0.75633738388919658  0.76847341425324223
  0.78011739425216375  0.79134724008952728  0.80205513722521005  0.81315917283917849
  0.82487282392527073  0.83643643409813584  0.84747198561392456  0.85844706976480378
  0.86983738499034202  0.88070148163385187  0.89131277479863003  0.90176065521937310
  0.91202104063651845  0.92275411994528322  0.93367086779838548  0.94640559883695441
  0.95922963116952675  0.97224924340408969  0.98575766152777300  1.00000000000000000
  0.13177669657688171  0.18010029177584749  0.22274308080809688  0.24742614614114231
  0.27056459917151215  0.29027621255506514  0.30531166292067813  0.31990664944099795
  0.33293392627465768  0.34411502316041764  0.35443969331081804  0.36455106138525517
  0.37454842046902126  0.38424803096664711  0.39355711931871024  0.40086913717965394
  0.40708675208652917  0.41319176293126303  0.41955861887948942  0.42622635955175303
  0.43295288270419052  0.43897266940344543  0.44451893344379312  0.44950301513912511
  0.45418269482209050  0.45869608231708731  0.46351571691845828  0.46861038914494463
  0.47416397969490698  0.47977965889487723  0.48521506084917226  0.49032464844235951
  0.49542031904059913  0.50047111856091253  0.50565635579762458  0.51063590766714462
  0.51533677637176822  0.51999444133371775  0.52475774272949061  0.52965246936406973
  0.53470806696150097  0.53946791568156416  0.54400981129565917  0.54832260382891129
  0.55260646921531054  0.55688388705011549  0.56124713743970045  0.56563876544729297
  0.56998922068898183  0.57431890969726085  0.57857530963037029  0.58275456728166297
  0.58688436961151713  0.59108891247094841  0.59532153487510397  0.59949744081143319
  0.60364625432060959  0.60767406803589030  0.61173141657894747  0.61588849907026699
  0.62022329103150364  0.62478186622330134  0.62945899132064487  0.63408363961446912
  0.63873545218950367  0.64328898503444232  0.64813694108996800  0.65292481498031019
  0.65768347635232993  0.66244086943148472  0.66723768741426126  0.67208993198211220
  0.67694432616531230  0.68182987169571319  0.68683174525820767  0.69190499712848463
  0.69725078345884117  0.70265106792308929  0.70809168473812401  0.71364079668883751
  0.71947475335015387  0.72555189180027635  0.73208202220588281  0.73890610833324277
  0.74601096091912689  0.75370713355323504  0.76192003844361134  0.77048669949041626
  0.77970822752576929  0.79000512783612020  0.80170652971706624  0.81480060867538284
  0.83007205669249728  0.84946482698878256  0.88010376149511327  1.00000000000000000
 -0.02109262994435787  0.13402074047388196  0.18149080053243921  0.20761149901976911
  0.22785206996168650  0.24468445429111987  0.26009105717471176  0.27324600641825997
  0.28490070642231674  0.29553519729375355  0.30541927524137846  0.31446936684512172
  0.32195149832204117  0.32891994831539939  0.33569908892671652  0.34230626105483875
  0.34892331085288469  0.35565530748604507  0.36232858009193936  0.36880064344305363
  0.37497167603033804  0.38094866143736139  0.38686945534396905  0.39273443278139791
  0.39843750280823431  0.40410015571760100  0.40950405041453602  0.41488850167486641
  0.41998726875638309  0.42488940687437871  0.42957623760073149  0.43417076191863418
  0.43879424870852268  0.44334324949901366  0.44774198249930880  0.45185779587995034
  0.45613005489864739  0.46017405966981478  0.46437012625765800  0.46871704631703281
  0.47305871488713364  0.47741036928903791  0.48170035634290781  0.48588706245907243
  0.48995448198773939  0.49382700594937762  0.49769514491744682  0.50155635521099973
  0.50556139346793383  0.50966438933916480  0.51372791044235722  0.51780651255857213
  0.52205639771983570  0.52619462056844524  0.53053023053471426  0.53511654617889481
  0.53966838983277710  0.54389906444108682  0.54790217320839607  0.55198606671694317
  0.55636899710593146  0.56097154371423241  0.56558564408126311  0.57012335855848562
  0.57479783201397883  0.57979403004908869  0.58442232992818477  0.58890366646517756
  0.59328940291310539  0.59776368443038597  0.60262437215618914  0.60780085033674869
  0.61304422124395086  0.61837737694084471  0.62381649622813495  0.62931511284571828
  0.63478094874164925  0.64035635278332692  0.64627387959021620  0.65272152872976963
  0.65915235682634632  0.66556814275155340  0.67282081964852192  0.68037717083149296
  0.68778417825483251  0.69541859758282787  0.70397232591488257  0.71473814733594765
  0.72747082952006403  0.74079067903873430  0.75465337607572724  0.77000181162263936
  0.78901717605439903  0.81488915033663956  0.85697159317398164  1.00000000000000000
   8.6627404503938181E-011  -1.0000000000000000     
 F F F F F F F F F F F F F F F F F F F F F F F F F F F F F F F F F F F F F F F F F F F F F F F F F F F F F F F F F F F F F F F F F F F F F F F F F F F F F F F F F F F F F F F F F F F F F F F F F F F F F F F F F F F F F F F F F F F F F F F F F F F F F F F F
  <DiscreteSampler_grid>
  grouped_processes
  1 # 1 for a reference and 2 for a running grid.
  10 # Attribute 'min_bin_probing_points' of the grid.
  1 # Attribute 'grid_mode' of the grid. 1=='default',2=='initialization'
  0.0000000000000000 # Attribute 'small_contrib_threshold' of the grid.
  0.5000000000000000 # Attribute 'damping_power' of the grid.
 # binID   n_entries weight   weight_sqr   abs_weight
    10   10   8.450940546266965E+001   5.483001994863916E+004   8.450940546266965E+001
    16   10   8.450940546266965E+001   5.483001994863916E+004   8.450940546266965E+001
    22   10   8.450940546266965E+001   5.483001994863916E+004   8.450940546266965E+001
    28   10   8.450940546266965E+001   5.483001994863917E+004   8.450940546266965E+001
  </DiscreteSampler_grid>
