  0.00021983202682088  0.00033774835730876  0.00040210061909751  0.00045513699890752
  0.00049770662741334  0.00053482351308711  0.00056990552496051  0.00060214579066562
  0.00063676999578920  0.00067676409228150  0.00071847735523645  0.00075802703423747
  0.00079681573884678  0.00083920057500346  0.00088140178541754  0.00092387775006534
  0.00096715627773472  0.00100938590984738  0.00104914569820913  0.00108828919503087
  0.00112719288357719  0.00116618255391172  0.00120670821607400  0.00124786593302121
  0.00129115952646677  0.00133438186047402  0.00138270158291484  0.00142883437885394
  0.00147613813045117  0.00152668735870290  0.00157806346453772  0.00163028345148346
  0.00168380565471255  0.00173793669489223  0.00179325724011790  0.00185120307735719
  0.00191094773644397  0.00197109485532422  0.00203155404986149  0.00208901151900803
  0.00214654042194512  0.00220540487097261  0.00226586551540855  0.00232972828157171
  0.00239814903826283  0.00247194881169269  0.00254678088629761  0.00262024193194279
  0.00269692231734123  0.00277536627684927  0.00285425597293828  0.00293588699695741
  0.00302191554830350  0.00311226097736370  0.00320554371870414  0.00330074936371238
  0.00339767651114030  0.00349562154562382  0.00359516120819791  0.00369848986662270
  0.00380491265576482  0.00391645680011010  0.00403742650733384  0.00416947966390244
  0.00431402802942973  0.00446999498769972  0.00463779167638563  0.00480891043666691
  0.00498258473376717  0.00516496864793474  0.00535709786130542  0.00556539156201454
  0.00578823816822700  0.00602462970457107  0.00627350137017139  0.00653826912368828
  0.00682691329173899  0.00714110820368187  0.00748453085698733  0.00787658508299715
  0.00831203065033657  0.00877903539360531  0.00928687446005285  0.00988873687910953
  0.01060774690612491  0.01147231049353561  0.01244026397487972  0.01364916308904127
  0.01513972243124564  0.01697667396244486  0.01932068983959999  0.02243363119613585
  0.02743224621589303  0.04516834247232868  0.59306505601431603  1.00000000000000000
  0.00021577475795284  0.00026933587802955  0.00031978717580764  0.00034855510079360
  0.00037654226998877  0.00040627280061650  0.00043871944956328  0.00047290497880919
  0.00050618268544404  0.00053967161621304  0.00057348881737816  0.00060776704491436
  0.00064201309228438  0.00067727517483748  0.00071418209846514  0.00075284408284968
  0.00079255257375120  0.00083340322970451  0.00087506601097126  0.00091732283375819
  0.00095961219225969  0.00100099238685837  0.00104099105810582  0.00108046333140090
  0.00112046751228682  0.00116063607859541  0.00120262387943771  0.00124714231429937
  0.00129302760185621  0.00133874811318290  0.00138499860004392  0.00143335970230897
  0.00148407093130289  0.00153705101037897  0.00158969461860566  0.00164264072792794
  0.00169820782466101  0.00175413795175019  0.00181186082955375  0.00187146395636138
  0.00193096857546756  0.00199227774717179  0.00205774128986815  0.00212202424334764
  0.00218759550157857  0.00225482080155426  0.00232149629033200  0.00238930526065617
  0.00246317827198702  0.00254415401509566  0.00262928442417480  0.00271498626372669
  0.00280516264381002  0.00289589961349074  0.00299114019320935  0.00309306159504202
  0.00319583943557641  0.00330132831418007  0.00341035463818344  0.00352338481346188
  0.00364163942374418  0.00376637571084646  0.00389785680115487  0.00403968085952518
  0.00419883679491466  0.00437059823694444  0.00455048418550602  0.00473804756074800
  0.00493128353504657  0.00513309290483053  0.00534499662681052  0.00557595622827140
  0.00582578874636769  0.00609155350658339  0.00637929027091952  0.00669666140129644
  0.00705493440011078  0.00745034476700974  0.00787106907956101  0.00832946568176336
  0.00884153437870133  0.00940045616408342  0.01003551972080879  0.01077111524468547
  0.01159753007606427  0.01259421049834015  0.01373245402902593  0.01515082480158798
  0.01693046863092294  0.01913199592295032  0.02174659732792595  0.02536923466792205
  0.03231365008367927  0.10191834410023132  0.45917587795972692  1.00000000000000000
  0.00283458644553673  0.00334560962421353  0.00381002995671078  0.00419883308975134
  0.00452899808747719  0.00486513374823415  0.00517271895867973  0.00546566035929691
  0.00575671255356478  0.00604227582524031  0.00629594805522625  0.00653165565629800
  0.00678932550190903  0.00697804858960307  0.00715718247871741  0.00734321827263041
  0.00754089153903053  0.00774892185828364  0.00797235772075632  0.00820342172883752
  0.00843502213246959  0.00866809597324202  0.00890971271706370  0.00915980915794062
  0.00940714731548527  0.00964789146749789  0.00986231979298727  0.01007635860876803
  0.01029769694948739  0.01052035762186567  0.01074664019520497  0.01097602444792533
  0.01120537177528956  0.01142968535217253  0.01165975424748644  0.01189395245965513
  0.01213938343608547  0.01238962178636098  0.01264148861918273  0.01290250496223128
  0.01316858793399096  0.01342985121566291  0.01368471187142077  0.01394273293195084
  0.01420742612011644  0.01447714373324203  0.01474709161802978  0.01502217303745963
  0.01530416888320635  0.01560926890171096  0.01593740999083667  0.01626623799179718
  0.01659657151875803  0.01693776200611529  0.01730250532600691  0.01768405659538517
  0.01807023386355548  0.01846042849731688  0.01886249714140840  0.01928738044169604
  0.01973055429389018  0.02017519950744787  0.02062319966945940  0.02109075859686458
  0.02157283680775034  0.02207649790914826  0.02260736828202486  0.02316823006389569
  0.02374963789776281  0.02436218776291432  0.02499490632666976  0.02566840141967769
  0.02636240039817816  0.02709946823358760  0.02786165645746866  0.02866228491404122
  0.02953491168058433  0.03051379679639291  0.03157212582470156  0.03263710436043875
  0.03375771842244105  0.03492313203126741  0.03618363053618420  0.03768566608276097
  0.03942323257581764  0.04124221487139240  0.04313756959269587  0.04549896637785262
  0.04841140150975837  0.05163034415735069  0.05507630217885583  0.05916076332763362
  0.06457503387167367  0.07312938044252730  0.47982709327059836  1.00000000000000000
 -0.00207072363437096  0.00866908679676205  0.01866747138529387  0.02900042051111882
  0.03941922442151069  0.04950896216370265  0.05930894650622931  0.06988535232201457
  0.08042644655371613  0.09102453870212525  0.10163596814738006  0.11157681762669623
  0.12163851227373644  0.13261649218255006  0.14416138635720036  0.15519547084398333
  0.16642767548698567  0.17774956236020376  0.18872009877164131  0.19863450213585687
  0.20839617770396568  0.21874716855038562  0.23048778365616576  0.24322579266327329
  0.25471583586112778  0.26495279854717341  0.27484422199894892  0.28513139281827099
  0.29526272280153393  0.30504587466697269  0.31502454271475622  0.32512546458726344
  0.33551861822385881  0.34568732321165085  0.35667685913053410  0.36716786286514574
  0.37767187400684477  0.38841197687249429  0.39926953577297997  0.40998598581696799
  0.42048012162453446  0.43097552305933301  0.44164125515271024  0.45261196913106705
  0.46369842871431033  0.47464716915777416  0.48524194824688954  0.49586778421967909
  0.50687205830456139  0.51809355156902659  0.52899585373355962  0.53942760178775662
  0.55011512998804279  0.56102372262886946  0.57149032970258729  0.58159763102018269
  0.59230867215897487  0.60346732271266301  0.61450153955511511  0.62572456340980409
  0.63676740537509724  0.64753485720988513  0.65777061293075734  0.66807358911186299
  0.67807039001519354  0.68780955337430105  0.69740153334065569  0.70712050298013651
  0.71730590014076845  0.72811690381619443  0.73955890501811017  0.75086446482923663
  0.76175426074293473  0.77285443208831328  0.78437910645566689  0.79508732374004554
  0.80473359804703726  0.81390619917283547  0.82332639188094547  0.83340368402559317
  0.84434804397007401  0.85470306843233679  0.86555266598028247  0.87594778081980174
  0.88672542878477634  0.89733622245134703  0.90818028393233374  0.91883988121799964
  0.92934683838641252  0.93977615832581529  0.94986447204165680  0.96002384898914361
  0.96997191826466878  0.98058888949776868  0.99019899059010086  1.00000000000000000
  0.05788694478968745  0.06162516830323347  0.06430054753985667  0.06687871033588824
  0.06915563090154075  0.07123955077187377  0.07315685386790238  0.07493339264883972
  0.07661780933297599  0.07821948771820256  0.07978815174176498  0.08131352356241010
  0.08281000640040279  0.08422384188233484  0.08558770447398194  0.08692708489950321
  0.08822209989250882  0.08946867472812647  0.09069351514301517  0.09195932677449052
  0.09323347555359453  0.09450124180055440  0.09577024215898332  0.09701468622173422
  0.09821128221226787  0.09941217444073228  0.10060879056181424  0.10177028727359695
  0.10294686689631304  0.10412778955636806  0.10537165502379645  0.10661901267133901
  0.10784862757450799  0.10910240790784674  0.11040030125987832  0.11172798470323067
  0.11305645309385810  0.11433765103151514  0.11560551977282078  0.11686517943326002
  0.11813198172057657  0.11946771111901863  0.12081778174510663  0.12210339739286945
  0.12336828402793873  0.12461496185467838  0.12596412477676011  0.12733597522017870
  0.12870803050127766  0.13006127952876079  0.13143678205279924  0.13281636104773459
  0.13421056023167352  0.13560140317933531  0.13712969798760638  0.13882423842620845
  0.14058033164903616  0.14221734716259443  0.14382460364085908  0.14538325352899711
  0.14708237317189785  0.14884565912283335  0.15055795067936620  0.15238817334660237
  0.15434323318005649  0.15642648331172446  0.15861555917186285  0.16085826006145421
  0.16314221380819791  0.16550244225668881  0.16807205362190200  0.17063961409478343
  0.17304785340250448  0.17542207100514615  0.17795620002349821  0.18081876995594517
  0.18387069447929016  0.18683044652136629  0.18980068056544672  0.19320968710152805
  0.19700069520368271  0.20135325817053631  0.20564197695419675  0.20988267662530050
  0.21434005084661725  0.21898753861183570  0.22395682634361011  0.22972915009857683
  0.23694568281277295  0.24670397763667001  0.25962659988756276  0.27381194310344620
  0.28693976488583861  0.30380113752919535  0.87090440993217610  1.00000000000000000
 -0.00207555001151613  0.00835837680582479  0.01777854539409693  0.02800540222555084
  0.03775439995639900  0.04733567729188135  0.05735799097265159  0.06786038461912874
  0.07910355595334083  0.08982575272066864  0.10065280589790682  0.11097714415690822
  0.12152862028237142  0.13160786740669800  0.14168133294678245  0.15180392860449740
  0.16162788919965662  0.17158785094527013  0.18156904833215443  0.19137749357619488
  0.20144496125220349  0.21181809208089525  0.22264964298002185  0.23304344048553799
  0.24319071833073619  0.25346585484257522  0.26405922064987936  0.27447545611422053
  0.28436752421301015  0.29391843921089761  0.30403137354383281  0.31452679001986206
  0.32510702093423693  0.33534414059594653  0.34593550234605808  0.35690182192416026
  0.36784009272474327  0.37878465782570059  0.38945746493583888  0.39984852604224647
  0.41026703482948018  0.42081382857691513  0.43151831995273182  0.44228452270504115
  0.45300827511801400  0.46347008768558406  0.47404941375864096  0.48517950153485334
  0.49674577805973918  0.50835032535196689  0.51974755981849197  0.53142463560471787
  0.54360692275057509  0.55621822010228006  0.56866839937286984  0.58024683020865941
  0.59161695810852033  0.60282627481484963  0.61417366684855257  0.62536757038722524
  0.63634541333515349  0.64726887193636673  0.65837861447606105  0.66943500290626967
  0.68047042542023495  0.69142360433165218  0.70231151050011620  0.71351242190980313
  0.72502296644742936  0.73669629915836798  0.74805291330614021  0.75879382590934752
  0.76869728266543991  0.77824663739063427  0.78818012271489413  0.79799038156337321
  0.80785879252380477  0.81749118922873343  0.82690283763960193  0.83617078189643046
  0.84524392435405127  0.85444340302999455  0.86420825739173945  0.87391984486226915
  0.88423412306395988  0.89463619182823195  0.90477275999687945  0.91486942966043672
  0.92506687770247642  0.93546625015751017  0.94571737297210778  0.95575177954560619
  0.96608135242274806  0.97714753867303594  0.98831837629702990  1.00000000000000000
  0.05296535949382945  0.05471026605371541  0.05620691339123265  0.05745750074375536
  0.05861165646938489  0.05971199100122334  0.06073707844207993  0.06169899314516734
  0.06267985243461889  0.06374654219909055  0.06481134759944203  0.06584486807048036
  0.06687442589445511  0.06789058239587221  0.06888220664082621  0.06983693598219401
  0.07078387017639277  0.07172408120867664  0.07267142150631810  0.07361701637315696
  0.07455054598909949  0.07547914710392657  0.07637369784900873  0.07728155023951301
  0.07818008180258598  0.07908489613200391  0.07999090837620663  0.08095164413065330
  0.08190937928521980  0.08286424999685166  0.08383374924842164  0.08478372382211395
  0.08571750013200967  0.08661834157298731  0.08751055417928004  0.08838863229492165
  0.08926124950533068  0.09013079311309186  0.09103053194123840  0.09195503859320593
  0.09291074632232106  0.09382535063484530  0.09468682800673626  0.09553184861864754
  0.09641064088005122  0.09733115724718341  0.09831409063529033  0.09938355100296538
  0.10046217793478558  0.10149579777556562  0.10251298056216404  0.10354204056221093
  0.10459326546924273  0.10565706373555875  0.10672239436684350  0.10782470366480217
  0.10895750166384495  0.11007740221055932  0.11119785866158287  0.11232469970555269
  0.11341799601263555  0.11452110605922353  0.11557178524100103  0.11663836754913656
  0.11774856403639933  0.11887156854054591  0.12011971451624291  0.12136722950929743
  0.12260425553700871  0.12396744812272452  0.12534159020192753  0.12717144463659394
  0.12874479780612574  0.13021683752294280  0.13172587392364718  0.13336008432912649
  0.13504012495077128  0.13688358972123257  0.13864451509756900  0.14032849995324004
  0.14193938879777204  0.14352186307234305  0.14530194269125027  0.14722120699845392
  0.14923505401931966  0.15153794782010069  0.15410577400998593  0.15629137004551893
  0.15814784093335377  0.16075390966609118  0.16333941260000592  0.16600819782782458
  0.17155076373335737  0.17951154319398099  0.18569265870401708  1.00000000000000000
 -0.00218094108025780  0.00828957074161698  0.01870010392796605  0.02986383654839239
  0.04130876640829968  0.05205412036250107  0.06214094914285832  0.07185485774710833
  0.08181346476272355  0.09188030636086070  0.10196020975629833  0.11203345292044081
  0.12204120157584301  0.13208240225339996  0.14218910279036043  0.15269123990759814
  0.16363965711734871  0.17499080649558793  0.18626462820348738  0.19707278859280619
  0.20793328945954520  0.21888100234870198  0.22975772863735219  0.23985864398865633
  0.24959994490832330  0.25951969885328141  0.26953185063185742  0.27877713684205035
  0.28800135019767487  0.29819331054412351  0.30902401485492126  0.31949798819089203
  0.32954809179480227  0.33991776052113065  0.35078431002659122  0.36187228919233583
  0.37273889122757969  0.38347119956012315  0.39450988230120226  0.40649956806430793
  0.41878218003278950  0.43018749523478128  0.44064756633231994  0.45052750659305263
  0.46048200191197913  0.47070418125382030  0.48129633900242796  0.49236340900177933
  0.50383194390814023  0.51592858815253972  0.52813163999513657  0.53936813730840727
  0.54966217113046589  0.55959544244242998  0.56972117945654599  0.58017367464770586
  0.59082140782462267  0.60159081862552666  0.61240608414150655  0.62303611240223566
  0.63368961761161202  0.64468113719555942  0.65550947645318824  0.66565867561498127
  0.67573037717910267  0.68575159506294836  0.69596910859824224  0.70583285387894990
  0.71601238128074218  0.72568748740694489  0.73506469630329452  0.74425322262014870
  0.75406847141153277  0.76422492295208155  0.77458645544152382  0.78516927353700794
  0.79616287352842652  0.80728400316893134  0.81830972700660376  0.82971381471093086
  0.84134010600054010  0.85327165710383635  0.86471598462503796  0.87570110457494765
  0.88592562927184393  0.89593905186136891  0.90615298331642435  0.91633265062265767
  0.92628498211136434  0.93618445114384774  0.94666466595058429  0.95718701496765568
  0.96754952232076386  0.97819087248430026  0.98901534470173691  1.00000000000000000
  0.11420619863121173  0.16589287490847004  0.19362549398886575  0.20752299123439474
  0.21977493343785034  0.23117708775269849  0.24116387896461119  0.25023148597830436
  0.25849812937133043  0.26692475289815754  0.27489502032069074  0.28172112764286861
  0.28815648307683417  0.29494702285342023  0.30218953453574898  0.30904212625142141
  0.31532838545020925  0.32126144959439545  0.32739414765718333  0.33336224860812491
  0.33924886534766902  0.34505508069661750  0.35073051824660284  0.35590435525205028
  0.36059370763189741  0.36528728218023443  0.36991105891939013  0.37489387676906760
  0.38029071471074238  0.38527290968337397  0.38982130371154539  0.39417726839588729
  0.39860071848329631  0.40303980446101112  0.40752065650730274  0.41208473477404373
  0.41690076331220716  0.42198200370449968  0.42711338617256162  0.43219896519896961
  0.43722850515857270  0.44208754631227759  0.44675596896255104  0.45137702615892950
  0.45604813951448131  0.46061599447680596  0.46531333619844739  0.47008291246243789
  0.47494614800838930  0.47986034743488593  0.48476499953139207  0.48948638518866244
  0.49401556802836655  0.49862843899925463  0.50343914808714629  0.50836723454943267
  0.51328306781259436  0.51817099693771373  0.52315745792044532  0.52827732849321074
  0.53363737820205881  0.53908687078043183  0.54435271723125989  0.54943798861810456
  0.55436320976683462  0.55907642233040300  0.56368936539107828  0.56826837675124997
  0.57302371817007880  0.57808360893042621  0.58337736393653761  0.58888226953419476
  0.59456235931349499  0.60038585373512920  0.60632336470967652  0.61234382561599554
  0.61831049057508070  0.62437836619903009  0.63081735742485245  0.63760847970966572
  0.64483734300072015  0.65207440097204394  0.65956308334310509  0.66716583226058512
  0.67501245348975614  0.68321273600532029  0.69215241416622819  0.70198126604770783
  0.71274028020435898  0.72438587499171370  0.73740114834307735  0.75260581854037634
  0.77061289551212164  0.79454074390742002  0.83379549224361038  1.00000000000000000
 -0.03289179826125391  0.15872651422088102  0.20315527064880678  0.22859767416753701
  0.24708271010613772  0.26327310363020151  0.27680325141988704  0.28842253110593080
  0.29923074275780037  0.30929708160631869  0.31849911057742425  0.32693989308228810
  0.33458234817673105  0.34144926168718837  0.34786299731208642  0.35413196017055992
  0.36026959746904286  0.36637794354052794  0.37244462783609777  0.37807661698784822
  0.38336681432380598  0.38855652957533227  0.39363716628856754  0.39864085861747534
  0.40349470539001425  0.40814281710413330  0.41276868331490252  0.41734482271921908
  0.42191840262529007  0.42639945647731514  0.43099395910271576  0.43555185865224694
  0.44009716996846043  0.44445429790094754  0.44859523606521096  0.45267842296107363
  0.45679627304414661  0.46096921850125527  0.46516574208657413  0.46925670695433763
  0.47317323753501223  0.47705623267660541  0.48088124008545374  0.48478405240762579
  0.48858704361778116  0.49234921835518708  0.49608887717810246  0.49995072817079089
  0.50407853673894187  0.50826518414944022  0.51228806893788603  0.51625821018763085
  0.52020571737029386  0.52410370083298441  0.52802006968212079  0.53193448142980382
  0.53575483326564655  0.53956220251935649  0.54346001683522549  0.54742442233532251
  0.55147662141282627  0.55559093215335498  0.55980713955187111  0.56422504190905498
  0.56874406240029074  0.57319680940806095  0.57747862284902984  0.58189803637426918
  0.58641580740951194  0.59091879465437491  0.59546820459108052  0.60013748236982667
  0.60488682305212715  0.60988863998552290  0.61501226847154700  0.61995357637754023
  0.62480722116083842  0.62976642625977119  0.63499919058251053  0.64052884051056769
  0.64648047621136207  0.65311725568170220  0.65995008489261420  0.66735330408912052
  0.67510413142618475  0.68333837203040182  0.69189305466357354  0.70130142704120613
  0.71179388534518762  0.72349218379415159  0.73680206379904356  0.75240745245538010
  0.77106635323220207  0.79613851476578390  0.84145976402109612  1.00000000000000000
   6.2136320658637248E-009  -1.0000000000000000     
 T T T T T T T T T T T T T T T T T T T T T T T T T T T T T T T T T T T T T T T T T T T T T T T T T T T T T T T T T T T T T T T T F F F F F F F F F F F F F F F F F F F F F F F F F F F F F F F F F F F F F F F F F F F F F F F F F F F F F F F F F F F F F F F F
  <DiscreteSampler_grid>
  grouped_processes
  1 # 1 for a reference and 2 for a running grid.
  10 # Attribute 'min_bin_probing_points' of the grid.
  1 # Attribute 'grid_mode' of the grid. 1=='default',2=='initialization'
  0.0000000000000000 # Attribute 'small_contrib_threshold' of the grid.
  0.5000000000000000 # Attribute 'damping_power' of the grid.
 # binID   n_entries weight   weight_sqr   abs_weight
    10   10   6.962318725179808E+003   1.984532130962912E+008   6.962318725179808E+003
    16   10   6.962318725179804E+003   1.984532130962910E+008   6.962318725179804E+003
    22   10   6.962318725179808E+003   1.984532130962912E+008   6.962318725179808E+003
    28   10   6.962318725179806E+003   1.984532130962910E+008   6.962318725179806E+003
  </DiscreteSampler_grid>
