  0.01401092602026567  0.01432927413839051  0.01463687121430127  0.01471580131387538
  0.01475326845018381  0.01482585218751916  0.01490158443854940  0.01497923025459875
  0.01505914694789249  0.01514053745911927  0.01521611068330461  0.01528672390104691
  0.01535736629106395  0.01542589413108124  0.01549318445336834  0.01556016157222454
  0.01562632688420692  0.01569166277883464  0.01575745521015130  0.01582242949485688
  0.01588615030330615  0.01595212235047485  0.01601889635916248  0.01608701443669291
  0.01615288437615100  0.01621791099688025  0.01628623107775630  0.01636064444233469
  0.01643755568569964  0.01651338719903086  0.01658832672959553  0.01666351059950130
  0.01673798948478125  0.01681311540500507  0.01688906488967834  0.01696618606105514
  0.01704752147462355  0.01713420353211327  0.01722429558894912  0.01731685376731155
  0.01741172925586473  0.01750892668793592  0.01760711940458111  0.01770608644754607
  0.01780695855792303  0.01791114734982464  0.01801916081745863  0.01812858929245986
  0.01823762285521234  0.01834853751563882  0.01846343329431725  0.01858305985629317
  0.01870672485422326  0.01883206215781394  0.01896043828538535  0.01909182091161846
  0.01922819994340976  0.01937222809105242  0.01952464068241879  0.01968171705356568
  0.01984479612684388  0.02001488376507249  0.02019134901233893  0.02037774463133602
  0.02057066757447510  0.02076252944646117  0.02097629015110319  0.02119812157492173
  0.02143435552210233  0.02167697983272971  0.02193891188724725  0.02222045761451933
  0.02252328716569857  0.02284158284411673  0.02317914449560970  0.02354774389937010
  0.02393751875667820  0.02434977994784420  0.02479935414366485  0.02529094729932039
  0.02583808641406841  0.02645163346735592  0.02713249085562711  0.02789874838644898
  0.02875704554266944  0.02972594427448635  0.03085135709469660  0.03221735946607379
  0.03389648414254694  0.03593023581124730  0.03855402237356497  0.04219855173871264
  0.04752606211432137  0.05748645008663650  0.08561453651830435  1.00000000000000000
  0.01772159440898866  0.01802142545297667  0.01830228477278435  0.01855458664701683
  0.01876833114705292  0.01898337686643440  0.01920263066275394  0.01941356789160781
  0.01961768972526576  0.01981531059344776  0.02000051647338852  0.02017562557700803
  0.02036647868989643  0.02055902509986970  0.02074731512058984  0.02093421958584247
  0.02111713828542673  0.02129408574029561  0.02145359055941924  0.02162505234458394
  0.02180183879847892  0.02197385966037927  0.02214163512806334  0.02230889264575051
  0.02248032190586454  0.02265772140624159  0.02284064109206682  0.02302693674155694
  0.02321316167351378  0.02340228642432019  0.02359219342578375  0.02379069453450880
  0.02399105214305812  0.02419569557857777  0.02441086181315193  0.02462705601035131
  0.02484534701334849  0.02505901347084425  0.02527926917054204  0.02550089605751092
  0.02571810719767297  0.02593639642128100  0.02615730098451833  0.02638478924403866
  0.02662311908076023  0.02687370316964971  0.02713224055659919  0.02739062441400066
  0.02765134182242689  0.02792200245076467  0.02821803100077122  0.02853084615328044
  0.02885491081625368  0.02918924144051364  0.02953455502649292  0.02989013002396222
  0.03026542394895215  0.03066047287078589  0.03106396621681891  0.03147735846715553
  0.03190242310052583  0.03234757390142916  0.03282061438893842  0.03332503345766540
  0.03384946791250009  0.03439077424863881  0.03497269051606870  0.03559121677052154
  0.03624652554976199  0.03695536476346626  0.03770900877420351  0.03849638070340073
  0.03931180902289460  0.04018841831613500  0.04115758154279145  0.04221309607862105
  0.04334856736689505  0.04461482901502341  0.04607120875282048  0.04765801285410581
  0.04934681950202396  0.05119546344415023  0.05327448262163460  0.05555585038970465
  0.05803757112386915  0.06089539000444143  0.06424632942919903  0.06802820802491180
  0.07228192588217094  0.07742766892695750  0.08380614151153526  0.09169578508843981
  0.10192408416560626  0.11578883391264300  0.14037583238398380  1.00000000000000000
  0.00343539368451051  0.00395090166854702  0.00431358611634695  0.00466492639701002
  0.00499188815674382  0.00530739347581704  0.00564702666171328  0.00601980510347865
  0.00638396041183072  0.00669670679593877  0.00695845136772853  0.00726161164506265
  0.00755854858233019  0.00784590642887711  0.00813940132813768  0.00844695068093854
  0.00875767219969140  0.00906771711258009  0.00939145075450178  0.00971325816156367
  0.01003437062841593  0.01038109827743683  0.01073692253487973  0.01110491209190374
  0.01146233661756025  0.01183483853753080  0.01222617321422239  0.01263311867727392
  0.01304314991367234  0.01346692008627545  0.01389218592444529  0.01430400194570302
  0.01471304073105616  0.01513036195981659  0.01556283291952125  0.01601131970865339
  0.01649221255988250  0.01700786944734915  0.01756775816433921  0.01816997522290698
  0.01881417015879811  0.01951989075811010  0.02026011901840592  0.02102463887793589
  0.02182253906756658  0.02265775662335451  0.02354302266193742  0.02446156649723703
  0.02534991126614638  0.02627357527419883  0.02722504147677602  0.02818966240047337
  0.02917336278578633  0.03021426308484416  0.03132712520030710  0.03248787508000327
  0.03364220479399479  0.03478859401187375  0.03595215638010155  0.03711352626604610
  0.03837613102519743  0.03974350769705536  0.04118109678893412  0.04265054318613488
  0.04418734092098939  0.04577819167221976  0.04750397212085257  0.04929865027102349
  0.05111382036082301  0.05290572802453441  0.05474947516880463  0.05665206704315329
  0.05875061221680518  0.06103591279902425  0.06352982026449983  0.06613780692447500
  0.06882326332499304  0.07171840344541465  0.07496836182440242  0.07834667017403964
  0.08193347548687294  0.08572012702794933  0.09001045476971972  0.09468726821680887
  0.09972852288368242  0.10593041683392743  0.11310982513754030  0.12121067122195937
  0.13014064887207025  0.14218874846245008  0.16162106567110293  0.18069009897677885
  0.19657683599094269  0.34145723793896121  0.53677559858104729  1.00000000000000000
 -0.00433825891283097  0.01764941197675935  0.03600791302964571  0.05526362888915329
  0.07309093612418388  0.09132728028576841  0.10883428686409935  0.12724789605725953
  0.14244701357589462  0.15748821055948428  0.17157379061323541  0.18504123624817151
  0.19836223289853802  0.21170891915338388  0.22491479438121284  0.23782825094057114
  0.25060168026149338  0.26321050855257522  0.27543287464795330  0.28700719768220334
  0.29827749725298175  0.30956724110908640  0.32072271380149342  0.33184272777027535
  0.34295421955826350  0.35410516253823904  0.36511951161420980  0.37608108982662625
  0.38710971158573765  0.39792418578789018  0.40826682898517169  0.41824258018165938
  0.42798299520048660  0.43756082134090596  0.44707124343943699  0.45645934272443933
  0.46566719189755462  0.47433435936140894  0.48282002026425902  0.49153512318827153
  0.50031788864590054  0.50936080043977483  0.51838280665569203  0.52733908592304157
  0.53621055722713451  0.54492173146749656  0.55359747363751488  0.56241086485621972
  0.57157373534559908  0.58067626339282807  0.58966606499830654  0.59844392332647822
  0.60706707359857837  0.61576027289261381  0.62454067385132161  0.63305493842288518
  0.64164255431880524  0.65015627844412271  0.65905269111608522  0.66772747871979043
  0.67633914731502343  0.68484533732876984  0.69319640927469273  0.70134340734973033
  0.70942755412226088  0.71742341578431856  0.72552031897554903  0.73356201424858336
  0.74168880087175115  0.74979172925229820  0.75788951163728513  0.76620693091882275
  0.77509253561337399  0.78445388418875539  0.79331268773530794  0.80173052310499360
  0.81014894641406754  0.81906761561394514  0.82846915882407213  0.83776409523770634
  0.84678337739836762  0.85569436479703842  0.86457174897727085  0.87362175330456326
  0.88264722050659050  0.89185705973655560  0.90115390005587381  0.91051201220178424
  0.92019039131321390  0.93045388704069310  0.94089049453222506  0.95131360662185416
  0.96210257650122089  0.97347662124848677  0.98599402571414996  1.00000000000000000
 -0.00242905832953515  0.00974001583989728  0.01990487856924892  0.03066634990009556
  0.04156733888013859  0.05236456938985630  0.06308771031116368  0.07357822450346992
  0.08433543054839306  0.09576832300553266  0.10661869326462171  0.11720767912704172
  0.12785233240020652  0.13834461984945665  0.14879002379516074  0.15939144476386471
  0.17050793041724197  0.18272541097429768  0.19287269620146902  0.20262361587589658
  0.21261862711303384  0.22251029929160770  0.23272583985594700  0.24284944012985493
  0.25329344419641914  0.26438135298636889  0.27542549555745949  0.28602835498335277
  0.29611524432385322  0.30616809344674134  0.31638311577924177  0.32673844269362473
  0.33672052565678084  0.34685902319221751  0.35740370780772862  0.36868435103400587
  0.37937268292444243  0.38964419396942812  0.40020878388846565  0.41099924898225654
  0.42154767900596957  0.43171650871741718  0.44225950237310374  0.45341202717007378
  0.46423961561312987  0.47476149108612498  0.48522012636347506  0.49579094787218331
  0.50662200429033077  0.51740783204035878  0.52870201013642848  0.54039407932447925
  0.55207766991640550  0.56345503094365390  0.57475867528891422  0.58611698418018554
  0.59765080615940269  0.60917576147073271  0.62040986421813471  0.63115328845731844
  0.64144235251053006  0.65144855672973745  0.66116302710203767  0.67077961250392881
  0.68058729631799075  0.69105558232215936  0.70171042050159615  0.71181146822133257
  0.72111455735527308  0.73027682433591146  0.74012188026776737  0.74987047882900448
  0.75918744410481820  0.76812559276159453  0.77842126915301046  0.78921362478588064
  0.79970853897124838  0.81029332621259764  0.82135913686126227  0.83184861549213096
  0.84277332379557190  0.85349705131808640  0.86372870334734042  0.87407602313933430
  0.88418760236366412  0.89421899213808742  0.90407922157898124  0.91417954992962036
  0.92466726070868388  0.93512721327466131  0.94541482318319703  0.95548157620779028
  0.96590242554900740  0.97725664449511163  0.98837957335729099  1.00000000000000000
 -0.00475046304827747  0.02149994951949267  0.04230195683204610  0.06246225658842497
  0.08191647671316475  0.10094396155118240  0.11980151899602785  0.13806449810535704
  0.15495943666304215  0.17095102315410504  0.18647924654119880  0.20156011815268382
  0.21590972208408457  0.22951890869821581  0.24284175819218845  0.25633003140071170
  0.26937142556974270  0.28147396324333906  0.29269683179515749  0.30349667280553105
  0.31431650111649162  0.32525354229897080  0.33618382477701136  0.34648555679652060
  0.35641438543004961  0.36643842706506397  0.37671822686012624  0.38722284410256491
  0.39780054005202081  0.40819957614734781  0.41811100299154147  0.42747452881305809
  0.43665238643889548  0.44576409313090481  0.45496867144576830  0.46447067474090548
  0.47420206273315629  0.48389407133922563  0.49342629341129107  0.50282594312132634
  0.51211139301796627  0.52100147062496827  0.52956420138504567  0.53817610662327475
  0.54674014175668695  0.55524949098129139  0.56347090924211474  0.57163422379418516
  0.57971331188042363  0.58783959462235291  0.59547071976298904  0.60352976761044752
  0.61136263961779547  0.61920568273838572  0.62698472445600395  0.63482556038368143
  0.64265123061637452  0.65078856296011645  0.65924228820662001  0.66771123931222665
  0.67572963005366837  0.68462588213550923  0.69286136891480965  0.70141168094202222
  0.71028528454428941  0.71897878039255447  0.72804638234447683  0.73667917339845457
  0.74505910035748590  0.75298773565832866  0.76069633341428788  0.76865081058862117
  0.77633858365341046  0.78451732625243831  0.79292186143061238  0.80163438106707618
  0.81019442247695816  0.81875257091412001  0.82733897561974123  0.83592546434180415
  0.84486305315919463  0.85417145505978398  0.86398136798222791  0.87389808330218277
  0.88376735743143087  0.89403188845802462  0.90421070409397986  0.91426284062406760
  0.92396107532804628  0.93428277642445423  0.94375032560212146  0.95407159695902499
  0.96524994726433588  0.97724502695476290  0.98897928306591087  1.00000000000000000
 -0.00245975837681929  0.00945286143960550  0.02004778197252645  0.03053298963476211
  0.04120893351477261  0.05178123766762967  0.06264598462018424  0.07378823129694308
  0.08477088606992318  0.09631609149859233  0.10731436291769451  0.11812128222528460
  0.12909981021490882  0.13957059446592299  0.15048672717197417  0.16189210266221019
  0.17335083880904464  0.18502306641841745  0.19676863814435508  0.20835442147301916
  0.21941734103096056  0.22954322475575434  0.23875552460446448  0.24837463214274474
  0.25868634061583767  0.26910746388912915  0.27902334721403343  0.28874650996086948
  0.29896019438401206  0.30976671834612213  0.32067616609949462  0.33163001307968132
  0.34263503047227006  0.35350859410966140  0.36429452273178425  0.37517113665216584
  0.38616448594524949  0.39696187558617352  0.40753257532144915  0.41811793828548521
  0.42876409365338314  0.43911940879734573  0.44910920102739998  0.45918333032568870
  0.46906153153332786  0.47903565368432971  0.48892902361954699  0.49900875233767783
  0.50942879255022788  0.52008001524368663  0.53120556798621854  0.54252324665748397
  0.55352775302729995  0.56418744797748233  0.57472059144880017  0.58529471048383841
  0.59603409069368907  0.60650539402770964  0.61682702199719386  0.62685747754312826
  0.63720155481835250  0.64765788562662530  0.65823612386001473  0.66890788455669969
  0.68016326425466511  0.69056545140327319  0.70071195960461174  0.71091421868437876
  0.72146180551778971  0.73225067932777377  0.74306126299065123  0.75407015126504351
  0.76482613437863955  0.77493717828343878  0.78474613508532787  0.79478871252817274
  0.80523210938945222  0.81602758330888669  0.82689035531287625  0.83765690586351960
  0.84832680704427932  0.85838593601777236  0.86803867802141943  0.87786543798298999
  0.88811609116573320  0.89826956093365806  0.90796158695709117  0.91763179055383182
  0.92724539853324506  0.93652375578922165  0.94595714809263953  0.95612775171516151
  0.96722302867882692  0.97859447636216024  0.98902972937400402  1.00000000000000000
 -0.00280288624092343  0.01028972077483668  0.02103905312783120  0.03223902408785981
  0.04293897138836879  0.05356283032457559  0.06428288118536021  0.07529711722490892
  0.08657964064273875  0.09790794068878084  0.10918399796834952  0.12046406130157877
  0.13161845696605945  0.14251885289915181  0.15286982584027536  0.16286233789082924
  0.17294030009353351  0.18341657792577262  0.19415187750554030  0.20477056367621771
  0.21541290183829009  0.22581664683540992  0.23691000410610918  0.24822655888364908
  0.25949156715459071  0.27099039492581306  0.28251540319481239  0.29370617431371199
  0.30448637725531319  0.31512439686458299  0.32556501080759348  0.33583736784086821
  0.34609414209651268  0.35660723129929450  0.36685340895333346  0.37707722929119447
  0.38756258163514040  0.39828121022661639  0.40899153777942110  0.41946979467527423
  0.42965801245093960  0.43995245642154696  0.45049843938761497  0.46108454284607570
  0.47121453127469748  0.48131918492579551  0.49156851470669610  0.50205128296745283
  0.51272117822734242  0.52383401849909184  0.53512672725971799  0.54625271661681962
  0.55734965882785381  0.56835658174936532  0.57901682604550098  0.58926447178811481
  0.59936687614843298  0.60971584155822611  0.62020931904686372  0.63043416830179799
  0.64049179956432034  0.65022616779086817  0.65944455607805319  0.66869801712634158
  0.67824938128825496  0.68834312608926096  0.69912226607326466  0.71013908064975972
  0.72114639959420046  0.73189410699021240  0.74242854199108266  0.75313253349082132
  0.76367755187707864  0.77418440993403692  0.78409512712637519  0.79402941531116888
  0.80389908409364075  0.81384047830068607  0.82361988926824026  0.83358038023083458
  0.84405498926790701  0.85509074407129193  0.86628150521968983  0.87706820960649379
  0.88779938818158266  0.89860815628242929  0.90876091993988395  0.91793455132537494
  0.92718566202649044  0.93660285885671357  0.94643174164700050  0.95658506833804036
  0.96696618593068207  0.97832121877982614  0.98929251357839032  1.00000000000000000
  0.10344339400806564  0.15671010392641571  0.18682898128610548  0.21068540738464092
  0.23088683809061714  0.24823761110951648  0.26369343468205636  0.27741786100838650
  0.28971091954646577  0.30122166030920716  0.31179052295791221  0.32094478239067115
  0.32959706428868163  0.33798926848236993  0.34610619170686191  0.35396123538436747
  0.36163933227936890  0.36907657707108171  0.37618071292692151  0.38310005621582310
  0.38980567430559626  0.39643286587268478  0.40296331200966556  0.40939062886633615
  0.41557494426115460  0.42152275424834851  0.42736808976172663  0.43311339305060109
  0.43871306917278524  0.44406327210189983  0.44933448326018494  0.45460858679171140
  0.45973656750888880  0.46479687019969818  0.46962852786965409  0.47429690173906891
  0.47906972142857618  0.48378887068030363  0.48851101693788357  0.49322922245941764
  0.49776789199462623  0.50222523799079777  0.50670334070013856  0.51116795645044799
  0.51553576482931429  0.52004110548837423  0.52454398116798895  0.52894691002207572
  0.53338567061622300  0.53776190489360265  0.54229902780584438  0.54689269437394095
  0.55150217432285520  0.55615395443538718  0.56080981603566749  0.56534108973317865
  0.56969142407601436  0.57398577661075922  0.57828957335792197  0.58252354452978061
  0.58678363988610172  0.59120546695141085  0.59566326323591645  0.60010966695021983
  0.60444411263280939  0.60880191012403573  0.61306610159039032  0.61729489203032428
  0.62156423306144815  0.62599916229818531  0.63060964738227632  0.63529032776373962
  0.63981374075081410  0.64438631734563245  0.64920081870883561  0.65445209033497065
  0.65983808128718369  0.66513849541376879  0.67116216081720137  0.67729522396519148
  0.68324919631698811  0.68939614203735256  0.69567915375297584  0.70239403712713633
  0.70945491824839146  0.71687378860448847  0.72464364677285453  0.73298951097827847
  0.74175101130733689  0.75122627895395944  0.76222700120039100  0.77534610489772338
  0.79121723203520256  0.81147738843076922  0.84835377213635688  1.00000000000000000
 -0.03825808803452456  0.17347962034251943  0.21633477339942694  0.24170558339995446
  0.26036403229818389  0.27496586204742729  0.28756865005180571  0.29871863797826748
  0.30885634582405197  0.31807317116254014  0.32654988559748127  0.33423457706048426
  0.34100501242272918  0.34747876137480221  0.35362531889774029  0.35953781376491212
  0.36528570968937951  0.37085601593840106  0.37606869852423247  0.38117261978063199
  0.38621241114079935  0.39124695961035483  0.39606611924771468  0.40069561100488010
  0.40525096647514802  0.40956976154225122  0.41407783218219180  0.41837249942008731
  0.42231245772844889  0.42617256083539112  0.43001056304082247  0.43369318850574651
  0.43774162520130422  0.44184433584815047  0.44589850037837836  0.44986564404690865
  0.45371631947812890  0.45753122776919752  0.46137312892094462  0.46512126316520908
  0.46879260194001188  0.47253331594061654  0.47641585433403549  0.48037457009576556
  0.48433109338433677  0.48825397717273061  0.49213146043163791  0.49597420979016305
  0.49979951378145715  0.50363149126842488  0.50747393036564115  0.51135860744936057
  0.51510002122555365  0.51888104635486176  0.52274464560987566  0.52669587162391640
  0.53064785994451491  0.53450665135134867  0.53829219382915239  0.54207744269224700
  0.54589693589790622  0.54984892541882147  0.55393069603112499  0.55817469330267999
  0.56254963552368753  0.56693898193664716  0.57122261603142588  0.57535260816698675
  0.57932205593475972  0.58331332863600072  0.58748480217261578  0.59194389327285046
  0.59661056556256520  0.60138855884058762  0.60623445582711177  0.61116306922432384
  0.61627900552870607  0.62163530569296399  0.62741041359506844  0.63349665690165269
  0.63973990032626260  0.64607051060005760  0.65259421400359330  0.65941926889870528
  0.66674677408025818  0.67467835386804142  0.68307379501726884  0.69233755103377381
  0.70264860906798388  0.71424464899028328  0.72723556908736520  0.74232720174024347
  0.76094844271639606  0.78616801655983282  0.82777938220462155  1.00000000000000000
   1.1100026346625765E-011  -1.0000000000000000     
 T T T T T T T T T T T T T T T T T T T T T T T T T T T T T T T T T T T T T T T T T T T T T T T T T T T T T T T T T T T T T T T T F F F F F F F F F F F F F F F F F F F F F F F F F F F F F F F F F F F F F F F F F F F F F F F F F F F F F F F F F F F F F F F F
  <DiscreteSampler_grid>
  grouped_processes
  1 # 1 for a reference and 2 for a running grid.
  10 # Attribute 'min_bin_probing_points' of the grid.
  1 # Attribute 'grid_mode' of the grid. 1=='default',2=='initialization'
  0.0000000000000000 # Attribute 'small_contrib_threshold' of the grid.
  0.5000000000000000 # Attribute 'damping_power' of the grid.
 # binID   n_entries weight   weight_sqr   abs_weight
    10   10   1.741957348969406E+000   8.095077863174344E+000   1.741957348969406E+000
    16   10   1.741957348969406E+000   8.095077863174348E+000   1.741957348969406E+000
    22   10   1.741957348969404E+000   8.095077863174337E+000   1.741957348969404E+000
    28   10   1.741957348969404E+000   8.095077863174337E+000   1.741957348969404E+000
  </DiscreteSampler_grid>
