  0.00046842724213515  0.00330012474380306  0.00383353123979981  0.00419480706237376
  0.00448164180244734  0.00475890270680786  0.00505224423757072  0.00534458908129757
  0.00560140920735815  0.00583314480307072  0.00605888439486035  0.00629093178487701
  0.00652432479684017  0.00674658656494545  0.00696438681960805  0.00716705441365189
  0.00741010389399566  0.00766598272065820  0.00793681222112172  0.00820558649567156
  0.00846521246647083  0.00871597991601875  0.00897297386816800  0.00923533484781666
  0.00950919053041055  0.00976991128792310  0.01003335451189410  0.01029904180052221
  0.01057411236210969  0.01086867743181250  0.01117875504708644  0.01149784008793722
  0.01180242517746915  0.01211419729517011  0.01244230828047495  0.01277776207694606
  0.01311631485589035  0.01346296284262461  0.01384441811710325  0.01422440255777525
  0.01461147397433680  0.01501658468416489  0.01544356110842881  0.01587763248256563
  0.01632673795012058  0.01680240570080871  0.01729729757517121  0.01779658158010568
  0.01831153456111329  0.01884758385166996  0.01940140206819207  0.01997363653757906
  0.02056681777787822  0.02117715349796422  0.02180287243793284  0.02247685289754041
  0.02318796870516142  0.02390487283771777  0.02464525587892025  0.02544216687743936
  0.02625457402348916  0.02710924960777276  0.02800079104892887  0.02891294169676936
  0.02985126975301022  0.03085294054337769  0.03189501690460589  0.03298023845729649
  0.03410427003593589  0.03522064440728197  0.03635271171665783  0.03754816456628777
  0.03881212021823813  0.04012466829041936  0.04151595952235290  0.04297024044600566
  0.04449749585752338  0.04626497525191160  0.04813807258095270  0.05016437463456797
  0.05232022156365433  0.05456558514989202  0.05691884192076563  0.05955683090752135
  0.06242774484950645  0.06585080053360122  0.06990811290246331  0.07446133602772906
  0.08038457754326195  0.08729103779527710  0.09572418514183345  0.10651384823583214
  0.12312969080583569  0.16046883603650264  0.63059912505146365  1.00000000000000000
  0.00172194169180846  0.00297658361522814  0.00406459372455288  0.00500619639814138
  0.00589851000205612  0.00665671941778393  0.00713642813340615  0.00755576168312991
  0.00802169468431537  0.00847009701741130  0.00892286217756649  0.00938182488941199
  0.00983068471786592  0.01027567994702366  0.01072948071965449  0.01117008756544458
  0.01159278989348410  0.01200363759201429  0.01241339406272066  0.01282099643022088
  0.01322303724902668  0.01362220490649357  0.01403425857167449  0.01446505614365512
  0.01489597383875349  0.01532777834251358  0.01577135141736993  0.01623401514729329
  0.01672348750953396  0.01722148181937841  0.01771904280793876  0.01821930792765441
  0.01870472848654759  0.01919453362415294  0.01969063530994832  0.02021777346444268
  0.02075984819247093  0.02131772999906389  0.02188666142112914  0.02247325732251360
  0.02307985313760313  0.02371642932018226  0.02436415455610154  0.02501641290838360
  0.02567806791785845  0.02634315574793164  0.02702679194228933  0.02772876615787733
  0.02845091503531443  0.02918507117909950  0.02993345485704388  0.03072037687353484
  0.03153388917626995  0.03239161524429016  0.03328214209225984  0.03420231450932829
  0.03513970287398004  0.03609158518104200  0.03707087698795548  0.03807422939210580
  0.03910119431417555  0.04015576207027910  0.04120493065214295  0.04228276391571899
  0.04339484876869266  0.04458125156386648  0.04584608112819650  0.04715206188016154
  0.04851510981317769  0.04994964815218993  0.05143143022760079  0.05297761129687122
  0.05463400009596916  0.05634993110247786  0.05826324101457776  0.06019692650450745
  0.06224827219189097  0.06439027178121200  0.06666885274611581  0.06907694840508949
  0.07160970052693662  0.07429102971659170  0.07720682087710704  0.08045733346202451
  0.08398113355893420  0.08792265636823518  0.09206758969625857  0.09657335340822940
  0.10196391348748401  0.10816726034501738  0.11527491295617850  0.12340117325036351
  0.13221518802357607  0.14110740694260793  0.15273418423909166  1.00000000000000000
  0.00021744562739663  0.00031533138046491  0.00037372534838814  0.00039752937369071
  0.00042734283736231  0.00045675064308702  0.00048496309291774  0.00051204719746377
  0.00053910879501549  0.00056775970859981  0.00059384086078716  0.00062089018748853
  0.00064929335656548  0.00068034496174871  0.00071310261333851  0.00074667925457962
  0.00078137148655499  0.00081704599917800  0.00085350558563479  0.00089067982932760
  0.00093010734028399  0.00097126757864795  0.00101352433752999  0.00105593669278161
  0.00110021245027456  0.00114766772233476  0.00119715576731437  0.00124872643433507
  0.00130162428649312  0.00135579109254688  0.00141145164095204  0.00146889590911760
  0.00152840175150177  0.00158974987270621  0.00165304496271486  0.00171809278213769
  0.00178560400379725  0.00185453750338763  0.00192296287872391  0.00199347426884675
  0.00206776654936628  0.00214636524996778  0.00222864488222194  0.00231527194203996
  0.00240533864958657  0.00250005614282540  0.00259952739289404  0.00270367030213168
  0.00281293016465482  0.00292555075327079  0.00304210978573205  0.00316334592891622
  0.00329045493289487  0.00342826068679305  0.00357111011312922  0.00372093459479656
  0.00388052956388579  0.00404786824200467  0.00422634393530717  0.00441316702452768
  0.00461243071057225  0.00481890925243293  0.00503158794175003  0.00525484827626702
  0.00550279552289766  0.00576380606735200  0.00604294124493698  0.00633759007689907
  0.00665511263667516  0.00700080037191666  0.00737771515196453  0.00778471649719822
  0.00821683420772876  0.00867850458680420  0.00917997797481390  0.00973910756235206
  0.01035770813081762  0.01103665952538358  0.01180011883148815  0.01265543533002012
  0.01362434644931654  0.01474634020985253  0.01604017677790245  0.01754034319165806
  0.01932321095095413  0.02141883415260787  0.02392788377775330  0.02687115574927341
  0.03063894602664692  0.03595233792120438  0.04298264616152841  0.05255867699180251
  0.06380969075219947  0.07197458765071137  0.77594694623337290  1.00000000000000000
 -0.00214462844018553  0.00947051737936759  0.01964334454590953  0.02980941655765310
  0.04038956434327483  0.05070750290060055  0.06158845780831007  0.07173761282459024
  0.08193811688261100  0.09162190919886221  0.10127567537195015  0.11107416823763858
  0.12124493424530892  0.13160165736251236  0.14193751767353946  0.15249287046774809
  0.16338330180203281  0.17411861918674409  0.18460479453094919  0.19520375930536316
  0.20627929266926245  0.21744826087405089  0.22828060177934012  0.23880113543579326
  0.24905611063003463  0.25927938726580274  0.26959588966490938  0.27989985962638175
  0.29030063842959003  0.30049759506152052  0.31064908104773814  0.32051511917288628
  0.33033248131963822  0.34027122351212641  0.35023308226486577  0.36002222600406225
  0.36977686575683033  0.37992899009088632  0.39049548042475896  0.40130202743067200
  0.41213005696068694  0.42283746057429256  0.43322790152450363  0.44350772368436220
  0.45398343996351070  0.46464409379607707  0.47529031146818668  0.48587737923531898
  0.49652402757995934  0.50718624451994365  0.51796119838825383  0.52894857344856416
  0.53990997023756782  0.55049570870411924  0.56079849540813675  0.57109992051856207
  0.58143785695885641  0.59189773714578464  0.60231591293775433  0.61268391052489413
  0.62303336172255741  0.63337135288187862  0.64390160849628164  0.65463664670008548
  0.66562732284171999  0.67659428245515751  0.68735398098643186  0.69794065790451443
  0.70844506419153952  0.71876616774309854  0.72894098065480173  0.73919475798049639
  0.74985576495284834  0.76086271579524001  0.77184123338116217  0.78276371760996666
  0.79340088601865943  0.80387055621174708  0.81439210582255461  0.82510230239478499
  0.83582024585467440  0.84666443624715670  0.85789542992832801  0.86941086837217085
  0.88056475388898969  0.89120831438410719  0.90185756236324155  0.91297375857174756
  0.92429254549902118  0.93617138546460865  0.94709749375610430  0.95841598598776667
  0.96900375656916182  0.97962234341349852  0.98982615894090498  1.00000000000000000
  0.01577295647599112  0.01914911456231273  0.02023811532067230  0.02125407576630832
  0.02241830832364413  0.02360791273973629  0.02471482042506396  0.02578815603704830
  0.02678858330607970  0.02775650622038604  0.02869217226050435  0.02960779836432951
  0.03050616791170755  0.03138936505697913  0.03225774702682545  0.03312211549707256
  0.03397689284159428  0.03482040738519254  0.03566012604489067  0.03651093905865083
  0.03737242040740200  0.03823019452041411  0.03908638258638915  0.03995421937488319
  0.04082391965485768  0.04168350370506963  0.04253580904541309  0.04340614019519028
  0.04428188644194073  0.04516593608034411  0.04605071782969063  0.04694568175994387
  0.04785489617433748  0.04877845529762632  0.04970541328525782  0.05062420246221921
  0.05154852457036339  0.05248112343555708  0.05342400952429493  0.05437572940596008
  0.05532592943989922  0.05627391192312306  0.05723407051866238  0.05820651304858413
  0.05918177892905915  0.06016406958105584  0.06116535694894718  0.06220029468356999
  0.06328044456114489  0.06441412162274461  0.06555225493728060  0.06668542108050493
  0.06786287098479944  0.06909691053366185  0.07035948603700486  0.07164917678280959
  0.07295355358190167  0.07426563987028607  0.07560017781542584  0.07695535196644367
  0.07831329301569484  0.07971792540977674  0.08115868547987608  0.08264019238874300
  0.08421119331332982  0.08585952821708420  0.08757265392204930  0.08935733637711873
  0.09122695511703309  0.09317999654813998  0.09517541737176739  0.09717355704057348
  0.09906940712227906  0.10091216193156226  0.10282298821941371  0.10497242759321102
  0.10747295360295213  0.11005232620972956  0.11251165373273812  0.11501448371165754
  0.11768967992780706  0.12068494956129096  0.12371187467832281  0.12685855219340844
  0.13036331699008233  0.13439771902965736  0.13949133546160500  0.14581585764704774
  0.15327736781393972  0.16106824088344004  0.17029241610372731  0.18312127985876148
  0.20358400222419668  0.23100950436005876  0.74738283061450572  1.00000000000000000
 -0.00191859214702970  0.00766938886574743  0.01688381685208909  0.02657458652363083
  0.03667122709133364  0.04669037577991236  0.05657463141576799  0.06661670234542233
  0.07673070693217401  0.08691537593059850  0.09696712775116052  0.10721456191326037
  0.11769872397795904  0.12778222678087051  0.13738349441170969  0.14715938193318495
  0.15694489484599461  0.16676378992642232  0.17608129021042004  0.18526482585167681
  0.19533580830806402  0.20589455236905058  0.21621230940319924  0.22645149332579259
  0.23655498721921017  0.24687733685184868  0.25693628624391485  0.26771469555133354
  0.27839871649797643  0.28924286054890480  0.30003429953960636  0.31101455948009449
  0.32231080576989507  0.33332886599473605  0.34461700719989397  0.35560384220053004
  0.36605680962438364  0.37654139515202478  0.38745520425616753  0.39853532064723346
  0.40957209777376785  0.42104669163457142  0.43304784240919636  0.44493450946566948
  0.45646067225389531  0.46797525537214951  0.47937956334109255  0.49088511077767694
  0.50257188652263596  0.51447560254712843  0.52663693307935500  0.53875440549057618
  0.55094174908945193  0.56286968849559504  0.57454117205877386  0.58628866603323926
  0.59832982741486840  0.61041536878084579  0.62243197884570300  0.63401499727354149
  0.64514104070866196  0.65637532551484901  0.66776242326077673  0.67913586484877797
  0.69008840466371579  0.70126992987750847  0.71197695907147407  0.72258244390830850
  0.73325039971689787  0.74414616854188553  0.75504410607120909  0.76557197219538864
  0.77584700600281598  0.78609145635747046  0.79643753787903249  0.80688519686175897
  0.81716636682095278  0.82737436934003983  0.83757460390397676  0.84766770723490914
  0.85768765479343367  0.86769605224573731  0.87779968996847868  0.88765942702292011
  0.89726354538989317  0.90615494315072842  0.91453958925026235  0.92295786015380310
  0.93195948506612025  0.94157320370037745  0.95131422038997926  0.96080420299281544
  0.97043856061152434  0.98009766511698393  0.99006405813123255  1.00000000000000000
  0.01478828579189789  0.01517265329607174  0.01547398765017352  0.01574008774348169
  0.01599383747059188  0.01624137884707301  0.01649124220442741  0.01674033482164496
  0.01698771180920700  0.01723389509783951  0.01748201928162859  0.01773139900303454
  0.01798214719724599  0.01823411809256308  0.01849007515539960  0.01875224228517825
  0.01902560274020192  0.01930289537472559  0.01958672265759049  0.01987210213916838
  0.02016127817637290  0.02044498474723734  0.02076343616539037  0.02114175317807265
  0.02154633071799664  0.02199442541795701  0.02245600559288231  0.02292638834474101
  0.02340872352137833  0.02390157517050218  0.02440334842910891  0.02491717475538044
  0.02544466200607136  0.02598434440305177  0.02653696545588152  0.02710224406017970
  0.02768478848602548  0.02828560782015763  0.02890334710416023  0.02954067759787825
  0.03019732375885533  0.03088239831669993  0.03159690372920770  0.03233165105964549
  0.03308517878803918  0.03385743227946295  0.03465355472054679  0.03546422394021434
  0.03628421574694755  0.03712532742749378  0.03798413499112640  0.03885893517080517
  0.03974378653961352  0.04062582179792121  0.04157009442219597  0.04267611023362883
  0.04384448481334455  0.04502147753599185  0.04623028293621234  0.04744159116369417
  0.04866255452872174  0.04987638269478210  0.05112999623323005  0.05240203547826783
  0.05378189818005182  0.05512336833752302  0.05642631641329637  0.05767905391898286
  0.05896868893689442  0.06029627636932720  0.06173704306543223  0.06341366693003292
  0.06531497802158039  0.06736593304684640  0.06948648057563381  0.07171574423475550
  0.07403520050865500  0.07638836238121838  0.07858667255679262  0.08035783613342765
  0.08204095008511079  0.08392047580268486  0.08617376498304025  0.08897548099160310
  0.09235488964798912  0.09594096205828653  0.09937044004703965  0.10264584979061096
  0.10578621801452846  0.10918669060686789  0.11284330300141786  0.11658047539164627
  0.12133467879578080  0.12732519988925992  0.13518667606167645  1.00000000000000000
 -0.00212181200085478  0.00872909046474112  0.01693408881759506  0.02577164589053384
  0.03411872468281227  0.04303394556762798  0.05199540712254049  0.06152069149328269
  0.07151959673172439  0.08157318080581681  0.09136596591772214  0.10076841799279622
  0.10989673265470817  0.11897804848033637  0.12825259241922615  0.13777477685088352
  0.14732002339595746  0.15676924454338109  0.16634727881323336  0.17625170362670869
  0.18639917193149194  0.19655984689317110  0.20674715787318854  0.21730994484371760
  0.22812534645301269  0.23883456602558611  0.24957952070962139  0.26064081290709157
  0.27199982530060213  0.28351377338093459  0.29514666078239121  0.30693027889529889
  0.31882633854030712  0.33088542195215243  0.34309009521486361  0.35503435725784055
  0.36668631608131141  0.37840946133825820  0.39023948712538303  0.40206600156641603
  0.41366965933885169  0.42518673130447271  0.43676016221441483  0.44861461037239075
  0.46078612056063406  0.47299980091539978  0.48513672238915440  0.49723309143597383
  0.50917922822035155  0.52086628933284318  0.53250019821465733  0.54445758713539316
  0.55644645852175367  0.56825029041403119  0.58007717461989750  0.59197840113692302
  0.60366907761669364  0.61522560465470055  0.62661477767712648  0.63810579526491995
  0.64968411378617807  0.66114045457984960  0.67241659089207950  0.68381477627018139
  0.69573483443767947  0.70777122017705518  0.71973265111827789  0.73138609315580760
  0.74288688387147839  0.75428557566144649  0.76550919920924976  0.77672256260001982
  0.78800234411370140  0.79913977619854182  0.81003258737309058  0.82063717732924713
  0.83096730529681839  0.84083118996952189  0.85042247230785617  0.85974941736210553
  0.86864405268049949  0.87734878093401580  0.88614562611361070  0.89489904961230526
  0.90402923986504546  0.91355078157014524  0.92309172471225820  0.93249367970045050
  0.94133646099526280  0.94960779608575008  0.95813690417993547  0.96648984235168711
  0.97511182807045838  0.98357742851038898  0.99176397752909762  1.00000000000000000
  0.16930309461717302  0.17283060939000433  0.17619889523228355  0.17940889328202175
  0.18344667920445540  0.19447491676485693  0.20618480648669291  0.21739710103629564
  0.22865159868471352  0.23873699717643362  0.24803685653847332  0.25699360418139117
  0.26580529693171495  0.27419482469414663  0.28239373785619093  0.29020389171710603
  0.29774874927922246  0.30509618631976870  0.31229818173095658  0.31948389444186892
  0.32663105136203402  0.33376343577262585  0.34073782505144101  0.34760493174837703
  0.35446405718460944  0.36126213788975836  0.36796022876337414  0.37447508198979029
  0.38073016179365404  0.38693315484203683  0.39310438167875411  0.39902411220638717
  0.40475642066434170  0.41051966650098565  0.41620422741334845  0.42174320640591179
  0.42708264310740973  0.43235588576551903  0.43764873851414743  0.44291663901582329
  0.44812350531768269  0.45326033860514137  0.45835639282238078  0.46346060791489324
  0.46858293894016312  0.47372290913599668  0.47887020871361563  0.48409905080039317
  0.48934845672589650  0.49464415249814830  0.50004070316896343  0.50541113437406049
  0.51073537252439638  0.51602716170926499  0.52126975396474617  0.52642805319679697
  0.53148553252486974  0.53647047673847514  0.54151476365806506  0.54659373578098591
  0.55179463314410071  0.55698934186440607  0.56218592839406434  0.56739759040188820
  0.57264073634419232  0.57793799325878914  0.58331126010203560  0.58877947355691074
  0.59436904565424875  0.60012628536429069  0.60612112161202281  0.61218610529489514
  0.61833052280850809  0.62447341211202712  0.63055490159046834  0.63661423712730414
  0.64277128741734924  0.64914125603920603  0.65574368357940704  0.66241183010128046
  0.66918197001823398  0.67606914633608040  0.68324339727070593  0.69088244743462923
  0.69900572760704971  0.70761257882462814  0.71667775393093613  0.72627694544880639
  0.73651069398596958  0.74742491153586676  0.75930319036388993  0.77295228912846503
  0.78989231082091194  0.81248698404423625  0.85035434215614614  1.00000000000000000
 -0.03141523805711997  0.15985911976989914  0.20314816919711401  0.22898437350130188
  0.24745934535180042  0.26242069443986582  0.27534769530059949  0.28653376931288627
  0.29631378809218939  0.30532596487648717  0.31394658369903622  0.32215298472435455
  0.32988600762035064  0.33701676060835517  0.34368663524767162  0.35010419925911052
  0.35635292956612946  0.36235959648139948  0.36811839298462956  0.37358951772979204
  0.37883693588196654  0.38389949813007035  0.38889812994860262  0.39386031750293554
  0.39857330278704917  0.40318368144072209  0.40782996284822082  0.41241585637027917
  0.41691801251635019  0.42135313662179641  0.42574633241372173  0.43016003369605088
  0.43455335872624340  0.43881168447837332  0.44298495418378109  0.44713551666683787
  0.45131511192966056  0.45554071848510802  0.45975599241560333  0.46406201350510445
  0.46816101796916609  0.47219576012480424  0.47621773742774703  0.48016039313683234
  0.48405266360409593  0.48798733772707148  0.49199873745746014  0.49602100832501489
  0.49998194715159544  0.50388629492764692  0.50776397251919869  0.51170066581763607
  0.51566766253193230  0.51971043536167572  0.52384620664953552  0.52798972740611594
  0.53207483675156353  0.53618089726879237  0.54034343356441339  0.54454873299693163
  0.54880668758315398  0.55305581656195812  0.55724129476036255  0.56140823982740418
  0.56560599997866501  0.56988990014734331  0.57424748056830999  0.57870663211919204
  0.58333788809854781  0.58804867670970706  0.59282191333581902  0.59753963504932528
  0.60237680702484708  0.60727454850547768  0.61234444809473698  0.61754735466384203
  0.62295188448928451  0.62863215588448129  0.63456473174523798  0.64073125389037844
  0.64708966602326257  0.65363943387494494  0.66050592825160548  0.66785790712075532
  0.67574160507633640  0.68390988172783307  0.69234369433823673  0.70130268402831641
  0.71118882183304244  0.72233239088799250  0.73539197691081593  0.75083164072916520
  0.76986067503266375  0.79647099947940936  0.84039670232808561  1.00000000000000000
   1.0891744904947364E-010  -1.0000000000000000     
 T T T T T T T T T T T T T T T T T T T T T T T T T T T T T T T T T T T T T T T T T T T T T T T T T T T T T T T T T T T T T T T T F F F F F F F F F F F F F F F F F F F F F F F F F F F F F F F F F F F F F F F F F F F F F F F F F F F F F F F F F F F F F F F F
  <DiscreteSampler_grid>
  grouped_processes
  1 # 1 for a reference and 2 for a running grid.
  10 # Attribute 'min_bin_probing_points' of the grid.
  1 # Attribute 'grid_mode' of the grid. 1=='default',2=='initialization'
  0.0000000000000000 # Attribute 'small_contrib_threshold' of the grid.
  0.5000000000000000 # Attribute 'damping_power' of the grid.
 # binID   n_entries weight   weight_sqr   abs_weight
    10   10   4.140176361543949E+001   2.729970066942446E+003   4.140176361543949E+001
    16   10   4.140176361543949E+001   2.729970066942446E+003   4.140176361543949E+001
    22   10   4.140176361543947E+001   2.729970066942446E+003   4.140176361543947E+001
    28   10   4.140176361543947E+001   2.729970066942446E+003   4.140176361543947E+001
  </DiscreteSampler_grid>
