  0.05311242148620891  0.05355832166391847  0.05371748060986741  0.05389213695221423
  0.05412340039414738  0.05434089165304517  0.05454992602349652  0.05475195610427095
  0.05495097012969805  0.05516504417603962  0.05537467144019764  0.05558885626422178
  0.05580545589405929  0.05602385269982348  0.05624436171549009  0.05646457899028503
  0.05668335113536951  0.05690209937053415  0.05712081255842575  0.05733708112091587
  0.05755081094465067  0.05776636374901439  0.05799089999011595  0.05822972277054134
  0.05846608556091615  0.05870191483578675  0.05895793797045021  0.05922667474040125
  0.05950680210131441  0.05979023479132754  0.06006956542509174  0.06034519767586399
  0.06062119961779895  0.06089005963562542  0.06114283552008434  0.06139489112526994
  0.06166161973893106  0.06195603989858117  0.06225516534345831  0.06255035498243408
  0.06284865341847300  0.06315068750935120  0.06345676128661490  0.06376761295896675
  0.06409000905184166  0.06442073078701629  0.06475670482024795  0.06510557674954635
  0.06547505411320101  0.06586667024771890  0.06625791904279364  0.06665052485196399
  0.06703063274663922  0.06739794043297336  0.06777632389339060  0.06817925574340331
  0.06860538107816913  0.06905232903151874  0.06947426920240010  0.06991725770884956
  0.07039317112357467  0.07092968197298646  0.07149702252368169  0.07212629616548329
  0.07282797383121048  0.07355148973874193  0.07422089639841550  0.07481490215870815
  0.07547505586317804  0.07613666102381829  0.07685926670158984  0.07773588281100430
  0.07870316173038930  0.07968644111688479  0.08074116692331605  0.08175549464119303
  0.08283197173016769  0.08399954955706072  0.08537629468903737  0.08692384442406362
  0.08862150344553492  0.09045750667072200  0.09236830521909496  0.09443651219215074
  0.09671270479879455  0.09896699401805578  0.10176024678970726  0.10563607492274502
  0.11031203631858900  0.11568949632682338  0.12238866012144720  0.13211108318907130
  0.14708208847973239  0.18386533873347485  0.70792377009993068  1.00000000000000000
  0.05685221309845330  0.06783967863823201  0.07424210325780249  0.07900638898126858
  0.08306415371452947  0.08644096176750074  0.08936435185800602  0.09220347545017740
  0.09481164664085756  0.09712866026506188  0.09929182193319598  0.10148414755950175
  0.10359756364634876  0.10561162761210803  0.10764748032840042  0.10965050602503545
  0.11157417748199110  0.11346839933536677  0.11528572429694180  0.11709976652668190
  0.11898093186366500  0.12096040922523142  0.12291792400926962  0.12475437175598568
  0.12648015367320725  0.12814563652834388  0.12967944118570857  0.13109184211312849
  0.13250305044660327  0.13390178737680541  0.13531834975279247  0.13676819341756294
  0.13820987964663775  0.13962294513498225  0.14099704660318707  0.14232668613131377
  0.14369195358370607  0.14515121142127643  0.14673551589086437  0.14826601597167416
  0.14989521137875364  0.15146208129745328  0.15299636788276547  0.15459627883067609
  0.15619158996000107  0.15781526804624590  0.15941554417424761  0.16100787851143022
  0.16252972960335296  0.16411533602463776  0.16559830130301101  0.16730282824604253
  0.16914851169387746  0.17120240684186747  0.17328587680150684  0.17532358241325119
  0.17738895916801223  0.17954429254135329  0.18195309107418414  0.18424521688515277
  0.18631673356325870  0.18838136501759889  0.19050643337690754  0.19257329050174740
  0.19442660554271612  0.19625317322577601  0.19845080981010099  0.20086105202708629
  0.20341794055001980  0.20605409831990595  0.20871398853032488  0.21149027957470659
  0.21463818137085486  0.21851998181602117  0.22261883525353021  0.22657510318606422
  0.23035686372972858  0.23400500947803315  0.23770121831635149  0.24166377531816552
  0.24646956462722550  0.25147759342566711  0.25685137148884973  0.26272860405974674
  0.26886177696326224  0.27551252602673632  0.28269217373612920  0.28917437320610817
  0.29525280742533905  0.30119385726559894  0.30868475048509664  0.31676786408116980
  0.32688064807518613  0.33742657427968709  0.35222661121128307  1.00000000000000000
  0.00018419032557144  0.00040858099170567  0.00051868165211980  0.00060564901897087
  0.00068386606923251  0.00076114946925951  0.00083894718202287  0.00091423154809149
  0.00097885229121901  0.00104276558014406  0.00110709094323128  0.00117598108293825
  0.00124709752960352  0.00132213594636733  0.00139840421551992  0.00147185951662018
  0.00154359777374485  0.00161909329185639  0.00170077160358408  0.00179072885348307
  0.00188655494336004  0.00198605926334044  0.00208526001076089  0.00218550790873193
  0.00228409591872003  0.00238248549621224  0.00248671806973687  0.00258646332695934
  0.00268775219294597  0.00279346846850963  0.00290275003491917  0.00301542268643057
  0.00313217417277233  0.00325011998225748  0.00336813551616364  0.00349017949388327
  0.00361061100677134  0.00371839711107770  0.00381947278686541  0.00392036152197555
  0.00402956170025685  0.00415309785002762  0.00428000642254227  0.00440210120123154
  0.00452708534000929  0.00465393361526964  0.00478380458185658  0.00495899601072421
  0.00515798825415077  0.00536657421696538  0.00557839955181936  0.00580890831983347
  0.00606219587048939  0.00633935557398394  0.00665043760748238  0.00699349376955024
  0.00735413754405366  0.00773673874641362  0.00812799403178910  0.00855064808965384
  0.00899670643108886  0.00944435286556640  0.00988109069713629  0.01031545368944843
  0.01074692688630630  0.01118127664796415  0.01164646955684407  0.01216873546679612
  0.01275668047461531  0.01339372900376110  0.01405585148380789  0.01477007630348483
  0.01560591805273906  0.01650696718517017  0.01741704100318798  0.01848268011153772
  0.01969934252830763  0.02093056639613964  0.02226949906825125  0.02374707204395496
  0.02530852238242664  0.02704868273730471  0.02903275725676982  0.03113408554362230
  0.03354751368197884  0.03641853279954384  0.03973301229556123  0.04328559561759594
  0.04725678656660301  0.05200731114156919  0.05844301147440324  0.06869622727107041
  0.08690666219595913  0.12437506422067607  0.54084499755794946  1.00000000000000000
 -0.00489370286896320  0.02587647789084531  0.05187773036288482  0.07723129278393050
  0.09962141476199139  0.12031917922007722  0.13868102071560162  0.15610812224375956
  0.17307325887717795  0.18926721283635128  0.20306991073436564  0.21662799227904203
  0.22989704718813783  0.24268607334291503  0.25447985972536857  0.26598788329270495
  0.27619668832090727  0.28545012775560780  0.29412795503412942  0.30305644576534629
  0.31230985926100951  0.32156492980868084  0.33013435486193582  0.33803809132820672
  0.34568035154177112  0.35324416882748877  0.36066512981479720  0.36776450686433304
  0.37437541423275994  0.38078096593297200  0.38737886609364663  0.39428718030404625
  0.40146313073773326  0.40844064041889622  0.41551423959487049  0.42295225414084825
  0.43058008009754101  0.43821854666450910  0.44531447127792267  0.45215683111344229
  0.45852072983939196  0.46424017947306367  0.47011384126684030  0.47594207423493623
  0.48238772278250136  0.48867326176074505  0.49560106615961108  0.50313425671187439
  0.51041290147006924  0.51763248255196581  0.52488914215169313  0.53209165588406082
  0.53892866204156697  0.54540491197754160  0.55144743590538969  0.55754453440987350
  0.56339850115318890  0.56908965610665341  0.57516134493880733  0.58172154255308639
  0.58843120152675332  0.59502422101957864  0.60155127153862442  0.60796607974379469
  0.61445207889179043  0.62127157786186238  0.62911447132512088  0.63781654609629879
  0.64699201083110225  0.65637610331097906  0.66517341987817824  0.67272360196341241
  0.67988551338892678  0.68746207475914212  0.69513861052773163  0.70249305066809298
  0.70935727975843987  0.71641488798006470  0.72427399560306982  0.73376180046182726
  0.74443623876630094  0.75502498181868316  0.76607480146168683  0.77863903940174628
  0.79232509092433367  0.80685491569256429  0.82199000427754987  0.83820964986255686
  0.85570835939734391  0.87459862835506985  0.89260079561799699  0.90954004265457933
  0.92810265310345774  0.95198460584224343  0.97796958954202140  1.00000000000000000
 -0.00273354988462004  0.01029865816370033  0.02134369188350003  0.03285697523720046
  0.04442781851175477  0.05550300482926469  0.06686930562939357  0.07813208621673523
  0.08923478700241513  0.10022342709756102  0.11117708116844820  0.12146000065592130
  0.13063775221439797  0.13938127586757099  0.14843043666453079  0.15743699395016969
  0.16628550650547172  0.17562154402319352  0.18309660807707062  0.18968132794074347
  0.19713448518694066  0.20552234348834583  0.21568453423479469  0.22599125261944952
  0.23538233360220603  0.24398611376536847  0.25372567378898214  0.26355643185121364
  0.27332269418062849  0.28313934694659731  0.29347751798484661  0.30417621438013359
  0.31551108904140807  0.32692710901451427  0.33826205496167228  0.34842121024292499
  0.35838655704902178  0.36894818622693581  0.37949692113006073  0.38996525898879447
  0.40044767173139706  0.41411283719565845  0.42355102427411279  0.43393624896897220
  0.44343322732642132  0.45208487324079538  0.46033503737050407  0.46883845144835601
  0.47840252321968346  0.48957158321730337  0.50064733234086511  0.51112516183288026
  0.52117013847720561  0.53147439864368096  0.54209322143730820  0.55340190333495221
  0.56463267022055152  0.57486448507235743  0.58409363364947620  0.59353995814043792
  0.60367094482298245  0.61485922806010074  0.62549481440388000  0.63637463576708542
  0.64784346405367788  0.65942750554583984  0.67075740749819890  0.68189894459968470
  0.69271719819573285  0.70395681563154322  0.71482484997252982  0.72594641929943582
  0.73792677197713330  0.75079352108058306  0.76344218538370079  0.77467461570348295
  0.78530017320098633  0.79640033351836514  0.80834594993425279  0.82012222236031695
  0.83139100583924153  0.84304666902806047  0.85407100044304840  0.86532864406792664
  0.87627934591622714  0.88658887547689891  0.89681636355232086  0.90741733577764527
  0.91839967024876190  0.92983106340150334  0.94161501605988862  0.95375472267500871
  0.96496064824534877  0.97622703512767284  0.98725047506904684  1.00000000000000000
 -0.02738367742771423  0.14605754518691474  0.19363677220455397  0.22710640022237649
  0.24937539816902479  0.26307641199944781  0.27541301504974947  0.28692183312695191
  0.29725006752821498  0.30709923703329400  0.31667846411459549  0.32651170141350150
  0.33578429130169307  0.34396555464294165  0.35145299549217518  0.35862354449168410
  0.36554902529990263  0.37271459521683165  0.37901246792217902  0.38452631671768567
  0.38949170032283209  0.39425320489280025  0.39902794386469842  0.40377952272328482
  0.40845943337599960  0.41319146347179048  0.41786918329471689  0.42241522766196732
  0.42693536130437093  0.43152542980253067  0.43605532895158167  0.44079799153470350
  0.44556094976077554  0.45021173378462842  0.45465838346494841  0.45889736029447892
  0.46312375210417545  0.46744561263057460  0.47171050106443768  0.47582098996607647
  0.47976342975523917  0.48373080940832341  0.48777577548749568  0.49187787905552921
  0.49626107694665317  0.50097679464077671  0.50539212778709486  0.50963419458015313
  0.51362489474922746  0.51736660137103485  0.52086146563263336  0.52437401617726920
  0.52817271916071240  0.53222857824523939  0.53648899049615961  0.54084559315222991
  0.54522891680588137  0.54967251403056616  0.55417819832982507  0.55870314941475785
  0.56318120504465241  0.56760419440955978  0.57208767884144163  0.57664205130703272
  0.58112587358772494  0.58554983130307425  0.59027350168323578  0.59487674834028059
  0.59954356443219436  0.60429799669984463  0.60897876142194141  0.61366132427673870
  0.61842827709111425  0.62335614143073581  0.62837038090167330  0.63344994199552140
  0.63835425996833073  0.64363787608379730  0.64937593762593149  0.65557686442511476
  0.66216366880076305  0.66894179957537103  0.67640077631472939  0.68456304671545032
  0.69338711708811041  0.70266033260095595  0.71247660943172664  0.72280767834080872
  0.73507273684930241  0.74921984942836650  0.76471232604202188  0.78137074817649588
  0.79994663602558425  0.82386823529562070  0.86860654535432313  1.00000000000000000
 -0.00379370249193232  0.01320383342908079  0.02529311681432411  0.03579640881545164
  0.04617361580121169  0.05658165423956107  0.06553311781932331  0.07404881388904680
  0.08296834149324023  0.09075272146536742  0.09819542303832611  0.10591579275221023
  0.11436124717956780  0.12290345032137870  0.13211953876714444  0.14187469429884209
  0.15147442866821934  0.16103482755994405  0.17109242242209061  0.18154840178964488
  0.19255197626324025  0.20495473110853243  0.21766697063545631  0.23072989379870421
  0.24332507362680517  0.25561101472938685  0.26741195533836443  0.28000642203596277
  0.29236076032247599  0.30441877597830241  0.31622947096755444  0.32785556291699225
  0.33914023874866078  0.35015959653910328  0.36107272954552466  0.37186397989561315
  0.38239189533545659  0.39230704733365235  0.40175004259770525  0.41169471954495929
  0.42270694547768140  0.43400092507761134  0.44489050820873288  0.45559651460209999
  0.46683246327901162  0.47866309857839984  0.49092143216631184  0.50267877664989402
  0.51398686170126862  0.52468015697486636  0.53432878241801762  0.54305288549420194
  0.55123166036912730  0.55999475955575062  0.56815562263231401  0.57610587522473866
  0.58445850825480694  0.59339225563149112  0.60131680646029273  0.61061325918125531
  0.62066394494685651  0.63147396649653464  0.64325305603711469  0.65537734338214682
  0.66711483265368465  0.67896887496663483  0.68995243552867636  0.69999019203440271
  0.70986398852682109  0.71978464514931040  0.72954411036806111  0.73894651877534812
  0.74836026982944459  0.75870056965079113  0.76895459065612748  0.77936398377788385
  0.78992660074848275  0.80097415374875847  0.81267051204455554  0.82458758611789995
  0.83612194657805605  0.84694594584713079  0.85766797940997919  0.86887449731016919
  0.88033877115440129  0.89117136845808298  0.90162961973737288  0.91199941804685447
  0.92284001004131933  0.93424365929470521  0.94619092013778949  0.95721308908744918
  0.96962643332221632  0.97950922114956618  0.98975286155820741  1.00000000000000000
 -0.00193561520281288  0.00833683582153984  0.01784868185325965  0.02874557923958564
  0.03951435810960559  0.05020829816611995  0.05994317510103982  0.06926882287703731
  0.07830043006467893  0.08850263846143326  0.09753283348608884  0.10599166430751093
  0.11455679303645093  0.12340414349056149  0.13352706125774585  0.14540910374275182
  0.15659876459821537  0.16750462387943740  0.17801566668082247  0.18828480689441526
  0.19944861971489278  0.21108790369344532  0.22358671697017887  0.23593065831131732
  0.24658379162137345  0.25693578163873815  0.26735461815836781  0.27891022080485844
  0.29018487083052907  0.30216669253480127  0.31430974331663486  0.32658395036137045
  0.33862362565334703  0.35035592072939281  0.36201487889471129  0.37371579748452477
  0.38536521224055215  0.39688146953364756  0.40849019225127864  0.41958999820909576
  0.42996270569634876  0.44042110457753625  0.45028402825505393  0.45920077995614555
  0.46766988995815761  0.47686094736515600  0.48802401565049369  0.50004547109667452
  0.51198325259475541  0.52367628011131939  0.53536165587745099  0.54696736548631064
  0.55833204930583469  0.56832853757264401  0.57706257883032042  0.58505706980881877
  0.59330416470545833  0.60219788733718493  0.61081306107305455  0.61869275988209305
  0.62782793006457738  0.63888389125191514  0.64863870430554482  0.65757052554277018
  0.66675530500414482  0.67591306844243293  0.68616677329999076  0.69705651017745462
  0.70881377567959258  0.72049598229562062  0.73201989452453498  0.74302079433428603
  0.75366978848162836  0.76453318284680005  0.77556916981385260  0.78589107595501295
  0.79492137775384764  0.80383359183788283  0.81235320479518147  0.82180234290456888
  0.83131929075263167  0.84180811192712302  0.85291372910073471  0.86331517404279168
  0.87286978955002059  0.88236019389379927  0.89257175440895375  0.90353911450284707
  0.91447637839205165  0.92546860295403943  0.93689798590622275  0.94894422304852888
  0.96283123930776526  0.97560949552536236  0.98788855133700137  1.00000000000000000
  0.13297305062019171  0.26148448428519400  0.31334059772692269  0.34456184467439127
  0.36846187648095874  0.38785821296364953  0.40358624108649033  0.41764890447834102
  0.43039984256107466  0.44243688573423040  0.45389897501082493  0.46480923738505098
  0.47548391273859392  0.48499412909219058  0.49338035122258866  0.50132443256332004
  0.50819393090115117  0.51476756359284925  0.52073947022462896  0.52660962636280084
  0.53232819091428918  0.53797558385628186  0.54338227656777138  0.54855572633654071
  0.55353239880773786  0.55822362107488488  0.56289525504455673  0.56785190441628641
  0.57279726872371473  0.57777060404954217  0.58287735618283376  0.58690046191936041
  0.59082293269952080  0.59511588855580722  0.59926037078714167  0.60312375711156896
  0.60675002078561890  0.61025281803388531  0.61373830237851101  0.61720403763242870
  0.62049929231434919  0.62383290030780647  0.62713371567224763  0.63045261009178299
  0.63382594293348848  0.63719151286223563  0.64038982482650653  0.64385772763645477
  0.64759634589433612  0.65141762392616676  0.65515849184721997  0.65872583576235388
  0.66220507298147402  0.66576533060912180  0.66927556718319647  0.67274241533370938
  0.67624177944807773  0.67977092615103685  0.68340095847986448  0.68713314205872522
  0.69086588521660053  0.69457211528163820  0.69817632801111373  0.70196151538834162
  0.70558036660604229  0.70921364670827802  0.71290608825980217  0.71661790482549714
  0.72037411950539099  0.72425342263781844  0.72822912279754559  0.73217325130367739
  0.73615483639845369  0.74014513098731516  0.74424183811103684  0.74879886951931718
  0.75298616061284607  0.75724933078745627  0.76148192524304215  0.76589216103034063
  0.77024516014575473  0.77472770907395916  0.77984451790606035  0.78552823103197367
  0.79160791520065044  0.79790590342812839  0.80433739254502346  0.81122959091393954
  0.81862647123056320  0.82634455689698405  0.83469781629766926  0.84437735383553059
  0.85646005580983109  0.87180819791784869  0.89912821601708881  1.00000000000000000
 -0.03165132741848244  0.15806448584720634  0.19825019618369460  0.22261166553690190
  0.24116113500050268  0.25698570535411630  0.27154464947602475  0.28430699294602046
  0.29533430635415142  0.30499934164106812  0.31409485742344356  0.32271265565938878
  0.33094998529961611  0.33869187012336976  0.34600338699405186  0.35308390471863876
  0.36004326605024767  0.36667761628721546  0.37285074906351612  0.37859196245413662
  0.38465879188962498  0.39093138023725010  0.39659350334063631  0.40175508492469836
  0.40600818963413943  0.41017583161727855  0.41435829404971369  0.41875844775488780
  0.42344212081140081  0.42755376634044007  0.43142580933192270  0.43537274018479000
  0.43941750499840260  0.44357510632508146  0.44759120586379969  0.45153163657990270
  0.45519008792415416  0.45913727774164736  0.46330832072073436  0.46762581739150871
  0.47205924980402203  0.47656902879609964  0.48108009351602743  0.48549171726129298
  0.49005155680683454  0.49475099852834264  0.49937621524045672  0.50360872115093414
  0.50736977978396802  0.51113061311518493  0.51505255493470037  0.51901417549858420
  0.52302646882877590  0.52699804445766130  0.53089253551410143  0.53469525843402677
  0.53842690556546724  0.54222047745965918  0.54617532277762704  0.55048067731637451
  0.55444978750035967  0.55854078634786108  0.56260516661906690  0.56675402284324250
  0.57107533857274384  0.57531177226662589  0.57903165422579228  0.58313183695439941
  0.58732190608874524  0.59174856392338193  0.59642552820792227  0.60102933712261630
  0.60542505507178623  0.60988734084971286  0.61430333542087756  0.61903085704448646
  0.62455250795789463  0.63110126074254880  0.63813034851617312  0.64532983308232816
  0.65270466448646691  0.65998111624056388  0.66707693165813975  0.67357091859291296
  0.68066959628014356  0.68844301278773901  0.69623710682822315  0.70443466462425663
  0.71396956351036100  0.72456479972041044  0.73728456504206163  0.75385662570531642
  0.77467431924404551  0.80420639311136133  0.84869548565980057  1.00000000000000000
   7.5496823452921732E-015  -1.0000000000000000     
 T T T T T T T T T T T T T T T T T T T T T T T T T T T T T T T T T T T T T T T T T T T T T T T T T T T T T T T T T T T T T T T T F F F F F F F F F F F F F F F F F F F F F F F F F F F F F F F F F F F F F F F F F F F F F F F F F F F F F F F F F F F F F F F F
  <DiscreteSampler_grid>
  grouped_processes
  1 # 1 for a reference and 2 for a running grid.
  10 # Attribute 'min_bin_probing_points' of the grid.
  1 # Attribute 'grid_mode' of the grid. 1=='default',2=='initialization'
  0.0000000000000000 # Attribute 'small_contrib_threshold' of the grid.
  0.5000000000000000 # Attribute 'damping_power' of the grid.
 # binID   n_entries weight   weight_sqr   abs_weight
    10   10   1.213489027042093E-002   1.444705640583038E-003   1.213489027042093E-002
    16   10   1.213489027042092E-002   1.444705640583037E-003   1.213489027042092E-002
  </DiscreteSampler_grid>
