  0.01449706643888456  0.01493361821286922  0.01519446227141649  0.01544209508573854
  0.01564957180398299  0.01583996231712163  0.01602431221144832  0.01621699002440830
  0.01641031377404691  0.01658534153397520  0.01674978579837494  0.01691296694099047
  0.01707414303980798  0.01724173932919396  0.01741863202452624  0.01757916437534490
  0.01772861746474441  0.01789027505257499  0.01805451792709774  0.01823250336903698
  0.01840859374932028  0.01858902409337301  0.01876869687676560  0.01895202903306033
  0.01913914363883914  0.01932348511634279  0.01950275093865383  0.01968105299197077
  0.01986369096712591  0.02004703277596825  0.02023127565509153  0.02042162488501967
  0.02061480465317939  0.02081269415521422  0.02102194739118297  0.02123700523805517
  0.02145170658266417  0.02166370616921842  0.02187214073931259  0.02207593228862723
  0.02227919727489653  0.02249411896145581  0.02272196966741600  0.02295305634714737
  0.02318101772638779  0.02340680157061971  0.02363522049503357  0.02386870115413047
  0.02410447272467013  0.02434548863494882  0.02459663557387230  0.02486808582353620
  0.02516009506644524  0.02546275603221884  0.02576834308425544  0.02607974507036511
  0.02638726327518573  0.02668587994720850  0.02698977515394515  0.02731367223127695
  0.02766106939091055  0.02803237976452842  0.02843059927030729  0.02885435982039776
  0.02928528766774378  0.02972384960162355  0.03017441937103534  0.03063514049361408
  0.03111675147100185  0.03161432498830698  0.03213719652929367  0.03266831802742041
  0.03323234849037548  0.03387415919862929  0.03455534380582897  0.03526761826829571
  0.03602300290615023  0.03682260292255208  0.03769706172443868  0.03866660388986057
  0.03975513846766636  0.04096335975098424  0.04227926744686347  0.04373325180165252
  0.04544682302905948  0.04739320844197321  0.04948137411891298  0.05194658709861249
  0.05469698873613370  0.05826580483226607  0.06250929468387971  0.06920282410818247
  0.08104018762932715  0.10620531599532075  0.56685119357180125  1.00000000000000000
  0.00132783807294610  0.00428980414351785  0.00477347086148215  0.00515805258702883
  0.00545981245237222  0.00573944618286388  0.00599322259445379  0.00621229471548724
  0.00641736559623701  0.00662189520406960  0.00680387536137482  0.00698656456919334
  0.00718291378128332  0.00737833347189170  0.00757395344713889  0.00777156889111299
  0.00795685865705517  0.00814406491990094  0.00833338112578390  0.00852971507187442
  0.00873423465226057  0.00894634045617215  0.00915997953371081  0.00937331395390749
  0.00957590692410334  0.00977226024661075  0.00997644207712396  0.01020362069264353
  0.01043765299826339  0.01069319405076451  0.01095581915083270  0.01120786219875080
  0.01147394677525682  0.01173052287707597  0.01197071492164089  0.01220692352827845
  0.01245492203162846  0.01271236295198595  0.01298691149977398  0.01326649486438544
  0.01356153113595975  0.01385140750692094  0.01414025718486268  0.01442569233784089
  0.01471828481720484  0.01500528934145390  0.01529987760354134  0.01560440088266860
  0.01592278095063114  0.01624048380887978  0.01656900810007611  0.01690126438473134
  0.01723323774325264  0.01756224887552432  0.01789189286837881  0.01823968319731677
  0.01860038097676563  0.01896952656584437  0.01935111194394354  0.01976157332623363
  0.02017733824788500  0.02058957616552372  0.02100700352415606  0.02144824598579684
  0.02187278709621587  0.02236252565076092  0.02288013793088088  0.02341606491916436
  0.02397889645380984  0.02456971965539673  0.02519711516566071  0.02582365722459881
  0.02647203326377038  0.02715820311015794  0.02789245056501042  0.02868352422507452
  0.02951078766358353  0.03038053146986866  0.03128682523332605  0.03222198123325400
  0.03320895648556860  0.03430021262866208  0.03551204934289263  0.03689384693805343
  0.03847352518591469  0.04018988026796168  0.04212576453538840  0.04451273174068662
  0.04755407849307537  0.05119074120308956  0.05526584785786480  0.06031207465397675
  0.06790945872392408  0.08745231041437693  0.52986441703614773  1.00000000000000000
  0.00326498292413210  0.00449059917031791  0.00542387836338966  0.00629578318337777
  0.00704438401620116  0.00761477095327926  0.00805563331152329  0.00853028039240366
  0.00895799863812612  0.00939033635317074  0.00983280258341239  0.01022828409564555
  0.01060621207166465  0.01102078497446123  0.01145703020235534  0.01188563564182561
  0.01231727826783934  0.01274062675304040  0.01315251310763673  0.01357274967181679
  0.01399542253045123  0.01439753984374013  0.01480306702004167  0.01522696139833692
  0.01567964665056776  0.01613323114689412  0.01660817315257909  0.01710899617888668
  0.01762275586384441  0.01813204811744249  0.01863385448375455  0.01911877135252909
  0.01959623270066546  0.02007604117141607  0.02057423143242646  0.02109965512506790
  0.02163818922011515  0.02218450531856497  0.02274514582096037  0.02332115215646828
  0.02390389709799153  0.02448480358388782  0.02506759006284563  0.02565493787029259
  0.02623486650901120  0.02679818839937397  0.02735376444737767  0.02791971166278401
  0.02850554393808445  0.02910808578383228  0.02972660183658659  0.03035867402245322
  0.03098810545907115  0.03160649659916469  0.03222609533271396  0.03284095322391486
  0.03346677609345432  0.03413305355234147  0.03484084561067119  0.03555279025766510
  0.03627763593922802  0.03702229853858326  0.03777767222250187  0.03855587649320639
  0.03935356501897871  0.04019114276935574  0.04112151496169496  0.04209544286444785
  0.04308743013749151  0.04409230993473347  0.04513465876546295  0.04622229733253599
  0.04736838027856527  0.04856915496060187  0.04977151785933862  0.05097513554556053
  0.05216368254688171  0.05332556813066600  0.05464569248984803  0.05604621747543703
  0.05750431434788791  0.05907353213326848  0.06088436863284107  0.06288351822450135
  0.06499939944140222  0.06730624694861352  0.06984579291954458  0.07260205873502308
  0.07636805448908286  0.08063815970495011  0.08536043020709821  0.09083354005551869
  0.09784140155437816  0.10673594679219817  0.11703035553769713  1.00000000000000000
 -0.01450198817285487  0.06754502830928605  0.10416798108608202  0.13274528982121672
  0.15596176394484418  0.17451288142216725  0.19092953817788574  0.20548826078067928
  0.21840379381153951  0.22992251555133317  0.24069902630688839  0.25124763826749247
  0.26149877666713317  0.27133285918207845  0.28031569941753331  0.28776345656816438
  0.29534588443038468  0.30316590556280198  0.31133386950185477  0.31933244480234385
  0.32694971648065879  0.33439973055960726  0.34191721293566374  0.34944076175720162
  0.35697412221815905  0.36437434069963859  0.37166297288329825  0.37882933841939803
  0.38570637263357022  0.39216956992210278  0.39824042305180385  0.40415188671438196
  0.41026289175928105  0.41637368484335480  0.42166168088847655  0.42664415921144894
  0.43168727640044757  0.43702982889794484  0.44247356090149736  0.44775410049727055
  0.45275887562976824  0.45783225730575738  0.46307755575965243  0.46835925198581196
  0.47347963193000042  0.47858948035270926  0.48401686138691319  0.48951697374267006
  0.49506995902555623  0.50090338136881951  0.50682535827826292  0.51274321475093843
  0.51865257471189707  0.52452087615890175  0.53029429973058761  0.53630390320083166
  0.54233469476167162  0.54831571494641795  0.55426628636035857  0.56038005718214556
  0.56600670500758810  0.57164010400727538  0.57723703250177705  0.58337174849057949
  0.59006942315330868  0.59707141766683147  0.60392055103602338  0.61061911650973699
  0.61705453492957552  0.62380413687948566  0.63029850466187443  0.63714015256297662
  0.64424503306963943  0.65108236635462169  0.65776876848936194  0.66452523955358400
  0.67175258690368178  0.67951562808626309  0.68741787902289631  0.69539916033619464
  0.70372816517030701  0.71254252096444481  0.72205004258362337  0.73155162791749384
  0.74180367847986262  0.75238193355620486  0.76576219969296522  0.77951084186788244
  0.79345550825624467  0.80867535744623420  0.82370147515990233  0.84096153960429387
  0.86181158986211703  0.89020425354673149  0.92982406971181364  1.00000000000000000
 -0.00246693838614215  0.00996118448088168  0.01998868705823390  0.03152238009229380
  0.04219647934633755  0.05251361677785444  0.06264522474832515  0.07420004184429713
  0.08695850465045511  0.09782970922395283  0.10816131021377345  0.11772139616650959
  0.12776696549743974  0.13817316472912641  0.14915790007567925  0.15993907242470440
  0.17125001427878450  0.18250849131135266  0.19346417099474461  0.20395794652488669
  0.21406719410165193  0.22437655676281526  0.23461527520091222  0.24498233703101743
  0.25553334623323193  0.26628841255763108  0.27707385383280320  0.28779404867969521
  0.29850817291749088  0.30919219554825156  0.31944385966578054  0.32957422267009251
  0.33962927085389477  0.34967056570842259  0.36052396058111269  0.37089157656671656
  0.38124861104422009  0.39172555885893862  0.40236103994532313  0.41310774198932076
  0.42377039177104470  0.43429535642030614  0.44497307633433514  0.45591979805669292
  0.46681762805790872  0.47692428643276746  0.48637062593058039  0.49557099640245911
  0.50499364296630056  0.51506141704529862  0.52578654394397406  0.53670033467909461
  0.54703694891149746  0.55683603255772385  0.56655881052308354  0.57618830009732680
  0.58583520336060668  0.59519850755012405  0.60422587821285589  0.61425654464392021
  0.62378624382915149  0.63310566065092388  0.64239272411908810  0.65255764914647374
  0.66234106858084663  0.67200962042868817  0.68147614619106578  0.69103119281308012
  0.70142555893246350  0.71184862413513461  0.72265039109506024  0.73416384495812603
  0.74609492309750503  0.75746080108136615  0.76846155043978126  0.77961281037152774
  0.79074344350691916  0.80179719739425037  0.81262025352864486  0.82374502366217828
  0.83437827637094919  0.84432326562958049  0.85375942607491317  0.86360272652897507
  0.87320620173336894  0.88315450858824807  0.89346514395928656  0.90470387571035460
  0.91658094626732456  0.92816417498562220  0.93986921517972677  0.95144068055500342
  0.96296571780733686  0.97471048730574306  0.98723601735977984  1.00000000000000000
 -0.00288856804891905  0.01100282420937538  0.02201784177735779  0.03330741271576272
  0.04409906010287325  0.05396771270578248  0.06377891322678875  0.07385140913380986
  0.08452112069393268  0.09509253582544382  0.10566830297666187  0.11758732666338588
  0.12983835648986994  0.14165195645495651  0.15327642068967395  0.16447979335475360
  0.17507146389770006  0.18538346131783190  0.19512781722606443  0.20472658887886985
  0.21443950698733999  0.22417387318948398  0.23426365914288896  0.24472606053481796
  0.25522926479472841  0.26547788835962399  0.27563410313261255  0.28576132510998709
  0.29575182260402744  0.30567537155519331  0.31613999641417456  0.32730479921489480
  0.33856053977366107  0.34949892462124144  0.36016080681811002  0.37091366657945102
  0.38186439896627683  0.39256135323849750  0.40284984752110325  0.41321775549125356
  0.42397930220623048  0.43447201312332140  0.44453904502048031  0.45433659287408945
  0.46440327678527488  0.47485117598036714  0.48547344043784313  0.49626379767022399
  0.50711738245775062  0.51790346406067511  0.52862913363820729  0.53967643267085863
  0.55013731763905716  0.55982479680016783  0.56992032086643907  0.58075524274314150
  0.59178762124083806  0.60272119172086214  0.61359896629889343  0.62425349859281209
  0.63486412709696727  0.64542076957122130  0.65575121785103585  0.66571856645163741
  0.67558803391636157  0.68577843672576844  0.69692831931921861  0.70845345402629822
  0.71898801432599768  0.72840952206852683  0.73789612557760265  0.74837458993301398
  0.75905691247183016  0.77013522294676395  0.78131114611300601  0.79232860670033844
  0.80291807414043781  0.81351841769885469  0.82449218521348788  0.83625740113654701
  0.84773958235247360  0.85843224954931896  0.86881762117201833  0.87935750378288524
  0.88994611520146349  0.90011589606849829  0.90986447491514211  0.91981596623069395
  0.92991535834245009  0.94010053455743969  0.95008919032834938  0.96066621524070250
  0.97115109092795271  0.98095201387102260  0.99053685412837766  1.00000000000000000
  0.01585193627604334  0.02917511673292137  0.03449211027523340  0.03789736713138431
  0.04065659726743424  0.04303929416285081  0.04518160647704329  0.04714949885003900
  0.04898124678275408  0.05071298091013302  0.05236754171947731  0.05396119544325963
  0.05550738901713862  0.05700818095945023  0.05845391540286632  0.05988005714565527
  0.06128301091227344  0.06259635891450382  0.06384421102226766  0.06506957909463087
  0.06632191316621586  0.06752442846381096  0.06869946951417299  0.06989572180784955
  0.07110041499243198  0.07228377894904724  0.07346684941318016  0.07466910653160262
  0.07590081424665167  0.07711473196324278  0.07829657774153520  0.07947457849249684
  0.08064930578484396  0.08185972165989483  0.08311795804087482  0.08440721104366250
  0.08574411206201918  0.08709139770810928  0.08840083871509792  0.08968842410070567
  0.09100126072703624  0.09225520410635636  0.09349298589671606  0.09470948293837428
  0.09588951560979629  0.09714921821866734  0.09848528143788868  0.09979641950512620
  0.10113724391883155  0.10249619095978477  0.10386107287452223  0.10522984159031606
  0.10662278761420910  0.10809788046104465  0.10967605575705600  0.11124371514777562
  0.11283679844773147  0.11454661294663834  0.11641851072111822  0.11832761389397356
  0.12009536440790580  0.12165417133847523  0.12320681016877537  0.12465700220898171
  0.12651716400772561  0.12858952036021659  0.13060190727964199  0.13262217393261119
  0.13466828093234798  0.13671374932358785  0.13875091066569953  0.14072767750177850
  0.14270569215510764  0.14485823451163982  0.14730228951701477  0.14983060673083257
  0.15204828478854704  0.15450913473207017  0.15746950531269582  0.16117546148143228
  0.16570373734992122  0.17047598081442525  0.17505006239558168  0.17991679309386274
  0.18543447650567149  0.19159306213971891  0.19898376791269051  0.20810540424076598
  0.21691029553452307  0.22262429831824695  0.22833830110197081  0.23648926130729775
  0.24483317117777087  0.25944354963339722  0.27722581259110685  1.00000000000000000
 -0.00209874789310801  0.00810394613908004  0.01701428753119781  0.02736307694615935
  0.03779845879315157  0.04796694179259624  0.05774432776167166  0.06754505632799770
  0.07767066933630250  0.08725425730754641  0.09669536453858632  0.10623975165342338
  0.11586219022477355  0.12573512883840335  0.13550301374911497  0.14483462359144403
  0.15393212061432940  0.16302416624133870  0.17227484122750811  0.18151575927703947
  0.19072224195243873  0.19980371206595590  0.20903909752434408  0.21866474458702873
  0.22840037050378187  0.23817612478418931  0.24800027472550870  0.25779330880618551
  0.26742937184421678  0.27740568969101920  0.28783572620307396  0.29836789434135547
  0.30906369684508300  0.32014150807212438  0.33187167760546493  0.34438313650585622
  0.35719613235236120  0.36941570323553924  0.38211252431003173  0.39547396565848925
  0.40879203685385601  0.42112204696277433  0.43280725098638528  0.44463216175245207
  0.45687721417077820  0.47030139859663528  0.48380221690521791  0.49850901003994830
  0.51219056213784420  0.52554109823337425  0.53895131967570342  0.55315941521499701
  0.56720094922003794  0.57994107267627104  0.59099121030691049  0.60147776271215836
  0.61208056818587997  0.62294507344602745  0.63425118253109525  0.64519771429198469
  0.65674830369048842  0.66805519819059278  0.67955056052435925  0.69029009122946550
  0.70082714188328510  0.71136611237104141  0.72214559248949384  0.73313763097514872
  0.74432375064229073  0.75522337332663747  0.76528969919311263  0.77461236811327450
  0.78381387755957255  0.79314709118719473  0.80260872050221255  0.81197289551938745
  0.82107624102624188  0.83007187597689780  0.83899790971817478  0.84812406959196251
  0.85779146895060321  0.86783760601507942  0.87788544523536771  0.88777800291493603
  0.89758888246878166  0.90750194389233096  0.91741136575069471  0.92680861976137141
  0.93589977949828229  0.94487901888800474  0.95382986090109123  0.96268920771800570
  0.97124534064275991  0.97989658480004604  0.98918781830649016  1.00000000000000000
  0.10158357223517189  0.31152015188434840  0.36675746700390482  0.39915393392521636
  0.42565723409800110  0.44619493873809163  0.46078346184133223  0.47245468054012912
  0.48312955902212923  0.49294114514293741  0.50216170712088604  0.51060734389659068
  0.51859341342137055  0.52645511616992779  0.53431970065805745  0.54158655882810747
  0.54781193473498135  0.55360974468902779  0.55929536583861628  0.56482828167515731
  0.57031530081413628  0.57556058158939993  0.58052732937744145  0.58528726262478181
  0.59002385178739480  0.59485456484847166  0.59954410165339855  0.60398606043175862
  0.60838531707124610  0.61288178262893989  0.61711035844225082  0.62123539623618806
  0.62531309585629868  0.62916405404280440  0.63292539230197875  0.63659845666333481
  0.64032042748614582  0.64385577718473352  0.64721533464644576  0.65050013944669705
  0.65377724716851005  0.65706859283969654  0.66030907264840932  0.66341915168998422
  0.66640745927586931  0.66934036143199371  0.67229425422818423  0.67532830862709703
  0.67840206865484487  0.68134373014774363  0.68424924693177658  0.68715492122827515
  0.69013113170832385  0.69320678501198252  0.69628491157643579  0.69941748092614286
  0.70246645485030690  0.70543273796561690  0.70850716155093518  0.71164606124571572
  0.71470783242815028  0.71776878264780053  0.72070628021043359  0.72350768234773299
  0.72633993441811062  0.72919550817240208  0.73205475175566670  0.73495820583013027
  0.73794596728417239  0.74096205156770789  0.74398205595079170  0.74703883888182565
  0.75020552006761199  0.75349916807072648  0.75684487227036812  0.76022861162423949
  0.76366549885892221  0.76720015018709453  0.77098423918546133  0.77500541443946513
  0.77915370493085068  0.78330880325351149  0.78746795321730745  0.79182160138614210
  0.79647376104882472  0.80142728815280861  0.80663689898459601  0.81181789306905094
  0.81814757951250394  0.82486120865550494  0.83248045626707490  0.84159441401682067
  0.85196070384934175  0.86526356536938087  0.88953412569075752  1.00000000000000000
 -0.03789002645920395  0.17345464702428998  0.21635203384295659  0.23982628543865539
  0.25748116040465358  0.27347936675396528  0.28732733713394470  0.29849107802057417
  0.30786080468776461  0.31651783260451744  0.32468681022550661  0.33222706964104559
  0.33937269065713493  0.34629053340425592  0.35260697263941543  0.35855527829483130
  0.36404833886134008  0.36941574344751493  0.37462235563936008  0.37971407966689980
  0.38492176041584525  0.39051435921824701  0.39598357387003985  0.40089589472642573
  0.40533858798048111  0.40959626674811767  0.41385564939274377  0.41826439243948660
  0.42268684124235584  0.42683741208081877  0.43081529294773424  0.43483770074255290
  0.43889822864501332  0.44300628186667185  0.44691502299808838  0.45075229239961917
  0.45453964753293769  0.45822898005311119  0.46174460956122065  0.46530991024345381
  0.46897023186405917  0.47260692569154439  0.47614364462080305  0.47962355579881755
  0.48305747886472822  0.48645903068465252  0.48992013467158319  0.49340937808763768
  0.49673143230914646  0.50006288703019353  0.50348145466433725  0.50708225539279062
  0.51077757518638167  0.51446244276841557  0.51812382169941873  0.52196820325945803
  0.52603752274133175  0.53027849678002814  0.53452389903847797  0.53865950978514121
  0.54268361263773079  0.54668204624367389  0.55080388280201598  0.55492768890547983
  0.55893857103168632  0.56324278161583041  0.56769134275279243  0.57221715653356198
  0.57661890148851336  0.58096182660845219  0.58542880079991944  0.58998493622112225
  0.59499524930386427  0.60019105468268197  0.60532635395875345  0.61046163780422402
  0.61569072926199553  0.62111809228607329  0.62675600259258712  0.63225961170166955
  0.63762371855960065  0.64330667524143725  0.64967847615066554  0.65698946344097375
  0.66498427638510893  0.67358059246458624  0.68313025318121245  0.69295237679601906
  0.70296887932117746  0.71441576008507424  0.72734606361710752  0.74337506676622589
  0.76198571574782537  0.78721391048100497  0.82940729486019993  1.00000000000000000
   6.2408868065209358E-013  -1.0000000000000000     
 T T T T T T T T T T T T T T T T T T T T T T T T T T T T T T T T T T T T T T T T T T T T T T T T T T T T T T T T T T T T T T T T F F F F F F F F F F F F F F F F F F F F F F F F F F F F F F F F F F F F F F F F F F F F F F F F F F F F F F F F F F F F F F F F
  <DiscreteSampler_grid>
  grouped_processes
  1 # 1 for a reference and 2 for a running grid.
  10 # Attribute 'min_bin_probing_points' of the grid.
  1 # Attribute 'grid_mode' of the grid. 1=='default',2=='initialization'
  0.0000000000000000 # Attribute 'small_contrib_threshold' of the grid.
  0.5000000000000000 # Attribute 'damping_power' of the grid.
 # binID   n_entries weight   weight_sqr   abs_weight
    10   10   1.360662365990263E-003   3.226449390214984E-006   1.360662365990263E-003
    16   10   1.360662365990264E-003   3.226449390214986E-006   1.360662365990264E-003
    22   10   1.360662365990264E-003   3.226449390214984E-006   1.360662365990264E-003
    28   10   1.360662365990264E-003   3.226449390214987E-006   1.360662365990264E-003
  </DiscreteSampler_grid>
