  0.00024581195148609  0.00029179159324104  0.00032671760044206  0.00035997114105368
  0.00038460796920907  0.00040303607008737  0.00041753937792350  0.00043101881668578
  0.00044482202954496  0.00046043285231892  0.00047652276152380  0.00049324059327046
  0.00050892746890413  0.00052434188191449  0.00054039004673945  0.00055667991292449
  0.00057297068460202  0.00058919589741724  0.00060403173561089  0.00062042683389285
  0.00063826318377926  0.00065670617305349  0.00067380858699894  0.00069011758423250
  0.00070734637190363  0.00072460438933848  0.00074246914585276  0.00076019732429212
  0.00077757510649144  0.00079566394212408  0.00081389414929899  0.00083200482280514
  0.00085008499705280  0.00086839764022340  0.00088715630029760  0.00091008929121261
  0.00093357454972876  0.00095682085453182  0.00098048210352405  0.00100478764490225
  0.00102937895783230  0.00105351973559447  0.00107544974635233  0.00110233534601484
  0.00113080023538379  0.00115884719160406  0.00118810674726316  0.00121812311421547
  0.00124878561279990  0.00128128090767917  0.00131576212814485  0.00135368725955351
  0.00139712329586964  0.00144119088043605  0.00148499102767885  0.00152963162529635
  0.00157505691521992  0.00161866951038823  0.00166654125981448  0.00171567980855541
  0.00176555586734047  0.00181681284952827  0.00187045197358047  0.00192527188905040
  0.00198373666588320  0.00205162898554116  0.00212317968499417  0.00219625869270177
  0.00227556391228127  0.00235902844696827  0.00244903668966148  0.00254527968496834
  0.00264569082860532  0.00275646090793310  0.00287092417497094  0.00299480672446807
  0.00312919245973926  0.00324708525999341  0.00339709865353879  0.00354842734896503
  0.00372300412739225  0.00394038633018618  0.00417515940098762  0.00444787415761302
  0.00475935961816145  0.00511705810032502  0.00556026604663586  0.00614460256701547
  0.00689118403780547  0.00779068492812938  0.00889133914141453  0.01046032629990087
  0.01290875671209079  0.01721692014847881  0.02936585478532526  1.00000000000000000
  0.00044329459504202  0.00065910873893697  0.00076774838786219  0.00084358100376647
  0.00093742190680256  0.00103407703762612  0.00110946229733021  0.00116874493875387
  0.00122749819717969  0.00127992421565528  0.00133377112289915  0.00139102968088352
  0.00145684919128996  0.00153216540996051  0.00160164131364864  0.00166161279175011
  0.00172038612043025  0.00178363191034602  0.00185532288722650  0.00193617382239798
  0.00200871979955384  0.00207523191044287  0.00214078649768380  0.00220732304165281
  0.00228664078746794  0.00237159073330075  0.00245701774616688  0.00254387839480685
  0.00263274101417986  0.00272209494773885  0.00281012620748341  0.00289556979074857
  0.00298309496514266  0.00307523000184424  0.00317235270095496  0.00327212207639613
  0.00337029632500404  0.00346760524865350  0.00356695634377919  0.00366906579887930
  0.00377262268633142  0.00387536371882943  0.00397366792368319  0.00407946832205033
  0.00418959708619286  0.00430347437921901  0.00443042199705098  0.00456533849927571
  0.00470483657667568  0.00484791424583585  0.00499819325961949  0.00515929206974017
  0.00532124014482451  0.00547445865532847  0.00563393970831126  0.00580084888279929
  0.00597363603123359  0.00614864585353974  0.00632249808289952  0.00649980450035907
  0.00668827930212905  0.00689198292290412  0.00710042308132224  0.00731319075556181
  0.00754944064361647  0.00780680579298111  0.00807123604902318  0.00834470899726466
  0.00861912793529604  0.00889829312706785  0.00921387081046502  0.00953734848990820
  0.00984463195398635  0.01018898374541033  0.01054523265758546  0.01091741554128350
  0.01137497713164778  0.01186585511168618  0.01241077954538927  0.01298490243944345
  0.01361936869224498  0.01435760239110593  0.01518718049716900  0.01615038029524550
  0.01726141345717700  0.01859918235013679  0.02003484678248665  0.02167380266063152
  0.02339735668980388  0.02547669357832470  0.02878255717523863  0.03333995177472684
  0.04013195578159512  0.05182237551575177  0.66888194152616709  1.00000000000000000
  0.00152256537861586  0.00346721933510636  0.00401854574257699  0.00457734966978907
  0.00513735365891062  0.00573346101449594  0.00634118637244080  0.00654663405902011
  0.00670748003640652  0.00689971943553433  0.00709248470643076  0.00727990483255788
  0.00752554481808738  0.00777170208845206  0.00800465363665180  0.00823034799996622
  0.00846610125105069  0.00869438703989291  0.00892740066115509  0.00915382312765901
  0.00937838938111299  0.00959760143407102  0.00980461074703864  0.01000703594380970
  0.01021466538358315  0.01041867809028230  0.01063541722163839  0.01085113440369487
  0.01107455075563626  0.01130886041826818  0.01154891035930531  0.01178890979602839
  0.01202537689922202  0.01225477190333718  0.01248307997119695  0.01271420529308227
  0.01295076025915626  0.01319043432801616  0.01344482879861825  0.01370773935724742
  0.01396744978662638  0.01422851699911228  0.01449093097971971  0.01476022755209937
  0.01504149274878031  0.01532460805782425  0.01560238224695548  0.01587612129489672
  0.01615329051260560  0.01644917067416897  0.01674469252828908  0.01703541007849316
  0.01734059925506546  0.01764613439376396  0.01796188094264902  0.01829498071593563
  0.01865403164857036  0.01900886187502945  0.01937917329003834  0.01974387132393275
  0.02012536179453937  0.02049394867344449  0.02087488262846216  0.02129047588895709
  0.02171902958483538  0.02218981259976974  0.02271561317719318  0.02324173633257721
  0.02379018039419227  0.02436860030743863  0.02500355300751397  0.02566045343314827
  0.02625702932407400  0.02684680208101849  0.02746252315516777  0.02815531634261051
  0.02891110287512868  0.02975691059111198  0.03087085390019173  0.03200643406670696
  0.03317566206396573  0.03437820138510631  0.03568079169210094  0.03712209932962391
  0.03886423163281229  0.04074283587865959  0.04279882410419129  0.04492432473117926
  0.04716618901805485  0.04963581708263114  0.05223917068929260  0.05634667590679497
  0.06315892956952288  0.07239405024156531  0.08745320199680037  1.00000000000000000
 -0.00207920568156474  0.00804364403756263  0.01679396693665435  0.02609885646933570
  0.03634823095427618  0.04677130782196024  0.05727762920660787  0.06841168620969958
  0.08022903142022519  0.09261056185489754  0.10480821422535068  0.11717736915233691
  0.13002317535065783  0.14194237627421455  0.15320736486690933  0.16397507621557189
  0.17444525778687212  0.18439918543520040  0.19398098414600554  0.20342417804134252
  0.21281460263193175  0.22226147830447765  0.23254758552517443  0.24340240635910004
  0.25442629902064867  0.26604646843818924  0.27740053535132020  0.28800501839018983
  0.29821366759922197  0.30814070389589221  0.31874714965514267  0.33017071367859818
  0.34072623233083321  0.35024302443669408  0.35943977641238994  0.36866802885561722
  0.37803632964451156  0.38692832303440111  0.39627906052869505  0.40642211261018851
  0.41668691714601047  0.42806101382674272  0.44026602525723374  0.45269312129656203
  0.46448830632196697  0.47567504981060882  0.48582372922311440  0.49506625246597963
  0.50391091445539971  0.51299077093135348  0.52296116979887819  0.53443683046489288
  0.54621791218432814  0.55855882909772636  0.57057260673963728  0.58213294821126560
  0.59276089273436305  0.60257280038284566  0.61263057168649870  0.62335946698995226
  0.63429737492292315  0.64504232989406740  0.65559588405368951  0.66583728250870211
  0.67550369600346194  0.68441459031979657  0.69377299945358006  0.70325919382387714
  0.71333593585890265  0.72392634149204049  0.73608320709683761  0.74814420062847675
  0.76018053275712560  0.77139374679221129  0.78276524192539176  0.79385087900626772
  0.80496348111033134  0.81573825006361345  0.82636360281209120  0.83651369953481158
  0.84622302655323955  0.85590261071412510  0.86638981692982941  0.87656369888996999
  0.88704899291653183  0.89749156540412556  0.90866549003929786  0.92006974588387158
  0.92992473686415167  0.93942871764304436  0.94920586598372181  0.95846713504468417
  0.96828359276320408  0.97758631855197753  0.98918432934091649  1.00000000000000000
  0.05902458388895764  0.06144911012581631  0.06333913141532006  0.06546608115506000
  0.06746416056517476  0.06933184088709327  0.07112082078864056  0.07282734957141411
  0.07445064135160828  0.07601095902940974  0.07750559169702215  0.07895517235989048
  0.08039793216507440  0.08181639283932950  0.08317385093575570  0.08445010274406312
  0.08567584173098236  0.08689912128612039  0.08812706126238641  0.08936295692794925
  0.09062837075754621  0.09191772589348389  0.09320521405848704  0.09447881086394877
  0.09573532362456155  0.09693299447690115  0.09812341330070390  0.09931351215168027
  0.10052405240913902  0.10177667155749461  0.10307868459902150  0.10440286155147149
  0.10571672089663771  0.10687774260088891  0.10803712166130244  0.10917767093084335
  0.11030894614193240  0.11145535105208984  0.11264340958687363  0.11389540550584275
  0.11518577616144594  0.11651545765677526  0.11789084215458673  0.11931047482678134
  0.12067934129952559  0.12202545845157867  0.12337037767100395  0.12474180409082024
  0.12622171113222491  0.12789377844151464  0.12974854537270625  0.13157068673608466
  0.13338607685093246  0.13502230456728848  0.13654587679999150  0.13811294881296096
  0.13977413298520419  0.14159293502869946  0.14365657156249587  0.14547520870035063
  0.14769595306181724  0.14993642609678753  0.15228435763716450  0.15457211168646923
  0.15676030556980361  0.15889623488584034  0.16093996976158079  0.16287968282174403
  0.16485214252013505  0.16716154078164489  0.16978167819719489  0.17265357835043263
  0.17564680109135977  0.17878001661727486  0.18226024256948936  0.18580302823696609
  0.18970835597782401  0.19412628462785050  0.19929933388497478  0.20478109997679006
  0.20984764002849238  0.21495046725335537  0.22090015488664186  0.22907070958388162
  0.23413310985066160  0.23700633684683264  0.24024789958355119  0.24390890917452787
  0.24763356777366516  0.25179459282136119  0.25877193128688775  0.26734404126924738
  0.27801023915019057  0.29699968345869299  0.35516123293453555  1.00000000000000000
 -0.00293113448770877  0.01299581250450694  0.02619166585867517  0.03824329664160612
  0.05021237329720463  0.06135258459869432  0.07385513067503494  0.08767369137756585
  0.10127989696257610  0.11548326069523271  0.13073018469687980  0.14688002267685416
  0.16084231182197123  0.17323631719632698  0.18548463066084858  0.19860759075385090
  0.21278666497118331  0.22610691570822827  0.23714476877424148  0.24644707932145465
  0.25554627354130360  0.26433154081597032  0.27312698822879439  0.28186157976999554
  0.29097383692250295  0.29995680442477624  0.30863823637587068  0.31658411728792291
  0.32449523886471493  0.33266815157005514  0.34137051495711823  0.35018719008186938
  0.35857877002588745  0.36696568243755295  0.37493493045410436  0.38344153718668844
  0.39179240062771192  0.40025618434124249  0.40898600507274291  0.41790448572420591
  0.42675160691627234  0.43530961398214707  0.44368094870288843  0.45205862451689205
  0.45972111716112618  0.46644478540624368  0.47332035333367117  0.48032957631443279
  0.48785868603635990  0.49668601466779039  0.50507660308156155  0.51403518832023898
  0.52308220511051762  0.53225890093782291  0.54178191153929189  0.55046745005963171
  0.55877040882129925  0.56677674032760617  0.57486013071984521  0.58311142073617228
  0.59125700911856349  0.59962751375967693  0.60819118649703063  0.61775544563177964
  0.62759170110301010  0.63777759191739369  0.64781888700835333  0.65763172661958780
  0.66713965382901674  0.67639044430599893  0.68560675887097489  0.69498390165457691
  0.70459910347906474  0.71463348883526701  0.72498493636255890  0.73549323304788994
  0.74616094390793086  0.75717327626378439  0.76836010768301777  0.77972175339974492
  0.79128181779930828  0.80277959490825590  0.81469084774766176  0.82676279118876106
  0.83880703799848710  0.85094601936012870  0.86399258383355448  0.87827549715903941
  0.89351019852782221  0.90946688727782443  0.92656944491837168  0.94414090667787531
  0.95922424091358383  0.97283192109111738  0.98574490820263239  1.00000000000000000
  0.05312806247469434  0.05382186931412074  0.05488530893778751  0.05577371025079379
  0.05657525943184755  0.05730696196500786  0.05801963809649489  0.05872117361946123
  0.05940862691116499  0.06006510690299210  0.06070185430818761  0.06134236624960444
  0.06195827121438634  0.06261039411596780  0.06338748327793682  0.06415101604969582
  0.06490822057025497  0.06567798668486527  0.06643785208095068  0.06724699879910935
  0.06805208452677210  0.06884811775724016  0.06966623753881408  0.07049239728798283
  0.07130504288923459  0.07209597441342064  0.07287235439543206  0.07365936898635887
  0.07443889775863383  0.07521574908396828  0.07599573554875444  0.07679330521391255
  0.07760812107631224  0.07845802841320960  0.07931972318514517  0.08018233394631320
  0.08107928345831047  0.08199996521694151  0.08289467244943063  0.08378308608577158
  0.08470489138112168  0.08564785030883641  0.08657058665218417  0.08761393610395896
  0.08861835613551179  0.08963709336374451  0.09061301787650097  0.09160784470959400
  0.09257609112852552  0.09357618324919975  0.09462967802608320  0.09572568734473479
  0.09685267570936903  0.09800966546837289  0.09908050629746837  0.10024596936912794
  0.10150059007097122  0.10269165552713001  0.10372068511873506  0.10490352013449085
  0.10608929767586160  0.10733956234728990  0.10880591553642335  0.11040296471090789
  0.11139947447834546  0.11251414592330436  0.11370674712233818  0.11491729742433029
  0.11593254857532079  0.11702287538998424  0.11856889552086583  0.12036563566934518
  0.12210758239079940  0.12380606866213169  0.12560222777284566  0.12756476141606204
  0.12967240702099461  0.13210875461674035  0.13479380514286429  0.13750742992306184
  0.13960098855893147  0.14166062810408098  0.14368819490792373  0.14578697443590494
  0.14823548215205706  0.15052971496750508  0.15290660964198283  0.15554063718112773
  0.15885458647125555  0.16139816658307996  0.16438895410686954  0.16800841515145643
  0.17227776583903223  0.17923845437480249  0.18846949949077960  1.00000000000000000
 -0.00322171591203487  0.01213320502981058  0.02464123093592841  0.03760094513434222
  0.05035097440356891  0.06299093166719484  0.07589501676531989  0.08849838033448407
  0.10046572433823694  0.11170295834597403  0.12241649406539862  0.13329765105926752
  0.14416900034757818  0.15539353378953896  0.16631077607488745  0.17826566241197941
  0.19007568147486972  0.20178707106091939  0.21353012415445335  0.22436996448472679
  0.23427074831298325  0.24391332230218879  0.25419281108858921  0.26458325468784583
  0.27463510156893861  0.28450825795010298  0.29454597501814017  0.30418267804592114
  0.31378817897808914  0.32434166180028168  0.33555037046051722  0.34624628772904859
  0.35657110186904406  0.36733314435121389  0.37809932310907318  0.38850316227747328
  0.39906227622723883  0.41010519449181609  0.42135558657336836  0.43156274229227720
  0.44091550252690087  0.44981571324445074  0.45828052117985585  0.46739308447341887
  0.47802554148226506  0.48806734466632040  0.49743265232876238  0.50684832590968631
  0.51633664876314966  0.52623554071465861  0.53603421299497300  0.54662758438436976
  0.55756089723739832  0.56828249527655017  0.57870907131408256  0.58869176439241966
  0.59912657731839647  0.60923137501268398  0.61970340658394207  0.62996939769896854
  0.63933504823165255  0.64801012167521144  0.65662676123142150  0.66563835996859155
  0.67514034592623617  0.68509261028698865  0.69590175075747440  0.70794135833327232
  0.72006909113056716  0.73155322537972711  0.74258396986222730  0.75334494852963574
  0.76325436902604038  0.77366307739618567  0.78405712801498439  0.79426193912441423
  0.80332297208957526  0.81299495419043499  0.82242569983657288  0.83117321698631141
  0.83927309110121562  0.84722764808980144  0.85589298228380928  0.86580097019670066
  0.87619221362683386  0.88754058735104480  0.89740018411990885  0.90711950096655769
  0.91713201664511745  0.92900239166895238  0.94152665253362011  0.95270564959996495
  0.96468334695755109  0.97612437471063274  0.98844046812899200  1.00000000000000000
  0.13763986557969363  0.17753152998791386  0.20046285157279489  0.21652866565739926
  0.23545394991916285  0.25838400384336807  0.27664922921607055  0.29108898560346275
  0.30368876960744545  0.31513013053134326  0.32514599215101397  0.33428606287365070
  0.34229330540451336  0.35011468240196125  0.35731246633525560  0.36393582398609198
  0.37029467721496717  0.37622311859405488  0.38184978457138075  0.38747295135212323
  0.39311161909814629  0.39913728067229015  0.40592190692260377  0.41257685451883419
  0.41845593699913203  0.42402164403615955  0.42932497199744540  0.43571009305895836
  0.44166485269779643  0.44694532907714923  0.45183507811036466  0.45651743436416081
  0.46107980750034011  0.46565831937362989  0.47033003869829759  0.47513897614806450
  0.48001949212587541  0.48481902650364223  0.48955679212791336  0.49456110953813520
  0.49924074758347181  0.50392699924197293  0.50834154699082101  0.51262283379514562
  0.51675377753284846  0.52089738693133758  0.52527914984833335  0.52997681231175209
  0.53480815478710786  0.53945526240960240  0.54390536065375905  0.54849128849648321
  0.55300464613038869  0.55768661698725008  0.56249031724483500  0.56710819788724665
  0.57160036479865795  0.57610798734772806  0.58062272113238511  0.58516588460656205
  0.58975447720575391  0.59416948161438743  0.59882822010630699  0.60338976616368722
  0.60798154407695959  0.61252124600940239  0.61704389740813559  0.62143753503833854
  0.62618060610382476  0.63140758980999956  0.63695776047955177  0.64270947990475735
  0.64849551046167819  0.65421508871972478  0.65996706475061406  0.66584749288907263
  0.67183720159692117  0.67792739985329931  0.68401403412308004  0.69035769216656828
  0.69722086787502613  0.70432819849419825  0.71164745316525535  0.71939065617101294
  0.72740687104152235  0.73590576964144228  0.74479248303231693  0.75436859826819858
  0.76483575170517171  0.77631561997679965  0.78858480941461018  0.80322976019701420
  0.81662671761807737  0.83258463453149079  0.86986053448838696  1.00000000000000000
 -0.02246235213645302  0.13747236783385744  0.17830267839086283  0.20520972068388310
  0.22611391891115634  0.24324451051492682  0.25796861896316087  0.27031555711423716
  0.28153011504166564  0.29164225841070057  0.30080556490178245  0.30976408758200735
  0.31825399069870358  0.32613861686218115  0.33345531570538045  0.33996427651533079
  0.34610010148781117  0.35227599476169069  0.35852123163726735  0.36471003994576112
  0.37065596474621554  0.37635779904168248  0.38200153101143053  0.38784300123113630
  0.39329812405290232  0.39885835005317238  0.40424635180759377  0.40954479448158748
  0.41509687032165404  0.42026164151273332  0.42497785955561496  0.42952724482340970
  0.43398210579970686  0.43791728541003599  0.44175215094134651  0.44566960454076471
  0.44947914131696559  0.45338906592794226  0.45789047686101131  0.46219362189324253
  0.46640662831293606  0.47063960456499682  0.47481110541377403  0.47894549388178104
  0.48288532538671292  0.48659690003946099  0.49020401601486752  0.49371156867965149
  0.49717021134971334  0.50070834550849708  0.50433337928997146  0.50796328084653830
  0.51168902399517691  0.51546973356251180  0.51935823698637296  0.52339202243611038
  0.52749593428672747  0.53137625333063143  0.53528965892285107  0.53908431530221357
  0.54334674742324485  0.54846884212147462  0.55342105065215930  0.55842906213559573
  0.56335857652538046  0.56851527725015782  0.57368291890728695  0.57882277708140195
  0.58388483402268265  0.58887660818514831  0.59387352036642249  0.59924491907610000
  0.60484963242078083  0.61088831284814860  0.61711035658780955  0.62338905170563630
  0.62974384411334006  0.63606798111150786  0.64206077262109229  0.64803481624301673
  0.65410159784755750  0.66076506612078356  0.66835003845650476  0.67640564473844678
  0.68476944892271563  0.69411790267710449  0.70478804632730552  0.71655886057656371
  0.72933129636124849  0.74272119499857758  0.75668737774826633  0.77239924064814747
  0.79210269158886315  0.82073760224445669  0.86315141989970956  1.00000000000000000
   2.7210612290814002E-009  -1.0000000000000000     
 T T T T T T T T T T T T T T T T T T T T T T T T T T T T T T T T T T T T T T T T T T T T T T T T T T T T T T T T T T T T T T T T F F F F F F F F F F F F F F F F F F F F F F F F F F F F F F F F F F F F F F F F F F F F F F F F F F F F F F F F F F F F F F F F
  <DiscreteSampler_grid>
  grouped_processes
  1 # 1 for a reference and 2 for a running grid.
  10 # Attribute 'min_bin_probing_points' of the grid.
  1 # Attribute 'grid_mode' of the grid. 1=='default',2=='initialization'
  0.0000000000000000 # Attribute 'small_contrib_threshold' of the grid.
  0.5000000000000000 # Attribute 'damping_power' of the grid.
 # binID   n_entries weight   weight_sqr   abs_weight
    10   10   6.768167980748418E+002   2.845140570901203E+006   6.768167980748418E+002
    16   10   6.768167980748419E+002   2.845140570901203E+006   6.768167980748419E+002
    22   10   6.768167980748420E+002   2.845140570901207E+006   6.768167980748420E+002
    28   10   6.768167980748423E+002   2.845140570901207E+006   6.768167980748423E+002
  </DiscreteSampler_grid>
