  0.01406143893329120  0.01476193706055462  0.01533524260818856  0.01572029781076010
  0.01607012742653315  0.01641693146547571  0.01673575202052860  0.01704030203758833
  0.01734617116543192  0.01765418461027997  0.01795653881850293  0.01824669950984509
  0.01851799291224159  0.01877880864904885  0.01904641871951584  0.01931243254620615
  0.01957310335224165  0.01983238501079392  0.02009943630474363  0.02037957718398879
  0.02066374333971202  0.02094196990034279  0.02121934127322453  0.02149364725681977
  0.02176609279004791  0.02203967836739403  0.02231505349922512  0.02259823289395550
  0.02288451182183940  0.02316805674773103  0.02344721769286527  0.02372441691211060
  0.02399759092348704  0.02427273515607516  0.02456577591482645  0.02487592521974726
  0.02519071436575155  0.02551225569521191  0.02582690857670964  0.02615177174374052
  0.02647516527308080  0.02680206410190583  0.02712825246639017  0.02745055349819985
  0.02778516687870259  0.02813044941955845  0.02850042361228593  0.02888558188987227
  0.02928131747169334  0.02968526068749384  0.03010277713672078  0.03053914558922858
  0.03097386444510209  0.03139584796288820  0.03181425198611453  0.03224590277527752
  0.03269962581077823  0.03319042993071325  0.03370694684400010  0.03421870449449402
  0.03475987668992851  0.03529506394299040  0.03584042155327222  0.03642858754462913
  0.03702165383412784  0.03767405520155986  0.03833585349515790  0.03907728254912075
  0.03983826275713617  0.04064117210675017  0.04150442722227083  0.04240615919745680
  0.04339511867122048  0.04442143187992487  0.04556114112240380  0.04680693516430457
  0.04804413037557434  0.04947212404286366  0.05094042137484246  0.05240277895505407
  0.05385852262577014  0.05556375082654886  0.05744465764008087  0.05938162272072422
  0.06156218148191613  0.06408987015578044  0.06687902433974090  0.06994454247002825
  0.07369862315635473  0.07888344780665518  0.08603376759273935  0.09625597395724640
  0.10784419270567239  0.12321498528637599  0.68364849005501949  1.00000000000000000
  0.00024769832371738  0.00034239224296552  0.00040246478568213  0.00044451771260744
  0.00048362184914538  0.00052190584540302  0.00056238205372204  0.00060334484624296
  0.00064332428835178  0.00068351907524089  0.00072459744250699  0.00076542133832650
  0.00080440871110503  0.00084246345779631  0.00087842055975603  0.00091419775201298
  0.00094935122677147  0.00098529182096091  0.00102234991267426  0.00106069398420135
  0.00110116019433264  0.00114371686787897  0.00118534251029233  0.00122734308499195
  0.00126874149330318  0.00131071226730265  0.00135454762307675  0.00139948860567033
  0.00144504978652398  0.00149243517561928  0.00154217711257819  0.00159274012764661
  0.00164021117997305  0.00168627182256649  0.00173403552691320  0.00178545729992425
  0.00183943682485619  0.00189421658846995  0.00194861265701636  0.00200131069035892
  0.00205544825150158  0.00211242253674590  0.00217336963808302  0.00223867189058788
  0.00230453518543032  0.00237181499342043  0.00244283958599800  0.00251731846009114
  0.00259079479396360  0.00266199593557147  0.00273528757103050  0.00281656525470572
  0.00289907729895613  0.00298542693058499  0.00308149291305875  0.00318421300860924
  0.00329294364945992  0.00340547824611756  0.00351908400454752  0.00363799633029985
  0.00376583203843055  0.00390178018364907  0.00404704823653191  0.00420567938410931
  0.00437275132800473  0.00455080021309152  0.00475221202485266  0.00495578805292003
  0.00518380626786461  0.00541319206777585  0.00565572697893844  0.00590756783502278
  0.00618280300766204  0.00648259805559931  0.00680017377664695  0.00715527922083544
  0.00753634366054920  0.00792572533807671  0.00837131493911321  0.00885057519642189
  0.00938506881069051  0.00999405618399947  0.01069576033352781  0.01149404544263944
  0.01239247227535290  0.01337285414863865  0.01450651585327745  0.01593466588753953
  0.01777284637360432  0.02002042854340012  0.02272314807892992  0.02623282930473152
  0.03158301587561001  0.04082200542053529  0.06366930888215515  1.00000000000000000
  0.00388313096319073  0.00542905893592919  0.00632879271923063  0.00705019606022693
  0.00757967415199497  0.00815966104020170  0.00862022611919882  0.00902902587414164
  0.00939324358286946  0.00974833620819144  0.01010338441680885  0.01046636346916337
  0.01081180336170430  0.01114064963018677  0.01148303375308814  0.01184147770466199
  0.01220135846293049  0.01253304801334582  0.01285737043335566  0.01317079820111665
  0.01349865464978848  0.01382896723634856  0.01416484278400357  0.01452252024714187
  0.01491944502809484  0.01533281816015652  0.01574370423560615  0.01612672896527725
  0.01649923934929978  0.01687753536230566  0.01726111233657764  0.01765559823295490
  0.01804363284572425  0.01842306706317191  0.01880988048874388  0.01921555194865338
  0.01962352909803887  0.02002280117521971  0.02043750587396850  0.02088756845391011
  0.02133505615221364  0.02177476798123701  0.02221581082209517  0.02266653473406148
  0.02313090437080266  0.02361142777931117  0.02408860708496081  0.02458413148117282
  0.02511809173034901  0.02567288424896559  0.02624025020388489  0.02680994750055427
  0.02738532069336914  0.02798744489052471  0.02861480888250213  0.02926342137756035
  0.02990226963010601  0.03050202943726881  0.03112141759382705  0.03176207800734768
  0.03242779627735563  0.03309745902588087  0.03377212572900704  0.03444096791282730
  0.03522748391134765  0.03610455537930973  0.03702250677484022  0.03795526592409251
  0.03892282398515855  0.03992305437347519  0.04097499086370367  0.04212043650481953
  0.04343319429855039  0.04477906730035103  0.04603933563943950  0.04735494875517301
  0.04869404430161919  0.05010545094509381  0.05171633242742590  0.05360966992264941
  0.05565265220082008  0.05754515810612432  0.05948679750872122  0.06166295476774913
  0.06464455544972705  0.06847470584690606  0.07235623052621100  0.07561759076212947
  0.07890603240450245  0.08287929498908006  0.08853681857103511  0.09645952680677013
  0.10418147549289611  0.11858160762644133  0.60910793196833501  1.00000000000000000
 -0.01027443926419467  0.05842705282083093  0.10063115062832600  0.13282478343886950
  0.15848300888838601  0.17912503959604392  0.19815279107398415  0.21572720674551829
  0.23107326033203085  0.24409804961501361  0.25545197787170215  0.26583394063096016
  0.27610937843804206  0.28609246168177455  0.29492657677746609  0.30297510659042909
  0.31097811136226539  0.31857188352201643  0.32568128737440843  0.33276009475062485
  0.33985180810176902  0.34677040182468666  0.35355197519323528  0.36049982701574373
  0.36743717220137190  0.37409874659340286  0.38056731174754371  0.38696765815336043
  0.39339112602048038  0.39976758986937294  0.40588491308438562  0.41180823849585280
  0.41761694901492968  0.42328062051324999  0.42885929246664861  0.43444509860291924
  0.43974758130075475  0.44483401648451426  0.44995486422108588  0.45500077507196218
  0.45991576004535101  0.46475737610579726  0.46969167680342538  0.47472521308827847
  0.47978889715809325  0.48481033267746315  0.48968243295225977  0.49441160731232486
  0.49934680230506245  0.50455275420065682  0.51013806692865471  0.51552247268267504
  0.52086737975091857  0.52626830158081395  0.53156192629040988  0.53667610939112009
  0.54172874856726538  0.54664707347141672  0.55149314615346301  0.55653394479273777
  0.56165508269877562  0.56676683802822581  0.57186400230766210  0.57737087079706495
  0.58280507447670049  0.58806208622880396  0.59317737966149753  0.59848476786159632
  0.60372827788317296  0.60929344533689145  0.61480345242622114  0.62050272148680785
  0.62660005638208649  0.63304443749774231  0.63964517183862513  0.64646239477910539
  0.65365774706741853  0.66109014595923099  0.66852739901161695  0.67616581540798470
  0.68343337138998483  0.69083361294771362  0.69874775232610509  0.70705582953463186
  0.71628582178785349  0.72642849159689538  0.73736492269525433  0.74961405378832213
  0.76330519447626499  0.77808466416559829  0.79411068475424140  0.81178640373776234
  0.83562058341972001  0.86709099607918860  0.91069249530242358  1.00000000000000000
 -0.00219771584826002  0.00949606034169736  0.02004749097627673  0.03083823558737477
  0.04206517840236174  0.05256080939236238  0.06348136243248237  0.07441229876510613
  0.08553375833858468  0.09605806373712872  0.10653399263334928  0.11736931694900853
  0.12821927388818372  0.13850510269052330  0.14858120969825370  0.15863105635342858
  0.16853646730174887  0.17846878899130500  0.18846738189043949  0.19878322124938033
  0.20935402901997385  0.22011165692521198  0.23098864134703612  0.24156948814231333
  0.25272376680292929  0.26369316196856385  0.27365567954627518  0.28296964490358290
  0.29241301849406814  0.30306515805552409  0.31526607797247919  0.32838971008999235
  0.34105304073950160  0.35331365784958102  0.36434471628468978  0.37458015511470250
  0.38461095947176155  0.39460756134408542  0.40467289862081063  0.41510696105296668
  0.42602523546791515  0.43757048072795696  0.44897350803937108  0.46092419293040438
  0.47352296029238578  0.48450813741991050  0.49497869754257817  0.50588882612078723
  0.51673232373141087  0.52725197557528902  0.53772241287014644  0.54871089786092453
  0.55982840897826791  0.57073467065808847  0.58136440101164333  0.59204699028130547
  0.60302879051565039  0.61386892111322355  0.62439258285467614  0.63454481076712099
  0.64439014292619379  0.65437336414902891  0.66456349924142855  0.67491239907482647
  0.68550730145892569  0.69653414278703052  0.70725606057984436  0.71772239832450258
  0.72796786582548823  0.73840366847807071  0.74905413426095235  0.75908004860436196
  0.76896233600450326  0.77962299492864939  0.79062447214808029  0.80157782263346100
  0.81211151413473548  0.82204131256934676  0.83171080536367770  0.84142361202562221
  0.85150675107821105  0.86138437434341752  0.87081267775603455  0.88009494496597307
  0.88911078576881475  0.89856943846429471  0.90861798896649226  0.91860136185451835
  0.92878775180834849  0.93885365647324903  0.94915402581531216  0.95941562344266929
  0.96897899152052724  0.97922541771082838  0.98863848222899597  1.00000000000000000
 -0.00243748987127749  0.00884948049462279  0.01915139901417156  0.02942027534130763
  0.04035596641065576  0.05164748423687634  0.06252758849794902  0.07276149423196401
  0.08291537726288394  0.09325425835642412  0.10352853823572715  0.11373834850138956
  0.12438603571724394  0.13572576828393751  0.14725117809967231  0.15889828721579008
  0.17025496408381430  0.18112421013704919  0.19176065276647683  0.20198457302333542
  0.21187507211171533  0.22142330926061768  0.23132657698577394  0.24156177772532919
  0.25164252423815481  0.26217437860583187  0.27332952974207314  0.28498084261996726
  0.29653114850017798  0.30766459817031411  0.31842110056241091  0.32885666277310249
  0.33876379103129589  0.34875782179766662  0.35904654277539566  0.36931608929834370
  0.37888029315185118  0.38848058078985298  0.39887119382348502  0.40986977685951664
  0.42100221969433405  0.43187728029202122  0.44286777346114709  0.45408119791211837
  0.46513783791504665  0.47609329647822818  0.48606880275837844  0.49592787920843806
  0.50576792626292222  0.51549466188220672  0.52494216945495797  0.53471448098735863
  0.54491254212284612  0.55627028117650035  0.56655000102325059  0.57680289344756230
  0.58687995068519072  0.59831856516103532  0.60892356258425551  0.61925077443131959
  0.62913309890932589  0.63883681905805545  0.64854346310155209  0.65843638363607349
  0.66874705361239384  0.67953911493030428  0.69047957310865327  0.70195622087998399
  0.71261539519667183  0.72264954280594773  0.73265453202774589  0.74288267109386219
  0.75319477764798426  0.76311665223382308  0.77292181774662727  0.78333392963819193
  0.79377400183678937  0.80450062096112451  0.81476656298733463  0.82473925792032765
  0.83461476663733503  0.84459125294982362  0.85465285175289041  0.86464799558061878
  0.87453143865649874  0.88499173283399002  0.89547628081200004  0.90572573269253120
  0.91589286505782819  0.92634294975714293  0.93754541336136021  0.94916300541474075
  0.96160159199163586  0.97443831542172032  0.98746586150323590  1.00000000000000000
  0.05855912818167087  0.06256635473173369  0.06628640670144999  0.06962220802526164
  0.07241070240313298  0.07489732490338970  0.07724787685100996  0.07948641414533068
  0.08164218297366686  0.08365840675938171  0.08554429099731424  0.08736019570222833
  0.08914499633024739  0.09085305672301645  0.09255625276371088  0.09419779330181006
  0.09571149273274335  0.09723065040112411  0.09876956249657343  0.10028271359626212
  0.10177021005073293  0.10324861468382268  0.10470131518344231  0.10614107369800858
  0.10760925530946416  0.10912179555022757  0.11065493652903557  0.11214816516033593
  0.11361010504879984  0.11503912699457224  0.11641009309256888  0.11778236684279621
  0.11918310851020238  0.12056434484758552  0.12198638010841092  0.12341516710650513
  0.12486649731432220  0.12639775537555772  0.12798888107997428  0.12957328301007820
  0.13109555344058660  0.13260082407971080  0.13410298855079408  0.13558560012448992
  0.13709686108116129  0.13863821052764277  0.14022413427304375  0.14188726647253036
  0.14355507813776766  0.14525806713155132  0.14700607757144263  0.14876094932466566
  0.15048314705727170  0.15211264230388355  0.15381785988326543  0.15563352987574242
  0.15753633991535040  0.15958463321808486  0.16166835455999690  0.16372517984973750
  0.16571231319791913  0.16761422376954341  0.16945129445677623  0.17123938659414442
  0.17311865581964678  0.17528755476785252  0.17769545361474684  0.18017241403680578
  0.18275055921855046  0.18533263114665266  0.18783494620097105  0.19044467026845058
  0.19316025381363625  0.19600620501543051  0.19916959302651691  0.20257642109031174
  0.20595317289897774  0.20962602751917322  0.21319277830047165  0.21685717263229959
  0.22119980012898732  0.22636034095231850  0.23258525585370304  0.23745786151575785
  0.24191804278623705  0.24771498997031294  0.25515705135180455  0.26459674137685113
  0.27343718260804145  0.28006984859667966  0.28668291079545943  0.29328220301060787
  0.30279853527903111  0.33301810435777890  0.93071214878830166  1.00000000000000000
 -0.00274241540341981  0.01162603359444682  0.02311530900922822  0.03467229668590450
  0.04623805613389369  0.05784827244840252  0.06902955458939097  0.08031416852448758
  0.09167261624235908  0.10322429067595169  0.11428683836767778  0.12508887873936481
  0.13556054519627145  0.14620562728539649  0.15707583348250487  0.16828104921490000
  0.18021309027392624  0.19223806435869439  0.20407013456987794  0.21637183652391648
  0.22825483848573080  0.23866051447315634  0.24825181031274302  0.25769009279214738
  0.26731815230955647  0.27706942705529125  0.28613843409025808  0.29515150381890515
  0.30498458785242888  0.31523180390473104  0.32545263526174101  0.33559992562444307
  0.34599373246052617  0.35682375401814287  0.36787993615976272  0.37902921584124355
  0.39013832053243208  0.40064711832803357  0.40990292563863562  0.41900838727757334
  0.42769645030915099  0.43630889426821534  0.44498741813008874  0.45355600131923113
  0.46205974775859521  0.47101974367963756  0.47993020721745705  0.48877765736616324
  0.49767469082028737  0.50680542752304003  0.51617215277832540  0.52547239457669626
  0.53453125210725350  0.54367012729527764  0.55313316088813236  0.56298499159679871
  0.57287378005531975  0.58279038111845760  0.59278375048263110  0.60287287594569350
  0.61339180312507224  0.62449521871391955  0.63544897391129407  0.64578108940604917
  0.65543461133963221  0.66514822058770129  0.67433432231105694  0.68351528334418843
  0.69334976491608857  0.70398167245569576  0.71428421211444570  0.72436354004346404
  0.73441469460857978  0.74549240017585428  0.75677183772171863  0.76740079430559016
  0.77821040465868652  0.78859053242248833  0.79983840232790870  0.81067453989726701
  0.82292468451856804  0.83518407710969056  0.84722203690418385  0.85874038879844106
  0.87005282051152644  0.88157780051815327  0.89374950478794901  0.90632790572713562
  0.91892496713113603  0.93110536079086015  0.94297316704130452  0.95413374673296547
  0.96504865253542294  0.97619943484807614  0.98804049060611920  1.00000000000000000
  0.11206273558176048  0.19450096199539829  0.23647118798679856  0.26401615749381618
  0.28297429231841148  0.29848746348900240  0.31286896341796627  0.32681474932421573
  0.33899547064163532  0.34966566204879840  0.35914443956856018  0.36794819960442782
  0.37648444874178510  0.38456607228296852  0.39220906121093690  0.39992478195611608
  0.40761039371392077  0.41473938206344485  0.42129558466910827  0.42770819841658264
  0.43402476992543826  0.44005375262722884  0.44580262042072161  0.45150099537657423
  0.45740594981566812  0.46350762761719494  0.46935601109559172  0.47493882979095875
  0.48059120865275479  0.48596359584021370  0.49129341027289686  0.49663538736989155
  0.50192026494307540  0.50701250515751484  0.51198853020304302  0.51690216256510502
  0.52172441355243138  0.52634911832451747  0.53059241008364055  0.53495798410658846
  0.53922662916571662  0.54361454784987573  0.54786020471983421  0.55202249660111258
  0.55630471436566209  0.56054562185919332  0.56463133685141242  0.56860992662571819
  0.57247248792320216  0.57639657022998880  0.58050653533897234  0.58463253797342885
  0.58880915148591095  0.59295290634123710  0.59689362709769034  0.60076374055380410
  0.60460560335225266  0.60837756177977087  0.61222720226605276  0.61618103358661014
  0.62015901026672426  0.62415102815021828  0.62826299980715672  0.63254168793851506
  0.63677729918163306  0.64113965640846737  0.64555494932662916  0.64991764964001397
  0.65422356266285320  0.65847041439922027  0.66272417491678870  0.66730246325820086
  0.67220143798142817  0.67743684390790038  0.68248724945336281  0.68748848147156927
  0.69239273161974157  0.69760842478195917  0.70252850937627986  0.70759073739981204
  0.71292077311476576  0.71854338878617730  0.72450011426544403  0.73106170931576719
  0.73784631659746824  0.74474577417786492  0.75193038761951481  0.75987061615313567
  0.76846878020228837  0.77794790891828436  0.78849124330628451  0.80072100848374306
  0.81575169435713546  0.83538559716982541  0.86815860218289675  1.00000000000000000
 -0.03079510000803797  0.15771524201268558  0.20098084719593007  0.22611232612982704
  0.24409313878449199  0.25944305720409744  0.27371491937483255  0.28611288661313644
  0.29726925520215253  0.30719668610206452  0.31596044297792375  0.32363202067656177
  0.33069865580887126  0.33726550936285737  0.34357397643387050  0.34981396017171323
  0.35582432841544009  0.36154767613370042  0.36707394547093586  0.37252282845375601
  0.37787618946194029  0.38294541153668626  0.38771900737660825  0.39243700057527992
  0.39713516912952573  0.40176267780755670  0.40619491367991017  0.41052221209811374
  0.41493055444514809  0.41930076720551784  0.42353247504132191  0.42773562308638174
  0.43197670296180252  0.43623725902518040  0.44048378933853233  0.44471907902652774
  0.44894812964726721  0.45310455563225766  0.45717925772555534  0.46127414489851581
  0.46542875712477788  0.46965433551838048  0.47390392743777393  0.47796028158208193
  0.48187681528135334  0.48567382543441978  0.48939439183841305  0.49315862487136231
  0.49706184549609239  0.50108247524288285  0.50514968365902491  0.50927698859782777
  0.51338908719903353  0.51743078774752138  0.52175167363358643  0.52620262945119067
  0.53075394337081883  0.53535713244223282  0.53994819741156463  0.54443061879050092
  0.54877025590976203  0.55301789739208584  0.55719556053695474  0.56136652930680442
  0.56567748188318145  0.56987370596716780  0.57434902484492634  0.57883988714710077
  0.58363264739478804  0.58823562100720350  0.59258454550515671  0.59688542331777750
  0.60122876067968356  0.60596062704903597  0.61109668998824240  0.61632804867525992
  0.62173936213979020  0.62734245377342679  0.63300059146070409  0.63864961380216445
  0.64438518826159152  0.65058682120106082  0.65729564458630441  0.66421982526896550
  0.67165284698395855  0.67977192179617585  0.68874219149388072  0.69886182769029548
  0.70955138246142702  0.72159301870100623  0.73514212508073362  0.75092598351687101
  0.77039876234099158  0.79708840672848402  0.84134120116885847  1.00000000000000000
   3.9043540624604853E-011  -1.0000000000000000     
 F F F F F F F F F F F F F F F F F F F F F F F F F F F F F F F F F F F F F F F F F F F F F F F F F F F F F F F F F F F F F F F F F F F F F F F F F F F F F F F F F F F F F F F F F F F F F F F F F F F F F F F F F F F F F F F F F F F F F F F F F F F F F F F F
  <DiscreteSampler_grid>
  grouped_processes
  1 # 1 for a reference and 2 for a running grid.
  10 # Attribute 'min_bin_probing_points' of the grid.
  1 # Attribute 'grid_mode' of the grid. 1=='default',2=='initialization'
  0.0000000000000000 # Attribute 'small_contrib_threshold' of the grid.
  0.5000000000000000 # Attribute 'damping_power' of the grid.
 # binID   n_entries weight   weight_sqr   abs_weight
    10   10   1.411334724419932E+002   1.902568501652029E+005   1.411334724419932E+002
    16   10   1.411334724419932E+002   1.902568501652029E+005   1.411334724419932E+002
    22   10   1.411334724419932E+002   1.902568501652029E+005   1.411334724419932E+002
    28   10   1.411334724419932E+002   1.902568501652029E+005   1.411334724419932E+002
  </DiscreteSampler_grid>
