  0.00003926093992563  0.00005828546473048  0.00007015982807611  0.00008090203227543
  0.00009258982491439  0.00010571282418951  0.00011903119230769  0.00013099905216619
  0.00014186470274565  0.00015226515628013  0.00016270279951427  0.00017306522366176
  0.00018328482983774  0.00019371779653609  0.00020493599892946  0.00021618867056801
  0.00022782635721345  0.00023836524673132  0.00024993420336784  0.00026118126631099
  0.00027256479010278  0.00028441438720463  0.00029686537626370  0.00031005396004113
  0.00032470615064164  0.00034053135290245  0.00035728172116562  0.00037508411018834
  0.00039167819734642  0.00040969039875564  0.00042766466968128  0.00044664457682816
  0.00046701144345108  0.00048844337443392  0.00051043684276453  0.00053203265377650
  0.00055395999894358  0.00057586101824689  0.00059947497801750  0.00062470711124530
  0.00065061748273110  0.00067900590028235  0.00070795740874736  0.00073644428716295
  0.00076447758645819  0.00079199297051909  0.00082051836031337  0.00085335501829804
  0.00089081913053645  0.00093097348023138  0.00097295158665627  0.00101914022995564
  0.00106249472620701  0.00111245190589523  0.00115985360875688  0.00120787093508900
  0.00126117104211867  0.00131892444203308  0.00137863795236977  0.00144285400111463
  0.00151076316878742  0.00158353424686357  0.00165814254485298  0.00173287449555330
  0.00181442266399557  0.00189950627510054  0.00198823764604212  0.00208159112073151
  0.00218043483126434  0.00228606613107977  0.00239583503144840  0.00250753439276793
  0.00262644866222708  0.00275797751377142  0.00290356817301791  0.00305610597925433
  0.00320975344966794  0.00339256389448954  0.00361490936772195  0.00384540754222428
  0.00409917476360190  0.00438011644687594  0.00472758705945137  0.00508092584722645
  0.00547118745053874  0.00589886264076536  0.00641048837831961  0.00705511948906646
  0.00787455572274403  0.00895415764972398  0.01046917379187426  0.01246229046888613
  0.01552058767070865  0.02091451518298397  0.03287888507672912  1.00000000000000000
  0.05278151552776976  0.05364325108774245  0.05431336153618379  0.05482904435261015
  0.05525443215423313  0.05564165492947843  0.05601723718427604  0.05639444892241963
  0.05678146786398173  0.05713689657318954  0.05747915590050485  0.05782289857715489
  0.05817282470278830  0.05852513051982793  0.05887129835552705  0.05922042686363158
  0.05956201558129828  0.05990700882455396  0.06025346649637133  0.06060133431380305
  0.06095365723179858  0.06130173172320276  0.06165033861465908  0.06198895960495675
  0.06233207529740025  0.06268871370048884  0.06307923779017517  0.06348961925190577
  0.06389185763945147  0.06428554919828469  0.06468432140191309  0.06506678857981599
  0.06545382718842047  0.06585855603923291  0.06626403570212723  0.06668583617398659
  0.06711848615058205  0.06755107742938096  0.06798134574863718  0.06841543705108526
  0.06885499144918682  0.06928706797797683  0.06974443252592767  0.07025690133066269
  0.07081284073365833  0.07138054323479449  0.07193183760236062  0.07248295864690703
  0.07305694978218687  0.07365178747650010  0.07425867593077458  0.07487267820350604
  0.07553443891743243  0.07618734020620585  0.07685287971060079  0.07753647577909036
  0.07825710567181231  0.07900950837715862  0.07976186996837493  0.08051838033893630
  0.08129291641781676  0.08207279479239547  0.08287569071227410  0.08384816744518955
  0.08487077592404436  0.08594214452049313  0.08705409516358074  0.08814863697470172
  0.08947880239758967  0.09095273419010094  0.09250847411031921  0.09411094228088100
  0.09562239722503214  0.09715323802543641  0.09867645631035363  0.10028517605237007
  0.10178036204832086  0.10336551230618433  0.10507796048157680  0.10709700943847010
  0.10919540373018323  0.11128019833116881  0.11356006929486141  0.11606087245843541
  0.11872948405000627  0.12176937511531202  0.12543055887950313  0.12942698323894833
  0.13427159192655960  0.13984732094025915  0.14681697893367346  0.15582984726984436
  0.16902438682115706  0.18761015728610644  0.21989910994016168  1.00000000000000000
 -0.00429984500490043  0.01289074521070578  0.02789627411237394  0.03767245070896320
  0.04278687432823137  0.04819621851466559  0.05405968287884366  0.05950388990193357
  0.06507569946465699  0.07018058744256955  0.07469272303869411  0.07996971464243424
  0.08575385524895726  0.09139349048230690  0.09788559953469923  0.10394411206525225
  0.11004409739323512  0.11699910036188921  0.12393891794650914  0.13158217907995851
  0.13934449097033039  0.14635078470706248  0.15304808473102960  0.15994726518783547
  0.16623631205309194  0.17193744125222979  0.17836005389157392  0.18632003880064604
  0.19526742582464807  0.20494875348406377  0.21457581012803983  0.22261519543230887
  0.23067790671024088  0.23930329143289811  0.24870040623371029  0.25934025390167886
  0.27058420581597259  0.28145470849116500  0.29181062429787374  0.30223811279126989
  0.31299317839684559  0.32346259180385578  0.33356752209730689  0.34411891327769234
  0.35404202363756593  0.36353060334706983  0.37313606745167960  0.38283618435549477
  0.39347344707636783  0.40465286185425697  0.41594388549835493  0.42714222657433154
  0.43934937497157439  0.45155024254313569  0.46317202056112017  0.47488471307046931
  0.48665511290993491  0.49790837443557423  0.50942244156499883  0.52025568497152819
  0.53063484970158026  0.54101706909054215  0.55189058940079472  0.56366457360658362
  0.57568527565074268  0.58723400132916281  0.60038291450768311  0.61321930661150914
  0.62548433311838003  0.63732709783150643  0.64886990741298445  0.66062593906225464
  0.67255952536647523  0.68477383125859514  0.69772719051458576  0.71095195203829886
  0.72390901934062057  0.73744249080064916  0.75172043482663065  0.76736112152211855
  0.78400370317499180  0.80103719298450482  0.81794158847482179  0.83452141333325813
  0.85073182231779465  0.86537923274027584  0.87967055620449752  0.89382650425330312
  0.90760244977614890  0.91974613273896699  0.93192958858137975  0.94430648197960654
  0.95698564356243876  0.97041826856639946  0.98487053182690631  1.00000000000000000
 -0.00262677150033650  0.00891066194139180  0.02010008487399603  0.03156620599054562
  0.04285310683582305  0.05352355271398537  0.06428991782022796  0.07570469853808251
  0.08707122345469699  0.09789688205055665  0.10876825278833098  0.11988555282896209
  0.13065276369347903  0.14123479243877229  0.15177503965609895  0.16254961304116736
  0.17217614985189814  0.18234750599442867  0.19376076889695995  0.20557718555797269
  0.21635931893572857  0.22634724605627726  0.23642815762177025  0.24647201637133714
  0.25642483590280468  0.26604553164749933  0.27600844658750973  0.28617849211089696
  0.29744493472107719  0.30942650775568581  0.32137128545452465  0.33289902539594768
  0.34429007316995236  0.35511219049318665  0.36490517597130179  0.37439215149626021
  0.38337253787228726  0.39187187166075449  0.39994366892323008  0.40829516519829845
  0.41710509370502230  0.42650216400916280  0.43655089423777316  0.44757845912783673
  0.45874523924874727  0.46874376168627735  0.47858674494221698  0.48887697225087956
  0.49913930646013827  0.50923898941788892  0.51972262032445882  0.53009986767672301
  0.53993236484024121  0.54954185745352757  0.55948412128821889  0.57034581567940068
  0.58170670812211467  0.59342910226159740  0.60468630380597621  0.61551102711272121
  0.62651987355263905  0.63792538331964099  0.64930771405600862  0.66042413301013603
  0.67151784007295245  0.68302894899078392  0.69505551181230518  0.70712015668007455
  0.71755688990501487  0.72793638269892835  0.73748910834838632  0.74816844801413540
  0.75760385031036626  0.76695335374623053  0.77589793539637608  0.78504326363994703
  0.79474622792672855  0.80448459872252931  0.81438114564499864  0.82470567999994349
  0.83554942172026980  0.84677460893692902  0.85728232536111992  0.86729825584664144
  0.87745642254162060  0.88831245919969803  0.89963620786063891  0.91109686830763548
  0.92221050964225915  0.93343449423999059  0.94515890079824538  0.95660474354904024
  0.96725066284349748  0.97803096335582296  0.98903426530257510  1.00000000000000000
 -0.00438856034242826  0.02561817893424998  0.05233379182371783  0.07633728557779002
  0.09834691522698330  0.11773370383318163  0.13327612380204687  0.14762359617384435
  0.16343787679422617  0.17887229998487855  0.19308297304030717  0.20620619834817186
  0.21815259361396871  0.22913932798740991  0.24012946625031667  0.25076004320620249
  0.26069742050180844  0.27023652452228974  0.27944086313501071  0.28822797345021239
  0.29682823903074546  0.30548827414146279  0.31437085636937168  0.32331650947250606
  0.33208604705941208  0.34046778968235153  0.34847864648603694  0.35642681799057774
  0.36408147551663705  0.37210866811891624  0.37980605460307165  0.38728311239494712
  0.39466979756743514  0.40161256345824364  0.40819069757828463  0.41460033614303360
  0.42086579559345466  0.42723585046319879  0.43373605520697661  0.44059745606764344
  0.44772680179364011  0.45438687879378609  0.46075137578609376  0.46697936157616377
  0.47315646255425470  0.47984178943344302  0.48684710111776991  0.49406801390950189
  0.50116925925571221  0.50824017765306928  0.51506789949362941  0.52153883864081219
  0.52789074673845970  0.53420062484828779  0.54038749576399514  0.54625220415828613
  0.55221286425069915  0.55794893315330385  0.56367292877266617  0.56934427005921850
  0.57547596075234719  0.58196697164783917  0.58858251965483954  0.59507994482733562
  0.60171586152998113  0.60874452389457312  0.61574790462597295  0.62257212466050194
  0.62957429858552805  0.63718198820010052  0.64510551645041569  0.65328013115068406
  0.66106903681854912  0.66930967063305857  0.67799728855351682  0.68746344017068028
  0.69685049778763408  0.70669635249672424  0.71737232896335135  0.72855621817746785
  0.73990426567746648  0.75168823481640046  0.76426066462080866  0.77681780262442279
  0.78886956777296635  0.80206939442669567  0.81667172252268927  0.83204068596073932
  0.84859129086818308  0.86498114891182831  0.88136997302959308  0.89861677677645235
  0.91871610935680159  0.94370217897429243  0.97151894099692959  1.00000000000000000
 -0.00345215501253681  0.01181313687997559  0.02453460278389247  0.03610199940055001
  0.04672863200870025  0.05684486669590626  0.06724013106712548  0.07794508734402601
  0.08827233254097895  0.09856313897182079  0.10904851669944080  0.11969408137057966
  0.12963340863539879  0.13926708481940142  0.14935663744017061  0.16002533804535507
  0.17095518631776196  0.18202980846557515  0.19392693490584606  0.20620286424239750
  0.21747682372325286  0.22784353440200045  0.23900032880653826  0.25035922440992903
  0.26243075424568402  0.27422023825403763  0.28537161121945764  0.29651695001060635
  0.30753053054533597  0.31768055961146596  0.32701791966668481  0.33657453720381009
  0.34743846501122483  0.35760016713245119  0.36683506882891581  0.37592689275515484
  0.38577602063907618  0.39569424397657904  0.40558559586038528  0.41534717843631003
  0.42642701711011732  0.43801048957640493  0.45019609843552044  0.46147095228284041
  0.47142251263369517  0.48081118292417985  0.49004541799844692  0.49945154256591573
  0.50819919492986998  0.51692800412481499  0.52678383409379348  0.53742550181554904
  0.54802610021700005  0.55861447173854362  0.57014437174150401  0.58281856824683620
  0.59467666547170950  0.60558764606131243  0.61522980491217882  0.62447846187346656
  0.63445726902594490  0.64484900181851035  0.65566791843536332  0.66641991159830083
  0.67788155498972957  0.68908922652823412  0.69963212179493206  0.71011613633896820
  0.72080306325221521  0.73124102331289564  0.74109306773755479  0.75055013076641131
  0.75968124689944738  0.76843913865637481  0.77791884770441044  0.78822740011350345
  0.79866865929554054  0.80866317979229174  0.81861773693370232  0.82884025650866233
  0.83909501093170280  0.85007908413410971  0.86118335937792989  0.87285303066911613
  0.88348927482393735  0.89401336138797716  0.90493504722180396  0.91596331918393981
  0.92693019143879163  0.93798955408221540  0.94902812248718305  0.95929044718283762
  0.96877418173431951  0.97834348133060933  0.98908243481197233  1.00000000000000000
 -0.01074529923349647  0.08153161985375441  0.13344580312540094  0.16635015253189225
  0.19199754795248089  0.21333859186748466  0.23277322762238264  0.24953458614461826
  0.26316425807205213  0.27467449026473262  0.28537867688098872  0.29539526230750107
  0.30446463054427964  0.31291673009415993  0.32047748940535181  0.32768685085989080
  0.33438972063307093  0.34104407840943013  0.34789530128726048  0.35468328552286876
  0.36084397309646926  0.36669386131242687  0.37258510763524277  0.37863476881668268
  0.38479356381525176  0.39092830167097709  0.39642009938924988  0.40112529213010251
  0.40570899525562709  0.41022014025242537  0.41470241153456860  0.41936929377445442
  0.42390775489903915  0.42845829530233920  0.43296354474803889  0.43762069457455938
  0.44238643231288177  0.44724594501279230  0.45197955004362972  0.45657055785265493
  0.46140913207743639  0.46652781675567656  0.47163819642242344  0.47671776401214866
  0.48169998442029144  0.48663748721339800  0.49155755118998207  0.49637241030861495
  0.50102656607964613  0.50553498674318642  0.51012004918906706  0.51465690876153614
  0.51924719083646653  0.52398974387571151  0.52884034317438189  0.53390375890902519
  0.53926459490697021  0.54422610565612073  0.54897029122402008  0.55369876802818907
  0.55842655908490213  0.56312539416054730  0.56786387529689364  0.57279657667189643
  0.57784592478829822  0.58295517585470513  0.58775676288278111  0.59248999375973621
  0.59730473242632542  0.60214294485086584  0.60707086561138479  0.61227872576848208
  0.61775295893002868  0.62345302302686711  0.62945646905396058  0.63553797053859973
  0.64189342532212823  0.64831383294629064  0.65517109825163433  0.66220952426272273
  0.66965416958607737  0.67729810510740140  0.68518457419725221  0.69422128403022554
  0.70372393343043960  0.71381887485960416  0.72471239448873204  0.73648971136322683
  0.74976108908483940  0.76483931390412663  0.78197436988711833  0.80337787032599473
  0.82847712515932348  0.85999370606977898  0.91288291994018722  1.00000000000000000
 -0.00202444077285953  0.00846628252100939  0.01722397671465406  0.02692653397404404
  0.03695528655251450  0.04678331196514360  0.05675926600251389  0.06708648854153275
  0.07802349401744199  0.08837338085820964  0.09829115373964276  0.10848700413339749
  0.11890282634772152  0.13005098780517568  0.14043561831618645  0.15076393033151295
  0.16091549498125235  0.17062230540402648  0.18013246652421613  0.19001697280772686
  0.20093429276232927  0.21224758930457069  0.22431817353157033  0.23698114639218409
  0.24947612470118019  0.26025062714018643  0.27093433583066046  0.28112357265288535
  0.29142263965301168  0.29985921046937697  0.30803756534300841  0.31633645390201165
  0.32464278975865579  0.33279199305851331  0.34144780963588089  0.35060903082855444
  0.36021545774649155  0.37051854107621052  0.38108046140624768  0.39130703132534472
  0.40090305799684606  0.40967739379483642  0.41880294672374302  0.42929111159271455
  0.44084456723902937  0.45195836575049447  0.46285292200312228  0.47297260303683142
  0.48348023912062843  0.49373614259696946  0.50512488984538573  0.51723055019154307
  0.52942393780231423  0.54130650181696227  0.55232144311382858  0.56311074250386417
  0.57274724539677024  0.58255055302068359  0.59264067740019954  0.60310544071948224
  0.61316289129274393  0.62290008128397567  0.63309479360391741  0.64377457039933794
  0.65386827171405648  0.66375645448139120  0.67388624744547099  0.68389503808189356
  0.69396924595258203  0.70403236248676859  0.71547770994102933  0.72856774281284187
  0.74120953958472180  0.75372938633851427  0.76580763942913954  0.77770503964091375
  0.78995223229667977  0.80226413912377026  0.81440113853574958  0.82600781450150618
  0.83745974206927531  0.84885280304168809  0.85968026828884070  0.87019428219216310
  0.88122355959992082  0.89226108919782465  0.90279980701605322  0.91316807545756729
  0.92357874011667052  0.93324547272013481  0.94248052133693561  0.95202916495054857
  0.96221947217008030  0.97373664242564539  0.98604018013835804  1.00000000000000000
  0.07163745748653183  0.15574286045623109  0.19770497705157494  0.22930034599589913
  0.25417779520486850  0.27570469969520967  0.29438548486871924  0.31053328851398504
  0.32261277511427966  0.33345918064213304  0.34385155072013041  0.35432485430718791
  0.36440604822429051  0.37385325822529747  0.38338814517587499  0.39207885790132135
  0.40042124313499389  0.40826824738340700  0.41646987501075156  0.42506615214075488
  0.43376741876175562  0.44223164592129255  0.45045520886451407  0.45851958987511443
  0.46517331118755539  0.47122711618043467  0.47715786587992670  0.48307045492940803
  0.48904217358139651  0.49488679184805662  0.50055930320993081  0.50609201778273505
  0.51141170877490716  0.51647749246387697  0.52145231414000803  0.52645764414248919
  0.53150705711432744  0.53661304195209714  0.54152310409659699  0.54599015471364687
  0.55015849501416114  0.55440919820691070  0.55869975485471979  0.56286225740428442
  0.56695757661075863  0.57097961919093054  0.57504295801078431  0.57909410447223841
  0.58326049639273025  0.58773826528623296  0.59238420730584651  0.59678415443334931
  0.60109606866524423  0.60567792758325578  0.61066748553285066  0.61562064281736950
  0.62058785599626631  0.62540188449242728  0.62999349219561818  0.63461584073178168
  0.63922324873842440  0.64380098173145317  0.64838964593283199  0.65282599244549011
  0.65768739315502944  0.66283154335023231  0.66824486849504605  0.67363942337381288
  0.67888010093737339  0.68396861327750857  0.68908413698133875  0.69450944960318162
  0.69998212056932008  0.70533926369794409  0.71068298705040256  0.71624102840269199
  0.72199197894153555  0.72778292399838695  0.73353490254465481  0.73935851676609887
  0.74508241588661017  0.75102954207625461  0.75714223375269396  0.76349515625480224
  0.76988560008381957  0.77655885215549747  0.78335744330928092  0.79110367683963134
  0.79970517451097944  0.80878424819807382  0.81862283145067727  0.83076736173828691
  0.84700810382063840  0.86820927634952705  0.89976044112566800  1.00000000000000000
 -0.02259159006703436  0.13838689807764107  0.18029237701335157  0.20771544598150432
  0.22844964600930101  0.24536653866973235  0.26026994545657700  0.27372803574392357
  0.28532353913920355  0.29507524656784101  0.30379209074660080  0.31190844859761957
  0.31931903472010170  0.32607295556747151  0.33239659219372963  0.33854293238477950
  0.34470360332866062  0.35093835053420130  0.35675147262375390  0.36243338905771216
  0.36808079400291238  0.37320524753255119  0.37847700451218941  0.38406811863061197
  0.38959107370337176  0.39538976962475769  0.40102243852354025  0.40640610756545470
  0.41169157690681529  0.41684016880116809  0.42188398039001851  0.42693929833120864
  0.43188027180906124  0.43654097098813471  0.44112638199553239  0.44566938574477905
  0.45018905721655827  0.45465985891342986  0.45901686529043917  0.46328623752249126
  0.46773039613663175  0.47214327845909981  0.47667959263940718  0.48128178754093631
  0.48583806151476577  0.49038429019633545  0.49495984927717029  0.49949223556839273
  0.50381862432920577  0.50777560332441796  0.51187548675555783  0.51588957668646562
  0.52000069982425634  0.52421736041605005  0.52845979043633129  0.53282089864995197
  0.53715546962735727  0.54140660984735889  0.54552764637132378  0.54946534352863596
  0.55323951916660230  0.55701126469104667  0.56099887770466050  0.56530181396729884
  0.56981232831117612  0.57438789698313186  0.57900209035495720  0.58370123312866418
  0.58868861618760726  0.59380804364050466  0.59884821507028752  0.60402675919489057
  0.60910976293898922  0.61432099559528175  0.61962151147491795  0.62497087358940373
  0.63059697127983949  0.63636464127339543  0.64242856994203135  0.64907500871289114
  0.65643988907208739  0.66389132838312703  0.67148052155215676  0.67925763885025048
  0.68766602532379351  0.69706334597217889  0.70693927824928182  0.71743735354717164
  0.72832832183185126  0.74061464363334806  0.75505087459671383  0.77290498109187089
  0.79265394391682065  0.81679620877680581  0.85934401622079026  1.00000000000000000
   4.1878996372496110E-014  -1.0000000000000000     
 F F F F F F F F F F F F F F F F F F F F F F F F F F F F F F F F F F F F F F F F F F F F F F F F F F F F F F F F F F F F F F F F F F F F F F F F F F F F F F F F F F F F F F F F F F F F F F F F F F F F F F F F F F F F F F F F F F F F F F F F F F F F F F F F
  <DiscreteSampler_grid>
  grouped_processes
  1 # 1 for a reference and 2 for a running grid.
  10 # Attribute 'min_bin_probing_points' of the grid.
  1 # Attribute 'grid_mode' of the grid. 1=='default',2=='initialization'
  0.0000000000000000 # Attribute 'small_contrib_threshold' of the grid.
  0.5000000000000000 # Attribute 'damping_power' of the grid.
 # binID   n_entries weight   weight_sqr   abs_weight
    10   10   4.214418633040038E-002   6.223304272075074E-003   4.214418633040038E-002
  </DiscreteSampler_grid>
