 -0.00006874947350051  0.00059567562532320  0.00117759147076208  0.00195108866812640
  0.00290451132910023  0.00404038190543568  0.00536091541278457  0.00691463350019170
  0.00856391141903730  0.01030354981433801  0.01228021359025751  0.01450014138688506
  0.01691550018704694  0.01939601433723770  0.02193258484249263  0.02461278558435399
  0.02743877753593047  0.03036632380378515  0.03336627512318781  0.03650456371704363
  0.03977987726296461  0.04313077387324885  0.04648957290976018  0.04997132438447874
  0.05364663037398810  0.05765341977698658  0.06188273660527387  0.06631355473802755
  0.07080880678174087  0.07549927008101977  0.08067063046091562  0.08591304204690940
  0.09112960967334985  0.09624333779456018  0.10140801861054669  0.10671224789595871
  0.11244838125751351  0.11851132294022110  0.12486194388466471  0.13133054257786417
  0.13795263023696838  0.14452786300029563  0.15104874722259043  0.15779270149388386
  0.16510064158308996  0.17273582398997556  0.18055173712270856  0.18896191188155909
  0.19779695701331135  0.20684341434207562  0.21627641757956279  0.22621024840628201
  0.23662937995624705  0.24766839269559582  0.25979617347060840  0.27331732915026097
  0.28776818092032086  0.30338232211549099  0.32155779998323514  0.34377879017001267
  0.37309102210366352  0.41764330940223393  0.49938886343648331  0.58419708144935878
  0.62944402253893583  0.66125812994453059  0.68464152778148346  0.70581468549904625
  0.72427467214600072  0.74150902434446719  0.75783089992686214  0.77283933248216430
  0.78611943295940823  0.79867681560483184  0.81082369274660049  0.82248402750886196
  0.83370503582782907  0.84460225470381067  0.85526904062598019  0.86547162022889101
  0.87543237260405782  0.88529668331206335  0.89448322661858082  0.90359496010094020
  0.91247112427994981  0.92102109803087384  0.92947141637950748  0.93760305843366953
  0.94553934659092775  0.95337948749258095  0.96124902900523279  0.96903431089242364
  0.97670711761412921  0.98452171017521328  0.99228715030672765  1.00000000000000000
 -0.00331545987251600  0.01286828722916204  0.02530311645090202  0.03667341449063835
  0.04768516674238392  0.05885989870507450  0.06962587535705414  0.08016380823434277
  0.09070961963029933  0.10117093532982781  0.11141966457206998  0.12162815739652812
  0.13237941193477459  0.14323370702939642  0.15365648494637596  0.16394256617136788
  0.17434744154283294  0.18468133935300871  0.19500661863753305  0.20514979064246244
  0.21472145850442018  0.22401113087464686  0.23355141016266012  0.24368504462503837
  0.25350668148937328  0.26313413377686151  0.27295442091771099  0.28404359360942250
  0.29359768068178371  0.30212467837431839  0.31055256893762101  0.31927053163482932
  0.32818976958897772  0.33745883520959791  0.34738757280474342  0.35769797444088175
  0.36840355939489927  0.37988200104538250  0.39225242242795078  0.40454329909188480
  0.41606462873803607  0.42681641060870745  0.43703443948173121  0.44684211002881630
  0.45635310873271989  0.46580284868626848  0.47570114036236361  0.48648516179096712
  0.49755655497361023  0.50816382287352990  0.51851606325360333  0.52909420596135026
  0.53957886510919340  0.54930673046139411  0.55892983162711074  0.56901877013213620
  0.57952895927199188  0.59047017084656395  0.60118226950068965  0.61210416445315929
  0.62293924540343570  0.63408798055704640  0.64499502193126534  0.65573874034176050
  0.66587207922966707  0.67561998011146429  0.68545969249629723  0.69541886141732812
  0.70545590656955448  0.71535227701913306  0.72524163882081039  0.73597068996805071
  0.74705150564596334  0.75786273427556594  0.76840598202345811  0.77881407245004453
  0.78917228426600672  0.79975543700662843  0.81074902188390841  0.82261879940345495
  0.83489581058139184  0.84645856763142568  0.85726613180029909  0.86759501371235681
  0.87747308426990467  0.88738108363761037  0.89767968641249951  0.90884027809522339
  0.92004571735348495  0.93134085366613473  0.94270658501453708  0.95558951037247875
  0.96753928019925595  0.97950130071066233  0.98990744680720033  1.00000000000000000
 -0.00148880204625352  0.01295082439160818  0.02452165013636426  0.03432466545816300
  0.04364580040815430  0.05248596440733862  0.06087367825876074  0.06835266178054025
  0.07564823806069275  0.08306239836986073  0.09064271885276295  0.09814683237809217
  0.10526979773272319  0.11190941911971843  0.11821742317280605  0.12454717471449930
  0.13140932581546283  0.13884470541187244  0.14653838763786792  0.15421964148441400
  0.16174793136852128  0.16910764410788529  0.17611928041951336  0.18306611700358369
  0.19013637741017012  0.19712197016254407  0.20396460966011815  0.21091707748910996
  0.21798289589499789  0.22504401698141788  0.23193297065735707  0.23849318434488959
  0.24501641239698871  0.25164855266375413  0.25828214988897275  0.26488743549153160
  0.27160776206812209  0.27785597531014167  0.28426373666462901  0.29047993754260004
  0.29687360033698984  0.30308378078067516  0.30938762723218172  0.31604365463620071
  0.32302763465408901  0.33005989990242723  0.33695567340454641  0.34379171862090835
  0.35063997604932612  0.35737526290911092  0.36369787268221093  0.37018033284867546
  0.37677028174001270  0.38355428143012710  0.39018819872122618  0.39696243623295818
  0.40357125380821679  0.41028708291836269  0.41705987480569889  0.42609474744562037
  0.43469261627962358  0.44259510352216919  0.45052939898891969  0.45852664034262985
  0.46653536061905204  0.47464228820721088  0.48268177513747612  0.49052060515489249
  0.49826322241463483  0.50626351084780041  0.51461952137947509  0.52357558931421322
  0.53310831377727497  0.54331627846522079  0.55398733500832043  0.56493843028104784
  0.57608132653271249  0.58738045550714513  0.59864132065362285  0.60955011149955107
  0.62062083276403701  0.63205078096639289  0.64440601620713123  0.65739145782806918
  0.67066498721872192  0.68401091742255915  0.69835112916657827  0.71347657943851539
  0.72980851412376546  0.74696209557581317  0.76692666433688539  0.79008796082311672
  0.81735925433828183  0.85006945282364865  0.89572967119560332  1.00000000000000000
 -0.01884692045149094  0.10715332948681434  0.14180153201086110  0.16382273324374658
  0.18198952913690339  0.19705683265279200  0.21023148801189476  0.22221097863574221
  0.23323723615838926  0.24347628610824501  0.25304060388387284  0.26242755826510572
  0.27146722457913658  0.28004169895851511  0.28830486636665598  0.29636944970980694
  0.30468079747687460  0.31299706286732898  0.32104180057246201  0.32841470594383182
  0.33511424619097357  0.34176521601866150  0.34836852808023872  0.35504942660202848
  0.36161404494691640  0.36812160858975540  0.37444441672956019  0.38065597567948389
  0.38689348603671203  0.39316933500655443  0.39950117072186569  0.40585605720973122
  0.41210592672499485  0.41821710947002777  0.42439972216100369  0.43062396990645602
  0.43691731955536728  0.44290959190758472  0.44878232989467792  0.45475295720061287
  0.46052731689789106  0.46630008230941428  0.47197313386624629  0.47748341065088473
  0.48272966410242080  0.48785099976974067  0.49304802729878988  0.49840395254984349
  0.50403835731197899  0.50995448691414724  0.51583287085323204  0.52156323542411354
  0.52765083126750834  0.53376876270418305  0.53988842290822614  0.54561257759940329
  0.55108834580245336  0.55651145516693090  0.56190817168210994  0.56732787481404912
  0.57280583871891255  0.57834442589308110  0.58399876217983659  0.58981305848092735
  0.59570211964375652  0.60160306226853588  0.60776805519513499  0.61449656844167821
  0.62124767833493677  0.62788350796927750  0.63452623174182465  0.64136569461901194
  0.64814146089601632  0.65473453037273110  0.66139400534792803  0.66836689053717113
  0.67561515398088112  0.68287691913358695  0.69014504465162296  0.69779095198961172
  0.70571072708576121  0.71454422530831052  0.72423443073056570  0.73366608690642199
  0.74276683324685078  0.75221232839314289  0.76233851279545262  0.77282352168787027
  0.78379688288141669  0.79575915413524045  0.80923888382829712  0.82438782281433909
  0.84136706717037091  0.86199645113355350  0.89463712385764127  1.00000000000000000
   4.9056197557905367E-004  -1.0000000000000000     
 F F F F F F F F F F F F F F F F F F F F F F F F F F F F F F F F
