  0.01450956857573679  0.01480295948920838  0.01503392381777535  0.01525025978501548
  0.01545877330186393  0.01564520941385270  0.01581063378828231  0.01596039091914278
  0.01610491646754005  0.01624238208732322  0.01637708760984062  0.01650998499584356
  0.01664785047814933  0.01678607000661795  0.01691170975452514  0.01703623595980406
  0.01716100189668558  0.01729546775968779  0.01742875911660748  0.01755926839869973
  0.01768824033816170  0.01781822110401130  0.01795122413832845  0.01808724937706391
  0.01822530612755207  0.01836525222774803  0.01850763337472779  0.01865068163995024
  0.01879002191374729  0.01892714763735477  0.01906833395149213  0.01921266545403714
  0.01935360130229372  0.01949477125174914  0.01963478038282543  0.01977388803512940
  0.01991599624457846  0.02006505837942682  0.02022102921366425  0.02037982685274930
  0.02053928680390773  0.02070360818408930  0.02086608038956732  0.02102642477338488
  0.02118017777589881  0.02134244164422474  0.02150560399306652  0.02167432058172697
  0.02184565030298643  0.02202674845982094  0.02222509900540852  0.02243036626592849
  0.02263436880232571  0.02283648855126785  0.02304036590669836  0.02324830038574592
  0.02346099051498458  0.02367743225527930  0.02389353187392584  0.02411193280497365
  0.02434035663947578  0.02458260452390639  0.02484038977462756  0.02510332995516483
  0.02537028848484742  0.02562835635199249  0.02590522504124429  0.02620193141640208
  0.02651070752318724  0.02683888730481989  0.02719493437663265  0.02756760860579924
  0.02795241298063702  0.02834714833459978  0.02880269258097118  0.02927305913442328
  0.02975880530409985  0.03027129456424696  0.03081537607301683  0.03140241411221362
  0.03204555167774756  0.03275229156144047  0.03347909363319879  0.03428789742785495
  0.03519599662702373  0.03617433019554270  0.03724397344687397  0.03847380783558586
  0.04005107771117615  0.04203173659046258  0.04438299411151088  0.04777415685238754
  0.05267415808292268  0.06080836395122179  0.08475898670438609  1.00000000000000000
  0.01575134620823072  0.02664945873015681  0.03019711463020651  0.03254460493153575
  0.03420308898858681  0.03560517434498969  0.03708033044211331  0.03851922342626059
  0.03983730767044252  0.04111025309851202  0.04237643646206495  0.04360669976883203
  0.04476931231305206  0.04584843354811655  0.04693849955343347  0.04803844580411106
  0.04913924058440541  0.05021414200536547  0.05126699439256002  0.05224250136070836
  0.05317407621983455  0.05411716680390127  0.05507647905136077  0.05605850840243406
  0.05700602553516253  0.05790534713648694  0.05874264910355474  0.05954466342802015
  0.06043554785218459  0.06140557592123582  0.06243648668081252  0.06342661013562498
  0.06456110999120794  0.06560787314372811  0.06663127134710957  0.06764821853468440
  0.06866320601387339  0.06968617902263778  0.07073184217558208  0.07178289808756233
  0.07293626288396335  0.07396825517808636  0.07502555525086053  0.07607360653610795
  0.07713888788435960  0.07820950826173048  0.07930469219095952  0.08037331993541938
  0.08148372591169324  0.08262852061401227  0.08382289396884879  0.08494274947050999
  0.08600814320849856  0.08704878501126247  0.08808496911752808  0.08912775772047983
  0.09015629670083643  0.09120806063488675  0.09235476392753865  0.09354815709407421
  0.09476287308873686  0.09596945895266325  0.09713273566247602  0.09831558925136921
  0.09963777951493583  0.10107608681211877  0.10254542830903024  0.10401010402645543
  0.10558306047528419  0.10732119603127456  0.10911397681384007  0.11095137032180445
  0.11287222348890297  0.11484913131424908  0.11691011400471289  0.11903721509575665
  0.12127055424656268  0.12363014583125917  0.12601005011144562  0.12869355065800875
  0.13162980258804852  0.13465787006001856  0.13776460020715581  0.14101263788754612
  0.14453168278926670  0.14865439492595248  0.15362808478712714  0.15893197222445998
  0.16492968607804806  0.17214475565515835  0.18077266728243407  0.19081292637506311
  0.20277962243827094  0.21733182498663448  0.24260923569762549  1.00000000000000000
  0.00155562554057025  0.00737508187598171  0.00893248924850554  0.01005750202130729
  0.01095878510164480  0.01171151218096867  0.01242206264400380  0.01310478241359018
  0.01373100112653427  0.01431103728748289  0.01486654372303851  0.01540965855863763
  0.01593496602986571  0.01644740400009703  0.01692822743866736  0.01740423615321078
  0.01786924714382393  0.01832513704980336  0.01878029158052424  0.01926270236846901
  0.01976639006251064  0.02025277237379827  0.02070445330238595  0.02114478520891772
  0.02160130002530349  0.02206286368210935  0.02252548440513157  0.02298787634931995
  0.02342749309060606  0.02388057989956032  0.02434637764122538  0.02479670537848647
  0.02522538579152665  0.02563752395549769  0.02605383411992246  0.02646732164665045
  0.02690402787749478  0.02737695603834979  0.02786663273432995  0.02837025974481851
  0.02887957536072856  0.02938756325483795  0.02988924514379120  0.03037838116000068
  0.03086158327102651  0.03134763125608100  0.03184118189351615  0.03233961307079167
  0.03284505420365708  0.03336015501594206  0.03388408276004818  0.03443047951728415
  0.03500922236485623  0.03561348157554142  0.03623130630133189  0.03687511335286256
  0.03754576760353227  0.03825720978933399  0.03896017405320919  0.03969985420968030
  0.04042553123435724  0.04111231198875345  0.04180708263910301  0.04253191171822414
  0.04330051201311151  0.04411830654197448  0.04497042248517855  0.04582026857759536
  0.04668493613798428  0.04762206738157888  0.04863578608901623  0.04970123770319231
  0.05079413371834591  0.05192198404980906  0.05307719917765986  0.05427330208258616
  0.05555726227335205  0.05699029855820748  0.05857073840557203  0.06022255498285452
  0.06195520438129058  0.06370341080642056  0.06548615013241368  0.06744049572578600
  0.06957231952792710  0.07199123558005338  0.07472054369940287  0.07808835982851899
  0.08214124014217138  0.08682628708744500  0.09269292323505852  0.10014047192974988
  0.10849519783466249  0.12186011464622259  0.16031339979621972  1.00000000000000000
 -0.01576973361369118  0.06952765126933352  0.10356291444683893  0.12932869204926020
  0.15040813773828843  0.16873072565456657  0.18415978275839448  0.19758325014518918
  0.21040069749245821  0.22291984404427401  0.23462575700269281  0.24556473698478923
  0.25603810372543401  0.26562755964074775  0.27400855339183283  0.28171806368411945
  0.28957854728577787  0.29774345653704093  0.30575012513926014  0.31311970735449873
  0.32003368931885812  0.32680483961306717  0.33355301233942930  0.34028170645114575
  0.34690839199263462  0.35338840988110481  0.35993828171277797  0.36636689466977013
  0.37278204959390038  0.37936749856423363  0.38613932820356428  0.39301223617657599
  0.39988981731351014  0.40672289303133013  0.41333235131399115  0.41931092172261064
  0.42466094015582478  0.42962098817568117  0.43474052889265052  0.43996876859484907
  0.44536623002439285  0.45080934376644993  0.45609971816084038  0.46113602605591664
  0.46605283938395270  0.47099910505989184  0.47588771383471817  0.48102308102437058
  0.48677057743805952  0.49263693945492804  0.49841710743331874  0.50428709724974274
  0.51001319778989063  0.51558728309030410  0.52135705477121197  0.52716465365186194
  0.53295592138427739  0.53876620319795554  0.54439749929569514  0.55032831790734738
  0.55668533687769450  0.56324858200857320  0.56959863765072527  0.57597712461014372
  0.58252621845848096  0.58944636287092711  0.59659919766258329  0.60351227578604150
  0.61010400795228636  0.61669187743284881  0.62339863310790278  0.63023318325514877
  0.63738147094114672  0.64483039334949821  0.65230049280674007  0.65961582524266926
  0.66688099810576262  0.67462344187572043  0.68267160893830281  0.69113847554679475
  0.69976853506729186  0.70926712683936743  0.71914129715218034  0.72983346326701848
  0.74138789831522289  0.75393313664283301  0.76727432679890994  0.78131861555754512
  0.79677038545423873  0.81374156697872901  0.83239716450123880  0.85253919624877694
  0.87612010508285443  0.90519679047379054  0.94396402931946755  1.00000000000000000
 -0.00207339285740322  0.00858702756129446  0.01796247590916363  0.02760911382325606
  0.03822848851809384  0.04788004588507783  0.05820523922939214  0.06930277303676260
  0.08093109526857682  0.09242362676882282  0.10434084632290443  0.11668519111621099
  0.12854901283707032  0.13896906180916768  0.14935182630261937  0.16029358750359793
  0.17120417774569840  0.18206077581493640  0.19213074651008930  0.20161028875886591
  0.21104483277505037  0.22071658778503542  0.23044341068078175  0.23994218670030865
  0.24967848638500031  0.26041300498260689  0.27130787165537401  0.28171536178297119
  0.29141711147535365  0.30125551324176797  0.31161803135387151  0.32271425219910477
  0.33421712293149142  0.34550400035827900  0.35635112247623441  0.36690595272337184
  0.37734589750195485  0.38785233352797194  0.39858660185134803  0.40974125278609730
  0.42091298910356678  0.43196747372437622  0.44255305733378159  0.45281796158228699
  0.46326375620559079  0.47362122834271919  0.48371642053232916  0.49355086590205366
  0.50379842832352995  0.51488194343984628  0.52598107164474350  0.53701627927065998
  0.54820768521927721  0.55928096756971590  0.57083898984627246  0.58198406814317694
  0.59234656901873739  0.60263797516087991  0.61352632536109353  0.62461438999288832
  0.63597439145465151  0.64724757219270146  0.65816677566409176  0.66860308959052295
  0.67874116558493336  0.68878264286070379  0.69835817934366518  0.70800188676078979
  0.71847176556642245  0.72915595063595962  0.73948455619648035  0.74968404988815307
  0.75940992215536496  0.76877484773291060  0.77818806437194099  0.78795759010907507
  0.79832120000590401  0.80975836184367767  0.82151927158371973  0.83289859190353166
  0.84368445416698068  0.85374441224544140  0.86361125862354671  0.87372803764321449
  0.88416195724836233  0.89496254474423631  0.90465987411524817  0.91448638277351535
  0.92462320998622083  0.93515278490629772  0.94645852188351953  0.95758698919256324
  0.96836065821056205  0.97910427831747315  0.98929548368286291  1.00000000000000000
 -0.02255100647694257  0.11249989750903487  0.16866303750711703  0.19770951046869242
  0.21924054807745103  0.23730060532133862  0.25350816115618929  0.26769192179199747
  0.27969225284783328  0.29041997751018644  0.30042577510725438  0.30977342554651605
  0.31904296045953251  0.32795110447313736  0.33621357477915803  0.34393018803354147
  0.35122062078059424  0.35808783491749052  0.36455414535746378  0.37078644429846291
  0.37680271510371266  0.38280075689546661  0.38874135083559030  0.39458743687000802
  0.40037195653638985  0.40598199023490311  0.41129344110092225  0.41633971426296640
  0.42129782562928442  0.42630566016057730  0.43124931568076036  0.43606000254326760
  0.44084496362651643  0.44584769227665821  0.45072325034952010  0.45557261030817564
  0.46010925015671289  0.46388132118691716  0.46780904774740378  0.47189208294499912
  0.47621478799413591  0.48046472322032796  0.48442391413443753  0.48836395153196349
  0.49231741051389738  0.49633667485682714  0.50031424392773061  0.50419216540578404
  0.50809946468724121  0.51215739471657018  0.51627875128038625  0.52047523395234829
  0.52490189931205422  0.52942831884911112  0.53385146832973296  0.53816687739968028
  0.54248078896816010  0.54690004573196127  0.55149915267908223  0.55634391796186133
  0.56151045418546908  0.56690649411881100  0.57250585701677903  0.57794555399490399
  0.58339939777393601  0.58818414566979005  0.59284930845670236  0.59776734399233600
  0.60286645425887875  0.60803582512244447  0.61325487345172203  0.61856222926936588
  0.62394069526644957  0.62931274516680691  0.63487507889955819  0.64062979133585940
  0.64659129964272855  0.65293774876408672  0.65945196451917965  0.66585621400833550
  0.67254564357524593  0.67968467375568009  0.68736210344186210  0.69580232301292055
  0.70476715188587702  0.71403304358620601  0.72463826914093343  0.73659361918128663
  0.75041296716638139  0.76629125056942371  0.78407709172004714  0.80320619975867857
  0.82575156505349756  0.85864875266808116  0.90966378612992360  1.00000000000000000
 -0.00189340223240238  0.00803008231698483  0.01849833382522506  0.02847279748099060
  0.03880058839970778  0.04961755302723758  0.06055629737434438  0.07128299682734984
  0.08228924638124749  0.09419084027226060  0.10663686356952186  0.11913670380575851
  0.13071845337958657  0.14144949134809853  0.15120070115937642  0.16021443232819219
  0.16936697634599523  0.17890310618621508  0.18872204102620518  0.19828511470814328
  0.20813398479366085  0.21880856930388490  0.22966838922951260  0.24025557442431841
  0.25033327891395329  0.26131057968474347  0.27256978679772592  0.28389567583295228
  0.29484589310643938  0.30464880358804070  0.31406297468970801  0.32345880139876459
  0.33261723229873147  0.34161030440894247  0.35058363020069772  0.36003690736737343
  0.36973234761584545  0.37940421130765056  0.38933309802995442  0.39992635547886052
  0.41115239734620135  0.42258442260944451  0.43411913978812899  0.44608143947026047
  0.45779550634698002  0.46864682058434670  0.47884543937221852  0.48863481156995542
  0.49871426151355563  0.50892471363302749  0.51947269198098844  0.53076418121642988
  0.54224367898475856  0.55252585623271033  0.56202507647694000  0.57160870995704671
  0.58103945583047367  0.59044192793908024  0.60015138882612340  0.61079043698748947
  0.62189905378293153  0.63263166687490291  0.64309733249257806  0.65351195107540783
  0.66366436566646025  0.67355045783553891  0.68348831111534336  0.69382475290630874
  0.70428599280735904  0.71459857075826871  0.72467741949993536  0.73513842124768325
  0.74658117273408009  0.75829293742911796  0.76974522453713867  0.78135437351533932
  0.79280389376275984  0.80398686042479817  0.81535583845639670  0.82654637460089297
  0.83811637351207713  0.84991467937711895  0.86152795459929365  0.87275351283183877
  0.88344206063960418  0.89373455310734140  0.90409541124785298  0.91481250319001262
  0.92578313757568187  0.93658177001168263  0.94741329396713958  0.95835101619529384
  0.96890095565723722  0.97936117100171516  0.98966686095619016  1.00000000000000000
 -0.00167169947185291  0.00766929614167542  0.01616484835040529  0.02521988596764373
  0.03449327239111790  0.04464628905188881  0.05525272068107770  0.06540408552043134
  0.07543531474823964  0.08572064361151331  0.09638692580964942  0.10712921942180234
  0.11802317030377321  0.12915360668554726  0.14019843455192935  0.15156568470308204
  0.16289049700646549  0.17371802640524475  0.18398182087467174  0.19446189475404360
  0.20541427072479898  0.21683450846910018  0.22815845867690610  0.23928640868388185
  0.25087163917242811  0.26212073811041492  0.27295979420034810  0.28546185512474886
  0.29587498961844555  0.30586616885803081  0.31637236673905927  0.32629747836849005
  0.33647304633228647  0.34639313939003991  0.35588488910756949  0.36617774511780882
  0.37678795784500152  0.38833655610966372  0.40008810171441794  0.41148912503295426
  0.42302423028318664  0.43460066298938810  0.44600607198037906  0.45756289231395331
  0.46893172631468932  0.48031374231842233  0.49129640193767643  0.50231748177198354
  0.51311171457638116  0.52362801623351929  0.53424314294230291  0.54568221793671357
  0.55774591069368518  0.56919387614870565  0.58041107136075176  0.59140842439357255
  0.60212238171459831  0.61237277760086917  0.62247175708893809  0.63276812860412768
  0.64324098346534375  0.65376763023117990  0.66434131189194723  0.67501305934576916
  0.68571719648985086  0.69629574023020713  0.70647822156423845  0.71632065624956287
  0.72629389870504835  0.73659027471010385  0.74715108767147631  0.75742091465496086
  0.76697924953487651  0.77600968971713191  0.78483255296846799  0.79397280031996753
  0.80318698043875758  0.81256473745465740  0.82221557302545289  0.83202292591341542
  0.84242627682690352  0.85296744814493231  0.86379920477228889  0.87446823265186036
  0.88475185100615217  0.89486346247826243  0.90478877548503023  0.91452466232290652
  0.92413464193259220  0.93369308054025624  0.94415887984547009  0.95504196191549795
  0.96535959846695674  0.97617684139552618  0.98699649737823381  1.00000000000000000
  0.06849737415350568  0.27459344789662299  0.33946854874429344  0.37850859883084104
  0.40565852574674666  0.42383279821399483  0.43923339210336593  0.45318637677847529
  0.46605795450883641  0.47749647406400159  0.48762861574380068  0.49683132273493347
  0.50532388860559174  0.51345172391695393  0.52114307007092209  0.52815911465084697
  0.53459187539519248  0.54069864894765296  0.54662960672554173  0.55226834030347816
  0.55776538055592828  0.56301025907874913  0.56774154679416777  0.57246418319719927
  0.57698424319258645  0.58143524051091211  0.58581801118254906  0.59014950368358543
  0.59443083609099967  0.59865866648554589  0.60281197835326006  0.60675816948133354
  0.61050395119692358  0.61412745635439081  0.61772757102274345  0.62130105562801552
  0.62489561257528081  0.62860683561633979  0.63238713506729605  0.63614637573632693
  0.63979055723032530  0.64342449830874404  0.64700538961606613  0.65047079167790733
  0.65390590739745313  0.65741515257098904  0.66099498320783645  0.66455382586299694
  0.66797417987627794  0.67128701246993550  0.67453261597256764  0.67772891977459693
  0.68090162748607652  0.68400892555184212  0.68699783545849091  0.68993050073891848
  0.69291262178737478  0.69598566306311216  0.69909534952380714  0.70224543647222681
  0.70538273657654960  0.70855184136869265  0.71175640067911938  0.71494640744329685
  0.71812109919705114  0.72127875638824035  0.72435231363394714  0.72751045371330736
  0.73064260684475080  0.73385758628258446  0.73711843691558465  0.74047050550675153
  0.74390412796393179  0.74743215240491467  0.75103884715213654  0.75469571211288167
  0.75842128034121703  0.76223294812455267  0.76612245685998481  0.77045296900881588
  0.77452915637296171  0.77894812429682536  0.78338596841787422  0.78796104733094086
  0.79291082294668280  0.79833058931077461  0.80403762488346031  0.80988744404593827
  0.81603908473628262  0.82263173355786934  0.82987575435458383  0.83827292172330570
  0.84853905447128597  0.86314590411975123  0.89068230713030450  1.00000000000000000
 -0.03757348901155615  0.16970165885202654  0.21293232448507290  0.23694524517535012
  0.25486299879708946  0.26933996481691591  0.28145661559312307  0.29278888249780671
  0.30416441423149737  0.31481281271364642  0.32431871525850742  0.33258715098430702
  0.33987467089327034  0.34652837864816899  0.35300993635903244  0.35916286977833473
  0.36502180145286356  0.37064942474888896  0.37613154310459151  0.38131741670937908
  0.38628411756245085  0.39132393620672490  0.39603762084961364  0.40077531022678059
  0.40525368784311044  0.40960692185665970  0.41384735554216651  0.41804095292781690
  0.42209182134949058  0.42605029250244758  0.43006186717166439  0.43401787075498993
  0.43828346500848631  0.44266964489524407  0.44700528290954616  0.45125530776860961
  0.45528473377347234  0.45917697707091942  0.46303209592203631  0.46693534148801907
  0.47082053555564435  0.47455721192509553  0.47825460379104534  0.48196462673561363
  0.48563425313241387  0.48928481191651385  0.49303841544072197  0.49699048054896072
  0.50106118903278019  0.50511464271241879  0.50907454554780263  0.51293314733303974
  0.51673553874367928  0.52068633455530133  0.52483943110818709  0.52903352389285119
  0.53325676968752767  0.53741551167468260  0.54150355154426644  0.54561607114438826
  0.54982170155606536  0.55412741221869710  0.55847041561910227  0.56277004948427567
  0.56696462611990173  0.57112952434883180  0.57552559943937820  0.57986716125270310
  0.58427240187234564  0.58857442625176448  0.59294168831573968  0.59752883903713672
  0.60229080265636337  0.60703614494079616  0.61178651153915775  0.61653219827186545
  0.62134029293414561  0.62644953350579946  0.63187838310574429  0.63749031934832145
  0.64314942515170359  0.64927475961236614  0.65595429667626470  0.66326726419021109
  0.67136504023561960  0.68006293416664676  0.68892389839260948  0.69815669458688878
  0.70842801630424268  0.72011300312910376  0.73293347322144453  0.74698631302130991
  0.76363079577632820  0.78755312846284620  0.82998977570009302  1.00000000000000000
   5.7026971634939849E-014  -1.0000000000000000     
 F F F F F F F F F F F F F F F F F F F F F F F F F F F F F F F F F F F F F F F F F F F F F F F F F F F F F F F F F F F F F F F F F F F F F F F F F F F F F F F F F F F F F F F F F F F F F F F F F F F F F F F F F F F F F F F F F F F F F F F F F F F F F F F F
  <DiscreteSampler_grid>
  grouped_processes
  1 # 1 for a reference and 2 for a running grid.
  10 # Attribute 'min_bin_probing_points' of the grid.
  1 # Attribute 'grid_mode' of the grid. 1=='default',2=='initialization'
  0.0000000000000000 # Attribute 'small_contrib_threshold' of the grid.
  0.5000000000000000 # Attribute 'damping_power' of the grid.
 # binID   n_entries weight   weight_sqr   abs_weight
    10   10   1.189568047862338E-001   7.344206649802595E-002   1.189568047862338E-001
    16   10   1.189568047862338E-001   7.344206649802590E-002   1.189568047862338E-001
    22   10   1.189568047862338E-001   7.344206649802593E-002   1.189568047862338E-001
    28   10   1.189568047862338E-001   7.344206649802591E-002   1.189568047862338E-001
  </DiscreteSampler_grid>
