  0.00004615627357048  0.00005172820369989  0.00005532272179855  0.00005909831231825
  0.00006285486967485  0.00006649022674416  0.00006985068642517  0.00007315420027171
  0.00007684994444477  0.00008084925691687  0.00008544973919525  0.00009018259495892
  0.00009513886714298  0.00010017895313852  0.00010543474906067  0.00011070831932770
  0.00011645315146594  0.00012259743288238  0.00012894953843717  0.00013521209033806
  0.00014142133629212  0.00014765174261654  0.00015395650493474  0.00016049125867065
  0.00016719423783357  0.00017405941267163  0.00018060278959432  0.00018718819164959
  0.00019434294561294  0.00020193257421026  0.00020981951243390  0.00021832027821285
  0.00022788283371791  0.00023758145109673  0.00024866758025550  0.00026061392219414
  0.00027239683677983  0.00028407046613519  0.00029593768973591  0.00030786746894052
  0.00031981777858771  0.00033191501896006  0.00034380970663067  0.00035630951367457
  0.00036916834545599  0.00038266000398552  0.00039700503308385  0.00041339727019982
  0.00043036882049650  0.00044769222276267  0.00046538591129642  0.00048313939827956
  0.00050104991322567  0.00052043225800992  0.00054078142751102  0.00056109213451522
  0.00058100948254210  0.00060160726556872  0.00062247879083477  0.00064423005749442
  0.00066838086024424  0.00069406944912726  0.00072086155432065  0.00074861480768823
  0.00077737857700872  0.00080570294294460  0.00083495096627651  0.00086870876555658
  0.00090392484378542  0.00094182759788448  0.00098292939766984  0.00102653213839168
  0.00107370563333311  0.00112600452206547  0.00118363451902024  0.00124664742009065
  0.00131572851963584  0.00138906640312869  0.00147215201200907  0.00156724262875094
  0.00167528731819821  0.00179249263818010  0.00192276036054311  0.00206655924526408
  0.00223075649723684  0.00242835154934322  0.00266294891980911  0.00295130138545201
  0.00330614345701564  0.00375028613369168  0.00434790754641237  0.00531934073955018
  0.00736026305976099  0.01211243909534868  0.15547459030191785  1.00000000000000000
  0.01648044183708226  0.01758719276125391  0.01778797009169183  0.01795453922480110
  0.01814744223011482  0.01835305305732342  0.01854870297304984  0.01873988549980559
  0.01893811338832976  0.01914754288407546  0.01936316426790817  0.01956223925691915
  0.01975173143256005  0.01994225700192404  0.02013668733173734  0.02034190877553477
  0.02057500884259357  0.02079700182844477  0.02101764691636128  0.02123812390768838
  0.02145099980422900  0.02167082731410559  0.02190396210253654  0.02213685561145498
  0.02236302208711167  0.02259347281623903  0.02283610384594120  0.02308416850617945
  0.02333636344713913  0.02359417515569731  0.02385928353755366  0.02413252477414563
  0.02440400723594850  0.02467122855563609  0.02495740721607323  0.02525945174667668
  0.02556914165253355  0.02588354250553274  0.02621490987420113  0.02656691900738294
  0.02692901136286053  0.02729072086435540  0.02765002540426110  0.02800605371653949
  0.02836666187178555  0.02873932459599272  0.02911910390108341  0.02950372922301308
  0.02989770330952212  0.03030828948872780  0.03074581700968733  0.03119682823245252
  0.03165209117947711  0.03211221239100449  0.03258011752880613  0.03306350205051430
  0.03357727042018833  0.03411745393337904  0.03466930279335045  0.03525255631684745
  0.03588300270750088  0.03654725238169922  0.03724180877133994  0.03796368993342237
  0.03871523247578251  0.03951212018873945  0.04036007933171719  0.04125629041270807
  0.04220591528096208  0.04320676255839479  0.04426234063897145  0.04534311490724129
  0.04641670047687002  0.04753855592939633  0.04874233872440838  0.05000783707324580
  0.05132642760941323  0.05274932602367332  0.05436314274773495  0.05620990473454632
  0.05822973743157622  0.06036901229349236  0.06262823032438564  0.06502571600889452
  0.06773571006075650  0.07101662449188050  0.07507320503772216  0.07988013663663407
  0.08504056678083532  0.09084739628388740  0.09855278547393873  0.10986486002205710
  0.12896172605940426  0.16561664238571958  0.77308399324574584  1.00000000000000000
  0.00181167260980799  0.00436070639904630  0.00589858290490723  0.00703257546159247
  0.00763284615007193  0.00820207699348172  0.00873881721706831  0.00923543422555302
  0.00971208444809641  0.01017915997280853  0.01062953717927522  0.01104820353461138
  0.01145420176795726  0.01184555939970440  0.01222139519900052  0.01257772178005814
  0.01291849399441142  0.01324802114233055  0.01359028675637120  0.01394009308275953
  0.01427819842403832  0.01462176861043761  0.01496572338335487  0.01530860497923582
  0.01564574713448341  0.01597543882800237  0.01631939806663116  0.01668162427927039
  0.01705666464805186  0.01743532242905759  0.01781922961571068  0.01820669079585095
  0.01861743796745150  0.01905436366508042  0.01952005868637644  0.01999956502518793
  0.02046097348898003  0.02093250801877745  0.02142582946939084  0.02191458859927436
  0.02239567354748710  0.02287295936465248  0.02335405521624258  0.02384852504974146
  0.02436208383963427  0.02487990192617791  0.02539556210567620  0.02593383578909155
  0.02650445072541561  0.02710935691270199  0.02773862274367760  0.02837491740229344
  0.02900709481621816  0.02962763394959657  0.03024173544981033  0.03085959145017349
  0.03150451848344067  0.03219485607589023  0.03289574253509292  0.03358398502277461
  0.03429020985178440  0.03504011803301928  0.03583984661321294  0.03668367476643927
  0.03755833062882474  0.03842457694183984  0.03935779896099709  0.04029194918319400
  0.04133221101655281  0.04239003291296221  0.04346923446667260  0.04456214875862023
  0.04566908385444879  0.04679891461863381  0.04799179046903255  0.04924507795991943
  0.05055397865612236  0.05196969757033070  0.05348502922934697  0.05510245390811724
  0.05683588021565335  0.05878897620038954  0.06096723878913799  0.06330005317013594
  0.06604110596300913  0.06908232345643377  0.07231058785622384  0.07626740750060132
  0.08125383176940376  0.08751373801597191  0.09562333601791223  0.10515090894166070
  0.11655060969738405  0.13343802040417740  0.67721934509750226  1.00000000000000000
 -0.00160144025097800  0.00678492903634219  0.01379115416864072  0.02132268463412898
  0.02925693992053911  0.03718579842948450  0.04549489350327973  0.05489592753598792
  0.06463951316981827  0.07451377840581927  0.08468211290463995  0.09477507923654191
  0.10506690288837674  0.11627991955563934  0.12740420960478804  0.13850891982214683
  0.14927365515699284  0.16049191520662501  0.17175354012240238  0.18370514721400147
  0.19647216252097657  0.20916217275474044  0.22074071122987299  0.23151550581740246
  0.24181869255173216  0.25221096006266253  0.26266476022701740  0.27310079735555076
  0.28325231704246739  0.29381638137033395  0.30529571288501539  0.31740602305075355
  0.32952466774533951  0.34124578878638068  0.35240388207603873  0.36313652947433439
  0.37398553622753927  0.38527575969885147  0.39644798387430991  0.40698564423163258
  0.41719165866618052  0.42749517704079537  0.43786575229296026  0.44818971835160720
  0.45881178175403936  0.47016919359337517  0.48191610816577374  0.49355654899619794
  0.50494188227863146  0.51631335548294188  0.52762769040175717  0.53846662825410418
  0.54906954158564691  0.55968576893818422  0.57033671578641731  0.58128830082739891
  0.59264459209330311  0.60446161009708088  0.61600973234215717  0.62763019013735766
  0.63939752863223676  0.65103027356010257  0.66254215665756766  0.67386924080247612
  0.68489849056981844  0.69597696119865549  0.70725721203789382  0.71894051665910830
  0.73097783408050032  0.74334128430071011  0.75594382918735248  0.76865091431537380
  0.78113409529328093  0.79294178424905304  0.80404955589726701  0.81475094222488365
  0.82545664757681370  0.83626995387349734  0.84690809450388005  0.85724163292927147
  0.86742663196768810  0.87761756105234023  0.88786366101585357  0.89818723545931123
  0.90822035979335414  0.91723056228575295  0.92535395260353459  0.93318181710790515
  0.94142017492146468  0.94982312091325638  0.95843859304063228  0.96643060886077237
  0.97429935298377313  0.98266488487476211  0.99137971592281127  1.00000000000000000
 -0.00217451372396531  0.00879031969222999  0.01897760804361290  0.02986756398311329
  0.04102233552460407  0.05196142867722781  0.06266880436609612  0.07297889387384715
  0.08343179387405844  0.09388912051067591  0.10486853369695683  0.11645925891179035
  0.12844823962487095  0.14020675903679111  0.15167445481412445  0.16262719230347344
  0.17337785980901413  0.18402731503331940  0.19508510015260491  0.20639625652806251
  0.21823087777070349  0.23043702010056463  0.24234074897739366  0.25352151162002817
  0.26408483853308207  0.27451749573665513  0.28484192800237573  0.29475955771412093
  0.30429888073052241  0.31400013500073787  0.32447545491740382  0.33604443177055870
  0.34814808743937065  0.36009531001895329  0.37144364142814296  0.38182816242210971
  0.39177408527443225  0.40109034731706739  0.40983009139433535  0.41846653222386959
  0.42711951873957066  0.43588308387831226  0.44510953137039611  0.45461132653885894
  0.46500156054125230  0.47576911193487448  0.48616657129732377  0.49641338591323347
  0.50669733872533529  0.51702699487492987  0.52756022154879223  0.53809944742402793
  0.54843872788719072  0.55864694360051947  0.56906730548515760  0.57944299974339719
  0.58946334337797468  0.59967270526336602  0.61065381243550854  0.62263642571950062
  0.63400470373031192  0.64547989228593483  0.65624744650129041  0.66672259202182826
  0.67645752968336670  0.68626393350224424  0.69630251466602555  0.70676698355216083
  0.71786717476076600  0.72941261720854977  0.74149632336952576  0.75328807073485282
  0.76492606461335366  0.77618987341913881  0.78692816947430178  0.79742484432569305
  0.80740505571149401  0.81713862538974269  0.82712943137168760  0.83746237079011898
  0.84813861428216075  0.85876762752716163  0.86958062821881910  0.88029853238162781
  0.89075615769560235  0.90102460345951840  0.91096664329295818  0.92088176591115722
  0.93066671074894092  0.94045198704889643  0.95019661566277702  0.95996418383469995
  0.96977374752908863  0.97986877536677297  0.99003057068238964  1.00000000000000000
 -0.00653516565300910  0.03463133727204457  0.06583225856061925  0.09391016601790235
  0.11745424803573948  0.13687642066000719  0.15551008811991901  0.17230850334802073
  0.18803803864741650  0.20381506047466388  0.21922288833381703  0.23359655239531885
  0.24626354189992580  0.25752976399144883  0.26767041067685593  0.27702946455299721
  0.28617352785059991  0.29513259705837980  0.30347727952351694  0.31123433905075243
  0.31844562903285217  0.32545363737273769  0.33248000863735294  0.33950074926774831
  0.34637317348439961  0.35296346817372171  0.35899761347092901  0.36479538257831690
  0.37043481683231649  0.37615218485814772  0.38197069309109438  0.38780973524280099
  0.39348411988324700  0.39909061867691037  0.40464265644312930  0.41013840587939132
  0.41548656183304261  0.42097102392867664  0.42656237292455762  0.43208144092306872
  0.43745941642653041  0.44258629910942787  0.44749780242863380  0.45248455821685857
  0.45765429730433271  0.46287801080347224  0.46811692624413875  0.47332437712857789
  0.47844965209520868  0.48369469215186578  0.48902218523327745  0.49433065651998276
  0.49964361830490694  0.50501672477810200  0.51061419221415016  0.51631835152174022
  0.52210010301291310  0.52793083083410453  0.53369133943922742  0.53953936964819560
  0.54538161446355271  0.55118366204963853  0.55691938509201278  0.56262516003215157
  0.56848201959091671  0.57456657111730736  0.58079300618328755  0.58712177636466178
  0.59346128663953002  0.59994826555200986  0.60670627863171489  0.61351092294666054
  0.62051912236507778  0.62756829589550034  0.63547038051116866  0.64332858599154175
  0.65179559796810904  0.66050214400949736  0.66947428379559926  0.67858650434456314
  0.68806291643514217  0.69885702748225031  0.71044087140688483  0.72250147158618361
  0.73533336856892273  0.74906108227179302  0.76361416644246527  0.77884063539435555
  0.79582115148898436  0.81483196678385572  0.83655888119897470  0.86063099813004884
  0.88591596504923720  0.91549365557434581  0.95590809030823709  1.00000000000000000
 -0.00283759949506082  0.01050089763317364  0.02135388394003448  0.03127096603794017
  0.04113109016377600  0.05116959169080720  0.06122909658922496  0.07057111510883329
  0.07986276897807477  0.09000483858863811  0.10049553415295771  0.11079947125513342
  0.12117504346993857  0.13204968853243967  0.14356381599770102  0.15511500262798947
  0.16652962492967791  0.17790340334490104  0.18941730612720650  0.20072305183978489
  0.21163015649036618  0.22213091142855110  0.23261331311387126  0.24303496033384561
  0.25279107671099166  0.26245747259993951  0.27204995298997070  0.28160701016542800
  0.29109176168802670  0.30080334035242884  0.31066734204936691  0.32015583979662832
  0.32929472141867133  0.33885851767659464  0.34939016795986744  0.36045530508547796
  0.37159958017802580  0.38279181151316183  0.39361223727064037  0.40385994431804478
  0.41366142124587812  0.42337333317310843  0.43334846769155311  0.44297364312762777
  0.45232576357553017  0.46183668698900338  0.47194941905175314  0.48250462380966141
  0.49302557494340621  0.50353393332306251  0.51376174948643327  0.52409295250776999
  0.53443620247122103  0.54525337214892455  0.55618312066938858  0.56637460859570976
  0.57642550432192863  0.58689758011410142  0.59820285764020142  0.60949532999978506
  0.62089006074263231  0.63215513123118194  0.64369145129785765  0.65476475299412484
  0.66576720710766457  0.67631321544965628  0.68659035359946230  0.69721058013612935
  0.70790132437789344  0.71802564070160801  0.72787195560823925  0.73838600978452040
  0.74942994733420909  0.76026632486897117  0.77123836726638073  0.78307981804269489
  0.79481415337789973  0.80569019183988744  0.81656799790717827  0.82794282084218529
  0.83968325432157587  0.85116887902550287  0.86214673163827416  0.87303417602886602
  0.88519933635993053  0.89642590396795008  0.90609579173092680  0.91558189815250379
  0.92537521562450109  0.93519428113320469  0.94472614340006766  0.95479668185692379
  0.96618008970862412  0.97766129595525764  0.98889125665144029  1.00000000000000000
 -0.00197893412451042  0.00867161177620090  0.01830913047101691  0.02791380573771726
  0.03774415313506504  0.04817701254374322  0.05929628312280645  0.06996171487567128
  0.07987408209417324  0.08975302244980719  0.09983854675714174  0.10982334117789483
  0.11934493798804030  0.12906817727346190  0.13952690471267237  0.15020896930183350
  0.16076787689039868  0.17148569335138150  0.18269502637431784  0.19424611079713613
  0.20579283939046195  0.21739958099286294  0.22932520832798428  0.24085090336913551
  0.25205997409238046  0.26275337269077559  0.27299440827239335  0.28325236032593720
  0.29362712479310804  0.30401296722073767  0.31401446430459390  0.32396197324432063
  0.33414615966857630  0.34473197987223381  0.35542983968018066  0.36614892182264264
  0.37721919933183823  0.38866114729301271  0.39984755306786574  0.41070506564643294
  0.42152646801031080  0.43230988204545501  0.44329650225074607  0.45374745939062427
  0.46438849074546545  0.47497210241484417  0.48494858769183563  0.49429426657490932
  0.50348466865691477  0.51278954289055489  0.52214846412295768  0.53139035115810829
  0.54071809981114471  0.55045417384480844  0.56050704507854088  0.57092756044468151
  0.58168277457134254  0.59280325091757713  0.60373838985204520  0.61410358284212896
  0.62426207874695805  0.63431063235477481  0.64471887301019526  0.65496736373663889
  0.66577800265598019  0.67646419385022583  0.68709960501673650  0.69725598122925692
  0.70764683131826545  0.71886325114651195  0.73048705313906648  0.74211101872991492
  0.75365737539499389  0.76500830273929799  0.77636532854170381  0.78757823545361527
  0.79843286910150768  0.80892268352146612  0.81922281956590604  0.82953135413454770
  0.84009815373789976  0.85077645075516140  0.86149628364981223  0.87228480584059342
  0.88304538899051310  0.89404694793306072  0.90475834492166207  0.91515719024502318
  0.92547628330805265  0.93586889367229764  0.94698929466544124  0.95790405056069694
  0.96848876848362542  0.97935562397164067  0.98980638018105038  1.00000000000000000
  0.07948676559877599  0.15162274869407133  0.18088626352018633  0.20108300799845155
  0.21643506259740600  0.22940557525024677  0.24142391888492165  0.25269768964519407
  0.26363592639118250  0.27359727152017593  0.28308901193447383  0.29157957539058105
  0.30026802700967037  0.30893220700567725  0.31741603464902074  0.32564244904218664
  0.33372407837309082  0.34149409497775374  0.34912172765245519  0.35630968955046771
  0.36293587281140210  0.36927148447210772  0.37538606862342044  0.38128608326286406
  0.38716498209539024  0.39312241447780921  0.39880461028995123  0.40395554509224485
  0.40890768656862975  0.41376761078022817  0.41860807919805731  0.42349756108223374
  0.42847420140063230  0.43341309405382278  0.43824581761151227  0.44283971795790555
  0.44744807088904964  0.45217659418342904  0.45706640748077149  0.46215066387578535
  0.46729674344214756  0.47232311021944473  0.47719521145074534  0.48194509993636558
  0.48665027598092947  0.49129778439640365  0.49592714024147250  0.50063356492514099
  0.50554442145905021  0.51059557643208553  0.51568092875376770  0.52055248250398078
  0.52535866534757980  0.52995833064417930  0.53458472741855456  0.53920989959042265
  0.54389199118736753  0.54860151822869896  0.55320756997222664  0.55774339103587567
  0.56223083906041516  0.56659990192678833  0.57102547983040008  0.57555187366575034
  0.58002066252562556  0.58460923390496844  0.58941782428303768  0.59448223695834890
  0.59968999994496097  0.60501149402703880  0.61016665479811549  0.61532675512198465
  0.62051728602171752  0.62571578715315312  0.63129155012315330  0.63692223199014053
  0.64260619865662139  0.64828287372679827  0.65416300172526898  0.66003306292886976
  0.66631317059828132  0.67309999848074931  0.68023046533500386  0.68771127933865783
  0.69561024101119073  0.70391041600234550  0.71255204984362741  0.72155488708887683
  0.73116154043166059  0.74176024159291842  0.75395529440137909  0.76840904279599398
  0.78584245986767998  0.80803008127737852  0.84606771862291563  1.00000000000000000
 -0.03161006605862446  0.15845619005988631  0.20380374786778266  0.23054336907350409
  0.24918070365370676  0.26380950583058210  0.27654805484578671  0.28783479763146286
  0.29812149343402988  0.30772585739731761  0.31672547562095732  0.32503029020372692
  0.33270374155203047  0.33993911378837860  0.34686670947572440  0.35367108464649338
  0.36016256741511460  0.36631798298338802  0.37221351108509670  0.37771011407273736
  0.38288395385052493  0.38791467170884109  0.39296632241522811  0.39797819364586517
  0.40286059712329808  0.40751228997144645  0.41213731813507865  0.41677269960855157
  0.42136001967076669  0.42581350934657747  0.43012668835896195  0.43435154099224482
  0.43845064456422600  0.44244946688653597  0.44634067574461483  0.45020305446683118
  0.45431747119852733  0.45857285866413605  0.46274460229176145  0.46679725277423695
  0.47071103791122459  0.47453988208607156  0.47837204827912233  0.48227167477416638
  0.48622456424219374  0.49011463152825241  0.49395171721232778  0.49770346836633661
  0.50148651583259796  0.50538931093315798  0.50936927898957063  0.51334465416199460
  0.51730205153555042  0.52132662419441422  0.52542683005034474  0.52953111525171637
  0.53368659108770133  0.53803769877470897  0.54246765413272635  0.54689025340591291
  0.55141633890645991  0.55595343273509146  0.56053046761468761  0.56499915313017568
  0.56955452727440781  0.57422122242980989  0.57896676800719116  0.58371198665795632
  0.58834527486646360  0.59286882238705774  0.59733201406965208  0.60190921570448197
  0.60663237746239151  0.61153530617369978  0.61653071040975782  0.62176548915457164
  0.62718800794135876  0.63264299287920889  0.63809854714184977  0.64353252285097751
  0.64922517269348790  0.65520745524510204  0.66152043703785868  0.66848783144242785
  0.67610377874168615  0.68398577013966988  0.69214897603370462  0.70101089801304672
  0.71117951737255725  0.72298088134242822  0.73596855322612087  0.75057143080285338
  0.76897442003113403  0.79621222746958908  0.84039196239072955  1.00000000000000000
   1.2554053285189593E-010  -1.0000000000000000     
 T T T T T T T T T T T T T T T T T T T T T T T T T T T T T T T T T T T T T T T T T T T T T T T T T T T T T T T T T T T T T T T T F F F F F F F F F F F F F F F F F F F F F F F F F F F F F F F F F F F F F F F F F F F F F F F F F F F F F F F F F F F F F F F F
  <DiscreteSampler_grid>
  grouped_processes
  1 # 1 for a reference and 2 for a running grid.
  10 # Attribute 'min_bin_probing_points' of the grid.
  1 # Attribute 'grid_mode' of the grid. 1=='default',2=='initialization'
  0.0000000000000000 # Attribute 'small_contrib_threshold' of the grid.
  0.5000000000000000 # Attribute 'damping_power' of the grid.
 # binID   n_entries weight   weight_sqr   abs_weight
    10   10   2.061959135876462E+002   1.831274260246068E+005   2.061959135876462E+002
    16   10   2.061959135876462E+002   1.831274260246068E+005   2.061959135876462E+002
  </DiscreteSampler_grid>
