  0.00004179743251741  0.00004337380785886  0.00004463895828546  0.00004593242805314
  0.00004740685705585  0.00004875467176414  0.00004995362190363  0.00005112039888659
  0.00005228040073951  0.00005356223639593  0.00005498812132257  0.00005646451467659
  0.00005788130770121  0.00005928177865028  0.00006076023715558  0.00006240052074783
  0.00006419480621481  0.00006589014077643  0.00006758288343689  0.00006923123023161
  0.00007117418319728  0.00007330084897715  0.00007545039505854  0.00007765717791493
  0.00008027235944724  0.00008313827847364  0.00008599644162472  0.00008890722101734
  0.00009200643003977  0.00009524689160464  0.00009860767703775  0.00010210107505679
  0.00010606758432158  0.00010996310449172  0.00011393263081538  0.00011797332320082
  0.00012214565945941  0.00012638683819648  0.00013075764981618  0.00013529128871283
  0.00013998650029933  0.00014487475952308  0.00015013398843609  0.00015583142691462
  0.00016154724725068  0.00016741183003642  0.00017409195934377  0.00018081004902709
  0.00018783947216802  0.00019543171062517  0.00020318839651457  0.00021118972392139
  0.00021954455820439  0.00022826361327890  0.00023700393561121  0.00024691102701885
  0.00025698362689882  0.00026750459664965  0.00027897395530687  0.00029115593904604
  0.00030399953460468  0.00031800291032285  0.00033282254221918  0.00034845446859753
  0.00036508763437561  0.00038246823049999  0.00040058019981839  0.00041969947634694
  0.00043965608013274  0.00046056933300780  0.00048297915914071  0.00050767238832374
  0.00053527466408348  0.00056505808973598  0.00059694989066989  0.00063027079300499
  0.00066658557112910  0.00070640377043585  0.00075173874863952  0.00080237241806835
  0.00086133957951594  0.00092678691376847  0.00100390199110338  0.00109260408569455
  0.00119149429966457  0.00131715323832642  0.00147453243312150  0.00167657960549334
  0.00194588970217063  0.00232497833848167  0.00290177813586712  0.00383901083045210
  0.00601063471810537  0.01391366332820976  0.51686143101040805  1.00000000000000000
  0.00524658805127922  0.00583327062397487  0.00624160756516836  0.00662483808464470
  0.00697928715243940  0.00712196458172397  0.00731457275345875  0.00753569664652465
  0.00775771085903998  0.00798495222658049  0.00822089653391434  0.00845605355405105
  0.00869184542381861  0.00893549156924024  0.00918302430204767  0.00944213241943511
  0.00972522545282567  0.01002459973890946  0.01032471776275501  0.01062747358224641
  0.01094079219172551  0.01125393020391566  0.01157024516680377  0.01188573032498766
  0.01219168987143658  0.01249863590351875  0.01283479979515699  0.01318990816322384
  0.01354799460268396  0.01390394461844133  0.01427330662959590  0.01465629660968019
  0.01505135954228199  0.01546412898609039  0.01589117371288380  0.01634722466649783
  0.01683443148370280  0.01733949204700162  0.01784737206163071  0.01837218441695585
  0.01891780101412371  0.01949287040943456  0.02008542193225113  0.02067818066668198
  0.02128976230570933  0.02194798629068163  0.02266812349253164  0.02341263009061811
  0.02418105264962761  0.02497890088514417  0.02580572393341174  0.02664506181682585
  0.02747602072037248  0.02829891036915743  0.02913422255007872  0.03001485186991975
  0.03094914891330533  0.03191223912148793  0.03290348648307315  0.03391980425640803
  0.03492941644732364  0.03592108295359121  0.03693319762217167  0.03798684582467697
  0.03907915716105825  0.04021474414842361  0.04142647957493602  0.04275243796059392
  0.04413613619495943  0.04555406609026264  0.04700371004342634  0.04855592163289813
  0.05018733995439142  0.05192593258734660  0.05370365548020088  0.05545135909262902
  0.05719149492381749  0.05900805267941975  0.06085630589081691  0.06271251762980536
  0.06472381115084867  0.06692977955675976  0.06950733131031359  0.07265876100510769
  0.07617513351511297  0.07978122843212881  0.08367176659571181  0.08786318341697813
  0.09257812232601363  0.09726132013257527  0.10245175598093080  0.10936050840579752
  0.11911591965067043  0.13185076358166845  0.14667164357411178  1.00000000000000000
  0.00037459543729376  0.00057644628476303  0.00077829713223229  0.00095390672047291
  0.00112049412241750  0.00119229576055850  0.00124960518307621  0.00129946139389186
  0.00137889370220920  0.00146611731274233  0.00155109866014138  0.00162369936752755
  0.00169089914978316  0.00175700745538724  0.00182527831280767  0.00188975707539348
  0.00196043437077175  0.00203461829344205  0.00210709313220202  0.00218340899843796
  0.00226363153309019  0.00234342298626342  0.00242426997411171  0.00250766377064637
  0.00259329980508098  0.00267994933025964  0.00276510974782423  0.00284725574527233
  0.00293027538331097  0.00302058909371341  0.00311745324039490  0.00322052727486241
  0.00332642239551855  0.00343327490114460  0.00354172110183043  0.00365283470833140
  0.00376692476209380  0.00388805654688835  0.00401796294304635  0.00415436532619909
  0.00429320692009386  0.00443512189056074  0.00457565267116247  0.00471264956146687
  0.00484834175403784  0.00498748207822589  0.00513684568831005  0.00528902191073879
  0.00544719381330016  0.00561399867321276  0.00577773842095193  0.00595371223123307
  0.00613016208370294  0.00631507223947155  0.00651222167432802  0.00671952927774460
  0.00692640352158329  0.00715075966349131  0.00737933042040162  0.00762197823144719
  0.00788730278590105  0.00816831112136340  0.00847250284968648  0.00879021092145730
  0.00912826360879578  0.00949534743817696  0.00988497352007536  0.01029069492095206
  0.01071847249534892  0.01117574059392623  0.01165946074981876  0.01218172632810515
  0.01276755538196618  0.01342207502369133  0.01412209956750053  0.01486186633394340
  0.01569631918144748  0.01664289538074451  0.01767361004998708  0.01871891603631835
  0.01987180925048412  0.02115142242559071  0.02258027321526691  0.02423487391770674
  0.02612301737975939  0.02845490862476966  0.03118822796603851  0.03431288866223915
  0.03803495397379697  0.04254376187711538  0.04790775588614848  0.05438903324023391
  0.06364343754517844  0.07769766070017249  0.60239501078350144  1.00000000000000000
 -0.00146168442257808  0.00567374285579680  0.01290801895871377  0.02032293444084620
  0.02795848995973215  0.03550487029894270  0.04335141010597129  0.05147444099438605
  0.05940372650290782  0.06743421187748259  0.07558740943289342  0.08425322943533760
  0.09355591521385942  0.10307600955592316  0.11348981077849167  0.12401338968349816
  0.13489586612702520  0.14536742304862058  0.15546663690649895  0.16565878114447247
  0.17598241740397061  0.18662364420382976  0.19744198158741344  0.20847427767991655
  0.21991578405531439  0.23121513098555682  0.24240189499207315  0.25342314442718494
  0.26433730786418758  0.27530043345449889  0.28636799359519272  0.29874384045536262
  0.31169915609107479  0.32424883812321392  0.33677679703704838  0.34955244460985158
  0.36223825191290432  0.37511313982903638  0.38824327032208827  0.40080642436877978
  0.41334620031815084  0.42640641760384373  0.43988669565415717  0.45303528578783087
  0.46598515791305861  0.47899534102213542  0.49225967845239904  0.50501397466322140
  0.51710002695885260  0.52868712452776456  0.54004854745454678  0.55116505561896667
  0.56228147726392785  0.57358102184016757  0.58489616674937928  0.59586108960248430
  0.60790605612734816  0.62022896962834384  0.63240054211079511  0.64390532309006787
  0.65555608941736176  0.66694457621993353  0.67905526803403160  0.69094473695813852
  0.70227334449211110  0.71301938253762220  0.72341095744254258  0.73359253973449479
  0.74419764965997881  0.75554049794165223  0.76737087518389424  0.77917340300662474
  0.79070900262082255  0.80175800538324526  0.81270719592531260  0.82354308646962660
  0.83438927837051335  0.84464213452181014  0.85504564319881038  0.86547889036124448
  0.87530316203210701  0.88357392022053349  0.89171020966754921  0.90001095984663682
  0.90852840813734614  0.91695655334176962  0.92530805662237248  0.93363493595531422
  0.94194060111376565  0.95018007864539555  0.95825605676017445  0.96640346167648672
  0.97456961775744488  0.98278270453439864  0.99141000582563876  1.00000000000000000
 -0.00238862176933309  0.00960885443108552  0.01924608009084417  0.02976987576778803
  0.03990962765354667  0.05073152047132115  0.06203301985837403  0.07305745606708218
  0.08411315122021794  0.09504658317011665  0.10577921137392199  0.11604721036091714
  0.12624196783731603  0.13611676791984578  0.14630215008561001  0.15644253495138088
  0.16717478418247472  0.17819055473809742  0.18887910744314140  0.19945602878343258
  0.21029984102097471  0.22167986738848322  0.23296095818470430  0.24325026221889559
  0.25323164687231625  0.26284300316625198  0.27322140194710093  0.28358549166005059
  0.29385377386730555  0.30475431890858506  0.31558475053494817  0.32641947829871137
  0.33676170755572088  0.34680409630363379  0.35661404178340345  0.36628960359574542
  0.37593324972018061  0.38563708207020952  0.39540214233903992  0.40547500446830242
  0.41591831240673222  0.42701063284137381  0.43820898891714688  0.44970947562606917
  0.46068157176145058  0.47100786442669901  0.48104347124169905  0.49110317559277655
  0.50118314095297767  0.51141403103024230  0.52217600977398138  0.53385619419287056
  0.54593113187221831  0.55731955658953281  0.56918073306072514  0.58059258896492938
  0.59211576603340588  0.60283518684532789  0.61381668987353954  0.62464180613844733
  0.63576408592177791  0.64657271698019747  0.65690979350119416  0.66714096161184733
  0.67692766299370100  0.68649032627329354  0.69638471720106276  0.70653716740956329
  0.71767406410431012  0.72872227693348479  0.73922577185678096  0.74974149154345604
  0.75979759114262146  0.77037501537978226  0.78070490681126414  0.79072917367656592
  0.80034234200600496  0.81002347820394882  0.81996884949241999  0.82966585606597087
  0.83966510164104013  0.84931343142546356  0.85936267650317955  0.86971765391821731
  0.88041839135176081  0.89148031912782988  0.90244672410573668  0.91379077500816741
  0.92480824293129749  0.93682374541485025  0.94722568153331255  0.95850485162900412
  0.96900001211128650  0.97980862631899157  0.98969661462096359  1.00000000000000000
 -0.00290551349253625  0.01043426250763297  0.02170425780103153  0.03247423943221042
  0.04304736646431782  0.05317985290866675  0.06334042476345494  0.07344407825229275
  0.08360122934373725  0.09391566307844477  0.10442174602860652  0.11479611395964420
  0.12560695744983952  0.13635820122158548  0.14673280807648259  0.15694255914761771
  0.16725598360979876  0.17840628925176535  0.18973449229273914  0.20162596565339738
  0.21307019867895186  0.22383962413948899  0.23430346383345962  0.24490832106260374
  0.25541598757372941  0.26598620279310992  0.27672066398424194  0.28851899778317497
  0.29923473832595832  0.30959344008981937  0.31973998843213924  0.33027501246493424
  0.33953729612937339  0.34889557110525088  0.35842282347644711  0.36844843501682667
  0.37848114492685564  0.38848173542038744  0.39831904583841182  0.40900220554053518
  0.41954347884120963  0.43026643217318045  0.44079087616981916  0.45082725532642126
  0.46070249038804012  0.47092235423612289  0.48107713800081053  0.49131408856411651
  0.50142789042528568  0.51191435533938479  0.52243550191264243  0.53267517917822138
  0.54287793127284301  0.55326246257627210  0.56353367041668012  0.57343630244117849
  0.58332279430089684  0.59374271621454910  0.60450024300616467  0.61499133140964723
  0.62527252860753102  0.63587555537527640  0.64684518927919565  0.65781438637528822
  0.66865536243855583  0.67953887107540356  0.69049440261447859  0.70084975390267368
  0.71121128786554011  0.72152980720520832  0.73218319358459982  0.74287846332417151
  0.75289408529264990  0.76290827980634823  0.77306217838931846  0.78382304833173044
  0.79549551933960205  0.80653266160987047  0.81789655925696625  0.82884599977577789
  0.83972627449797699  0.85066262172480556  0.86106736179420984  0.87183120949314907
  0.88239592653757770  0.89334833159411065  0.90396732881339414  0.91480805286058087
  0.92581498386000927  0.93666485404225186  0.94715070478367280  0.95744781295272119
  0.96835508042470231  0.97910947076311827  0.98992004054144922  1.00000000000000000
  0.01738905956053077  0.01788170193226507  0.01831614019675643  0.01871056288687989
  0.01907168004835722  0.01943245717013220  0.01978752472376188  0.02014381168134022
  0.02048839705844893  0.02085325578511407  0.02137671902824587  0.02196309007092277
  0.02256523091331889  0.02318836625511330  0.02383693237638045  0.02449813695944931
  0.02517915578785896  0.02588750955246462  0.02661822291496356  0.02736306472393644
  0.02811431451003223  0.02886772095000875  0.02961630913179047  0.03035639316486518
  0.03110310728024268  0.03186946944400795  0.03265434342039509  0.03344738161646040
  0.03424280203248340  0.03504729252476357  0.03585563401857340  0.03666916524336567
  0.03748220301365845  0.03829525388240301  0.03911874267328348  0.03995790724235803
  0.04081365675617699  0.04168652211324468  0.04258236344252496  0.04350215601829465
  0.04443880024280067  0.04540261228495434  0.04639440676054210  0.04741130264902287
  0.04843385346377270  0.04944755970881057  0.05045516601321527  0.05147201593624820
  0.05251127837467529  0.05357953465910636  0.05468526518529242  0.05581235631046628
  0.05694502889666633  0.05809507833529415  0.05926954722617449  0.06045593222233060
  0.06165432035938802  0.06292730425489164  0.06425390483147018  0.06562295779995908
  0.06704321251266071  0.06850995934952425  0.07001090485960593  0.07150749386891928
  0.07299738452318703  0.07451053821974093  0.07607015722306937  0.07773642427162282
  0.07948695793377811  0.08128983106170183  0.08307846849409464  0.08506815560388689
  0.08720554715348668  0.08953557820139865  0.09195788961974083  0.09442897449827152
  0.09709589230275809  0.09979159144888092  0.10266185493007209  0.10580162580530438
  0.10931414826014581  0.11323353302506448  0.11748909922575633  0.12212633414485541
  0.12742838834510867  0.13346480432059168  0.14011701621637856  0.14743202703678429
  0.15662570492461758  0.16650995701403973  0.17760898798699609  0.18830910840779219
  0.20739931711205112  0.25516408977708527  0.75510472425410213  1.00000000000000000
 -0.00222438133151269  0.00895420602834830  0.01907962505600604  0.02980683054157989
  0.04086268437811279  0.05186374040159320  0.06266761373694922  0.07356389579348771
  0.08404426554018124  0.09490108268054542  0.10506214767515368  0.11590396149526043
  0.12590331680950434  0.13768103389369735  0.14867608825250758  0.16043594976731199
  0.17174161918836403  0.18306610349326133  0.19412883205202380  0.20440857056719050
  0.21423835199627966  0.22393533514549507  0.23389948084078038  0.24402154029718537
  0.25406358497299758  0.26387529856806413  0.27382430881204972  0.28380197540966318
  0.29433657191867102  0.30506424728488934  0.31577153499920763  0.32636386387060284
  0.33686190933781418  0.34736245966174001  0.35777222038895223  0.36790012780634351
  0.37812069899202227  0.38871067440101026  0.39948298397828391  0.40989967518713555
  0.42003694606586539  0.42993394411632802  0.43970815823564524  0.44966581254035809
  0.46031129265343135  0.47160819260237657  0.48255632049113911  0.49295718893444718
  0.50340705902479144  0.51424382171553418  0.52544810749560522  0.53652466474206495
  0.54710802353200116  0.55729528664988270  0.56730928062807062  0.57682737986836985
  0.58636513004404001  0.59584972896240318  0.60568969950686158  0.61578615648015245
  0.62591838429689672  0.63632769779981502  0.64663586920957905  0.65684816899020848
  0.66759192490199704  0.67817616635293043  0.68917479767638778  0.69926390185068654
  0.70946566236981023  0.72003718849751486  0.73094483678811717  0.74146762084425144
  0.75133422491420376  0.76072839415774862  0.77013679673605817  0.77956687651883749
  0.78884858997098861  0.79806032749087896  0.80749772721455482  0.81783961842521613
  0.82962313753211581  0.84143994080096407  0.85323303421268071  0.86475157992329188
  0.87630614702562226  0.88800919122764421  0.89964672069263485  0.91080924059002810
  0.92198110878498618  0.93328622321838983  0.94408335040771962  0.95499253745950186
  0.96633281281717343  0.97773739440937590  0.98882748660559050  1.00000000000000000
  0.06964240334322419  0.13315300055920076  0.16149786144679426  0.18029102020645105
  0.19727379355006011  0.21204354859842325  0.22442168811736235  0.23445782253184930
  0.24318745935820091  0.25160832801933491  0.26023227999990767  0.26915491119832097
  0.27747681641981253  0.28614166759531001  0.29347138313024712  0.30039663063020128
  0.30687034966116328  0.31345118561374974  0.31972579123481465  0.32619972779297990
  0.33261544861137349  0.33883528327391282  0.34491425670986303  0.35092031495670561
  0.35675109173512215  0.36234187527896572  0.36784367410306362  0.37323980055132000
  0.37846000018926390  0.38364202681446374  0.38904598463270756  0.39465679105200480
  0.39998937473572305  0.40511462482313049  0.41011700345458368  0.41519695563245296
  0.42044296474778531  0.42562935303573063  0.43060426762840909  0.43547324454726472
  0.44044095933803068  0.44540967770224682  0.45031104507069653  0.45517815445315635
  0.46018347753862970  0.46532306558454883  0.47046705587166959  0.47556180457107583
  0.48058220377522459  0.48550029167763770  0.49032498347645131  0.49495512656392826
  0.49951175575620504  0.50409498862889701  0.50879771235394744  0.51365063024996827
  0.51864099748903347  0.52364013013552690  0.52861190879678333  0.53360956273607574
  0.53866199954703498  0.54376823139474506  0.54897681961560296  0.55407572466191213
  0.55914076607275609  0.56423098067444288  0.56932524864227696  0.57442463647825581
  0.57950863654725737  0.58489416427948893  0.59069191574230284  0.59682177914676326
  0.60310090179633669  0.60936407529252423  0.61559337248922186  0.62178499664645503
  0.62804855314027208  0.63444901522249797  0.64096013961897658  0.64757280644196347
  0.65439866913213907  0.66152617913947276  0.66929339806154453  0.67769362558224433
  0.68635323320975627  0.69520508090610167  0.70438641227135079  0.71418920625549975
  0.72446464744952377  0.73546388267467655  0.74756634811418732  0.76207411321262997
  0.78047556605358603  0.80478864795384675  0.84187854957106167  1.00000000000000000
 -0.03218832854649679  0.15879295571732222  0.20320645478035537  0.22875471356371413
  0.24727868623253255  0.26229538307687500  0.27519975569954158  0.28683905461836073
  0.29719866294132208  0.30648929339747255  0.31498899312700313  0.32290603903115517
  0.33053130436393968  0.33780222691975753  0.34458190540940314  0.35096294655517452
  0.35708672034766736  0.36304844353836541  0.36886362319260246  0.37439547255447497
  0.37960281469313806  0.38467659976234514  0.38965280851180617  0.39458046861692753
  0.39946719045927043  0.40422794461280348  0.40887548756612629  0.41336414810583155
  0.41785285953860751  0.42236561362955072  0.42694800967209451  0.43155232296227536
  0.43583192436355850  0.43998200112488833  0.44411280886571797  0.44820772282834809
  0.45236993672333359  0.45657362890655806  0.46079154335088085  0.46493294429159604
  0.46893236814607897  0.47291659236776229  0.47695204404312591  0.48093201937985336
  0.48495569934122773  0.48913558290329495  0.49333529820389399  0.49749128180705321
  0.50154919053168223  0.50559319007050829  0.50957581650493600  0.51355310426593481
  0.51758586859355293  0.52166812090554704  0.52573429427595464  0.52973537167361151
  0.53370864285395991  0.53771934407182642  0.54176665989586303  0.54588064900850952
  0.55008493986498397  0.55441308983725712  0.55874142728472209  0.56305264159967860
  0.56736070132662442  0.57174721428177910  0.57620924746408697  0.58060291844736411
  0.58503974143977489  0.58956846375245431  0.59413723684052000  0.59897180808837058
  0.60407808897963899  0.60932236002435813  0.61458855888354935  0.61988120468845676
  0.62550907337491513  0.63172210339150514  0.63833295480216934  0.64493690878536802
  0.65121057911320579  0.65746148655931413  0.66400516313963509  0.67101082301224868
  0.67851263469359080  0.68661540861630566  0.69507188035326972  0.70383243305637089
  0.71340505449475788  0.72447229414516801  0.73758156483709791  0.75278573799051762
  0.77129991478719717  0.79720836735820821  0.84060700508507336  1.00000000000000000
   1.8269025231959920E-009  -1.0000000000000000     
 T T T T T T T T T T T T T T T T T T T T T T T T T T T T T T T T T T T T T T T T T T T T T T T T T T T T T T T T T T T T T T T T F F F F F F F F F F F F F F F F F F F F F F F F F F F F F F F F F F F F F F F F F F F F F F F F F F F F F F F F F F F F F F F F
  <DiscreteSampler_grid>
  grouped_processes
  1 # 1 for a reference and 2 for a running grid.
  10 # Attribute 'min_bin_probing_points' of the grid.
  1 # Attribute 'grid_mode' of the grid. 1=='default',2=='initialization'
  0.0000000000000000 # Attribute 'small_contrib_threshold' of the grid.
  0.5000000000000000 # Attribute 'damping_power' of the grid.
 # binID   n_entries weight   weight_sqr   abs_weight
    10   10   4.713750168998337E+002   1.542984931391874E+006   4.713750168998337E+002
    16   10   4.713750168998340E+002   1.542984931391877E+006   4.713750168998340E+002
  </DiscreteSampler_grid>
