  0.00087554872819558  0.00157498283696285  0.00215024609727296  0.00262554563549960
  0.00306986155878482  0.00349181737665975  0.00389272268683186  0.00426186935659640
  0.00462419973782393  0.00498325866443548  0.00533855871899384  0.00569534030400985
  0.00603600837109413  0.00634363352478379  0.00667000055126685  0.00686809540763455
  0.00700454487853185  0.00716903092984985  0.00733815348017467  0.00750173999535152
  0.00767796481602951  0.00788248371149246  0.00810355058725095  0.00832661901879870
  0.00854431718622221  0.00876260759152823  0.00897775170897152  0.00919421076722832
  0.00941151117159287  0.00962854730093684  0.00984692055330215  0.01006926826812609
  0.01029422244577171  0.01052138683081393  0.01075061491384319  0.01098096049992017
  0.01120808375729963  0.01143455741773208  0.01166150241154278  0.01188896045882916
  0.01211765628283126  0.01234919044394172  0.01258647189953803  0.01282806595417917
  0.01307445322039827  0.01332501617455416  0.01357941357782038  0.01383448717849637
  0.01409152633810670  0.01435541796896981  0.01462279465960633  0.01490077007510417
  0.01518821428825490  0.01548267142775795  0.01579438705820647  0.01611427913819762
  0.01644379319056100  0.01678459744675642  0.01713622073168856  0.01750343261250091
  0.01788260923537722  0.01827471863148422  0.01867934474136448  0.01909684208087280
  0.01953050310229562  0.01998155906549278  0.02045138544921324  0.02094153856210976
  0.02145351410537518  0.02198938001201009  0.02256241246956340  0.02317114218471700
  0.02382734696300876  0.02450697186264370  0.02520974628003523  0.02596412195457004
  0.02676901023253458  0.02770186218967626  0.02865850546014080  0.02967530528972903
  0.03081503878692114  0.03209589249898438  0.03354110798525477  0.03508788134406944
  0.03675274296144000  0.03878114727891196  0.04114321196363930  0.04383069399455697
  0.04694094580227071  0.05081200524469261  0.05559598816578534  0.06129999645473631
  0.06990128461060525  0.08289202404724338  0.10606439690416865  1.00000000000000000
 -0.00219157928917347  0.00923588748061092  0.01959942392288893  0.03075260949252046
  0.04210671005998001  0.05348295744469803  0.06475564840533084  0.07618457845824876
  0.08700840325790757  0.09756852024012139  0.10816937272433051  0.11909795877513944
  0.13023713774129195  0.14120748838690628  0.15208897881985434  0.16279158468945451
  0.17272789340163661  0.18206698149128150  0.19158032630254523  0.20157222520453008
  0.21158665037025032  0.22112002132730924  0.23064872991555702  0.24047900467292618
  0.25054079680830915  0.26057504107023355  0.27026413409867700  0.28089871299514685
  0.29085295396373456  0.30123499355076561  0.31158649195157478  0.32259037100712007
  0.33323148805651615  0.34397696790586563  0.35512211990185721  0.36675251924018842
  0.37759805764309329  0.38779447160541808  0.39777818365095452  0.40741089458597118
  0.41676849032930635  0.42623348460718630  0.43574067573976161  0.44607038571083879
  0.45682772431862140  0.46834151676617386  0.47972487392534929  0.49108172355942303
  0.50201508563634689  0.51504987984058603  0.52657058658463896  0.53711299458990680
  0.54736312176497526  0.55769268302700570  0.56825811501654555  0.57846708310813466
  0.58855397004593202  0.59888239130146559  0.60883426515720129  0.61898855675641917
  0.62941283939544335  0.64080244080275306  0.65222162942684714  0.66314545548282655
  0.67345307716295300  0.68319581003750673  0.69345926020505144  0.70363751344103198
  0.71404280645579621  0.72419261551953806  0.73451687811294297  0.74492333573151481
  0.75528065001149236  0.76568825857081990  0.77611458562204683  0.78685864174631903
  0.79757569500421099  0.80822837652151591  0.81895845480328500  0.82971964524873199
  0.84060639567895168  0.85109739045374611  0.86151133413489400  0.87179209343065989
  0.88212908761913433  0.89241404597467155  0.90284583046212008  0.91326179359563175
  0.92375318348063229  0.93419845043718008  0.94496554535348354  0.95558609002708939
  0.96597525785287985  0.97642121522114755  0.98772228096991133  1.00000000000000000
  0.05181793684456826  0.06132452138537796  0.07241795416241739  0.08245089416728936
  0.09117833069636849  0.09915870997574906  0.10653660764711630  0.11347790827262220
  0.12023031436996764  0.12689316803563175  0.13351743200997426  0.14006833824690723
  0.14655421123724235  0.15290578966214691  0.15913951167635815  0.16525498933551286
  0.17083137224768483  0.17608239065651660  0.18140781857014512  0.18672115796464928
  0.19206518614184218  0.19736927857213118  0.20253168982742076  0.20766675802136347
  0.21277933765435808  0.21787637026752435  0.22292386255460675  0.22798499369302141
  0.23322136144580435  0.23862615409445342  0.24414919018349535  0.24973676264237710
  0.25538968029546777  0.26093658763055555  0.26627457984203240  0.27155792748399793
  0.27679608002518735  0.28205887508360022  0.28738556989086161  0.29274912895550637
  0.29809232717583567  0.30342182541283824  0.30885244803016060  0.31424681448628861
  0.31959060552977181  0.32482606504076983  0.32991732276037511  0.33495175725906445
  0.34003737292712949  0.34532825753459395  0.35064023407607436  0.35599708036808431
  0.36156728648201114  0.36732017545672097  0.37304332777548382  0.37858745281593403
  0.38403421175667768  0.38949403149711315  0.39510979283603398  0.40091662203648165
  0.40672775964879765  0.41254662597755093  0.41848029668062242  0.42458369805863905
  0.43086308358201114  0.43712428494082772  0.44352582139063473  0.44999169427477120
  0.45655823590067685  0.46373408214986617  0.47105644902367766  0.47832006299967783
  0.48558876086324787  0.49291293493154109  0.50042088348583891  0.50814892770453890
  0.51591205816826136  0.52413720966226462  0.53302385354057480  0.54224724013246761
  0.55211898769238277  0.56207222383265798  0.57295381092724706  0.58426124008408864
  0.59574964346624870  0.60760384039926230  0.62054293933354454  0.63418931028157288
  0.64894653670397007  0.66511658021997844  0.68308535203615139  0.70380783893886467
  0.72970895719413520  0.76268904608199817  0.81040676759254193  1.00000000000000000
 -0.02283362844600566  0.13915773508053603  0.18041881223093109  0.20653630790172348
  0.22703182742906836  0.24321134089025082  0.25665888197099268  0.26846182442045136
  0.27907431392500121  0.28895031502946122  0.29810291051622706  0.30664557183419855
  0.31490219693403859  0.32313577830918550  0.33107534438322317  0.33821347936595170
  0.34448316300526527  0.35043599080907167  0.35621220718435859  0.36201457390820785
  0.36787163802819728  0.37361936419206720  0.37909332543470364  0.38429198140156512
  0.38950181453335786  0.39465203285051931  0.39955256530667455  0.40449239933765629
  0.40930897978201680  0.41414049276899390  0.41888371076603237  0.42362027272981589
  0.42837910607864610  0.43314078603111533  0.43786121076158546  0.44251407941951276
  0.44710086050377756  0.45163360407081693  0.45615182204676519  0.46069381150376304
  0.46518289403562391  0.46962114685543077  0.47403375929229430  0.47838923135807859
  0.48267810320668875  0.48698342229535591  0.49142122907636759  0.49587445741138869
  0.50015175000160483  0.50422752525082137  0.50823819038943518  0.51233242946166879
  0.51643970098127712  0.52038391467469447  0.52438314348336257  0.52842181414547518
  0.53251704027957492  0.53672621472920468  0.54104536024723704  0.54555962737727126
  0.55027313574011449  0.55492451126246645  0.55960641672050260  0.56444869061353387
  0.56943505606653111  0.57447324046264359  0.57947707216847333  0.58463896347583577
  0.58989151914073767  0.59517110409203489  0.60052338371386682  0.60604173992102695
  0.61176691501827407  0.61755115400774796  0.62324845551915831  0.62906481090109068
  0.63501974391343929  0.64107652590927200  0.64723072186150643  0.65371099023102996
  0.66029874284534340  0.66718923303028432  0.67444520667828145  0.68213706849562461
  0.69036786334968259  0.69908245060519003  0.70830574122591605  0.71834166940939725
  0.72929745174165483  0.74138923962185999  0.75522493230680721  0.77149541210260486
  0.79186489820118056  0.81799379168696384  0.86040066476200783  1.00000000000000000
   1.0902605539123029E-006  -1.0000000000000000     
 F T T F T T T T T T T T F T T F F F F F F F F F F F F F F F F F
  <DiscreteSampler_grid>
  grouped_processes
  1 # 1 for a reference and 2 for a running grid.
  10 # Attribute 'min_bin_probing_points' of the grid.
  1 # Attribute 'grid_mode' of the grid. 1=='default',2=='initialization'
  0.0000000000000000 # Attribute 'small_contrib_threshold' of the grid.
  0.5000000000000000 # Attribute 'damping_power' of the grid.
 # binID   n_entries weight   weight_sqr   abs_weight
    10   10   1.969068670290126E+008   6.011747237853480E+016   1.969068670290126E+008
    16   10   1.969068670290126E+008   6.011747237853480E+016   1.969068670290126E+008
  </DiscreteSampler_grid>
