  0.00003319074875227  0.00003600412567912  0.00003852923788131  0.00004049259136974
  0.00004200995575279  0.00004364770950238  0.00004539466299185  0.00004726034089784
  0.00004921871587982  0.00005119748115041  0.00005323794561036  0.00005542402287745
  0.00005778945307621  0.00006028071647819  0.00006295748842789  0.00006582974915267
  0.00006885309239266  0.00007195371076239  0.00007507645160787  0.00007821857049240
  0.00008142544935542  0.00008475136068710  0.00008823868973794  0.00009192097031844
  0.00009575727500335  0.00009957037246833  0.00010349319771049  0.00010772864969601
  0.00011228470593711  0.00011730264806425  0.00012265434194013  0.00012831553820540
  0.00013438449249950  0.00014078500957637  0.00014772040990584  0.00015525659707399
  0.00016328487838358  0.00017169018125111  0.00018049317127854  0.00018977368866377
  0.00019942367052018  0.00020940281324036  0.00021984821191603  0.00023084459676579
  0.00024209131360926  0.00025395185871381  0.00026631662809781  0.00027917024532393
  0.00029293278612823  0.00030724447660750  0.00032184360255657  0.00033706704522805
  0.00035298893656096  0.00037001205445346  0.00038733393013924  0.00040523624098014
  0.00042335417037125  0.00044191938738999  0.00046115399099633  0.00048132091589309
  0.00050266807487679  0.00052496997764010  0.00054792378050738  0.00057140277041271
  0.00059549563624508  0.00062012509978973  0.00064589300408669  0.00067333499999496
  0.00070206810405741  0.00073202820454637  0.00076300067540889  0.00079412425890108
  0.00082595683012981  0.00086000772662102  0.00089643224842369  0.00093511227396403
  0.00097687507835050  0.00102182750573986  0.00107105786469003  0.00112591235609331
  0.00118625505966398  0.00125262614760303  0.00132710601231273  0.00141258696631387
  0.00151128060191566  0.00162472114058686  0.00175656723994528  0.00191650177946836
  0.00211970005963765  0.00239573441482168  0.00279426357944051  0.00341019844032846
  0.00469188236486595  0.00975224203495608  0.47242470051447694  1.00000000000000000
  0.00019736757416006  0.00094413096095277  0.00126173039555865  0.00143076263201781
  0.00155080157724445  0.00162907122945858  0.00169434527101743  0.00176537791812906
  0.00185122591882353  0.00194726810332392  0.00204266175081513  0.00213762411242759
  0.00223063791823116  0.00231792540262710  0.00240185002515751  0.00248786741915099
  0.00257580180662911  0.00266101981092851  0.00274753905525163  0.00283736792161620
  0.00292519403016940  0.00301225980582123  0.00310181506659707  0.00319176128742207
  0.00327740189778212  0.00336813275169254  0.00345651858729648  0.00355183244099516
  0.00364831975614565  0.00374528086830898  0.00384003134808189  0.00393577046867618
  0.00403094277588188  0.00412530527808014  0.00422610252052716  0.00432907326834062
  0.00443559538272459  0.00454402400608645  0.00465762491344812  0.00477834906237902
  0.00489648283042089  0.00501970079424655  0.00514674468408268  0.00527630393917854
  0.00540875745635421  0.00554290063633168  0.00567565044937638  0.00580866604809313
  0.00594251814535015  0.00607780429641079  0.00621724707350369  0.00636048955960647
  0.00650704938361825  0.00665352481727060  0.00680475397764256  0.00695657295422368
  0.00711233749420318  0.00727264871444026  0.00743908682853739  0.00760830724355187
  0.00777838473603644  0.00795197935914222  0.00813341223062280  0.00832783289361781
  0.00853626517188062  0.00874964267488749  0.00897531880636869  0.00921122166974624
  0.00945246985715133  0.00970326884821711  0.00996810446172042  0.01025196922865491
  0.01055075775208386  0.01088399060057413  0.01125075952164345  0.01164443822201078
  0.01207123062922548  0.01251666554541461  0.01298056862307760  0.01347178253515626
  0.01400901245398458  0.01459345628173933  0.01526189947074673  0.01602193554575175
  0.01688948453871724  0.01789818997299228  0.01909576682134755  0.02053997035816081
  0.02227640232107493  0.02445309282030666  0.02723771456071620  0.03125009531303485
  0.03849505186825931  0.05158029844579698  0.25965415898598276  1.00000000000000000
  0.00158808041642881  0.00272141361262697  0.00347025639735129  0.00400695392001014
  0.00447616314401730  0.00493276280383685  0.00536020948223109  0.00577146833839082
  0.00620286964029926  0.00658423712488511  0.00684535678090846  0.00704699423169000
  0.00728315159133118  0.00753497944166851  0.00777987137564337  0.00801816112089841
  0.00826405789646905  0.00851379013856873  0.00876406810067473  0.00901239256279646
  0.00925964801772992  0.00950528685699701  0.00975714385524258  0.01000579059567793
  0.01024838481593869  0.01048693188193541  0.01072439677580172  0.01096204708052056
  0.01120073808786563  0.01144226080324459  0.01169026669617621  0.01194367653571105
  0.01219589461745418  0.01244735007603764  0.01269835408600214  0.01294948879445874
  0.01319719464299810  0.01344701287717075  0.01370615908639759  0.01397015898767079
  0.01424192310488971  0.01451537583890318  0.01479184830491888  0.01507143009280085
  0.01536034285797732  0.01565671750668648  0.01595914938916619  0.01626974173176291
  0.01659095397001915  0.01691432038482183  0.01725148351475640  0.01761322753904873
  0.01799365677883960  0.01839155761003637  0.01879904895694114  0.01921002771260081
  0.01962261169116565  0.02003937989043504  0.02046923634840712  0.02092273662121369
  0.02140031062046821  0.02189385770296836  0.02239697916534040  0.02291564300874519
  0.02346478216138401  0.02404915345688453  0.02466361249241073  0.02531771982648379
  0.02601970004160911  0.02675664391776398  0.02752152735210516  0.02833303499524600
  0.02921383855080146  0.03014614351705195  0.03113016176503849  0.03219040528157185
  0.03332082989574261  0.03448295566832751  0.03568609895557593  0.03699035242326383
  0.03859432841666821  0.04054348142340689  0.04291018583752958  0.04563062950364256
  0.04866497399509150  0.05232060311690289  0.05653528503554040  0.06124286879026807
  0.06726743559823997  0.07643611835656135  0.08498169810886484  0.08962543952729585
  0.09426918094572684  0.30474535888066712  0.51831163262672597  1.00000000000000000
 -0.00178905668187317  0.00644313640897987  0.01438999493499412  0.02212402864250660
  0.02968785024679845  0.03757039187361331  0.04591170144751276  0.05456688235814033
  0.06321832491554334  0.07177061302558956  0.08042922402597358  0.08991503619745124
  0.09970089666320837  0.10949405480742017  0.11945290158111783  0.13026146978210626
  0.14185082199106858  0.15379349063587036  0.16553768220336665  0.17690229564358945
  0.18805071779184959  0.19919196320883295  0.21024169057717421  0.22146406975804475
  0.23283670310811075  0.24406341820786451  0.25470916761150098  0.26459301926213757
  0.27499149455926558  0.28523596629554027  0.29721862318573400  0.30928146215281938
  0.32139325129534846  0.33318013401334512  0.34442820669437529  0.35562314013046931
  0.36660303098264974  0.37814510419567926  0.38959572100154105  0.40101438313110377
  0.41237797655043212  0.42314204607297379  0.43383773378053175  0.44512598084548571
  0.45671252090577247  0.46851051595314325  0.48032442388272711  0.49218852654645195
  0.50379885649416800  0.51521520495905926  0.52652813179553204  0.53800496462097247
  0.54955174899131809  0.56081885397718079  0.57179640198958881  0.58282175086627641
  0.59445524164445263  0.60617463092089419  0.61768283384046208  0.62924187624381311
  0.64062536429372829  0.65190111556516206  0.66296179726792626  0.67422648594900647
  0.68539503988726935  0.69681812962104472  0.70846887130214109  0.72034395831865117
  0.73236744483606719  0.74366818143630165  0.75475561030242211  0.76553726405374267
  0.77604089534420340  0.78646915435325537  0.79731617825891421  0.80866719582848223
  0.82026388294052222  0.83166439608111442  0.84261994605193680  0.85308083088548214
  0.86323631548923518  0.87343819140964285  0.88372604936208754  0.89405893364396005
  0.90415625270888123  0.91412305442707054  0.92359276409016866  0.93262881475897941
  0.94137755665659606  0.94976896537712996  0.95816822480065578  0.96663828577872357
  0.97495271387420357  0.98329555169989480  0.99154174095386793  1.00000000000000000
 -0.00261076284098219  0.01015214974429337  0.02043006315668177  0.03153910693556158
  0.04255749737135652  0.05379585169855280  0.06483490452713886  0.07546023315451619
  0.08595895154455462  0.09599489126398891  0.10578001774759646  0.11561354945226671
  0.12601312180013688  0.13676833789336892  0.14745374645119888  0.15849107730219239
  0.16896097791085071  0.17921381564838210  0.18969236165942099  0.20102887928568272
  0.21180378728439095  0.22160440380835061  0.23146518510334577  0.24157085780456730
  0.25192490560472586  0.26220679833826094  0.27223029479547950  0.28319942973294587
  0.29400733507848570  0.30432111242194110  0.31486556559771572  0.32543700411381266
  0.33654626701549223  0.34799643208056957  0.35923990013482143  0.37004685471932192
  0.38053975716164562  0.39058164150475427  0.40076931889778367  0.41133849114885679
  0.42192755015779404  0.43247910330628192  0.44287941329312230  0.45281376834751746
  0.46276699064759064  0.47300880937606637  0.48328573365876265  0.49364975806893141
  0.50382179868492249  0.51453697596178793  0.52523650074592032  0.53562299658479795
  0.54546602612620965  0.55555477126280484  0.56610137464333365  0.57702693136991245
  0.58780292231873821  0.59731074910139748  0.60676406093049540  0.61646466477486439
  0.62663626117789017  0.63711433082026381  0.64792243617264145  0.65888805331044276
  0.66952640299701360  0.67970677204093666  0.68974974028104585  0.69995581255308204
  0.70998536490388819  0.71976629489469535  0.72970080253821989  0.74022816553670123
  0.75117437421969058  0.76229895217105004  0.77331333265566249  0.78400284278708565
  0.79420305776890554  0.80418177175221583  0.81429617950395461  0.82469445996412738
  0.83566498577838388  0.84731285491688368  0.85916613995746083  0.87072047308885714
  0.88188660829184506  0.89281600444270470  0.90344922581113785  0.91384745254769029
  0.92423873841475024  0.93451320420348238  0.94528316506457155  0.95603015078284104
  0.96674035729634855  0.97752313086674447  0.98868316598033934  1.00000000000000000
 -0.00253948285445259  0.00977685651427163  0.02077894065858979  0.03033321650925115
  0.04036306087336597  0.05032609728858500  0.06055147422603213  0.07055256417462460
  0.08045853497804070  0.09030732042345727  0.10130272219804136  0.11182272704346932
  0.12240806155607566  0.13270952683342635  0.14281158505078811  0.15346212132886242
  0.16402153749830681  0.17501603385858908  0.18598117139184142  0.19675926970887161
  0.20767629826712874  0.21837716788889741  0.22941205569357892  0.24042747729941397
  0.25158765733204935  0.26196703841417146  0.27235978722687731  0.28244020438054357
  0.29241303212452108  0.30190009176954030  0.31128291269972946  0.32079143647807096
  0.33042936946398177  0.34060596296370516  0.35107988624290665  0.36200680572891963
  0.37265052031898005  0.38297122558040830  0.39329304379553648  0.40361183189361960
  0.41396494413869972  0.42440392865711440  0.43492554948851153  0.44520421594678294
  0.45516770750625857  0.46524062911323344  0.47578292127089616  0.48675604136758094
  0.49768122457301489  0.50846181665456902  0.51902961001024850  0.52931849033710121
  0.53973962248999352  0.55048909678306612  0.56164250023327000  0.57263772132004664
  0.58341749617833139  0.59389702305988701  0.60411769407130200  0.61426553628168001
  0.62441507869928203  0.63435900974389658  0.64415302672301777  0.65441449152080688
  0.66511807043341364  0.67610339511774198  0.68715503716603310  0.69846810384992419
  0.70999696826430814  0.72097110138923037  0.73192097553797042  0.74287397275637013
  0.75338238990811801  0.76391897267236675  0.77452096021489980  0.78543352090556684
  0.79664037698470391  0.80786822596327024  0.81931556483408619  0.83085092493348467
  0.84212139007091902  0.85236728277442553  0.86209332004073747  0.87162070990386331
  0.88136295749230886  0.89120088680555365  0.90122691213639750  0.91188846655893474
  0.92306821996835420  0.93421296222045458  0.94521681269980418  0.95588883470382924
  0.96649663209269643  0.97746840636726007  0.98842820342715221  1.00000000000000000
  0.05279532015429206  0.05517072221414927  0.05666333330069547  0.05788399813682225
  0.05897416701038913  0.05997568347183936  0.06092458594872735  0.06183776055397942
  0.06276566653783681  0.06373403129984755  0.06469069194462594  0.06561455225280932
  0.06651597591512456  0.06738973474825334  0.06826135965488547  0.06912934631762348
  0.06999042880002644  0.07084602518963395  0.07170479511789055  0.07257658911225703
  0.07346824498931788  0.07438155332806473  0.07530107884136053  0.07620726081751605
  0.07709523797659339  0.07797530933087382  0.07885600970749632  0.07974561128906490
  0.08062117035521504  0.08148068076111532  0.08234793066540574  0.08321171915484589
  0.08411510731295739  0.08501477976211362  0.08593123444070989  0.08686904920181084
  0.08782031490390275  0.08877350302186465  0.08971147207510040  0.09065219044300774
  0.09160989609649271  0.09257075765171201  0.09353384560430422  0.09451145714862694
  0.09549068999884451  0.09646313583400692  0.09742178227400619  0.09841218378127406
  0.09944574318743689  0.10047421629311126  0.10147901963901013  0.10251461612348220
  0.10360015719739048  0.10471106924677706  0.10594878210908988  0.10724758461342560
  0.10850056086546057  0.10977028578288496  0.11103339029471369  0.11234602936677038
  0.11375121961557319  0.11525258102026921  0.11676626717662476  0.11822893518462205
  0.11966058317797973  0.12111820749357084  0.12264269549960161  0.12421778052857858
  0.12586414426699119  0.12753854321206437  0.12932540094137523  0.13115416371163585
  0.13296675976409209  0.13484931949265386  0.13680957060587026  0.13889835016428692
  0.14116055524244153  0.14354192496394610  0.14603144842992999  0.14857273485117600
  0.15098695261035838  0.15333881716021225  0.15577165440828381  0.15844864210248538
  0.16100342505838858  0.16317599469671559  0.16534867933434788  0.16808415796518261
  0.17145151001301887  0.17633070534067116  0.18246685333409013  0.19074924929041800
  0.20339050923145655  0.22573980144173553  0.26353293822519924  1.00000000000000000
 -0.00291513452863127  0.01163565911544399  0.02361214663150519  0.03446312959838106
  0.04539946620300213  0.05624613634527270  0.06760821039530034  0.07833394524378555
  0.08896949175927896  0.10016203641601411  0.11210705314607380  0.12448387387895769
  0.13639913581597735  0.14753647504934986  0.15837289831056253  0.16930372009062722
  0.17985680714784846  0.19099302463134860  0.20250179364830762  0.21426848728003994
  0.22585474624773952  0.23688568937774557  0.24778135163844725  0.25807370600256185
  0.26782141955325284  0.27748304913448368  0.28710933399368044  0.29708726147271225
  0.30726699157002790  0.31773572892375834  0.32819813476524440  0.33842818528143592
  0.34859379203269891  0.35848958711600221  0.36825708727613926  0.37744343775539779
  0.38640052266497660  0.39561943618383483  0.40493565987270880  0.41460663589400304
  0.42410297774197936  0.43422327890639573  0.44449294168880260  0.45458736215425444
  0.46484705564812023  0.47512977196149231  0.48501343130978142  0.49441227029986495
  0.50380420985358110  0.51330308211948639  0.52286456513573865  0.53255398309689483
  0.54278702246317978  0.55346088428802098  0.56417480384385821  0.57478415860219101
  0.58455210129614976  0.59372063993205348  0.60310163687932983  0.61272366108048781
  0.62263860950618077  0.63245229272829584  0.64171265547408174  0.65123114635595591
  0.66164205871145176  0.67203301804074522  0.68401368298948551  0.69372512909824302
  0.70452248653103200  0.71366834051157335  0.72343510406207601  0.73318034789107200
  0.74282625748272901  0.75286729774300232  0.76299629698493721  0.77323139678337904
  0.78367093239034635  0.79436879657873205  0.80547642472663983  0.81725928360675315
  0.82895607973264795  0.84040855351646293  0.85203541611328559  0.86377497675491188
  0.87578711284119504  0.88797115715966468  0.89980479668565438  0.91111791798169373
  0.92224205778409074  0.93340893333803143  0.94465399029385311  0.95546019833200302
  0.96643010161015319  0.97683987640386594  0.98847474983073036  1.00000000000000000
  0.07317071232511960  0.13750018797390842  0.16296962477245602  0.18026792741857856
  0.19504127845435459  0.20786363520377840  0.21936832307908688  0.23019467970536134
  0.24022040288874266  0.24950502629354168  0.25788501469052999  0.26574230759943268
  0.27318134849045195  0.28028450105505759  0.28721193107390330  0.29413321148386956
  0.30084052037782827  0.30720081668076893  0.31328785099699058  0.31933168859096628
  0.32497369427583284  0.33079534873737088  0.33613417806216006  0.34153417851284829
  0.34679134465168010  0.35207169165250135  0.35724977884153941  0.36251529134488275
  0.36771658144179387  0.37277722617599252  0.37766598750419034  0.38242724907538928
  0.38708366877107536  0.39176799339527757  0.39660716649315614  0.40157215875943858
  0.40643808124691461  0.41122293059446413  0.41592734427378197  0.42060989383244884
  0.42527309602275509  0.43005470396069234  0.43473677508656866  0.43922578138017915
  0.44364110509640275  0.44798685118898862  0.45218516350488086  0.45669706242168379
  0.46132007743766851  0.46594251749959625  0.47057195152846143  0.47523322747371688
  0.47986028886383164  0.48447071707643202  0.48907115484979907  0.49362541664287596
  0.49813235990256799  0.50260988110778027  0.50711711501551215  0.51172325959046894
  0.51643112510724565  0.52117507690221665  0.52598415753702299  0.53086045667402570
  0.53581618323039426  0.54087463427831228  0.54600151919790718  0.55117440136763740
  0.55636019912614065  0.56159798238700109  0.56693162564159705  0.57236203509028094
  0.57789706758600456  0.58354604016963885  0.58944168575742784  0.59535064849202257
  0.60155488259977630  0.60787718753840225  0.61431827797298622  0.62078130030572498
  0.62751475346457586  0.63465318176265006  0.64208868303269917  0.64992079734921659
  0.65811302383270476  0.66678590241872360  0.67626041916274660  0.68609343727904248
  0.69640355126956055  0.70731933179465567  0.71977497014636715  0.73434983331992232
  0.75202419197853532  0.77612978577935499  0.81864269488764985  1.00000000000000000
 -0.03787584747249804  0.17047903352604712  0.21539091589201873  0.24097022718627781
  0.25980535736469351  0.27441000800688475  0.28641989046853245  0.29693788568598312
  0.30630072583913764  0.31491478043181137  0.32285959803058251  0.33018706469339038
  0.33717097289568976  0.34411674976478723  0.35104743524353704  0.35766079926370220
  0.36393777840374092  0.36999630203519851  0.37560618659511258  0.38083782861387727
  0.38578873585236267  0.39071544496613453  0.39574317245299462  0.40065411608472018
  0.40538652919383245  0.40999815680661972  0.41455190875040637  0.41902243537998551
  0.42347859123956610  0.42781921915574656  0.43201749635909786  0.43618793060785649
  0.44036572782160821  0.44463256452624655  0.44894199891551995  0.45316142521502117
  0.45736258513688577  0.46141631077759149  0.46550777934163556  0.46959105052667111
  0.47358426701236317  0.47747031994976019  0.48119897156562769  0.48482438670320799
  0.48843187779384167  0.49209542879463503  0.49584584528759934  0.49990000840499282
  0.50393798266869827  0.50786865283408733  0.51177079458885777  0.51569676223805039
  0.51956272804030079  0.52336178810226264  0.52712760589249397  0.53090201810050663
  0.53473465015141575  0.53863398578997479  0.54258506995364397  0.54656243785940117
  0.55053792886460595  0.55455628669869828  0.55860678574441180  0.56264199659114300
  0.56668516356688436  0.57067415863467574  0.57478585842753560  0.57894241596277396
  0.58309819333370672  0.58737924935214614  0.59188528530116025  0.59642293120465850
  0.60116867503421689  0.60603278735913912  0.61092887471578672  0.61593273500178813
  0.62100027566391869  0.62648779200155735  0.63235495887947535  0.63835651849744757
  0.64427216281689881  0.65029775755252595  0.65657091801362022  0.66324973857085934
  0.67054332387566817  0.67818494449569167  0.68640531400798155  0.69522556278586645
  0.70488668037747115  0.71560866549640056  0.72783521732306378  0.74245388892092723
  0.76025936875542999  0.78393197623454725  0.82727150927653970  1.00000000000000000
   2.2804203143225632E-009  -1.0000000000000000     
 T T T T T T T T T T T T T T T T T T T T T T T T T T T T T T T T T T T T T T T T T T T T T T T T T T T T T T T T T T T T T T T T F F F F F F F F F F F F F F F F F F F F F F F F F F F F F F F F F F F F F F F F F F F F F F F F F F F F F F F F F F F F F F F F
  <DiscreteSampler_grid>
  grouped_processes
  1 # 1 for a reference and 2 for a running grid.
  10 # Attribute 'min_bin_probing_points' of the grid.
  1 # Attribute 'grid_mode' of the grid. 1=='default',2=='initialization'
  0.0000000000000000 # Attribute 'small_contrib_threshold' of the grid.
  0.5000000000000000 # Attribute 'damping_power' of the grid.
 # binID   n_entries weight   weight_sqr   abs_weight
    10   10   6.481557986063118E+002   1.590146877079417E+006   6.481557986063118E+002
    16   10   6.481557986063119E+002   1.590146877079418E+006   6.481557986063119E+002
  </DiscreteSampler_grid>
