  0.00616556605154807  0.00908310549454867  0.01408184353624591  0.01914425014854247
  0.02451827855732671  0.03010890333404661  0.03572330170487610  0.04135523927936838
  0.04705367378393644  0.05281201526707344  0.05859933124607535  0.06444938272093871
  0.07036102617591758  0.07632435579541877  0.08232316198740741  0.08842093138822339
  0.09457003091833491  0.10076363372991030  0.10702540714236804  0.11335471671393055
  0.11973397357799508  0.12617388538516039  0.13269326897755945  0.13928066303996353
  0.14590304028516440  0.15267963405830678  0.15949127133786631  0.16638130310173677
  0.17335937239523069  0.18040717949716309  0.18752940351452049  0.19475217924569743
  0.20205945763046687  0.20944616175266034  0.21694432488778756  0.22453101157389996
  0.23221204348075372  0.24002899500594688  0.24790955198497200  0.25593733129044421
  0.26405172907737645  0.27228619179248775  0.28065002804847877  0.28912988779941384
  0.29773961226950652  0.30647510643963854  0.31533317051821674  0.32435808973760033
  0.33350154517847813  0.34284096776106282  0.35230094409560947  0.36196409805774332
  0.37176450866403093  0.38176557421481122  0.39191823294629047  0.40228325497838224
  0.41281433554308178  0.42357500153179078  0.43452171524719019  0.44571791981623660
  0.45710981788202870  0.46876691019902572  0.48062686354182316  0.49277502765726211
  0.50515125844039310  0.51783152603986160  0.53079066420453069  0.54405248886783553
  0.55760544892037112  0.57146594421668984  0.58561038645272212  0.60009278606242422
  0.61489003881025772  0.63003226615714591  0.64547918858814235  0.66124314462539457
  0.67729992342471634  0.69366088174277263  0.71026902323321006  0.72717575503741316
  0.74426782725302920  0.76155274378477689  0.77899645872924783  0.79655331869667545
  0.81417052769122156  0.83180655282809213  0.84940879353097443  0.86692270605585131
  0.88431698792438129  0.90156120964645581  0.91858048711745144  0.93536581482545378
  0.95188975966856004  0.96814904552664538  0.98414912238393293  1.00000000000000000
 -0.00228848754205470  0.00976830360568885  0.02013912442484195  0.03068087320944120
  0.04127826008582851  0.05176527234781618  0.06223421411442522  0.07261523386577350
  0.08298871821747533  0.09348221139845275  0.10396891960741089  0.11452616488451647
  0.12499572476733296  0.13559724604915879  0.14623144050260331  0.15687622764631548
  0.16746381664105478  0.17795473441511417  0.18847076540254817  0.19903447693130616
  0.20960256241626177  0.22044035657533667  0.23125787433841896  0.24205263287513573
  0.25258279691997704  0.26312711288134305  0.27370282088573999  0.28434959447297253
  0.29502658364109691  0.30572338141573546  0.31635028802059084  0.32701645580121841
  0.33776107775671693  0.34858949531056549  0.35935889414660649  0.37001917533362944
  0.38047032453847729  0.39091444480269250  0.40129479993990719  0.41164595951961036
  0.42186248945172056  0.43218976096787792  0.44268526917424705  0.45328458830019724
  0.46388647163529229  0.47449764305483694  0.48519668877835115  0.49591202437156179
  0.50659910210842851  0.51724750588367907  0.52764979445305227  0.53801170352382988
  0.54844131744400004  0.55897569877443642  0.56944292587201095  0.57982933377398327
  0.59038577163731942  0.60075712363937583  0.61112874738284850  0.62144360247697461
  0.63199905364793885  0.64250164760961659  0.65303685939075640  0.66347970620215979
  0.67393217576265629  0.68431604231688825  0.69481664695949896  0.70543326193616251
  0.71594419583961710  0.72652137736098887  0.73702322717408042  0.74758674664651703
  0.75808159938823072  0.76852491786301147  0.77899325016643051  0.78944730888389736
  0.79998725195116616  0.81043267861862289  0.82090448168380892  0.83120716098118930
  0.84165206019762295  0.85229871258261780  0.86318059948278569  0.87425019542843851
  0.88502550659477763  0.89560546823497789  0.90583383080597546  0.91600076044046819
  0.92636959215548420  0.93674923503444762  0.94721894695136788  0.95768064395751962
  0.96832199284626563  0.97899431333135412  0.98951597287184867  1.00000000000000000
   1.7990405033052898E-007  -1.0000000000000000     
 T F F T F F F F F F F F T F F T F F F F F F F F F F F F F F F F
  <DiscreteSampler_grid>
  grouped_processes
  1 # 1 for a reference and 2 for a running grid.
  10 # Attribute 'min_bin_probing_points' of the grid.
  1 # Attribute 'grid_mode' of the grid. 1=='default',2=='initialization'
  0.0000000000000000 # Attribute 'small_contrib_threshold' of the grid.
  0.5000000000000000 # Attribute 'damping_power' of the grid.
 # binID   n_entries weight   weight_sqr   abs_weight
    10   10   3.010889707442555E+006   1.202074091938835E+013   3.010889707442555E+006
  </DiscreteSampler_grid>
