 -0.00944662284498538  0.04402736324174088  0.05846798501564653  0.07423152264297726
  0.09026252899265660  0.10564778669331784  0.12056869138910908  0.13585845856743148
  0.15082933277794491  0.16510148690337478  0.17775131771999250  0.19023131050341285
  0.20213560767093358  0.21356450389718723  0.22499058052830920  0.23605565626761352
  0.24623268433384385  0.25601951913962756  0.26565840323594025  0.27497473132301770
  0.28394868454806904  0.29272613025121735  0.30110383121649253  0.30995854650995547
  0.31831743654329808  0.32633374897076473  0.33403373410261139  0.34131988628949023
  0.34845130953691422  0.35550052023998024  0.36251288217192490  0.36933141361795829
  0.37583154536492552  0.38204318278571459  0.38805988266370756  0.39401323011231720
  0.39994839612196920  0.40577829002561311  0.41149366079084854  0.41720384549182904
  0.42284197357485886  0.42835202222363511  0.43384815226233631  0.43927379302898473
  0.44458298760256976  0.44982017026440430  0.45507486061519620  0.46039545364049028
  0.46571344346221949  0.47100970690822697  0.47643184081831014  0.48191580793950745
  0.48733233331213560  0.49285047451652092  0.49852488396025679  0.50417975207322752
  0.50974503121252668  0.51531748550392364  0.52082721878207017  0.52635271855813326
  0.53194004521352345  0.53763608434939114  0.54351861517758515  0.54950006712053590
  0.55552899441263981  0.56175000349937432  0.56808765343098822  0.57441886666231579
  0.58073033467120450  0.58704136098872162  0.59340877338618792  0.59982726167636680
  0.60628815654315160  0.61286636022883978  0.61969205332451882  0.62679747976840594
  0.63410193872064036  0.64188234782554932  0.65071071215334764  0.66002936786421229
  0.66979685200341366  0.68006509017611005  0.69070482651528420  0.70146811341841697
  0.71260607455635405  0.72376521441848962  0.73638096618597126  0.75057256408205375
  0.76619206222738934  0.78351465083933913  0.80303873330925213  0.82510926944066976
  0.85177828858532567  0.88817913856784891  0.93793764210015096  1.00000000000000000
 -0.00260369249499248  0.01102200925855236  0.02223870979230087  0.03275192309507802
  0.04297753485937317  0.05322679203445078  0.06351461840908446  0.07369402994483557
  0.08378989145085330  0.09387049710395813  0.10422431428460498  0.11474356549634213
  0.12529983941282896  0.13579419586446631  0.14655073695616799  0.15768454853005817
  0.16888841389117354  0.17986934937933041  0.19092562547698000  0.20146352599160830
  0.21190973362438964  0.22222812553417456  0.23283134669955721  0.24349629514160798
  0.25459883571961278  0.26593713792450824  0.27684521735965800  0.28759048058363179
  0.29843259739469530  0.30907548537093388  0.31979883917862612  0.33028891599161803
  0.34135007820350649  0.35236742188213177  0.36336260437743395  0.37396243587463968
  0.38376070849677946  0.39318718540686132  0.40260055843758852  0.41215647376095399
  0.42248828177541753  0.43246994660695071  0.44268787131133835  0.45339853360771387
  0.46431767553917747  0.47536298845703745  0.48632758261438003  0.49749040391767990
  0.50829906272971925  0.51893473037903415  0.52955282631697376  0.54005261770251911
  0.55025639340837929  0.56034897167311970  0.57023323025262251  0.58011522145519601
  0.59006905360172757  0.60004106361114584  0.61038626741174851  0.62103310407757162
  0.63164413310482503  0.64226368025167568  0.65277164473062299  0.66321194704641173
  0.67352986936880666  0.68368370919399979  0.69399169237175706  0.70449329531131322
  0.71505360333122303  0.72551390573347507  0.73630404369242164  0.74752941801737516
  0.75855324600237506  0.76946247582601490  0.77977269572110375  0.78997608838953060
  0.80007615654892916  0.81044865703796320  0.82110336909480730  0.83190809105348673
  0.84246143520587979  0.85266258858172950  0.86253743012973916  0.87254201648550100
  0.88290085358485104  0.89321629036078032  0.90358028808719648  0.91426825277275425
  0.92496926274069446  0.93576632564289464  0.94638396504013422  0.95695968606168891
  0.96759736296011212  0.97824284114380888  0.98908645990647048  1.00000000000000000
  0.05188964381373919  0.06095015431711353  0.07196288621517830  0.08205888103119428
  0.09095553561436415  0.09934848674291635  0.10742118103107458  0.11508645091489657
  0.12253376134630992  0.12979060547639479  0.13685552249311816  0.14375641475321649
  0.15058289788040119  0.15741840544421445  0.16433362558037234  0.17120706499736818
  0.17806682696542298  0.18470981338043485  0.19119818665434127  0.19748374497729507
  0.20369680928722766  0.20992861602242141  0.21614974187317851  0.22239783909416974
  0.22868733588416454  0.23498642987657867  0.24124723078412583  0.24730416548567918
  0.25323216066755172  0.25894839616120896  0.26457202557760523  0.27011776644738494
  0.27571225058402588  0.28154041994137585  0.28758420101593002  0.29348557356764371
  0.29912471543608943  0.30466687695254463  0.31022939267182886  0.31576207855613220
  0.32121254280526218  0.32655808016284116  0.33173465374576083  0.33681427221948879
  0.34212720274914316  0.34749403295113929  0.35291079862902275  0.35791715785406886
  0.36290965977354295  0.36794664555564410  0.37309214483776698  0.37842037663362560
  0.38407307638403848  0.38972982771708020  0.39531096315214664  0.40084572204359198
  0.40630370885863215  0.41174216219975657  0.41740259429044663  0.42330105949393881
  0.42933190512439767  0.43537726266771437  0.44144692327054552  0.44757524100991825
  0.45372813022042369  0.45997172402431324  0.46636859596303215  0.47302368783837351
  0.47985230634140597  0.48685650121980206  0.49387367636475143  0.50086546967797707
  0.50853698555074567  0.51620405916375101  0.52407746073244965  0.53175756601699276
  0.53948899286810648  0.54781708598270007  0.55626936256583170  0.56507480520630771
  0.57430960570491862  0.58362483852483515  0.59310091345814053  0.60283176357947110
  0.61340195906351869  0.62453930485800802  0.63579756568382606  0.64778669500239972
  0.66128809266607458  0.67573132162777061  0.69165130425601262  0.70996342855832517
  0.73469712959138611  0.76719470128477874  0.81401075452355254  1.00000000000000000
 -0.02340650019675766  0.14019232817865446  0.18274613293271985  0.20848211066343189
  0.22829960948296260  0.24404581875384265  0.25762297841914333  0.26994511652484732
  0.28071587746853727  0.29086048171759460  0.30016530707740596  0.30879702538096954
  0.31676864238442548  0.32430272363527823  0.33159936648604088  0.33861727895829119
  0.34538759999411228  0.35200736896954565  0.35851544675907820  0.36489857211631932
  0.37114698780796146  0.37723435763958879  0.38324436241977133  0.38914168647716485
  0.39486601604798277  0.40043251988064454  0.40586711747432180  0.41124820307534937
  0.41653877277344370  0.42164680286009670  0.42658188637225897  0.43146470247493163
  0.43621561830318567  0.44073114160235888  0.44508244706797945  0.44940166960794486
  0.45373023971845272  0.45803925229867376  0.46235184967639559  0.46670453950114305
  0.47105602034845451  0.47536834584148863  0.47967817451516748  0.48374663122493611
  0.48788959146283056  0.49204368363505269  0.49623211084011287  0.50051093461242313
  0.50480169401896036  0.50916938176087634  0.51350171827506585  0.51775436167101208
  0.52200212861364192  0.52627134326706537  0.53058665580613340  0.53495071334595834
  0.53939646530756213  0.54398467586059007  0.54861631516234677  0.55323774437851614
  0.55783222707815627  0.56244868193883302  0.56712644841103665  0.57184409157214100
  0.57655124323730533  0.58121711302306633  0.58575436719782081  0.58998662975235072
  0.59443212631585551  0.59910643809736219  0.60405605468417112  0.60915297308686978
  0.61423897485405465  0.61926587582218395  0.62430965968675700  0.62960244236401341
  0.63510098032879947  0.64062834394109658  0.64636399390174881  0.65271032015298802
  0.65932707054408801  0.66632832707997525  0.67386259905384005  0.68169251758933491
  0.68987038459434491  0.69888441542310931  0.70850117450794547  0.71893778330962033
  0.73010349566216859  0.74264600282995341  0.75685932636364317  0.77340253448314167
  0.79346760711702202  0.81993364585299677  0.86187479448978799  1.00000000000000000
   1.7744186190778580E-009  -1.0000000000000000     
 F F F F F F F F F F F F F F F F F F F F F F F F F F F F F F F F
  <DiscreteSampler_grid>
  grouped_processes
  1 # 1 for a reference and 2 for a running grid.
  10 # Attribute 'min_bin_probing_points' of the grid.
  1 # Attribute 'grid_mode' of the grid. 1=='default',2=='initialization'
  0.0000000000000000 # Attribute 'small_contrib_threshold' of the grid.
  0.5000000000000000 # Attribute 'damping_power' of the grid.
 # binID   n_entries weight   weight_sqr   abs_weight
    10   10   2.971486333617590E+005   3.272367726972429E+011   2.971486333617590E+005
  </DiscreteSampler_grid>
