  0.01447793318430124  0.01520273306576577  0.01575279733628458  0.01597193132466887
  0.01619984660705809  0.01643325241796291  0.01666376589165568  0.01687302653139332
  0.01707143724309046  0.01725389851694714  0.01743119150652868  0.01760621582284351
  0.01777836340538867  0.01795385298416476  0.01813189524616327  0.01830532018625004
  0.01851098920341589  0.01870939786066850  0.01890538282244374  0.01911050413906924
  0.01930580144669971  0.01950020186444366  0.01970346087149423  0.01991830911875688
  0.02015580440398396  0.02040070299864956  0.02064463826087003  0.02088546971726845
  0.02112768698954035  0.02136663723487889  0.02159765859474436  0.02183289820262592
  0.02208645466460907  0.02236412361847116  0.02265745354209391  0.02292710395710498
  0.02321472401572871  0.02349868284718764  0.02377331223564261  0.02405675845011447
  0.02435701018176300  0.02466292581699097  0.02497372965463898  0.02529162337098003
  0.02560583536112776  0.02589418995834164  0.02618101647157230  0.02647967980877388
  0.02678144399380521  0.02707335542039430  0.02735390840424523  0.02762842590998501
  0.02791797234427863  0.02823512021381798  0.02858864639159541  0.02894791694884232
  0.02931768288187172  0.02970091927839394  0.03011493414598809  0.03054928304306794
  0.03095575795639976  0.03135873214225759  0.03176275788704744  0.03218227360345516
  0.03259657484669094  0.03302330162186051  0.03349368184775033  0.03401382988029548
  0.03459557108362595  0.03520163340162189  0.03583215989967427  0.03650962977727387
  0.03723794497208854  0.03796661829396702  0.03871576959356850  0.03955909645361116
  0.04054147575345281  0.04174025513911509  0.04316950963946262  0.04483247336138550
  0.04666028970633428  0.04828866555335184  0.04977461025492966  0.05120441847899092
  0.05279496167837212  0.05491765439527205  0.05761288116467854  0.06127234628714360
  0.06563037225066150  0.07104303031118359  0.07797735149053098  0.08696407759109565
  0.10284716240028545  0.12881882730436900  0.60599192728465012  1.00000000000000000
  0.00122092716673374  0.00354795270434260  0.00407733413964533  0.00453128216026411
  0.00468094060177053  0.00482638732681482  0.00496710551067034  0.00509444031375362
  0.00531168279516025  0.00548631324636956  0.00563426791189115  0.00576921304914616
  0.00590105544907897  0.00609107806490763  0.00630081629121953  0.00652461355160255
  0.00679035959844570  0.00708891000780403  0.00734472835037518  0.00759541525994743
  0.00786180882491391  0.00811575760482360  0.00835881411236135  0.00860189610568491
  0.00885800422873145  0.00909342255969003  0.00931333318111425  0.00951486675816014
  0.00971068755879440  0.00991200682428129  0.01013172449000533  0.01036965737894743
  0.01059097932398836  0.01078983281110530  0.01097664728185853  0.01121502945160423
  0.01145800263316507  0.01169922578149005  0.01192784999741341  0.01218763674585818
  0.01247040365892140  0.01276384351686314  0.01308489004635744  0.01344566009449155
  0.01382383869196859  0.01419387088571810  0.01457748171391856  0.01495399596590220
  0.01535873560127977  0.01576745864713672  0.01618535509064971  0.01661872341677546
  0.01704825969218638  0.01746553683893443  0.01787806417394033  0.01829620817585899
  0.01873564684195162  0.01918906795631279  0.01963284217637190  0.02007006459785937
  0.02053277111221901  0.02103937433435434  0.02153869217438991  0.02210752593854065
  0.02273014298230414  0.02336506693821278  0.02399864700268082  0.02462683819830242
  0.02530529427967589  0.02601330884570965  0.02676509715341725  0.02757079596692666
  0.02848174137294829  0.02941176843616538  0.03042321463302609  0.03148457041314891
  0.03255584391887518  0.03364737253862043  0.03476399242849956  0.03590557743560607
  0.03711378866111089  0.03843194317883684  0.03981741067113187  0.04155616077214841
  0.04341870178617600  0.04563554379542539  0.04848165097279662  0.05181843679971509
  0.05564571199440137  0.05965974642948083  0.06449715793443982  0.07082029634955825
  0.08426020494958748  0.11215640123791658  0.71778878865751239  1.00000000000000000
  0.00326732317794488  0.00412861524100798  0.00483793343945261  0.00567792991627006
  0.00651150917510630  0.00680311338538629  0.00713872456971025  0.00752335683985382
  0.00786204458489039  0.00817097931245526  0.00849797629746473  0.00883592661186462
  0.00914945290972446  0.00945167843258500  0.00975106829728742  0.01007278802921508
  0.01046115391568525  0.01092553373457512  0.01134824933578952  0.01173208485914406
  0.01211931826688488  0.01252762964058933  0.01296817511392203  0.01340260606965413
  0.01384546018430870  0.01429113849691174  0.01472284500846021  0.01513859398325655
  0.01557433640226571  0.01608968235473014  0.01656799000066388  0.01703254138784638
  0.01753095696377040  0.01809463481938883  0.01868450908788415  0.01926336614498535
  0.01984069644829629  0.02040691326977548  0.02101104920201012  0.02157715011287200
  0.02210800416048720  0.02262145601779183  0.02317303667382989  0.02376569890266558
  0.02442013019849833  0.02508590391630167  0.02571982945021312  0.02637015167838596
  0.02699306315159353  0.02765394039782424  0.02833129287420438  0.02895614864001349
  0.02960654010880895  0.03027310821428025  0.03095109057645949  0.03160957026828733
  0.03225920331826449  0.03294655404328482  0.03367409562710567  0.03442507889260720
  0.03516987249386754  0.03595880519287627  0.03684705922616024  0.03775897078826954
  0.03867178839365082  0.03951892835082788  0.04035640215575880  0.04122749162739825
  0.04213953315487756  0.04313345698640533  0.04422633070080251  0.04544451403317352
  0.04679943915023040  0.04822852349986748  0.04962231047797526  0.05094219167284302
  0.05221354857715387  0.05353980612925770  0.05511970504633062  0.05690945991799627
  0.05887859633408229  0.06116712763008420  0.06388193387825414  0.06658192501221211
  0.06878610748477297  0.07092936844381070  0.07307733574981708  0.07541855415307328
  0.07837211541841449  0.08295083393193840  0.08832325303736632  0.09536292543056517
  0.10493018347835312  0.12317410681715277  0.60066420553784539  1.00000000000000000
 -0.00994486167702716  0.05564738394740157  0.09068933373029049  0.11717278796119132
  0.14048354512835504  0.16060590225991045  0.17655430471582040  0.19072136284817420
  0.20248761999961434  0.21302082244319567  0.22362505232387928  0.23638359258748343
  0.24954998064322131  0.26155637745569976  0.27236318941901622  0.28250391968569333
  0.29146475752408230  0.29875366505120748  0.30546295841349069  0.31241864003061648
  0.31989234982165093  0.32764774850026712  0.33478357219504157  0.34146697018579714
  0.34815847150129126  0.35519709937761290  0.36281684743589804  0.37016661052367444
  0.37745410104704002  0.38400812074522417  0.39147079718714728  0.39860461537290010
  0.40470684690512421  0.41040646812187470  0.41570827112275155  0.42105070204760398
  0.42624947031624033  0.43157592169897757  0.43684923239000867  0.44229811144963305
  0.44806708977175463  0.45406471115695579  0.46074082959700730  0.46712691891547642
  0.47333640139449196  0.47902430674221247  0.48522873227479579  0.49208146333177688
  0.49925961089863230  0.50622760759639229  0.51290426988991999  0.51958566337187639
  0.52538422594620804  0.53089897330854696  0.53651811011192174  0.54252521216073590
  0.54902842515697603  0.55541144667117681  0.56153705147504940  0.56769028867756555
  0.57386951633422312  0.58073574094972658  0.58861886306271205  0.59721942626363489
  0.60580479593066050  0.61404840356233603  0.62245740494469093  0.63062160563376168
  0.63864746068429046  0.64657552036778387  0.65388979837592687  0.66062943139779373
  0.66708081201236380  0.67347636325290972  0.68027301471556223  0.68746795742533784
  0.69510194417989346  0.70309604413567950  0.71126941573353608  0.72107303522986943
  0.73076443084961751  0.73954407227116270  0.74872384340677933  0.75865143201577656
  0.76929602090897109  0.78041271564599812  0.79204071644711627  0.80396230171199357
  0.81640206764232859  0.82905489726098580  0.84446272336650863  0.86206786264609936
  0.88586886344174831  0.91567284177314678  0.95335310679690843  1.00000000000000000
 -0.00269673054958748  0.01112072266962370  0.02164535724167263  0.03147204269090736
  0.04122499537875358  0.05118885495441578  0.06209500059679630  0.07413016132489388
  0.08570479950588665  0.09740532425199204  0.10885534359473829  0.12067369312395758
  0.13174538509966296  0.14290199203418633  0.15381095377398551  0.16458766033137015
  0.17438621214930536  0.18356774687022040  0.19235981262301821  0.20087007978801424
  0.20970029499810802  0.21855446754726979  0.22713744645977069  0.23648124138673668
  0.24754825318007687  0.25952259228956631  0.27051134171523067  0.27991346002731704
  0.28951734907273408  0.29922436056005669  0.30903896869760428  0.31843041779127390
  0.32818157307006302  0.33832848401891252  0.34822113410584249  0.35790527991178039
  0.36781414180449790  0.37761802403845840  0.38702773502117405  0.39677670427565215
  0.40700830804848009  0.41718923810886727  0.42564118238021803  0.43332094272023913
  0.44180056513648980  0.45173343174092112  0.46256793492654075  0.47441931549516086
  0.48635695523301659  0.49798471466055422  0.50916766850009254  0.52031623765578539
  0.53209259864790370  0.54425601376156874  0.55360082689596579  0.56320844627604560
  0.57253220654133197  0.58173664303412731  0.59016194240066866  0.59794945733652372
  0.60629386070978131  0.61545503993405937  0.62517816167342921  0.63642901851458500
  0.64923881010886364  0.66359755701053091  0.67712788420637071  0.69012120068788974
  0.70279689918732480  0.71393040232667293  0.72534719027807892  0.73784933703154343
  0.75277996188410190  0.76570289155915527  0.77730823904406099  0.78771489139189099
  0.79895372006665133  0.80964849032027164  0.81960799589877997  0.82915932239522150
  0.83937852347586694  0.85019775264231978  0.86124987558800548  0.87243050577528680
  0.88334222351978609  0.89347278561572896  0.90289890584800148  0.91235028524394290
  0.92203372309210085  0.93187622123071179  0.94279544491197909  0.95456436121515298
  0.96584723478466372  0.97694063720874258  0.98837478847155524  1.00000000000000000
 -0.00219358787163644  0.00929029589117485  0.01903806112914270  0.02854553460843605
  0.03832624065803542  0.04967770829837899  0.06082415039852855  0.07087345080100604
  0.08082516373596653  0.09100725943878377  0.10166433045526478  0.11195530836679048
  0.12249392565759366  0.13363989482285202  0.14457887591841884  0.15446744769078991
  0.16396322932450297  0.17511791242126831  0.18502682348958643  0.19434369289259212
  0.20444023100519951  0.21661363754956334  0.22936839175689511  0.24028492886042013
  0.25032627430863513  0.25978847310351721  0.26888837087109235  0.27805760247558881
  0.28838398761883621  0.30114398310623880  0.31547735657929632  0.32820525385598420
  0.34006302752636564  0.35223124853933263  0.36349908095303451  0.37512224290692503
  0.38707798609185845  0.39889741632851072  0.41009082386072149  0.42098653886756260
  0.43181247149869584  0.44199928823223822  0.45183852582010092  0.46279391811522913
  0.47426623257277128  0.48460803833761562  0.49406672286322645  0.50323486557918762
  0.51240878947043456  0.52154840847768869  0.53060490885283407  0.53983994570241611
  0.54940335168079357  0.55930400696757288  0.56879046673823241  0.57740999006556737
  0.58645957391696313  0.59623169999684789  0.60614038996334885  0.61653113279513050
  0.62773300835623946  0.63968587389542297  0.65125925246306815  0.66204391721614053
  0.67234581138453187  0.68255257551352022  0.69303320503346777  0.70426661477021912
  0.71597628751498621  0.72758865111734150  0.73909080268060567  0.75109556491901364
  0.76353530945818304  0.77586401682321615  0.78738783387560274  0.79794155703225633
  0.80836837994870414  0.81985821237941758  0.83170324346889069  0.84085682060806821
  0.84881832967308257  0.85690943890654814  0.86542690419176815  0.87473623360112784
  0.88341878736232315  0.89193773109961694  0.90081455381858178  0.91324852007387791
  0.92498541252017541  0.93688013237879675  0.94857120420808561  0.95984278844675286
  0.97053745281484816  0.98041060864223317  0.99029511004681858  1.00000000000000000
  0.01734292038500039  0.02522989703988104  0.03000141765415559  0.03340479747211088
  0.03633459028059755  0.03902707790071556  0.04142111750477951  0.04334037099931120
  0.04488357071218552  0.04640271613763349  0.04787950134371754  0.04938954355516961
  0.05082077132703857  0.05220868849282917  0.05360703012016779  0.05499353531646752
  0.05641997513638688  0.05784059456919455  0.05920392558863789  0.06053863591495136
  0.06180900305700413  0.06302466177570444  0.06419593740549050  0.06527524057901347
  0.06634675485972968  0.06741037812780827  0.06846303811870987  0.06952218190357307
  0.07061115564831287  0.07173934200711640  0.07287745847383177  0.07404620023216807
  0.07519630332334178  0.07639644004422341  0.07757165146230593  0.07871223246563402
  0.07983212437447204  0.08093504166649278  0.08203815415196142  0.08320637176050369
  0.08446351776528122  0.08570942381936650  0.08695384162648004  0.08821241465707572
  0.08951164457559763  0.09078687623126497  0.09205827963636992  0.09335022895591699
  0.09466039555448043  0.09596673444984484  0.09725504054528854  0.09853753600270806
  0.09984848443707266  0.10125104295533273  0.10287621219756449  0.10463835553178767
  0.10645337286297825  0.10824293643533167  0.11000637369139146  0.11173738930804702
  0.11337112159473971  0.11493600378615154  0.11652359114035071  0.11835081229210104
  0.12041097651917174  0.12278993289409634  0.12506414274210698  0.12736434283622838
  0.12971880037995373  0.13213065205055655  0.13464993377929885  0.13731560890715952
  0.13974817298008410  0.14203068824124043  0.14386810827332355  0.14599291484916582
  0.14836438772816857  0.15083543614279318  0.15363073825201037  0.15739817430704070
  0.16109634854288518  0.16532060917659222  0.17068257035659820  0.17615740136404945
  0.18012942686368597  0.18465866004353282  0.19009463100963006  0.19757739111723191
  0.20558648712426950  0.21420923143223081  0.22180758046356963  0.22862421701345351
  0.23733258836038748  0.25225537357937350  0.29693895667614550  1.00000000000000000
 -0.00297867676383844  0.01275181294669533  0.02444154332689000  0.03544352240309234
  0.04618601112552723  0.05900069320728136  0.07164770740861914  0.08349354879222008
  0.09411995991176575  0.10394867218448678  0.11349583900794588  0.12298316330616700
  0.13399571710386299  0.14695021404116992  0.16201347622801796  0.17459870258509039
  0.18588571367911530  0.19742750733527850  0.20855936945481507  0.21897650077758168
  0.22842622725228473  0.23741550286625784  0.24576154229016842  0.25393310268039210
  0.26182026971433969  0.27007320239006283  0.27933965097481717  0.28972040337741534
  0.30104361549308450  0.31210844961803647  0.32280609969308277  0.33395092586654029
  0.34541362931753178  0.35711143765620601  0.36805203869674386  0.37818426369063163
  0.38894881957764710  0.39982844283555641  0.41117710527294693  0.42158950656403793
  0.42962438568938921  0.43745244667702565  0.44517843699100884  0.45351786188756271
  0.46245437312517856  0.47122797817923340  0.48034234140343562  0.48995488428660278
  0.50033383063026671  0.51080440990909248  0.52128436455195926  0.53178713526764554
  0.54212308482428606  0.55234313632364229  0.56180415651864646  0.57230239067208033
  0.58331079234183270  0.59267624863616197  0.60209914574885504  0.61131667348887286
  0.62088554476992952  0.62994105905362052  0.63877549236865760  0.64772288097397102
  0.65716849418853407  0.66694192384635209  0.67625616250752330  0.68534205086944555
  0.69422663768085213  0.70270172565673938  0.71082451497791144  0.71888442963472921
  0.72756539155506450  0.73709700077896101  0.74743264790395170  0.75820403112568391
  0.76981144698859283  0.78163169504394003  0.79412335262885636  0.80630053430809567
  0.81889062883573727  0.83194915296965577  0.84512434854718688  0.85749903643103276
  0.86860954021363368  0.88011362352099565  0.89168802454943652  0.90200929740898961
  0.91259481992829661  0.92381358081997622  0.93560934725454792  0.94670591391108194
  0.95809199537993195  0.97226837742018557  0.98645713398455026  1.00000000000000000
  0.10948142023985365  0.24601929411390880  0.30636169384450374  0.33884795634772186
  0.36484327160771474  0.38707487491408488  0.40443879620874873  0.42000869190900542
  0.43534026251729763  0.44774825109656202  0.45927955310422919  0.47076144933715369
  0.48117799984521015  0.49069723308756147  0.49935635046043741  0.50817254257899669
  0.51753162031023470  0.52584004716767507  0.53280171820851285  0.53917633554517452
  0.54541683837815069  0.55182008003418781  0.55838368645148162  0.56415776502157911
  0.56952330480620805  0.57455982248834070  0.57969684363783813  0.58498307977888808
  0.59056839434466124  0.59605348273259640  0.60098470735972176  0.60546119675590959
  0.60976705809031073  0.61380355402263387  0.61782770139916232  0.62194168564063468
  0.62631244894056626  0.63066915558705094  0.63491208803518295  0.63918670442570058
  0.64343973031703094  0.64757831835964108  0.65167919240778305  0.65565552215448908
  0.65968779361724683  0.66355189973208828  0.66708558156283637  0.67024679266892251
  0.67339481672105306  0.67668162270781818  0.67997825794738442  0.68332945543333090
  0.68690546463801749  0.69050742926626607  0.69403131307020005  0.69765967031546783
  0.70084795025731406  0.70413248905482473  0.70732861649309953  0.71055007651181046
  0.71375397727353451  0.71703541656796121  0.72026127685716612  0.72332935106485330
  0.72617179505274798  0.72884372605519343  0.73158220534596030  0.73455841653704390
  0.73787726172947155  0.74127732336829855  0.74467394010760346  0.74810314695372548
  0.75149279424331650  0.75469959642820938  0.75793546867357253  0.76115246767422418
  0.76440419152434402  0.76763756211716638  0.77078394364315883  0.77506650894093254
  0.77950910830910103  0.78430086570138358  0.78920331544984657  0.79443390273418502
  0.79986837275628597  0.80543388834561269  0.81138286323830511  0.81848314906874675
  0.82625810154183188  0.83438188941913582  0.84313400631234092  0.85282247326657667
  0.86423383054666214  0.87939805728565690  0.90332794471311817  1.00000000000000000
 -0.02213617071955222  0.13427686261950830  0.18220147961991964  0.20825196058358006
  0.22858932724152467  0.24593455649206994  0.25893563475669790  0.26949096950901802
  0.27929185860403327  0.28840435016260391  0.29722170945053050  0.30578434772804769
  0.31376861377927751  0.32142744883759922  0.32908227794378014  0.33677385469550936
  0.34441851329456880  0.35149167984981422  0.35769066424082446  0.36378750577915331
  0.37011858789713442  0.37676529494474925  0.38309209827996776  0.38880036871364171
  0.39416480074249222  0.39938723958233519  0.40459228338184022  0.40988250372760093
  0.41541291669894742  0.42094752078320019  0.42638031276446231  0.43156012157528539
  0.43622527590715648  0.44064541157850723  0.44508469626875058  0.44969563192335882
  0.45455570638250892  0.45925762887043886  0.46348692414077802  0.46750621402446851
  0.47154833603510138  0.47537258813022532  0.47891030402618834  0.48269454084850200
  0.48639340344337667  0.49058633097339321  0.49492181551654069  0.49894792251944409
  0.50294846646332714  0.50685613025744203  0.51060723210601544  0.51434226310144249
  0.51832370258525207  0.52225543362651350  0.52673237140875062  0.53142798762747545
  0.53634237234235471  0.54147576404543363  0.54680328471522954  0.55217894394494516
  0.55753109031380210  0.56274027440676522  0.56753080546409485  0.57207018375104002
  0.57651401037346839  0.58095371258846240  0.58559830628791565  0.59053539268865041
  0.59613546501753678  0.60166755400015781  0.60747360879556145  0.61276541030055598
  0.61789634892076173  0.62291670902282326  0.62807634548257563  0.63364555110107534
  0.63948618847694350  0.64552139946333276  0.65208763459868679  0.65910913549139483
  0.66645616733723789  0.67401964330944086  0.68150252732763172  0.68934243702828724
  0.69743716392785060  0.70610726308638472  0.71494901767579855  0.72529976135735186
  0.73696079102669854  0.74945237950198340  0.76278878435463249  0.77766670316855246
  0.79628136144037021  0.82093725995689160  0.86426748199794989  1.00000000000000000
   2.5363683831139644E-012  -1.0000000000000000     
 T T T T T T T T T T T T T T T T T T T T T T T T T T T T T T T T T T T T T T T T T T T T T T T T T T T T T T T T T T T T T T T T F F F F F F F F F F F F F F F F F F F F F F F F F F F F F F F F F F F F F F F F F F F F F F F F F F F F F F F F F F F F F F F F
  <DiscreteSampler_grid>
  grouped_processes
  1 # 1 for a reference and 2 for a running grid.
  10 # Attribute 'min_bin_probing_points' of the grid.
  1 # Attribute 'grid_mode' of the grid. 1=='default',2=='initialization'
  0.0000000000000000 # Attribute 'small_contrib_threshold' of the grid.
  0.5000000000000000 # Attribute 'damping_power' of the grid.
 # binID   n_entries weight   weight_sqr   abs_weight
    10   10   5.125535148758492E-001   1.708196679418136E+000   5.125535148758492E-001
    16   10   5.125535148758490E-001   1.708196679418134E+000   5.125535148758490E-001
    22   10   5.125535148758491E-001   1.708196679418136E+000   5.125535148758491E-001
    28   10   5.125535148758490E-001   1.708196679418135E+000   5.125535148758490E-001
  </DiscreteSampler_grid>
