  0.01436998935511464  0.01498255905800898  0.01544014013898057  0.01581456725699744
  0.01614182830425281  0.01645637583715887  0.01676790434902391  0.01707152197494247
  0.01736109874550704  0.01762985298036938  0.01789078541984885  0.01815725296606318
  0.01842733013173941  0.01869776225048678  0.01895855795134242  0.01921036020412456
  0.01946499320534909  0.01972242074906122  0.01997616711829410  0.02022807450282206
  0.02047795864902036  0.02073236676565736  0.02099480138076975  0.02126248917718965
  0.02152469475845958  0.02178078251264714  0.02203774525978040  0.02230423940416763
  0.02258194192032602  0.02286397905431412  0.02315424511627191  0.02344970994083231
  0.02374154662733536  0.02403474222844917  0.02432800139882233  0.02462350002337277
  0.02492118336637295  0.02522252875810640  0.02552781527297532  0.02583107409233556
  0.02613396243360789  0.02644716685352026  0.02677474905912364  0.02711504454522245
  0.02746056670182056  0.02781225073384819  0.02817741726953195  0.02854538767813184
  0.02891039140643990  0.02928656047519168  0.02967693048369219  0.03007393459026940
  0.03047134792807960  0.03086819059292221  0.03127432108015818  0.03168937183355734
  0.03211146389220265  0.03254356199605819  0.03299985451687997  0.03348715076621566
  0.03398922130489922  0.03449822174331945  0.03502774057195836  0.03558790977118732
  0.03618997865392200  0.03683203619036077  0.03748763729265055  0.03814939067955460
  0.03884521422082612  0.03958285983637559  0.04036063033345422  0.04116913605763119
  0.04201690358080724  0.04293164312132931  0.04390417422283834  0.04492554447315521
  0.04599574566895324  0.04711611466915753  0.04830334206394804  0.04954298063114543
  0.05086193724644823  0.05227841972632796  0.05390402221349141  0.05578896365335268
  0.05788098783342188  0.06014949880016790  0.06263287078340808  0.06527986651759385
  0.06815769647267597  0.07142079971840007  0.07529345836713625  0.07964338631884020
  0.08514064895474507  0.09393381390766332  0.11197273870335545  1.00000000000000000
  0.00021100640123286  0.00034886740689439  0.00042400954123359  0.00047686334413740
  0.00052394562218473  0.00056771492669298  0.00061087862503524  0.00065420374214593
  0.00069758472758911  0.00073886725681325  0.00077658174047719  0.00081289634023137
  0.00084975086413336  0.00088842964514603  0.00092853606751058  0.00096958898102072
  0.00101114052422183  0.00105362162230811  0.00109708460518862  0.00114034545316806
  0.00118358142080742  0.00122646897423541  0.00126936991497069  0.00131317900090690
  0.00135691377666523  0.00139927080679586  0.00144173290042603  0.00148678601587007
  0.00153519209373063  0.00158546269645867  0.00163598100460406  0.00168857859279662
  0.00174226029440901  0.00179749305487305  0.00185299524997611  0.00190999291924447
  0.00196895293865563  0.00203159739262982  0.00209658055283199  0.00216496848633158
  0.00223619762091779  0.00231048379232122  0.00238611407716351  0.00246655130229373
  0.00254936768840955  0.00263431494594359  0.00272179995770084  0.00281558974163060
  0.00291557740316890  0.00301627629742594  0.00311612991372374  0.00321886055218234
  0.00333017351846807  0.00345286041051364  0.00358574483338951  0.00373131051162683
  0.00388764394444790  0.00404837623131634  0.00421688029212049  0.00439011654213692
  0.00457401104673536  0.00476534733754456  0.00496987476889465  0.00518540788265331
  0.00541424922108101  0.00565413133271797  0.00591954767799524  0.00621202454213199
  0.00653018923871416  0.00686648664350836  0.00722682044112250  0.00760428864430706
  0.00801610905297434  0.00848241292891324  0.00899412910341540  0.00954567735218651
  0.01014219643094986  0.01080798813956322  0.01154197445363745  0.01240168251260042
  0.01335491106810510  0.01441308709269013  0.01560200094996624  0.01691985073571792
  0.01837397036062824  0.02003031962447999  0.02190316089984874  0.02435098467634304
  0.02734104091115643  0.03102325662568804  0.03560674092982723  0.04224344514222265
  0.05739038487064248  0.30714648676094070  0.63565738837934971  1.00000000000000000
  0.00268810613483279  0.00441450616078481  0.00557860917229829  0.00649104066144082
  0.00712818172721994  0.00768614667631294  0.00822471244284846  0.00872274562169123
  0.00918299300987426  0.00963530868445167  0.01008366044107373  0.01052475008216437
  0.01094796363370116  0.01135030274008873  0.01173509750150654  0.01211260904642389
  0.01248642285327088  0.01285119739405567  0.01320533527582659  0.01355384492796318
  0.01389659137673768  0.01422980767036293  0.01456648269043043  0.01491893251005737
  0.01526646369030545  0.01560219234244740  0.01593058042029756  0.01627164112572246
  0.01661663384585286  0.01697283341709860  0.01732170689856575  0.01766692755806303
  0.01801353575135053  0.01836746624102935  0.01872605645852129  0.01908581474190274
  0.01943921277287755  0.01979592538114519  0.02017725589118934  0.02058206764118048
  0.02099510295110246  0.02140483490429200  0.02181230499774531  0.02222250511645710
  0.02264331154471523  0.02307762002446781  0.02352484069746117  0.02398274156406317
  0.02445398738950359  0.02495681218937038  0.02549230827854100  0.02605028401400989
  0.02662804282219795  0.02721306314052334  0.02780181020603019  0.02839717747745141
  0.02900509867632905  0.02964428185288637  0.03031841698109371  0.03102784096571402
  0.03176422502669699  0.03250650666397122  0.03323450945746060  0.03395284964340368
  0.03469175816359676  0.03547307623605964  0.03630703746247351  0.03718518018219980
  0.03809210152613207  0.03903447372677241  0.04002410838674002  0.04107904712816988
  0.04223171665952923  0.04346361113040506  0.04474309841880858  0.04603191611843604
  0.04730617537358550  0.04866039493524334  0.05019880802308040  0.05196836749556454
  0.05391195982954616  0.05587179212501253  0.05785368687842468  0.05996026275479072
  0.06228445834107352  0.06484968410642433  0.06779008521254828  0.07127679209384796
  0.07599129283712554  0.08148655801532718  0.08733061263209571  0.09360550429274025
  0.10112084707983807  0.11322203655624177  0.56767750131770445  1.00000000000000000
 -0.01438356611056860  0.07057046720376751  0.11457418384405146  0.14414800189107652
  0.16549169816043105  0.18355667917879651  0.19945473942164529  0.21313867855547253
  0.22511713806318220  0.23592534194499731  0.24607976502482670  0.25586228006383388
  0.26551404084254454  0.27464095462995808  0.28310940999575646  0.29123058672631991
  0.29911671904543169  0.30652741639498082  0.31364917505620910  0.32060177874681006
  0.32739727567223237  0.33395746136493776  0.34032404960987411  0.34656284394899278
  0.35266539518363582  0.35850211461244130  0.36402704924156259  0.36946452181443451
  0.37481359033871575  0.38005946252938594  0.38514855574650569  0.39013246248650502
  0.39506362190588978  0.39987475301425962  0.40464091408487163  0.40948472484299758
  0.41438967844506058  0.41914030742425590  0.42386350712521709  0.42845936290632364
  0.43312593557065276  0.43766187473627238  0.44232260169538185  0.44682852213786800
  0.45135624800600838  0.45574617344223928  0.46043510532292270  0.46527605923407228
  0.47012213514930373  0.47492527715193489  0.47963017925804946  0.48428609854775923
  0.48897946402589376  0.49371740538906439  0.49852717870511554  0.50336072332716153
  0.50816955594574886  0.51303980996037857  0.51806626169572689  0.52323395984960452
  0.52841788524500866  0.53363098080278615  0.53882567460421960  0.54392626853955428
  0.54923205414064125  0.55459145257705156  0.56023247528496500  0.56603973563468168
  0.57194883483552794  0.57778714245797391  0.58364103234013465  0.58964491562008159
  0.59588019304589612  0.60235229740838847  0.60913051441746680  0.61618749991371957
  0.62353271453257897  0.63110931281062188  0.63907360227532273  0.64741724389544275
  0.65643103483146770  0.66561311861782957  0.67478479634157285  0.68431917225241368
  0.69461246435854163  0.70574117196986774  0.71800136952974636  0.73192074323182177
  0.74742820272945298  0.76381156674404149  0.78189639657760168  0.80358646824037361
  0.82977379708422816  0.86201603966086815  0.90819069419864229  1.00000000000000000
 -0.00220156059599697  0.00902333046226332  0.02023369448522323  0.03087169475348210
  0.04103955833235165  0.05093684901944001  0.06109948142127059  0.07191113383682192
  0.08288278108398352  0.09412042665827587  0.10489270897744325  0.11529022719317694
  0.12555992942893657  0.13625348708480467  0.14716564767086973  0.15798634705903580
  0.16863294817377053  0.17892918661960142  0.18901205899566020  0.19913777046269393
  0.20925899278925442  0.21971670919849984  0.22999270895055271  0.24006649065421112
  0.24993345410894863  0.25968463996719288  0.26981647085433419  0.28034764506615795
  0.29129546700622427  0.30228568862985361  0.31295823749702278  0.32338939118015148
  0.33373293458396158  0.34405897145693004  0.35413046260487396  0.36400040488616442
  0.37376642138452587  0.38398552831046462  0.39463037037474324  0.40544604012541979
  0.41659583665139804  0.42801492395249424  0.43913922326693117  0.44955781105371462
  0.45945965723850524  0.46961484394676650  0.48001101664540813  0.49079751640086089
  0.50175405099800041  0.51262229181435826  0.52335120205098484  0.53397177695090314
  0.54506264236110435  0.55631271497024337  0.56772843491739222  0.57871905546762115
  0.58974662608185502  0.60072855413978055  0.61134615314514729  0.62155749743817668
  0.63193729260986653  0.64263703097786129  0.65318869405981572  0.66368876117155895
  0.67432924823917395  0.68539672014733133  0.69636684881923672  0.70713491559519626
  0.71745228266020600  0.72790267774483830  0.73851310619436128  0.74839256050372382
  0.75803786565714582  0.76782910188139764  0.77769351867817560  0.78785300462950936
  0.79837850807873456  0.80910023113173646  0.81929696058587276  0.82928404437695213
  0.83963865102036062  0.85031870750494332  0.86079430763212184  0.87135300120061121
  0.88204823098975171  0.89324313474399841  0.90441109783862561  0.91534852408425482
  0.92587449871601779  0.93677841751632251  0.94748000741572203  0.95795029871259429
  0.96768391190066239  0.97813007175443467  0.98871135573603153  1.00000000000000000
 -0.00249254833160652  0.00921029158742358  0.01929210304653260  0.02966778182593237
  0.04021055910181803  0.05086661831002899  0.06217770928322307  0.07386017838472211
  0.08460062502905265  0.09450568172317896  0.10431165608282576  0.11432670109243492
  0.12422469595304907  0.13376916788813911  0.14320959316390749  0.15320693646282380
  0.16325903432352734  0.17358170349332788  0.18395459464273553  0.19449122581153580
  0.20522029659486732  0.21549048376050614  0.22547249136904432  0.23539768211806142
  0.24559540235628008  0.25592826665512697  0.26627219630347831  0.27688043335200974
  0.28742533995663128  0.29762827830622413  0.30796302941819959  0.31899436673561482
  0.33020398278559465  0.34071032940240520  0.35048376124003250  0.36023591899736762
  0.37011602532321924  0.38020843097307527  0.39056426102812142  0.40128550361692578
  0.41201171095722061  0.42262933174325523  0.43306410658249356  0.44326393115687412
  0.45338086802043875  0.46343294721958506  0.47346058823108850  0.48344328023289029
  0.49363947326127161  0.50408725038219537  0.51445895443815914  0.52482345843041478
  0.53516183260887429  0.54552032180344401  0.55578524718784350  0.56609484126228782
  0.57683556690974636  0.58789284678167708  0.59896309261953251  0.60976639152750878
  0.62059966983111348  0.63153266747105852  0.64275691705178062  0.65398741660463922
  0.66513176116606776  0.67595818467483881  0.68665418833933034  0.69773180786674016
  0.70918174930076538  0.72039065576042471  0.73132959235650641  0.74198463047675589
  0.75293632002819233  0.76419160899668048  0.77535586840415616  0.78604236581046538
  0.79644863454244097  0.80672058242365763  0.81714175355322516  0.82751191337087182
  0.83790699002865532  0.84836555734036068  0.85892617016949413  0.86937872475879407
  0.88000916053539380  0.89034458178738651  0.90149843756753079  0.91334600649466746
  0.92545078736749442  0.93771438328313617  0.94795308002651635  0.95854598727145179
  0.96881219014020781  0.97904857837642034  0.98904121662445554  1.00000000000000000
  0.05913267413885680  0.06298148606024236  0.06678198021746515  0.06991686108131712
  0.07251549827959219  0.07488926485052022  0.07707294292170562  0.07912469912405416
  0.08108296256720403  0.08290825583630182  0.08462387350739424  0.08629216860560923
  0.08794394827308223  0.08956375179763178  0.09113521954978226  0.09265567737404028
  0.09415436279204510  0.09562961601636823  0.09710666528746086  0.09856855880669864
  0.10002040184697751  0.10141946165229336  0.10278194385696134  0.10413450474004134
  0.10549883650435957  0.10688265634899977  0.10829438807519337  0.10973158898955009
  0.11117163555071555  0.11259555706073786  0.11403349794765051  0.11547731749763050
  0.11691562182659011  0.11835114250548653  0.11976204694793648  0.12116390304396005
  0.12254616805355795  0.12391631415237149  0.12530389266594052  0.12672606217241811
  0.12818194726862914  0.12958611397519199  0.13092141702535434  0.13229455996131662
  0.13370116290609482  0.13516403138638033  0.13663515578573868  0.13812550204708560
  0.13963124390689566  0.14119412903300388  0.14285935772477529  0.14462289399433964
  0.14641747880569342  0.14815387420594772  0.14978187241467134  0.15139722182874804
  0.15318842512683892  0.15508201298509594  0.15696590017678030  0.15888471021235731
  0.16085765444054753  0.16292603920543069  0.16505680434535408  0.16722673392220311
  0.16951003059359285  0.17186411108893815  0.17438164734783382  0.17680974522774665
  0.17926530064282878  0.18172928545072559  0.18421620902541774  0.18678172185911204
  0.18949967382699431  0.19241422863444510  0.19540216665586546  0.19860932103280909
  0.20183053088419456  0.20531336053384908  0.20913023948685269  0.21315918031896972
  0.21737047923769032  0.22162572924752033  0.22595396190834049  0.23025591132954393
  0.23439941401736850  0.23837307238204467  0.24237455932224211  0.24681677400448837
  0.25214601897793648  0.25845841108901701  0.26647998677054002  0.27581796225830901
  0.28804922905980063  0.30996799475684389  0.35093784804478706  1.00000000000000000
 -0.00200814233932369  0.00807766420003037  0.01631473328720136  0.02476433950388366
  0.03335028276431133  0.04192615277155801  0.05089261942035328  0.05948659641941315
  0.06818021290689572  0.07698380928268805  0.08574356411598592  0.09478001774078161
  0.10357070727681343  0.11187071061272902  0.12031521780008664  0.12882563631632571
  0.13770353377568173  0.14658007807776646  0.15517930995184662  0.16426350458512254
  0.17367768006252796  0.18377511534946064  0.19329910374676690  0.20274210880170901
  0.21160117098543643  0.22125465132748345  0.23092448588880288  0.24111133333467280
  0.25146151798693261  0.26194625377983694  0.27304177156701648  0.28399539108501715
  0.29539287421092969  0.30727283900204960  0.31992363359784737  0.33319409447865916
  0.34636831567789539  0.35947759114312527  0.37259794824598302  0.38601717375101158
  0.39946914097523878  0.41247069163292016  0.42471749271465503  0.43703860304943509
  0.44925479773075133  0.46185891298666276  0.47500585249057492  0.48870097539138635
  0.50331855351203436  0.51732482128071766  0.52972824650648764  0.54257602679678008
  0.55481562956136732  0.56657209595953395  0.57822140631092855  0.59018316718522279
  0.60215340100210246  0.61454125747126886  0.62689136729543693  0.63889079533710424
  0.65071538920482219  0.66254744464177673  0.67419446756754875  0.68558740668511886
  0.69704225616040161  0.70836744765613058  0.71942626264603304  0.73047623281840779
  0.74131344090470586  0.75181066838553179  0.76207528344915387  0.77192731340964804
  0.78145913927245925  0.79117681377105931  0.80139531314413959  0.81177142903404309
  0.82171878424525380  0.83150082074988396  0.84116333519681485  0.85066922607769346
  0.85998275467372087  0.86941864641660260  0.87922243322091231  0.88934993797181261
  0.89956280112143816  0.90962212276416121  0.91948789959516775  0.92916165074689661
  0.93860163847788713  0.94778195392446951  0.95650412236710125  0.96521286004560580
  0.97390270210987095  0.98235252304215548  0.99090946552933601  1.00000000000000000
  0.08725149806853852  0.21173550896081211  0.25521084027586011  0.28112553016816777
  0.30060158787389613  0.31655698813636735  0.32961550987355176  0.34293276180070897
  0.35433069499445763  0.36473084183449023  0.37421062581037140  0.38339190950587609
  0.39173853448607771  0.39936151887180238  0.40663916975033548  0.41350435174620925
  0.42016164468383016  0.42674773788161247  0.43342225656912126  0.43998214416352627
  0.44628697005989570  0.45210595979121643  0.45761367179141010  0.46295717694973404
  0.46844883634704632  0.47421784965818037  0.47979014197445102  0.48493480424619290
  0.48982776181593790  0.49467049384317952  0.49959595500311532  0.50458134198328086
  0.50966805418942152  0.51457918552662718  0.51930948179811098  0.52387893612331682
  0.52826775847277407  0.53264654212221674  0.53700051677471616  0.54128333325978351
  0.54542006271026522  0.54946307337846434  0.55356103603451801  0.55769330547429508
  0.56191546987497476  0.56584349747277296  0.56975221027582068  0.57364549552137745
  0.57747362942510194  0.58138470417107968  0.58536282762430480  0.58941649026007936
  0.59350735902150664  0.59756982304082629  0.60161953831624571  0.60562571169998503
  0.60958604948180073  0.61351109457241149  0.61738107643090567  0.62129605745438432
  0.62539539926192489  0.62963920631716508  0.63389242003912050  0.63803387701223957
  0.64201390559258564  0.64604141629906120  0.65029482331457811  0.65469824127543508
  0.65908650727035301  0.66338092205438415  0.66758898326814942  0.67198259604086441
  0.67630680226458761  0.68088815420912197  0.68548555658361066  0.69027682683829594
  0.69504557381563736  0.69999012269849281  0.70518477738612106  0.71058120488713916
  0.71619263572649072  0.72185975185340590  0.72772203425018567  0.73387014369032122
  0.74036116534474994  0.74715410362157908  0.75422077565849699  0.76158423450463142
  0.76942911948262116  0.77819177466354961  0.78792820002775688  0.79885391119782445
  0.81172925080707992  0.82900925382052726  0.85947180367888254  1.00000000000000000
 -0.03821595980649685  0.16992056067519959  0.21294909191807970  0.23818207132836447
  0.25745937895020354  0.27274743949683022  0.28510820381422397  0.29600214862477581
  0.30592063081460119  0.31494341501394202  0.32328767838908734  0.33100526865912350
  0.33834310055597611  0.34532499017385698  0.35210158274744752  0.35839613154938910
  0.36451655500383706  0.37039922125470487  0.37603481175860476  0.38123201047267385
  0.38626624090596218  0.39122517057450723  0.39612903649215203  0.40098950078565149
  0.40575827930273833  0.41041296073595818  0.41499368151128141  0.41959286462710532
  0.42422420502797498  0.42884082872720508  0.43334771023114421  0.43765702614702057
  0.44176530144382109  0.44575356853343645  0.44974022139173642  0.45377472386611062
  0.45781398663320505  0.46186758341983364  0.46584877959951665  0.46983265056537821
  0.47382461570915063  0.47781230214155412  0.48176945733187837  0.48569225427824103
  0.48948834417171061  0.49327019015452006  0.49688380102320179  0.50047134856978170
  0.50404178923563547  0.50775573852196032  0.51169430709639507  0.51585746061850524
  0.51991800453427361  0.52372667808323570  0.52734479020115133  0.53088200920249062
  0.53447491251108226  0.53819682863580742  0.54204192383978100  0.54591856880029754
  0.54980185672879145  0.55369202565432352  0.55753485915290846  0.56140756383512591
  0.56534849456853131  0.56936493809315580  0.57349343783958873  0.57788293856724282
  0.58248330981603935  0.58731728134654149  0.59205992433640264  0.59682832133481289
  0.60141578563619635  0.60642117473390622  0.61132938401644477  0.61625568552494414
  0.62132780508895147  0.62656147798381068  0.63191890040557019  0.63745846309915211
  0.64340574063057987  0.64968913460011557  0.65644138738111846  0.66345110943403629
  0.67082418350658113  0.67874611639351401  0.68719773685441543  0.69596156709206369
  0.70514479918005868  0.71563996300018928  0.72790008783257121  0.74224319514501413
  0.76005933015779714  0.78488732103128944  0.82755122158206595  1.00000000000000000
   2.1777322499858132E-011  -1.0000000000000000     
 T T T T T T T T T T T T T T T T T T T T T T T T T T T T T T T T T T T T T T T T T T T T T T T T T T T T T T T T T T T T T T T T F F F F F F F F F F F F F F F F F F F F F F F F F F F F F F F F F F F F F F F F F F F F F F F F F F F F F F F F F F F F F F F F
  <DiscreteSampler_grid>
  grouped_processes
  1 # 1 for a reference and 2 for a running grid.
  10 # Attribute 'min_bin_probing_points' of the grid.
  1 # Attribute 'grid_mode' of the grid. 1=='default',2=='initialization'
  0.0000000000000000 # Attribute 'small_contrib_threshold' of the grid.
  0.5000000000000000 # Attribute 'damping_power' of the grid.
 # binID   n_entries weight   weight_sqr   abs_weight
    10   10   5.717038083447375E+000   1.300277376703557E+002   5.717038083447375E+000
    16   10   5.717038083447375E+000   1.300277376703557E+002   5.717038083447375E+000
    22   10   5.717038083447372E+000   1.300277376703556E+002   5.717038083447372E+000
    28   10   5.717038083447372E+000   1.300277376703556E+002   5.717038083447372E+000
  </DiscreteSampler_grid>
