  0.00070209128336816  0.00156646711539598  0.00248184751214738  0.00305167800034542
  0.00336515005228852  0.00359653913175803  0.00376410149603325  0.00388318543095301
  0.00399816286710393  0.00414499209571012  0.00429469975408646  0.00443599569259504
  0.00456041470584493  0.00466138661044455  0.00474567913969897  0.00483988533463622
  0.00494442565329160  0.00505942776531503  0.00517804626709304  0.00528513622224547
  0.00537200174547962  0.00546213967676319  0.00555431396936765  0.00564602439149156
  0.00574022114552958  0.00583732528526682  0.00594556027044010  0.00605062069256087
  0.00614702432926324  0.00624282955210115  0.00634144029858275  0.00644096677206358
  0.00654571614622541  0.00665218649989116  0.00676252024120129  0.00687495974433758
  0.00698646800898666  0.00709925126970362  0.00722055695324450  0.00735805786601963
  0.00750464481830124  0.00764169201006676  0.00777647322823872  0.00790825440201023
  0.00804117676374960  0.00814930850019298  0.00826920074833223  0.00839164277507636
  0.00851471800781896  0.00865014511199764  0.00880221888484053  0.00896217925986837
  0.00912492126435163  0.00928498977051772  0.00943823857522593  0.00959450932775619
  0.00975507131266212  0.00991292178114310  0.01007658892882145  0.01025200280462333
  0.01043813215399659  0.01062884639677262  0.01081586947202570  0.01102002742422886
  0.01124237191804422  0.01146886940824947  0.01170182613410238  0.01194335466418669
  0.01219778104333601  0.01246536641461585  0.01274387963262524  0.01303106169581561
  0.01334953590721505  0.01371769059896404  0.01410954633292479  0.01450836975084899
  0.01494309777767429  0.01543046543730233  0.01595722829969882  0.01649592656407300
  0.01707835322440077  0.01771519318830022  0.01841125588080570  0.01917053660538934
  0.02002950691986125  0.02101971729827957  0.02214371379166101  0.02350913214724202
  0.02519897835114063  0.02723216086039826  0.02974696579117867  0.03313049476573558
  0.03821624763976470  0.04912250778862598  0.10551462594200836  1.00000000000000000
  0.00021285978235702  0.00032490716754332  0.00038416904576345  0.00042208391504534
  0.00046449903933487  0.00050853816722785  0.00055080145089776  0.00058817837038185
  0.00062207985363219  0.00065610353534678  0.00069045696313945  0.00072560346616611
  0.00076059514858506  0.00079463526406772  0.00082733423051348  0.00085870601082834
  0.00088982551275509  0.00092164533348102  0.00095263145065787  0.00098344138933106
  0.00101519580719567  0.00104690689628245  0.00107906875868520  0.00111240569568185
  0.00114727224021726  0.00118274011030786  0.00121737293043971  0.00125337200576082
  0.00128884405877896  0.00132345904798770  0.00135809527443439  0.00139549229728049
  0.00143431662346497  0.00147276621448193  0.00151453362712658  0.00155651201749941
  0.00159725338853914  0.00163785102171588  0.00167700735346788  0.00171529760824851
  0.00175499373640435  0.00179530396656772  0.00183655195734580  0.00187843518733552
  0.00192274279877249  0.00196984806023557  0.00202085251463261  0.00207077724474756
  0.00212084690478185  0.00217342126467260  0.00222925393032200  0.00229096656441057
  0.00234943141141981  0.00240850908284413  0.00247108038328864  0.00253714977550198
  0.00260452099902143  0.00267495995049761  0.00274962025203988  0.00283003438486875
  0.00291346069737253  0.00299645421509118  0.00308761035318402  0.00318078066881096
  0.00328573915717571  0.00339427196303070  0.00350472481681416  0.00362077935788541
  0.00375204181398198  0.00389036337021970  0.00403940189183908  0.00419853241391223
  0.00436537392508341  0.00454497657292417  0.00474113069008433  0.00495422637076699
  0.00519248995132325  0.00545309956217588  0.00573492762992282  0.00604028697449207
  0.00637263253421848  0.00675608208122675  0.00719894175671157  0.00771207530715489
  0.00829209981472090  0.00896209701608191  0.00977197877998531  0.01076652146164355
  0.01204367825649257  0.01367425806398017  0.01594354961236393  0.02021833572395886
  0.02842651753712053  0.11406186071172897  0.40285118301641187  1.00000000000000000
  0.00232813493979829  0.00239769971969284  0.00250466091464360  0.00260487471566316
  0.00269571305020291  0.00282969794639252  0.00297696982893667  0.00312691936888995
  0.00327598503957176  0.00342205265476703  0.00355997263554450  0.00370876172680697
  0.00386251317956019  0.00402044418420087  0.00419698570133253  0.00437666645183338
  0.00455356567496135  0.00472560986852637  0.00489551583636590  0.00507003087891318
  0.00525037042700187  0.00543727641695750  0.00564184066477532  0.00584106824332298
  0.00601230963764164  0.00615491959895820  0.00630379746163397  0.00646643644908150
  0.00664174673393399  0.00682344260966646  0.00695865603188169  0.00707706674861829
  0.00721354552058593  0.00735423188838577  0.00749826366058634  0.00764975615396702
  0.00780918844505910  0.00797662460189763  0.00814882659478687  0.00832407263756877
  0.00850403207912418  0.00868556275238861  0.00887130253010685  0.00905739318828051
  0.00924388337194121  0.00943855395825076  0.00964811674459660  0.00986372139533036
  0.01007958408204237  0.01030608569049566  0.01054788056753887  0.01080125378183413
  0.01104782928335197  0.01129693785123460  0.01154684639736342  0.01181250537650779
  0.01210850942875583  0.01241552892680347  0.01272379374399839  0.01302873059815237
  0.01334073271578501  0.01367896451654993  0.01402597566636560  0.01438288128626400
  0.01474148072121882  0.01511339066566912  0.01549642654429834  0.01589031903047755
  0.01632310333414057  0.01678017223006936  0.01722804154461390  0.01769420450099250
  0.01819218037936310  0.01870257311066650  0.01921544504562744  0.01975872988142203
  0.02036072890891603  0.02100956185665909  0.02170940384602662  0.02250884716771671
  0.02343317543756367  0.02442274549407286  0.02546557496783716  0.02662992002283921
  0.02793681771436578  0.02929720303668102  0.03074057065064065  0.03237250177654691
  0.03420474434781175  0.03618926858939841  0.03894849765693680  0.04268839293969474
  0.04733463702587613  0.05538018933234735  0.20782419238335748  1.00000000000000000
 -0.00385134419521936  0.01382602382476774  0.02508928010474291  0.03518055425640584
  0.04429069934431627  0.05307244165501486  0.06235045545275551  0.07248112403752270
  0.08238965132325730  0.09200184866463429  0.10177986138301096  0.11171375637203641
  0.12179180923149269  0.13149035981119767  0.14082347481532725  0.15010633598677955
  0.15965933685321881  0.16988087504620436  0.18141047363401830  0.19323601333531010
  0.20465874233282694  0.21516488178511228  0.22509625148043480  0.23488965908296039
  0.24480190294977788  0.25458602386299523  0.26413220990290420  0.27415276216605639
  0.28448465574394954  0.29470213514229365  0.30513650902863537  0.31608366117033482
  0.32629358372802103  0.33642414931422870  0.34695033247282525  0.35796154430310095
  0.36890101733535141  0.37957181335958851  0.39007196517447790  0.40080613279127403
  0.41155621589636676  0.42214574935799931  0.43266814584285723  0.44308638877821083
  0.45363496850590423  0.46411912010893513  0.47435596663383378  0.48482166468947080
  0.49535095270327389  0.50650861152331994  0.51848098450291358  0.53098533187396646
  0.54289069964975467  0.55360895948036271  0.56386506272539105  0.57374982269929387
  0.58353072308784970  0.59306078366218407  0.60244407325700466  0.61230291380724888
  0.62241509033360554  0.63243705532532835  0.64262454397831137  0.65298884580647354
  0.66338910818072450  0.67366145138265532  0.68398535220062562  0.69474273796883579
  0.70576343361915395  0.71642527212008944  0.72695283193091342  0.73797706414187370
  0.74946797092280359  0.76114521267862756  0.77297898746408822  0.78473201306435059
  0.79579634221748807  0.80685010180959105  0.81775975834221248  0.82897476236841050
  0.83935189373680885  0.84930607267513536  0.85970078634096059  0.87043199468681509
  0.88078805966271267  0.89014249544093071  0.89988831121447554  0.91115420315856255
  0.92270016919666575  0.93419429376174490  0.94551261267794207  0.95555285452409944
  0.96636756884514885  0.97790939162759005  0.98953399698598210  1.00000000000000000
  0.01707216131601314  0.02265617137418466  0.02467989410010594  0.02596348010992583
  0.02704091387407095  0.02797271443756037  0.02878186623730288  0.02955000968112693
  0.03025274325476975  0.03095435336484764  0.03166640070899963  0.03237625914258761
  0.03306374220557005  0.03373142308439254  0.03438353899981261  0.03501717373475490
  0.03564634697606285  0.03627381363202348  0.03689134118847501  0.03750079552135861
  0.03812030903050717  0.03874173955768628  0.03936217577493321  0.04003954559936361
  0.04071725192380344  0.04138371435991625  0.04204274012486474  0.04271395124971569
  0.04340091251133007  0.04408736141591069  0.04475708551963758  0.04541232393446543
  0.04606111910025763  0.04672159722345001  0.04740240215817785  0.04808410142065828
  0.04876471158065973  0.04944926907912093  0.05017769733475581  0.05094525182308869
  0.05171946212802701  0.05249226935399780  0.05327550621715538  0.05408425218784301
  0.05492488334439494  0.05577167448377725  0.05660986411966736  0.05744421936151925
  0.05829165405333496  0.05916217425800482  0.06005226759566846  0.06095843427412217
  0.06188252445629520  0.06281235390819404  0.06380604543229289  0.06483501047678018
  0.06592957097821674  0.06709973163688726  0.06828672447337336  0.06945725112713085
  0.07060777031244772  0.07177299059904460  0.07300482458599387  0.07425743207564799
  0.07552736993387195  0.07681090033582559  0.07812833490800813  0.07951249104167792
  0.08091593540260855  0.08224154481640941  0.08362716858336686  0.08508024013682980
  0.08663488968923604  0.08832209044338425  0.09015510302287622  0.09210995531470988
  0.09400370047686364  0.09589689784889241  0.09777396735554414  0.09979675017295941
  0.10207920244347381  0.10488481626903040  0.10816557529901089  0.11153976709931809
  0.11487101903394122  0.11811424226981986  0.12147404457209088  0.12497448012842956
  0.12907234477881349  0.13417583972000788  0.14082188294581552  0.14869729392035047
  0.15801795328915358  0.17181747431939703  0.21322121868196969  1.00000000000000000
 -0.00330685797603250  0.01125591481315944  0.02428331966339347  0.03647721625247714
  0.04822640507039362  0.06011222542388518  0.07229969162247789  0.08467655904599283
  0.09651767047533454  0.10774519741106700  0.11871986335847980  0.12975487878037018
  0.14113161202352764  0.15245681710432346  0.16320559990286060  0.17361292940996359
  0.18414001042032616  0.19494863359589260  0.20599692555655649  0.21721283546868719
  0.22842707933338163  0.23993557349278974  0.25136791165981964  0.26261684867436924
  0.27383605419374935  0.28505108355616560  0.29590200545727124  0.30677815461122748
  0.31740423409897750  0.32808518585699897  0.33813645462911202  0.34761507646970924
  0.35685081686689113  0.36620850589918424  0.37646184435883817  0.38666603209287703
  0.39629662481894340  0.40597164652822676  0.41566067670649759  0.42526004413578256
  0.43495846046241537  0.44478595520169761  0.45495372926452693  0.46547942957925675
  0.47591214237475371  0.48589296349117145  0.49531637402311252  0.50405969161885855
  0.51233067358920847  0.52069463640150437  0.52948679702451340  0.53834828360828701
  0.54768968033170395  0.55692667179826905  0.56689552281327149  0.57754895767828474
  0.58851980100497214  0.59950227345712592  0.60955200438264312  0.61908787654494879
  0.62898052741604205  0.63926359392003840  0.64981517118130627  0.65970853675025287
  0.67018366645331118  0.68130025144108575  0.69242239905166558  0.70279236246616228
  0.71269355622985064  0.72260338524406775  0.73280289821831779  0.74323708052825710
  0.75383095902472130  0.76448130854511154  0.77478652304229978  0.78468765864434986
  0.79465879611501722  0.80465188427772649  0.81455034630901857  0.82449500501474282
  0.83483417580880237  0.84586022903643265  0.85705025774383814  0.86829198817016529
  0.87885055227862108  0.88949553386587710  0.89979615984994110  0.91051197267642381
  0.92103518417568264  0.93232151722178846  0.94348766029912401  0.95454412015568324
  0.96503548242689297  0.97553118219645152  0.98704600645297513  1.00000000000000000
  0.01400349412063715  0.01694959548873571  0.01836722888097321  0.01938699246446624
  0.02027966748375964  0.02120704289095942  0.02223522933441197  0.02321495256115537
  0.02415557717986326  0.02508147168073443  0.02600244480684352  0.02689765431666946
  0.02776096724466154  0.02859830523955818  0.02943072787943142  0.03026973394175724
  0.03112778412089705  0.03199099456309740  0.03283524330759170  0.03365307050165488
  0.03445181744614327  0.03524943604273685  0.03606316474482762  0.03689852114626369
  0.03771410401738774  0.03853800513859370  0.03941200136042981  0.04025822690959864
  0.04113314389741005  0.04198487223169693  0.04279454743625152  0.04358245876987058
  0.04439084447212617  0.04524725846566396  0.04618199951589688  0.04709893494075475
  0.04796544457257277  0.04880764705728283  0.04967756518254589  0.05053122287190401
  0.05142828906388253  0.05233366961012492  0.05325667505599738  0.05415589572357533
  0.05501563353695437  0.05585629066517780  0.05671698537993929  0.05760408388080384
  0.05852001814265258  0.05945210790015402  0.06036762631883748  0.06123159039831385
  0.06208497673091163  0.06302011083689435  0.06407402016466859  0.06517894727505490
  0.06617200214235559  0.06703599885771372  0.06781949353436925  0.06862692225144440
  0.06946457950572622  0.07031470453547672  0.07148688483174692  0.07248264141027594
  0.07344622976061638  0.07442483381249754  0.07555197678312263  0.07726226886392511
  0.07905678425793765  0.08056491043738311  0.08176009195529067  0.08288418915790467
  0.08415188772982954  0.08545591660754354  0.08772314551079012  0.09024319776805705
  0.09265034123628502  0.09465912536109106  0.09613213007048138  0.09732411639388487
  0.09860381181669681  0.09955082013366090  0.10060091273574080  0.10184623690446672
  0.10300775971031095  0.10452125423268491  0.10588383098199711  0.10730423823375657
  0.10888945726859756  0.11048129560032266  0.11208390901173712  0.11376326152290353
  0.11552355673808733  0.11819790974536191  0.62054737082753553  1.00000000000000000
 -0.00199279713515406  0.00765815387886039  0.01640663814883202  0.02539558421161770
  0.03446550784636526  0.04348813823054780  0.05257260709506557  0.06190333030338662
  0.07082737949810931  0.07929979948288150  0.08757988808958535  0.09603674953724597
  0.10474799346319071  0.11349122134182550  0.12203721757642007  0.13090061150484192
  0.14013354591503177  0.14937944940854611  0.15859222146256172  0.16757498222068617
  0.17640280576981801  0.18505155387159239  0.19366881666217284  0.20214872447535676
  0.21096969367385576  0.22015639959840880  0.22952437679778112  0.23899791483488247
  0.24866842783300305  0.25926354146298464  0.27008864885971895  0.28069942512282076
  0.29065333233105567  0.30012158531648286  0.30976863742839500  0.31987821583845760
  0.33083754985160796  0.34214190031315972  0.35388619041338232  0.36730224528062133
  0.38209837162477894  0.39735017448414162  0.41259782816496021  0.42763182940911765
  0.44274951060907308  0.45760729438482889  0.47134774385983058  0.48506257359541372
  0.49817675344385920  0.51048535230237269  0.52324039354727581  0.53714972529182747
  0.55025261355054156  0.56426525401398853  0.58056734793126363  0.59764433113759574
  0.61261216694328757  0.62577396940196095  0.63859159182900405  0.64988008041665379
  0.66024165393833212  0.67119449507300966  0.68325861361235496  0.69548300272374264
  0.70671022938320771  0.71719716797291877  0.72760560606446312  0.73874327733443756
  0.75062850606041120  0.76251876636636629  0.77396857544506248  0.78452789976754878
  0.79474025952130145  0.80470380580154088  0.81416808900008697  0.82334381527089784
  0.83249888399219951  0.84184751783583545  0.85142367714439204  0.86124153920837321
  0.87117417611255710  0.88101385264004173  0.89043336396562722  0.89920332353808086
  0.90742431752272945  0.91542192964142632  0.92314796879174377  0.93081078102841230
  0.93876664468828230  0.94703198407832112  0.95526743234050182  0.96343532796128351
  0.97232309091573799  0.98138059574155567  0.99073147591280719  1.00000000000000000
  0.10944855827331451  0.25765400744032541  0.30704576452660010  0.33304951715684800
  0.35180321022800987  0.36827948739574401  0.38366110937459225  0.39721272717511291
  0.40821234039831766  0.41794469872968154  0.42708925176253554  0.43604279309363231
  0.44481963729292395  0.45250773749680917  0.45915543618234506  0.46501754496229120
  0.47083036303297854  0.47676938014853415  0.48220077898819408  0.48767981853347048
  0.49273460046562778  0.49823373139854826  0.50380476532449581  0.50891554313319243
  0.51381960736698018  0.51829567237786767  0.52251409242032776  0.52678874612841331
  0.53104895950349706  0.53526097891192803  0.53958234039256359  0.54408754603754372
  0.54852283816747083  0.55273245312301733  0.55687221248475460  0.56102767449066115
  0.56516540316506969  0.56912026381914049  0.57286018704098907  0.57652222343762849
  0.58015987226723731  0.58381082466029888  0.58754634617668555  0.59137384931037273
  0.59512945514340376  0.59889483658523646  0.60265523217272343  0.60623847185360835
  0.60958226278809824  0.61302105449435340  0.61661700826802224  0.62026716800679926
  0.62390007490910815  0.62732700018269860  0.63070828901998321  0.63414330215945447
  0.63762841658714819  0.64097336072696032  0.64422079742892757  0.64747035065440550
  0.65082598267872382  0.65434222209408910  0.65780623116317261  0.66129128520874259
  0.66472406611504109  0.66833452141233329  0.67206782377911400  0.67579198019326348
  0.67923772957894279  0.68256250284516296  0.68581850120152166  0.68910708467492499
  0.69272744000232822  0.69665516998115995  0.70072568915956668  0.70483681882664762
  0.70899409664332080  0.71322388498268319  0.71747719124230469  0.72192140410288708
  0.72671186961438405  0.73208592453841592  0.73790911559051275  0.74367068091800992
  0.74984484849816735  0.75621861350840958  0.76297211661145026  0.77016714143610310
  0.77811133224254980  0.78690554169342186  0.79692312807444365  0.80820095447472795
  0.82108685150472160  0.83733464045891948  0.86760723903849402  1.00000000000000000
 -0.03839643243536110  0.17108125294545420  0.21500556632065704  0.24077177493771790
  0.25867682067711617  0.27352929601230586  0.28731470748248833  0.29914637851780140
  0.30913488929465455  0.31811114840834276  0.32610263908696241  0.33336030640975600
  0.34003652934149015  0.34635596195002577  0.35261620146298350  0.35872677279908532
  0.36458503893443756  0.37021412440303553  0.37565728124817266  0.38102693704928120
  0.38627474853389432  0.39137825297926399  0.39640486070940567  0.40129480286421021
  0.40620082937237822  0.41108664229954839  0.41573211806792204  0.42027289788149974
  0.42479941006177835  0.42927829553757441  0.43375355024064777  0.43811583794173459
  0.44223680057205489  0.44601292024445105  0.44978873001540809  0.45365989894890940
  0.45778113645130319  0.46202852762954044  0.46627558810489134  0.47046000344229488
  0.47455089096000241  0.47845595365322346  0.48188498119926332  0.48531786141649896
  0.48880149345900453  0.49229111767376665  0.49588187163561415  0.49960222960355766
  0.50346559580859296  0.50744689566295620  0.51140955362284146  0.51514145496206420
  0.51869951906330380  0.52229707832475669  0.52581572741030635  0.52940954440337895
  0.53306732282584102  0.53667018475306716  0.54041098292381462  0.54418332782784429
  0.54802454071823081  0.55174945889719573  0.55533628247137867  0.55898761485250514
  0.56278170034478769  0.56694242442811427  0.57173404213305368  0.57635542653423377
  0.58113956347933382  0.58575760631967400  0.59040953868078150  0.59516670998902776
  0.60021329177831717  0.60539650759793873  0.61057763147162825  0.61555445873758852
  0.62068713133660103  0.62600284116066762  0.63141199207874610  0.63708753456545675
  0.64293314453545602  0.64926914943715386  0.65605206214746004  0.66325840223918120
  0.67100410682635014  0.67933166927413180  0.68822116142432721  0.69741224439638172
  0.70721832112567695  0.71810225590036958  0.73163259097345923  0.74702349758080500
  0.76405313736056180  0.78728703422686674  0.83151314346206295  1.00000000000000000
   1.3315632552140583E-010  -1.0000000000000000     
 T T T T T T T T T T T T T T T T T T T T T T T T T T T T T T T T T T T T T T T T T T T T T T T T T T T T T T T T T T T T T T T T F F F F F F F F F F F F F F F F F F F F F F F F F F F F F F F F F F F F F F F F F F F F F F F F F F F F F F F F F F F F F F F F
  <DiscreteSampler_grid>
  grouped_processes
  1 # 1 for a reference and 2 for a running grid.
  10 # Attribute 'min_bin_probing_points' of the grid.
  1 # Attribute 'grid_mode' of the grid. 1=='default',2=='initialization'
  0.0000000000000000 # Attribute 'small_contrib_threshold' of the grid.
  0.5000000000000000 # Attribute 'damping_power' of the grid.
 # binID   n_entries weight   weight_sqr   abs_weight
    10   10   8.309132953081095E+002   4.000216874752142E+006   8.309132953081095E+002
    16   10   8.309132953081095E+002   4.000216874752142E+006   8.309132953081095E+002
    22   10   8.309132953081096E+002   4.000216874752145E+006   8.309132953081096E+002
    28   10   8.309132953081095E+002   4.000216874752142E+006   8.309132953081095E+002
  </DiscreteSampler_grid>
