  0.00000200087200965  0.00000735133088766  0.00001342964452537  0.00001926592918747
  0.00002485179491888  0.00003025044737579  0.00003556147230436  0.00004092428768699
  0.00004626392636474  0.00005161157045507  0.00005706337486642  0.00006261781295471
  0.00006827585285264  0.00007404868983070  0.00007994182059993  0.00008594809945370
  0.00009205777229584  0.00009834577868924  0.00010475238388279  0.00011127235184332
  0.00011792219394492  0.00012469124756310  0.00013156479209637  0.00013857183133403
  0.00014574161166773  0.00015307915073562  0.00016046528972306  0.00016789696102286
  0.00017541674511793  0.00018320919892741  0.00019120398671299  0.00019957436014138
  0.00020838361640154  0.00021737516479072  0.00022673131999824  0.00023638562507965
  0.00024624965864673  0.00025652333142078  0.00026686740137519  0.00027797451428917
  0.00028924394718005  0.00030123806280111  0.00031371245368160  0.00032675125882951
  0.00034056296500324  0.00035477651755359  0.00036970322129737  0.00038492290983872
  0.00040090123092839  0.00041773084882854  0.00043544021072483  0.00045423690201449
  0.00047397116239696  0.00049503058736590  0.00051737338784993  0.00054075516375029
  0.00056523755163197  0.00059066001696351  0.00061776691220492  0.00064635496758923
  0.00067720787684656  0.00070995886179387  0.00074530529989949  0.00078354461879699
  0.00082463582489428  0.00086920192527983  0.00091545013248742  0.00096549783182494
  0.00101980289765606  0.00107935957349267  0.00114423397643841  0.00121468677363977
  0.00129247547990994  0.00137643430863667  0.00146971197949574  0.00157216344686100
  0.00168559897263117  0.00181158296113175  0.00194985787090392  0.00210551933122778
  0.00228071818144364  0.00247880357024445  0.00271379412484877  0.00298916346701961
  0.00329688957974723  0.00364130938991299  0.00403003695427282  0.00450301391569481
  0.00512316083972865  0.00593138456875153  0.00693041476381764  0.00823293271858844
  0.01031811073734578  0.01373478851816345  0.15955058088681898  1.00000000000000000
 -0.00228023591166047  0.00942191428778723  0.01951870351563574  0.02984973208038104
  0.04021946355833908  0.05081525297740423  0.06135170394435160  0.07168191294991294
  0.08206189434125100  0.09261202843998008  0.10340301535304582  0.11394488186974241
  0.12434658951979588  0.13488071019538184  0.14553919252429215  0.15645224645636718
  0.16718101268665228  0.17803051541312781  0.18875840114688969  0.19954737599226610
  0.21021869567719620  0.22103286361868626  0.23151436973819206  0.24199492103870321
  0.25239068547809024  0.26278626774227859  0.27324752466763619  0.28364528023615981
  0.29433051503576640  0.30507749890166408  0.31586543287471330  0.32632320758985950
  0.33676114815792479  0.34720352119291698  0.35780235474381883  0.36841719385033023
  0.37908599977507335  0.38973806219946816  0.40032010306481819  0.41094338352650694
  0.42171759882205728  0.43256106682200501  0.44317867831830282  0.45385179129492920
  0.46421823479189078  0.47462929003028947  0.48514820949533294  0.49582097918649359
  0.50670190759990730  0.51754004322161451  0.52828538957260784  0.53881920610558276
  0.54920956844787694  0.55949130016055626  0.56982338592026782  0.58019024069045466
  0.59073298475831504  0.60135804900925194  0.61208480331010851  0.62278804834393875
  0.63335913212282768  0.64379190378678364  0.65415592461599514  0.66446003526848996
  0.67489170897869155  0.68544434495409412  0.69599187359119341  0.70649911589929371
  0.71698795962212025  0.72748002784161470  0.73787331851737392  0.74826972257568991
  0.75873569667544050  0.76924662506652552  0.77981375911051132  0.79050592195600189
  0.80101456975232144  0.81131262799182102  0.82152817674133749  0.83186439764061682
  0.84236300209287240  0.85270923870079196  0.86313779644668753  0.87335036857242809
  0.88393958284722551  0.89453098647476481  0.90520966029861227  0.91590497699125539
  0.92651323974812116  0.93732933154014453  0.94780373544509289  0.95843667675348454
  0.96888386755364797  0.97947756701738387  0.98979317219060203  1.00000000000000000
 -0.00407050551015510  0.02619651721991294  0.04810787775191284  0.06657060774305008
  0.08310522790806127  0.09823640889921442  0.11246025938274949  0.12608893280474626
  0.13908841594955851  0.15148162283052324  0.16314875501686274  0.17445466609450655
  0.18558572905701171  0.19679710436562015  0.20780559882333052  0.21863652596267238
  0.22922657640813299  0.23933104381408093  0.24927609394984707  0.25896279071773032
  0.26861891442971181  0.27829555720645893  0.28785683265500139  0.29736246863878024
  0.30666793805991321  0.31594548543205914  0.32500705308053807  0.33403422129460386
  0.34292156910371618  0.35176423163869436  0.36047148004558388  0.36895310050219221
  0.37733558449521165  0.38577831774906102  0.39430848150732745  0.40285225429931282
  0.41133052264521935  0.41977843801879877  0.42822827101544725  0.43656329389221643
  0.44467437745167121  0.45269361663276059  0.46077327111497091  0.46880614588080338
  0.47679758721385546  0.48462725245817223  0.49232225636576077  0.50002992588169670
  0.50787011930109716  0.51578436969516350  0.52370918098757191  0.53146229540122558
  0.53942318501384712  0.54734318609352373  0.55521165760184843  0.56288936018278324
  0.57048244317174468  0.57809821637025882  0.58581558358759622  0.59370963690725309
  0.60166486386501283  0.60960287763629195  0.61750950378105995  0.62541977162022311
  0.63340760281754405  0.64142982383726688  0.64946419733087601  0.65756757777464725
  0.66563819848347949  0.67376033479193254  0.68200806374601486  0.69038405714796525
  0.69887375797062756  0.70744811913607419  0.71600053197261115  0.72452720752348165
  0.73320762464615474  0.74224221391075973  0.75134378383113198  0.76068081488443029
  0.77011540550797397  0.77986964203262499  0.78991937765112152  0.80024291636808709
  0.81068149944698287  0.82130657215837377  0.83213330467697999  0.84317419392120052
  0.85464216385795311  0.86703014011787316  0.88040274939542762  0.89539074681377584
  0.91174338368003893  0.93099852724687104  0.95664854877845329  1.00000000000000000
 -0.01854900378964760  0.10689060802995506  0.14232861514864778  0.16372001924745752
  0.18107489039984692  0.19597869709703419  0.20919665781573529  0.22119442420041624
  0.23230050816709080  0.24268446140151323  0.25260897731415022  0.26204071985315042
  0.27106154746520950  0.27970693944072933  0.28811589639867258  0.29620397623970190
  0.30403874134839048  0.31168688907716324  0.31902741537061485  0.32608644440679152
  0.33301053334462544  0.33966319301472270  0.34626922957323092  0.35275947569122573
  0.35937030883266657  0.36594627195396523  0.37241943854780957  0.37874398611710930
  0.38494897061521510  0.39110070227674215  0.39724144348603563  0.40338284540124597
  0.40951343808133805  0.41563574947259146  0.42162713826744058  0.42754415146812352
  0.43340167853830380  0.43920570115032692  0.44497366050913328  0.45069942439342936
  0.45640565223190910  0.46211746270705645  0.46782451614436305  0.47354146322823126
  0.47925714778991962  0.48495664239407971  0.49066369715671737  0.49637593962833410
  0.50204620319699422  0.50766941253701448  0.51328969535392666  0.51892175827408737
  0.52462392120355772  0.53032429362800726  0.53603395355019112  0.54174082078358321
  0.54748307210647051  0.55324128258283067  0.55899546367467012  0.56479276606937101
  0.57066946756784087  0.57661010249390643  0.58257842718727804  0.58860399909526595
  0.59458736776626964  0.60057526127084415  0.60667787276715623  0.61283339891657984
  0.61910288389936408  0.62547368825312033  0.63194145798666468  0.63850700821869921
  0.64514683053006339  0.65188910708389969  0.65874198451959576  0.66568923972196103
  0.67281585506572661  0.68004924863860572  0.68747607462027671  0.69522215396615972
  0.70315977409198016  0.71126954243334328  0.71964027049027612  0.72824135154745584
  0.73724666079457757  0.74672158693774082  0.75680816159912279  0.76752837317437927
  0.77882890912197056  0.79095684335123340  0.80432292197389532  0.81923583241401365
  0.83644506234170268  0.85801657073938187  0.89332833415106172  1.00000000000000000
   3.2896946147213668E-003  -1.0000000000000000     
 F F F F F F F F F F F F F F F F F F F F F F F F F F F F F F F F
