  0.01409668855379821  0.01452376873531221  0.01476811730368848  0.01494563365647078
  0.01509735026232345  0.01523062834083643  0.01535113355009983  0.01546326397163310
  0.01556962617495081  0.01568689453094945  0.01581148870384461  0.01593261226979095
  0.01604962847999302  0.01616439027189373  0.01627696788983365  0.01638642466033536
  0.01649371084570964  0.01659915164871278  0.01670401539284663  0.01680750604542017
  0.01690903666006413  0.01701289009448381  0.01711949039792368  0.01722736781019611
  0.01733686565530741  0.01745011831205597  0.01756709329192306  0.01768356732470670
  0.01779672478814181  0.01790319979993504  0.01800598117586100  0.01811074108314862
  0.01821755345951562  0.01832505631113618  0.01843333850979142  0.01854491426398617
  0.01866260630594264  0.01878404171675205  0.01890803892359698  0.01903026909908625
  0.01915975528571378  0.01929352750347801  0.01942946790439025  0.01956645683561594
  0.01970340704970714  0.01984127155309172  0.01998231615912190  0.02012815122656457
  0.02027720513628108  0.02042757175591802  0.02058073937840389  0.02073873883446510
  0.02089860874897663  0.02105069939382704  0.02119562388372925  0.02134821085792942
  0.02150109021981068  0.02166113896086202  0.02183371593176111  0.02201120430643765
  0.02218486087488687  0.02236025073828744  0.02254419378395028  0.02273573276605387
  0.02293179959584402  0.02312876771847677  0.02333159077270462  0.02353940930119465
  0.02376738625152972  0.02399012978604837  0.02422218863753495  0.02448758650169233
  0.02478625423954486  0.02510334600355441  0.02543104826242508  0.02577853225121692
  0.02614450745751999  0.02652486256472127  0.02691817869136710  0.02734272897146671
  0.02779442754692669  0.02826106067885760  0.02875557304991474  0.02932471255908534
  0.03000378726429416  0.03079409774730738  0.03166248315318656  0.03268137671792484
  0.03400498655321835  0.03559134627249486  0.03762425408718508  0.04053681546849038
  0.04573019040962666  0.06137830164483223  0.67163365265437991  1.00000000000000000
  0.05775862491733016  0.05854990312924247  0.05923719910807416  0.05991013788929104
  0.06050327363354172  0.06100671986994693  0.06148322546977768  0.06187882986371616
  0.06213178482309647  0.06245201845416079  0.06275411387074381  0.06304704094221709
  0.06333860501548079  0.06362598999310028  0.06391741159511943  0.06421831234449799
  0.06453136521961397  0.06486164291269504  0.06521418787181156  0.06555269399895157
  0.06586897155587612  0.06617765169988274  0.06648094941946105  0.06677810970517979
  0.06707392959248416  0.06737364296126996  0.06768570775139449  0.06800669187084479
  0.06832290941762791  0.06863585578063332  0.06895513080994840  0.06928541288848925
  0.06963130763890860  0.06999494380077771  0.07037465103196595  0.07077000838526552
  0.07117737474637569  0.07159161677551856  0.07202267483070028  0.07248304743454118
  0.07296025663052913  0.07344530818813766  0.07393223918043820  0.07446838318831017
  0.07492625894032631  0.07536004220387016  0.07580548499301024  0.07627560140994645
  0.07676408129011562  0.07726186312251579  0.07776056224395073  0.07826271345741079
  0.07877610693132342  0.07928987913568962  0.07981261888773861  0.08034994678516599
  0.08090866126928398  0.08148506159101862  0.08208272955526100  0.08269227634395528
  0.08331390505656600  0.08396302407274439  0.08465266159894733  0.08537976808361911
  0.08614067687084911  0.08695240645421116  0.08780836392052353  0.08866161713167309
  0.08951946234983314  0.09039290091767195  0.09128399315735078  0.09227330261331673
  0.09334536847776162  0.09445826227596450  0.09561703123135987  0.09688020145812698
  0.09821994595968837  0.09962816032187299  0.10117319923679445  0.10289433010975794
  0.10472961903451065  0.10647678042487224  0.10820265881757592  0.11016093965849658
  0.11235922873810456  0.11461050233253736  0.11709198553832820  0.12008699261023957
  0.12383032804205434  0.12840925590159968  0.13436953062480078  0.14210612129915573
  0.15693486661956077  0.18621331207595193  0.61546156620059778  1.00000000000000000
 -0.01291249718043787  0.05780645674242685  0.08670628930816708  0.11452307627677202
  0.13727412058618160  0.15569420774323295  0.17226161947045232  0.18799035794668437
  0.20190585185357385  0.21403471940167845  0.22511998449279061  0.23666102541713224
  0.24728889548205729  0.25696515094812605  0.26684287592506822  0.27647196548859548
  0.28544735427373424  0.29420390897666265  0.30287824585070749  0.31161821382608551
  0.32002711393988736  0.32774900376261795  0.33531558416335594  0.34248740947628109
  0.34946848941083891  0.35685066705129681  0.36376916882292687  0.37040834265209976
  0.37700280387968665  0.38340480944040062  0.38959952708832052  0.39568261849484987
  0.40171144122028585  0.40765298199100419  0.41369852740486740  0.41969186310101309
  0.42547656669143269  0.43106762744457816  0.43659328708297118  0.44229311920075104
  0.44831998391273675  0.45456734202064814  0.46081389437810827  0.46685788847928961
  0.47246507315077058  0.47743132486422568  0.48210839796798560  0.48689806265564384
  0.49185686526974182  0.49698639130539929  0.50211911619666916  0.50705024113734698
  0.51176994192168412  0.51647731931563423  0.52115634151583345  0.52646742334646068
  0.53206512957737573  0.53765497916966287  0.54314256778860059  0.54849608748401357
  0.55401086891841211  0.55987089954535185  0.56602633268710123  0.57229421501557209
  0.57879398210951694  0.58545607233252006  0.59199374767747071  0.59859720650451487
  0.60529206439661754  0.61209196053709691  0.61904331536858381  0.62589065027616586
  0.63277441996691741  0.64004023210793470  0.64767648680136802  0.65554761641575798
  0.66362424787611307  0.67194370946727910  0.68049760073359722  0.68931066926964357
  0.69815316952964135  0.70735434346431858  0.71782736029024097  0.72807391010943545
  0.73854150065447122  0.74957440873605086  0.76122343906647227  0.77646484650360337
  0.79293564537425776  0.80946523355398037  0.82657212347590914  0.84501597424438091
  0.86482397989951276  0.89025264876832000  0.93171799676435463  1.00000000000000000
 -0.00302000033170416  0.01023184452288208  0.02193218338634295  0.03325702875627504
  0.04453294194511660  0.05558193782253601  0.06624903667201842  0.07675362292992237
  0.08746876081337550  0.09841861834254002  0.10921446590832533  0.11967388600098526
  0.12993840493305497  0.14018153769324765  0.15055182485615889  0.16115444742522256
  0.17196207349715145  0.18264505776987014  0.19319565482556569  0.20389939322340650
  0.21482238800483297  0.22579705506784598  0.23610170915889678  0.24578146451426783
  0.25501479959370710  0.26405921009023892  0.27324696779764179  0.28249860852391784
  0.29176202976245413  0.30105187542248546  0.31007550706265730  0.32000699362935697
  0.33008961261889869  0.33958619604643386  0.34950097403004921  0.35948044838630161
  0.36991003056765287  0.38007981438471705  0.39053703314921218  0.40126980224169001
  0.41263402720207087  0.42402100646163754  0.43540748726551159  0.44620234545526322
  0.45644638015370592  0.46689052596371466  0.47726128849281646  0.48817817457660118
  0.49894073465578864  0.51050020068613522  0.52180904697756192  0.53305318387504375
  0.54461081737789296  0.55644653824999957  0.56842303990318421  0.58019446392695773
  0.59158252335355677  0.60298936892761990  0.61470974745742324  0.62633648996654923
  0.63787386277344105  0.64962200055306307  0.66134090037345461  0.67234179450563281
  0.68260386553290442  0.69267177142700342  0.70295529369850185  0.71308170671937365
  0.72277466923462486  0.73256596222070158  0.74311230692024488  0.75399801645343945
  0.76498073106123610  0.77622670104957703  0.78793601074235309  0.80035950817181933
  0.81331009595728521  0.82596393439716154  0.83739057801803174  0.84752639442162281
  0.85700247098013949  0.86637227249121873  0.87606008266758539  0.88476342753649340
  0.89312030749696736  0.90186927782052817  0.91041869170000578  0.91893065370856686
  0.92733610373189523  0.93560401894261114  0.94543729911973096  0.95657226389234151
  0.96779551277940956  0.97903481012980920  0.98945228863950985  1.00000000000000000
 -0.01061397592338946  0.04382492422078446  0.07544333363858724  0.10682752356088221
  0.13094328419662185  0.15017880603091896  0.16765447734485209  0.18387705201168850
  0.19877006972514891  0.21401474151121203  0.22959781720103126  0.24319730686148330
  0.25528649492300820  0.26678773167245529  0.27771369173744131  0.28848663916886214
  0.29918859300985218  0.30959717252508806  0.31950812241542165  0.32889327406487040
  0.33762504769253732  0.34565183616382211  0.35320865717472544  0.36043680343788148
  0.36740486894760788  0.37416432791953469  0.38079717755759190  0.38740631021957361
  0.39390262969867978  0.40015550224827606  0.40618021205085952  0.41220731230341434
  0.41795912769946525  0.42347325805838709  0.42894282059967687  0.43442913129592625
  0.43978666599631194  0.44503852098409979  0.45028214516547999  0.45555215404459720
  0.46082258679752913  0.46595067358293241  0.47093178981156547  0.47568868108335255
  0.48030390747739238  0.48492583818393459  0.48956580151171358  0.49409714347449385
  0.49859642811686145  0.50327980615171097  0.50817932393021714  0.51300636801715882
  0.51775111630963089  0.52293905666850893  0.52864787731540919  0.53442730438981245
  0.54002271976316274  0.54556928820213335  0.55128085634626200  0.55710763434439747
  0.56281556706477054  0.56849310464801284  0.57415519571347184  0.57982698590597315
  0.58562632487369670  0.59160089901959423  0.59773198804196992  0.60390729392585174
  0.61028479454956575  0.61674815297381136  0.62341294872998243  0.63047529603825425
  0.63781525605143397  0.64508614428768574  0.65240490303301546  0.66014971156205848
  0.66812309598398689  0.67655480208760554  0.68542001508998363  0.69476009150690843
  0.70465008622269532  0.71516547775655315  0.72615030648647949  0.73737728122004431
  0.74922841287970221  0.76228203437394704  0.77631896610668705  0.79100926459122101
  0.80691593021712882  0.82389112098360984  0.84238925229978379  0.86238452568766466
  0.88950424091753688  0.92449659316257660  0.96238091872536013  1.00000000000000000
 -0.00233712323913399  0.00862530066849129  0.01869640201823585  0.02949441551367764
  0.04056822726985625  0.05226841868799515  0.06340845612961046  0.07301123522348463
  0.08287685062165852  0.09218965747508907  0.10152949629455089  0.11046758092761039
  0.11992773134861906  0.12991378496210379  0.13957826018768665  0.14870408664849685
  0.15865183200447663  0.16959395676208450  0.18128887244558417  0.19292210809643348
  0.20407954514810264  0.21423019066689380  0.22383431860638656  0.23395070104059781
  0.24430360137066251  0.25438153448575518  0.26411881728814329  0.27386760088796658
  0.28363470356760312  0.29341197093674898  0.30316316856279651  0.31284412584093951
  0.32314273317989611  0.33471950690459451  0.34684304124637272  0.35837607835866259
  0.36992233028718857  0.38117630033183908  0.39257693827479506  0.40379010999515541
  0.41445749306896157  0.42393378118873382  0.43324225538461347  0.44244598654664252
  0.45139059482495197  0.46030861927184019  0.46888006788592962  0.47739947309133701
  0.48752562121123683  0.49890228453112734  0.51035928372512129  0.52185363438388099
  0.53336396437904143  0.54464439492398753  0.55582141094732518  0.56704220494415869
  0.57832610251860428  0.58976562942185884  0.60137239835670087  0.61302105130075402
  0.62443020784015169  0.63570927845445202  0.64721462570892652  0.65850221743484461
  0.66997684121743473  0.68180828336328003  0.69408872661479526  0.70575141083596060
  0.71676109961247425  0.72696038144762254  0.73724292982495521  0.74777672334275802
  0.75830699597561868  0.76838973992225357  0.77935108799162967  0.79097557056393253
  0.80229795809436089  0.81321852539165917  0.82378025789415876  0.83399351670611377
  0.84421192749367790  0.85463889892024480  0.86568823584651111  0.87659447406970448
  0.88640478085151786  0.89627952805253386  0.90653675632844521  0.91809074915946920
  0.92922154683499747  0.93961067712802482  0.94933294935999635  0.95966252081551562
  0.97113914653265654  0.98127616254192651  0.99104109905330906  1.00000000000000000
 -0.03851601158234264  0.16910521146362620  0.21530825226255434  0.24124916175528210
  0.25992050176880144  0.27489949255963503  0.28787003731314131  0.29933642862908222
  0.30950168786082233  0.31847310233048065  0.32643278079860905  0.33376994351831063
  0.34073282850800296  0.34750656885326525  0.35391154233721933  0.36003563695525581
  0.36597447141118400  0.37152067608620393  0.37671762440358891  0.38177840104523292
  0.38686649300056253  0.39181044180093416  0.39658676032086559  0.40128366804454135
  0.40590033688467414  0.41049060230494760  0.41505713119033982  0.41962102619606195
  0.42430889195723503  0.42908309585372850  0.43375936173255841  0.43818814184760663
  0.44233690004126619  0.44632298641300355  0.45016453992837241  0.45396144394753835
  0.45783109209773687  0.46172810457599567  0.46552411327967180  0.46923496088332967
  0.47299808862570847  0.47679994783794233  0.48068377033565185  0.48447859299439983
  0.48823504388628858  0.49183704022305019  0.49539440383646216  0.49884116697582565
  0.50205023974288387  0.50540216593735121  0.50876387390194699  0.51220240035035536
  0.51559884676615875  0.51893094879852575  0.52218501675241591  0.52543249036036832
  0.52893157686535053  0.53251610819348338  0.53609511944363930  0.53953162198108562
  0.54290501079221098  0.54637036704324848  0.55009855952349507  0.55377236944814667
  0.55712320456297415  0.56047682058461523  0.56412974461128151  0.56829042633812654
  0.57258953162118209  0.57686007496118730  0.58127255054204596  0.58589172403136913
  0.59082304691155485  0.59621582242735338  0.60175002059593474  0.60717702368634552
  0.61253784372006725  0.61797879910543785  0.62372480497435434  0.62970373821061365
  0.63583715967689625  0.64211615929231081  0.64859604906446877  0.65542388609971303
  0.66277577602429061  0.67064851714817730  0.67905435474559006  0.68844710838423895
  0.69922632772898752  0.71137041291764547  0.72499481972695434  0.74052687150175833
  0.75887387973469178  0.78293847442880127  0.82702345055085980  1.00000000000000000
 -0.00256684038889947  0.00958554165035133  0.02097105874750530  0.03169262648003800
  0.04256811764492963  0.05401492747242978  0.06539004497064960  0.07617121224343221
  0.08712607278569964  0.09846119203862026  0.10918295130458913  0.11942824394437565
  0.12931605523412051  0.13916225491498235  0.14821736960506879  0.15664654541899983
  0.16556098144006956  0.17501089980081397  0.18382535685732540  0.19233449967284283
  0.20104141572203216  0.21053531736494749  0.22130852831080866  0.23275931967973434
  0.24399735490379398  0.25446668122136112  0.26426228305011945  0.27389179472054048
  0.28335249743266278  0.29254764148505608  0.30174217148251786  0.31204501854057498
  0.32348124250969523  0.33551523170841124  0.34770526557296683  0.35964933482798112
  0.37117526891313057  0.38231440519905258  0.39334863085284633  0.40463775402357499
  0.41605369526061076  0.42707263126456169  0.43804910404250313  0.44974673571189050
  0.46151063387491498  0.47298581426267844  0.48481219239626966  0.49637358018455574
  0.50754646063434761  0.51829597222380241  0.52881044093603435  0.53952209702497256
  0.55028692276689561  0.56177405228392752  0.57369723168583731  0.58519757336082612
  0.59631014262133186  0.60727557998636172  0.61772846855811225  0.62782224125129715
  0.63701166213947880  0.64719412416487332  0.65805643141204540  0.66928185444767074
  0.68020088064827311  0.69098797182298144  0.70186970140559590  0.71277913396827530
  0.72367182866557844  0.73448462383769841  0.74496472577297101  0.75520373314102995
  0.76552724913520442  0.77616518126010892  0.78697786858399921  0.79779869709436035
  0.80864895888535404  0.81975486118348262  0.83108683540692219  0.84218790134039101
  0.85292251768146377  0.86332702457731114  0.87337756421731116  0.88303772255972535
  0.89267054095756482  0.90253226337396131  0.91259540265780004  0.92265625483875102
  0.93252600238727235  0.94268531240851594  0.95299330478373789  0.96257587484526741
  0.97137982082480678  0.98068573535999015  0.99043057897383102  1.00000000000000000
  0.03430501090259053  0.39826659176963558  0.46679759631249373  0.50069054630596610
  0.52395116842265299  0.54102755042945772  0.55497836457484517  0.56756177822794107
  0.57840885821256327  0.58737907233465869  0.59562527030463996  0.60353582576352127
  0.61134973771406764  0.61886088760256130  0.62593785940560931  0.63239726550724329
  0.63840879622377911  0.64391477650534701  0.64899017783821034  0.65372369219682969
  0.65822444794631740  0.66249357703111578  0.66656467516666185  0.67043028820713901
  0.67408435513246523  0.67760319164468774  0.68097905544290172  0.68421877583388602
  0.68737884562729890  0.69042380690518734  0.69334819309946139  0.69620330037105593
  0.69905005630667405  0.70195276096662351  0.70484634152242343  0.70768208268801136
  0.71048306847774012  0.71326322669686582  0.71602319807995585  0.71877062113414425
  0.72152751013244454  0.72429817307739730  0.72701245268350445  0.72971425996205919
  0.73245890120616219  0.73521081826624879  0.73793128418196641  0.74060035055427731
  0.74323421642371545  0.74582113048089194  0.74835293725539176  0.75083531411471127
  0.75324361421182784  0.75561624452870935  0.75802404798005174  0.76041657542319319
  0.76277400856232858  0.76513946635648777  0.76755014784586040  0.77002531446448930
  0.77254887727578470  0.77507433224387046  0.77759279446007201  0.78010129904439707
  0.78257682934284778  0.78500156545927957  0.78740776511027311  0.78985689121278557
  0.79239284711800784  0.79501115964765923  0.79762665776262198  0.80023029301095094
  0.80285073334745705  0.80555067381165413  0.80829989261936808  0.81102594740404399
  0.81395896626608777  0.81717594365333612  0.82043671382987748  0.82372229833642585
  0.82708655006630893  0.83057238428990132  0.83426444484952655  0.83827210289174914
  0.84249846477481172  0.84650978683821654  0.85077200067877812  0.85517636752025961
  0.85991840018115462  0.86496606747285043  0.87070044887880960  0.87740782847281351
  0.88528111527049258  0.89599019508275657  0.91805554448392801  1.00000000000000000
 -0.04008890042765208  0.17160944487153032  0.21640231746156055  0.24186829161808196
  0.26061801585661276  0.27539065003403779  0.28818200940203331  0.29966021324294378
  0.31015653029407586  0.31975418733830463  0.32850165523120128  0.33655375119676006
  0.34413523529987289  0.35122354651209764  0.35771653566906064  0.36343831224215228
  0.36915680885290059  0.37474662295311034  0.38025981346954929  0.38558551613567643
  0.39094369903587300  0.39610855817304819  0.40148968141076613  0.40630520513753721
  0.41084455086982086  0.41540964067825437  0.41993937898030737  0.42439254797088305
  0.42880045071088030  0.43316455957888000  0.43757534895579425  0.44189984785002800
  0.44611612019354235  0.45020376121860289  0.45421763225140849  0.45811477627889480
  0.46192046829475453  0.46571880862077925  0.46952377080652935  0.47332134951654126
  0.47711737544238791  0.48086517306328658  0.48454427641041786  0.48820193776989756
  0.49188480687219704  0.49557234886220702  0.49911104286900876  0.50245173622015871
  0.50580722917202914  0.50930017701196995  0.51273628332109955  0.51618704308450036
  0.51976941802250065  0.52345487987120265  0.52708082964096781  0.53057320509035077
  0.53401496416729499  0.53755221346377868  0.54109635421482927  0.54449584607998058
  0.54787765038587244  0.55137528032996397  0.55493400258361358  0.55848552143003471
  0.56220900478975888  0.56634000522970285  0.57059290969058918  0.57481153186929890
  0.57906264971297294  0.58351697979692518  0.58829119857936718  0.59331536934866769
  0.59843651747977611  0.60363161025199263  0.60900129786172796  0.61457740530007487
  0.62035473163626997  0.62620024902360083  0.63220164836783821  0.63840562666354106
  0.64472754694909273  0.65089908106032968  0.65708411792118515  0.66376197175350005
  0.67126073550896770  0.67958549157454251  0.68834412151807567  0.69689880294073037
  0.70644951975736592  0.71743267082961315  0.72907257080425347  0.74158514013700016
  0.75852175519058285  0.78217265448773854  0.82265292317426597  1.00000000000000000
   2.2509023544809333E-017  -1.0000000000000000     
 T T T T T T T T T T T T T T T T T T T T T T T T T T T T T T T T T T T T T T T T T T T T T T T T T T T T T T T T T T T T T T T T F F F F F F F F F F F F F F F F F F F F F F F F F F F F F F F F F F F F F F F F F F F F F F F F F F F F F F F F F F F F F F F F
  <DiscreteSampler_grid>
  grouped_processes
  1 # 1 for a reference and 2 for a running grid.
  10 # Attribute 'min_bin_probing_points' of the grid.
  1 # Attribute 'grid_mode' of the grid. 1=='default',2=='initialization'
  0.0000000000000000 # Attribute 'small_contrib_threshold' of the grid.
  0.5000000000000000 # Attribute 'damping_power' of the grid.
 # binID   n_entries weight   weight_sqr   abs_weight
    10   10   1.617797593865968E-005   2.567768092603940E-009   1.617797593865968E-005
    16   10   1.617797593865968E-005   2.567768092603939E-009   1.617797593865968E-005
    22   10   1.617797593865969E-005   2.567768092603942E-009   1.617797593865969E-005
    28   10   1.617797593865969E-005   2.567768092603941E-009   1.617797593865969E-005
  </DiscreteSampler_grid>
