  0.05314581898664640  0.05347135113623600  0.05375744614418651  0.05394345920534547
  0.05417022965405678  0.05439759164277973  0.05460404129780000  0.05479914774723997
  0.05498772277926059  0.05517732324615626  0.05536717135848988  0.05555930748727581
  0.05574927960290824  0.05593496986299563  0.05611764819890486  0.05629856366144308
  0.05647866974704473  0.05665833639592487  0.05684005483455185  0.05702637287515206
  0.05721895769031168  0.05741938965484655  0.05762680449985440  0.05783736004424863
  0.05804773073686391  0.05825625339571045  0.05846462338256783  0.05867042589261637
  0.05888276938492597  0.05910083969007168  0.05932596211559696  0.05955343352080678
  0.05978287439320621  0.06001372920761185  0.06024646184018353  0.06048214722364469
  0.06072270374296706  0.06096940956567836  0.06122236929925400  0.06148023564907423
  0.06174198217714277  0.06200905099520732  0.06228224445095754  0.06257159786928729
  0.06286071707875245  0.06314205285195536  0.06342116204901169  0.06370939777629206
  0.06400944274113400  0.06431179788225450  0.06460830396499745  0.06490718937478639
  0.06520997320449606  0.06551852931601772  0.06584084997704484  0.06617616399234914
  0.06652524096780646  0.06688902592558021  0.06726341941013926  0.06764742166592172
  0.06804226424020419  0.06844940370794934  0.06886801029891441  0.06930714337839231
  0.06974924398683392  0.07021693808975901  0.07072788541417065  0.07126977854863950
  0.07182403731881652  0.07239701491946986  0.07301315120448325  0.07366622590612047
  0.07434929734830555  0.07505316103548999  0.07579086871710665  0.07655687350745741
  0.07737410474080096  0.07828501959094424  0.07930531560344399  0.08043023945335193
  0.08163357380725751  0.08293306035581643  0.08434464266103711  0.08586157093365053
  0.08751917435946709  0.08938662758792001  0.09168975598264227  0.09434902018759792
  0.09733738930380016  0.10083311368133774  0.10537977430900078  0.11098769750706999
  0.11887293494890637  0.13476777571857884  0.25564651939758465  1.00000000000000000
  0.05655555855470689  0.07360438773580735  0.08209440128499468  0.08803536337642730
  0.09274312235340690  0.09668777940619550  0.10036499838697593  0.10380421128115205
  0.10705811414723720  0.11005867510183340  0.11285907853256490  0.11559799497630723
  0.11819869793659693  0.12067602591880003  0.12310053159166093  0.12545328301327363
  0.12764927611629925  0.12977737933338490  0.13187605698745405  0.13393660787587405
  0.13600133565814948  0.13805457296548054  0.14008740944306924  0.14212633223751334
  0.14414614396198247  0.14611119878962112  0.14803179310113729  0.14997802828247048
  0.15198057196984391  0.15403095961154833  0.15616182925510230  0.15825778422968687
  0.16033839223536245  0.16249183544632087  0.16470860615326488  0.16689056384912537
  0.16896758592511396  0.17091018568596505  0.17281432349822490  0.17477255987604975
  0.17683384178718692  0.17895221289875146  0.18106329156195156  0.18316185440609786
  0.18528858123782846  0.18740796640970345  0.18957842928414617  0.19176687191611333
  0.19388008223116499  0.19591990119996164  0.19800200312351157  0.20019485251116736
  0.20250741357530813  0.20485848392213080  0.20718989678572511  0.20951613349346951
  0.21184811578006857  0.21422774188458990  0.21670120133228024  0.21906590820536120
  0.22150397907246311  0.22405248548140949  0.22665891549132824  0.22921846060168730
  0.23175014683573292  0.23427137641966658  0.23684746638515999  0.23966181719635721
  0.24277672540350453  0.24605390400531763  0.24934897942355311  0.25255574658408103
  0.25611536014290531  0.25983238299541545  0.26356949454694512  0.26732401830344815
  0.27120180607666744  0.27500536156195882  0.27879566977101072  0.28263155012528673
  0.28654797366786044  0.29091495861979560  0.29534585581258482  0.29996526288138137
  0.30487536070667198  0.30964181129398760  0.31502811703420569  0.32075604255460577
  0.32558835130718278  0.33103347813617301  0.33804488563972912  0.34437288864711729
  0.35335108746723048  0.36867483340887791  0.53586768398167473  1.00000000000000000
  0.00023250799269507  0.00043915059523193  0.00056881975647713  0.00067109842329081
  0.00075953459200860  0.00084229285726715  0.00092198413906894  0.00100060448166251
  0.00107709901578996  0.00115350517197263  0.00122773546058279  0.00129911859662024
  0.00137072058131156  0.00144317350589080  0.00151709990304567  0.00159023341354471
  0.00166545348445665  0.00174558811422510  0.00182710601498238  0.00190631541490493
  0.00198912961461846  0.00207368822737950  0.00215806816277580  0.00224002586668910
  0.00231982300813191  0.00240132211223729  0.00248558588922770  0.00257192951189810
  0.00266104327548243  0.00275472172992962  0.00284765663970595  0.00294234150983397
  0.00304344393345814  0.00314960228012150  0.00326148094782155  0.00338196418164469
  0.00350774602219594  0.00363356006866802  0.00375766614663533  0.00388362769029256
  0.00401630636133700  0.00415478586741892  0.00429808573147547  0.00444571112098223
  0.00460086805321587  0.00476644207708549  0.00494443112967103  0.00513157766647074
  0.00532361084052300  0.00552419632039881  0.00573909261517334  0.00596664330698303
  0.00620494374963701  0.00645512281496621  0.00671832504409101  0.00699909877280625
  0.00730029662078205  0.00762266370899521  0.00795726910685621  0.00830049011090617
  0.00865960365458453  0.00903961549489958  0.00945989730748289  0.00992661628364638
  0.01043160769027174  0.01097757929376058  0.01155036744227731  0.01215218822085402
  0.01280852357584407  0.01350773967543037  0.01422189614731419  0.01497817759768695
  0.01581409280741363  0.01675709962619975  0.01778460240652639  0.01890731810827839
  0.02007969131413514  0.02131237435241417  0.02263349462735106  0.02409705980297546
  0.02570541344652665  0.02757613990430521  0.02980871999223622  0.03238353286869183
  0.03533277897316969  0.03880927530551099  0.04293033699544742  0.04806501155050921
  0.05474948157939944  0.06341225597620608  0.07437534354093323  0.08723864070674152
  0.12225432249443710  0.25832602237863089  0.78658602854907411  1.00000000000000000
 -0.00777944585441529  0.03375458348975231  0.06209051727156750  0.08778911315936151
  0.11032215723429686  0.13114311773213561  0.15095610510112387  0.16858657179700043
  0.18437001710847428  0.19917643668114088  0.21330245852677243  0.22656222360705680
  0.23876024699570186  0.25008768549723581  0.26081699757918225  0.27098322348991316
  0.28072106088205412  0.29021388456421621  0.29961004584324658  0.30885376691746907
  0.31798829655498734  0.32706152278862566  0.33582443334821349  0.34414652437954391
  0.35223853583083342  0.36019912438150459  0.36797249394274051  0.37537864386669706
  0.38240874041162404  0.38920909021391686  0.39602269887034264  0.40266292204166099
  0.40908462592830647  0.41549425468109358  0.42196194708237467  0.42838025973850008
  0.43461408070843804  0.44078368955016911  0.44707648239456066  0.45310308034377367
  0.45923826670375134  0.46515879616778577  0.47083020783595481  0.47645168507869756
  0.48196802183334891  0.48750153585620870  0.49310028030428382  0.49868192003830902
  0.50428427086038663  0.50991961609007053  0.51584523236266866  0.52182951305481995
  0.52788321414784412  0.53413536075002133  0.54042492051810875  0.54655072750471589
  0.55239950921420600  0.55802747230091021  0.56352965697396196  0.56887664807769289
  0.57437904480267454  0.57995471957026123  0.58573478594774453  0.59157791902627710
  0.59747846119032899  0.60376928752834513  0.61042290101342445  0.61729287970708679
  0.62420827034668780  0.63161370275075079  0.63921883801606039  0.64658407874736323
  0.65412339460568392  0.66195595475677060  0.66990809453121192  0.67810019717671299
  0.68648628332808215  0.69511285970026460  0.70403234654637370  0.71317412166496441
  0.72263457704953926  0.73233614442791661  0.74248865567510669  0.75364246242479815
  0.76611397766681422  0.77912716941299920  0.79244798811109118  0.80618337968993004
  0.82089022483773211  0.83744702444103947  0.85682005648542270  0.87838359251282816
  0.90186188205222784  0.93110474293875956  0.96489878658464368  1.00000000000000000
 -0.00176013758868494  0.00794036727768979  0.01698405695605269  0.02645854417924268
  0.03581899845079878  0.04551427918771842  0.05531859545295979  0.06535627968503455
  0.07623077946573871  0.08709238860422047  0.09730380996348342  0.10743716032218692
  0.11753884721355869  0.12766357510636392  0.13781308727411198  0.14839464520689818
  0.15943439221197911  0.17078669346256020  0.18250402135365246  0.19383841744543889
  0.20480823340596577  0.21579279538092214  0.22674452753214167  0.23757150304628780
  0.24827441396580202  0.25900017076760790  0.26978962435092291  0.28070730131911859
  0.29127531048939437  0.30154176280638506  0.31178614331320775  0.32238447441732054
  0.33307769463964715  0.34359909946662859  0.35402172256875641  0.36460408137046885
  0.37563202680019780  0.38708556419429596  0.39845029654960362  0.40910599733506559
  0.41931741599365058  0.42960963473482860  0.44011767001866003  0.45077208977091132
  0.46167318577642080  0.47282185965656770  0.48393435108331667  0.49460003240676742
  0.50516991514519205  0.51560633658123123  0.52609070207553899  0.53644479828471348
  0.54690235052890779  0.55733286200150878  0.56813733769796670  0.57902225400949825
  0.59032261818106146  0.60133911314829025  0.61184882755102366  0.62221034166526357
  0.63312347741522490  0.64352510578879196  0.65395636235389309  0.66347108358179319
  0.67405985825978387  0.68506396686396287  0.69588520527855602  0.70724083019034711
  0.71827934096793644  0.72892661293022631  0.73913133961834288  0.74921055277434023
  0.75950132740060028  0.77002374324346534  0.78063259619769854  0.79080711728011599
  0.80156933271324760  0.81173508614494516  0.82293621763824709  0.83341511642359856
  0.84393684503128863  0.85439025454826301  0.86500720332279890  0.87497874847667700
  0.88451477221138508  0.89397508005905202  0.90396167760791679  0.91424925269717749
  0.92477422592634750  0.93534113661376728  0.94560927952703888  0.95575677311747564
  0.96597966470539143  0.97679248318935386  0.98768863321167322  1.00000000000000000
 -0.03437149861307336  0.14887041222911110  0.19537515982829454  0.22248499766590574
  0.24274591550571556  0.25820586281093477  0.27057950889404819  0.28151531112523848
  0.29192801530805595  0.30181917444843920  0.31092801860934732  0.31923686855778188
  0.32693336684596597  0.33401614386043671  0.34056445751647674  0.34680202581671177
  0.35265850014122108  0.35798278636997377  0.36297554225755302  0.36780936450663237
  0.37244059303129329  0.37709362345470271  0.38189771724946231  0.38675558909498642
  0.39151459425527452  0.39615152283986682  0.40066889959419771  0.40501903015278501
  0.40911069359063840  0.41300626074268104  0.41711262673324057  0.42153324111067580
  0.42606109434269807  0.43058023029212977  0.43499883850612531  0.43921193689788618
  0.44324418601288840  0.44721640955249164  0.45130554494013991  0.45540339856880374
  0.45922606796925847  0.46280815007406911  0.46640435384254608  0.47012197020017016
  0.47394165800583388  0.47777840273038685  0.48150439000525397  0.48515592453311956
  0.48876483450090691  0.49236408439497281  0.49601945587712909  0.49974143385900127
  0.50350536087427511  0.50726180390676689  0.51097411190456399  0.51462926146651455
  0.51822576605600978  0.52190393494219200  0.52576219898390852  0.52973689915070510
  0.53382867500680786  0.53793744112274244  0.54194228556688884  0.54587610489260052
  0.54977912420892427  0.55384661482009534  0.55799195947437752  0.56212553866836057
  0.56636104752138072  0.57094272447513883  0.57544312071905779  0.58000837599512056
  0.58462428031231206  0.58945182465594670  0.59427238079983602  0.59914662162844667
  0.60427481579915743  0.60968416306811501  0.61501560348941553  0.62037218703352259
  0.62586663716802227  0.63186153702250902  0.63828903118475711  0.64540184200262418
  0.65310221614372144  0.66138849423393375  0.67034592952875049  0.68017933893568716
  0.69091582461261924  0.70250337955518061  0.71546943290043719  0.73101790227740804
  0.75096309211479417  0.77770046164479556  0.82631549817043060  1.00000000000000000
 -0.00253986169769947  0.00995656345904837  0.02013048086013537  0.03090778162887591
  0.04146580622712782  0.05224183747880402  0.06310689063700507  0.07357286092700928
  0.08433944531953134  0.09516767472977662  0.10570295650538233  0.11604919086986000
  0.12612709931481811  0.13582135641829676  0.14566515377306530  0.15569836299078471
  0.16583176307448655  0.17523391569703939  0.18478674276871074  0.19462099763959395
  0.20512729693741444  0.21560336059272081  0.22539698359780330  0.23538133039595785
  0.24616505820549517  0.25714504487652962  0.26816019125483603  0.27912780217475708
  0.29012987993512085  0.30085134476362446  0.31125865450322343  0.32158193418810371
  0.33192486962256940  0.34210521680433909  0.35209107284872193  0.36241718804617257
  0.37312983682333378  0.38401500791516763  0.39488921018393319  0.40572692515123243
  0.41647178699754078  0.42690997027954541  0.43744012549764150  0.44808015931647310
  0.45860022178689380  0.46875229194511875  0.47912382429520106  0.49010699032472826
  0.50120666939500258  0.51179829627273565  0.52200066421747460  0.53265370569099957
  0.54361419752043316  0.55456763876876025  0.56551251452787932  0.57641944557158453
  0.58730991751999650  0.59814819441202083  0.60918172039278573  0.62045512794814106
  0.63162997156368283  0.64326187040525240  0.65472124723948366  0.66596299137386994
  0.67621142650101218  0.68609950246384721  0.69587734409795043  0.70547983007594284
  0.71516036793036886  0.72514587229187033  0.73598724430648221  0.74840592803105221
  0.75972770844279880  0.77084893411950806  0.78157797432270748  0.79185297073491601
  0.80216115417140643  0.81252370523312889  0.82345264945532426  0.83405504360358418
  0.84410963107348513  0.85440214239930667  0.86478710127158731  0.87493435323031332
  0.88492797653413713  0.89486717499666946  0.90597026140040848  0.91696262721462241
  0.92802219436464450  0.93886053899173161  0.94819838155621861  0.95889785055374410
  0.96877658167746550  0.97943647393330113  0.98966191797518621  1.00000000000000000
 -0.00234880198687281  0.00961195801538700  0.01878515596579268  0.02908098202392191
  0.03928544371918361  0.04982318523840149  0.06037433234977172  0.07079738441681242
  0.08122960790056812  0.09164033962101681  0.10217230288452550  0.11284766401421070
  0.12347166286558234  0.13387028165388054  0.14436291906992257  0.15480262104335438
  0.16546768302639611  0.17673715509666069  0.18760381673748583  0.19859527581861133
  0.20973424437727381  0.22093088868564828  0.23252413910324929  0.24395223668347368
  0.25517860944268911  0.26611788749530829  0.27679726544619432  0.28720899680697826
  0.29780042827741837  0.30863095529861151  0.31933564881631710  0.32995687645989236
  0.34058641131829720  0.35096907863953819  0.36096470719756057  0.37092864194906816
  0.38136155237825614  0.39213881262027167  0.40293444300206938  0.41351283924601190
  0.42392777694624001  0.43443126017991013  0.44504790387297399  0.45589381516087119
  0.46652938250412640  0.47687303955035015  0.48746911213690730  0.49774921177109444
  0.50918713909377700  0.52056090437011815  0.53071708831745612  0.54059747866863705
  0.55000363362045557  0.55965671435199404  0.56958023719199680  0.57968914503548818
  0.58986267048419927  0.59988126294929955  0.60985381932796734  0.62053343612333722
  0.63138932637720790  0.64204981871653355  0.65256345021851081  0.66296165621518344
  0.67349250544803951  0.68423366884847936  0.69509833658762366  0.70571887037358250
  0.71616506602805319  0.72641849400090130  0.73675534093316286  0.74724418136002491
  0.75796048573302943  0.76898745271344815  0.77964209765718651  0.79011189489261835
  0.80095537031251640  0.81183653087034380  0.82272574605385906  0.83322625276611817
  0.84331952834423696  0.85364043801133282  0.86454280118126958  0.87545610803783314
  0.88621100016580145  0.89689247146342455  0.90765700487654766  0.91837630183476171
  0.92936057943834227  0.94000388907481058  0.95003753587797612  0.95994162989437837
  0.97019734803447710  0.98051387843960258  0.99031837699117875  1.00000000000000000
  0.10610815363031333  0.28408861218342474  0.34109549178466014  0.37336651129907700
  0.39603067671670955  0.41400382687736537  0.42969339676781199  0.44368857879192852
  0.45634403807576751  0.46772232286880422  0.47811613664654529  0.48778103251744176
  0.49647169507378619  0.50459223488659721  0.51215049824267112  0.51946188741458554
  0.52647099920908114  0.53280078623716665  0.53886294577248561  0.54470779143813253
  0.55030364925827524  0.55573406355433730  0.56098157335783749  0.56596523410374078
  0.57079101667861698  0.57565038635447940  0.58043759606790402  0.58489829260272208
  0.58907261047307868  0.59319946683109104  0.59734918691815209  0.60146313342315427
  0.60548931988234000  0.60940325252782679  0.61322629848049148  0.61698356551078126
  0.62067832639881104  0.62430923615074219  0.62790377764326766  0.63148158992667458
  0.63506175713781676  0.63862882126524212  0.64212208683332339  0.64547333354924874
  0.64902172978053385  0.65255165272193494  0.65608527873530731  0.65957424108678253
  0.66298720643037190  0.66636205271010973  0.66968410409568069  0.67299040963942103
  0.67630371081030383  0.67963359354621211  0.68299269739448987  0.68635549998025402
  0.68981934961293156  0.69337666762801342  0.69690748898309618  0.70041855956812271
  0.70393698345803546  0.70735730846526945  0.71057709728890550  0.71366722263731242
  0.71686286977500424  0.72011745917754710  0.72333308594066348  0.72659572244338055
  0.72984733501838928  0.73297559853784855  0.73618981037952835  0.73952327885305735
  0.74294905504751829  0.74645160822448720  0.75003450756901058  0.75366384384216212
  0.75726595994812940  0.76084644215073127  0.76450864095515958  0.76829799354302886
  0.77220183373552909  0.77625948309942161  0.78047347299470904  0.78501258316697675
  0.78986528321087557  0.79515931909409865  0.80101374002368886  0.80708747719474472
  0.81343634176837665  0.82029338909253613  0.82775233928617853  0.83643937008547309
  0.84716088272536960  0.86143481133201139  0.88667483467461339  1.00000000000000000
 -0.04200211619218840  0.17950838855834580  0.22174211070492938  0.24489840877783031
  0.26220990887635753  0.27628188235812262  0.28843359589175038  0.29948620012310395
  0.30966418401308393  0.31907068603423117  0.32763788328687982  0.33539613140267183
  0.34241918461098686  0.34915863854557250  0.35565938189828555  0.36179828012337245
  0.36757670418543409  0.37299438945532903  0.37807729995703637  0.38294984689323797
  0.38771738636911413  0.39240791389750784  0.39700924887684158  0.40157968912054698
  0.40605808844528457  0.41035323526443318  0.41441748305066400  0.41855530354317105
  0.42272181584807328  0.42683177768144986  0.43083368084820578  0.43472489443013368
  0.43857087792344590  0.44246640122741160  0.44646348079426301  0.45045928006187685
  0.45414411331327903  0.45770124815296109  0.46130237938631419  0.46500972959497022
  0.46885459887659120  0.47276597774375095  0.47663015118444063  0.48044974756609082
  0.48422850829543096  0.48809199846386914  0.49186014934221578  0.49543549157558797
  0.49901617385729652  0.50264508215486248  0.50632872544834728  0.51013755539190553
  0.51412135181761598  0.51824591997876557  0.52243413067412947  0.52659403014385253
  0.53065791825122643  0.53472607474826006  0.53877955442257619  0.54272922223583275
  0.54637972526518641  0.55018068951421828  0.55406765769523236  0.55790240554580517
  0.56177527962570584  0.56574156720994184  0.56985864442990031  0.57410114675949331
  0.57841616902123982  0.58282619870957986  0.58736670296792459  0.59196408221915875
  0.59652204998584346  0.60106479475110808  0.60571389642347451  0.61052852103996458
  0.61545014661121911  0.62050118478182481  0.62590901429093682  0.63177238175544792
  0.63785119335839768  0.64410293306849220  0.65056723305421815  0.65737856975366926
  0.66469637260232417  0.67259655184788059  0.68110260293157510  0.69016740513266117
  0.70003181333922881  0.71117349536616303  0.72384190924559055  0.73819139881762430
  0.75541633580488421  0.77869902172600824  0.82112497839195464  1.00000000000000000
   1.9016582840958429E-015  -1.0000000000000000     
 T T T T T T T T T T T T T T T T T T T T T T T T T T T T T T T T T T T T T T T T T T T T T T T T T T T T T T T T T T T T T T T T F F F F F F F F F F F F F F F F F F F F F F F F F F F F F F F F F F F F F F F F F F F F F F F F F F F F F F F F F F F F F F F F
  <DiscreteSampler_grid>
  grouped_processes
  1 # 1 for a reference and 2 for a running grid.
  10 # Attribute 'min_bin_probing_points' of the grid.
  1 # Attribute 'grid_mode' of the grid. 1=='default',2=='initialization'
  0.0000000000000000 # Attribute 'small_contrib_threshold' of the grid.
  0.5000000000000000 # Attribute 'damping_power' of the grid.
 # binID   n_entries weight   weight_sqr   abs_weight
    10   10   6.995609040001581E-003   1.723934387299604E-004   6.995609040001581E-003
    16   10   6.995609040001580E-003   1.723934387299603E-004   6.995609040001580E-003
  </DiscreteSampler_grid>
