  0.01454997874035594  0.01485772864549366  0.01505204812021278  0.01525079978980427
  0.01549204489154273  0.01572097363705341  0.01594583876717056  0.01616208429243122
  0.01636806323463064  0.01656297262876281  0.01675598599454770  0.01694458569140171
  0.01713864005628454  0.01734851087113223  0.01756330880913610  0.01777089897208261
  0.01796890039806546  0.01816553125149160  0.01835853693781088  0.01854907257716508
  0.01874688867112946  0.01895926340833478  0.01918350777069945  0.01940256923453574
  0.01962128174313748  0.01982867949978752  0.02003240535499360  0.02023644958847459
  0.02044194980506499  0.02064916648953452  0.02086559389271043  0.02109548142894077
  0.02130933952395739  0.02151752982497801  0.02172047871189670  0.02193733103966801
  0.02217022136765396  0.02243021342620062  0.02269593308801047  0.02296055171008881
  0.02321932014122507  0.02346759931351105  0.02371276486307651  0.02396284605781807
  0.02422054274453724  0.02448470831642961  0.02475413729388578  0.02503792350728704
  0.02533571820025641  0.02564810795709988  0.02596231479640992  0.02627661471200066
  0.02658016550780150  0.02687417574090722  0.02718002175978246  0.02751796500161491
  0.02786532286197024  0.02821137728061589  0.02854290682690912  0.02887237636788479
  0.02921322316829636  0.02957089709837360  0.02993188007931076  0.03028910495597874
  0.03065816655860452  0.03105266898276314  0.03149026906215867  0.03195566939268323
  0.03242248911183863  0.03293806783543492  0.03352380647800839  0.03410509592480596
  0.03467506676653683  0.03527670980996923  0.03595242206292494  0.03676025897489376
  0.03764881303558980  0.03854894032631342  0.03947796515239368  0.04044977792804143
  0.04147119956513980  0.04254473045172751  0.04372768171981232  0.04511564293466251
  0.04679738100087073  0.04867961623988985  0.05080499893145220  0.05301677057332825
  0.05552662314280404  0.05866042029710802  0.06271133808893346  0.06869752049597554
  0.07863130200890499  0.10330196592006491  0.69814158309944552  1.00000000000000000
  0.05847650188519461  0.06048885674307104  0.06255541831333666  0.06458166306849111
  0.06692090037515380  0.06909801477347556  0.07102407854393702  0.07287260354763890
  0.07474863768874569  0.07655316544040877  0.07829612298321281  0.07998019748244489
  0.08161795243705051  0.08331858887164210  0.08512681307657620  0.08673808094500524
  0.08825242692139861  0.08982320445448833  0.09142391127196288  0.09306169684912415
  0.09469536687302813  0.09628237882391115  0.09781030866301907  0.09932490885168870
  0.10087312726555772  0.10240682062710284  0.10385853862986966  0.10525550703000325
  0.10669423380071490  0.10819989592345505  0.10966790440163988  0.11110151360510152
  0.11247310922320285  0.11389030069140224  0.11535927910161276  0.11683077645554862
  0.11834425843360843  0.11987538843872152  0.12151518328409265  0.12329920080079858
  0.12501123151446247  0.12656722628957207  0.12814706301039450  0.12970759539718305
  0.13125549728707667  0.13281258207491636  0.13442693585962254  0.13617572703244232
  0.13798313351916855  0.14005017340215886  0.14214269234303403  0.14429853934308634
  0.14648612722922749  0.14866601037431254  0.15083417552324299  0.15290247194298029
  0.15488014020353197  0.15698176198912808  0.15919654985276771  0.16154944022017995
  0.16401335489500721  0.16649855565255359  0.16885563254522948  0.17096996090539629
  0.17303245847966156  0.17518546792864628  0.17746020353526049  0.17989311096185442
  0.18244001161324158  0.18503038921385367  0.18783205693019089  0.19089104431969131
  0.19409242383904893  0.19735223090088977  0.20059120577588840  0.20370413324717196
  0.20664619451477823  0.20934774898406000  0.21210574272211108  0.21531071906589327
  0.21915076506788830  0.22349771985169820  0.22826230831705374  0.23368848184149077
  0.23954318953667658  0.24546578988093870  0.25170650521780391  0.25847892137939826
  0.26625462794075527  0.27782846030491509  0.29256239036907855  0.31027922830820087
  0.33130840288537400  0.35551097474340781  0.39743530359027779  1.00000000000000000
  0.00017730676214198  0.00037174696018525  0.00046137507164605  0.00053007247238797
  0.00059851932876783  0.00067751558424018  0.00075475770887639  0.00081906239582262
  0.00087785279110009  0.00093493112486848  0.00099400526150339  0.00105476143095745
  0.00111875281551936  0.00118515756808682  0.00125465450252847  0.00132117616661400
  0.00138410989043998  0.00144693803990073  0.00151225194821880  0.00158105698927064
  0.00165537288443653  0.00173456860206849  0.00181419382223879  0.00189827807407970
  0.00197526333074263  0.00204761163439211  0.00212089811379033  0.00219948062844293
  0.00228594134521826  0.00237489786332665  0.00247133215295938  0.00256691645304773
  0.00267131964415991  0.00278822111828466  0.00291189475113655  0.00303675113637253
  0.00316115996785405  0.00328495090487161  0.00341159144161250  0.00354526250780410
  0.00368872764152645  0.00384611199943472  0.00402069462094986  0.00422764069777554
  0.00443194427979289  0.00462757149910792  0.00483624243471631  0.00504919572315171
  0.00526592468047485  0.00549259427734403  0.00573098881312710  0.00598046204701731
  0.00625026080647148  0.00654086296053287  0.00686191655530452  0.00720991418473930
  0.00758275610592200  0.00799283795459435  0.00845047214247820  0.00896224838958210
  0.00945551890111457  0.00996287779278544  0.01049718887309740  0.01106950287024737
  0.01171059082584019  0.01235700847534672  0.01305413015411935  0.01379598512897262
  0.01455585692132523  0.01540592896389867  0.01628128607865542  0.01721742266624015
  0.01824903474368446  0.01940806141005489  0.02056813831285922  0.02172262220198014
  0.02291449465746574  0.02417052085832725  0.02549150640727594  0.02694795576695153
  0.02864947708624512  0.03059522227219116  0.03272678055216035  0.03505206098136288
  0.03780277668338962  0.04127028865017377  0.04542552435663735  0.04957934969622633
  0.05359460083828774  0.05802327581993285  0.06363206642989357  0.07122817060964934
  0.08390441699076003  0.10923851594420048  0.14836837750698328  1.00000000000000000
 -0.01099928034289721  0.05571696222992419  0.08654078083518996  0.11334206589076604
  0.13927210902658091  0.16167213996291563  0.17776466445023573  0.19121734419818567
  0.20301440074466248  0.21461193715083421  0.22556703303451547  0.23584414649333524
  0.24587927922128985  0.25670883638137854  0.26855754216893807  0.27999556128037878
  0.28923242522748172  0.29689105163690666  0.30370288660482897  0.31009069427001773
  0.31680895236774986  0.32328899727412658  0.32969910115182310  0.33595266194937573
  0.34229756918741155  0.34903081152467774  0.35567543970693866  0.36185397561777932
  0.36763709446342008  0.37314046920091654  0.37907924568145029  0.38525796635093418
  0.39145570259222656  0.39772298738754153  0.40402082845425125  0.41026328286830976
  0.41641494391111700  0.42244451556430801  0.42853004215953311  0.43423233798681543
  0.43976880121868417  0.44513217176045689  0.45032143843850791  0.45547648646776862
  0.46074162145156666  0.46603807761448507  0.47126691891523209  0.47652773449163033
  0.48188230251003211  0.48731226043260578  0.49249204081438702  0.49770612769867595
  0.50273759450305222  0.50776497901512541  0.51292117108476154  0.51819632523855252
  0.52350666728948003  0.52869030086562296  0.53383487930693385  0.53905878197840151
  0.54426211430886151  0.54962833267023881  0.55513642407115538  0.56092951156479764
  0.56712476848138327  0.57345585938129906  0.57963308125027690  0.58582512701429823
  0.59249356099619221  0.59912512895243730  0.60594111735454925  0.61276146413174459
  0.61965582371976957  0.62689878279910705  0.63442584177089401  0.64236550466840259
  0.65049892217731542  0.65830995505585099  0.66613033059015470  0.67392530156356734
  0.68199990240776553  0.69084688344417511  0.70044189080418828  0.71054652493797188
  0.72120029095320992  0.73293750575106986  0.74602562915586745  0.76029703726642694
  0.77630534715778410  0.79435085868210897  0.81353336161871415  0.83332979471089019
  0.85722305315507952  0.89019144964049479  0.93757644508608351  1.00000000000000000
 -0.00249063630344948  0.00972529164159909  0.02086180890099425  0.03106438838663121
  0.04184831796677015  0.05245727058213753  0.06503159411461522  0.07484988212890560
  0.08425811023578132  0.09335036821941681  0.10365860489773339  0.11371857372749535
  0.12332076649838436  0.13297392867403970  0.14300966060084477  0.15343253172971039
  0.16438822706580072  0.17514148995993090  0.18584240895133936  0.19680768100057958
  0.20930509852829698  0.22123980358283543  0.23284864929095939  0.24398061173749139
  0.25509035501310845  0.26662803024713672  0.27834035077352420  0.28994430279506656
  0.30107790276518420  0.31159633895296757  0.32128092270023739  0.33044392614034424
  0.33972866535378887  0.34909046572660024  0.35875383140318473  0.36829001696457742
  0.37879558386028966  0.39041763739086888  0.40190421726835468  0.41288605923941096
  0.42332556642192437  0.43327693014488755  0.44342177604726751  0.45449222019567653
  0.46609995125800180  0.47689924098226355  0.48695049550993341  0.49684432288983948
  0.50706816094523954  0.51791531816550396  0.52886781797176208  0.53946613358199114
  0.55006107610972288  0.56114421497312528  0.57249287597557252  0.58379846615623499
  0.59466839359086798  0.60544376375094344  0.61568816467631426  0.62586831648947017
  0.63623998391739200  0.64721185318833119  0.65896377134360673  0.67103304679137088
  0.68279541640159636  0.69376966896741932  0.70466077892543988  0.71575700511228701
  0.72730739548604839  0.73921574743573193  0.75111225383968794  0.76216739546334478
  0.77230763419514570  0.78218558710895958  0.79222601857762709  0.80271571342784653
  0.81342167332349435  0.82413939106752576  0.83475828678132169  0.84513677826636058
  0.85562865103218433  0.86593978772002056  0.87601477123141502  0.88613482801082888
  0.89650946584374192  0.90768169642040708  0.91868609605457840  0.92848621587890956
  0.93765173758365006  0.94664295879049287  0.95570075262252652  0.96441137667697552
  0.97262052195073878  0.98107231491755964  0.99035362962299678  1.00000000000000000
 -0.01108170559500737  0.06029323634419746  0.10810787365404669  0.14378731644238482
  0.17290687657415776  0.19632058204010358  0.21558741152292138  0.23312989041382898
  0.24901899489556661  0.26324931341033997  0.27566327774329935  0.28681013914607123
  0.29683391861816738  0.30585334416798288  0.31457258137926863  0.32332138794599424
  0.33198148631914409  0.33981712005887343  0.34694928926394569  0.35401537745440309
  0.36154854936245129  0.36908809321492669  0.37647461131450410  0.38322593182395681
  0.38985192536895957  0.39628221680423292  0.40250594497478198  0.40864592330213501
  0.41477266381365496  0.42081215394990229  0.42670170169342886  0.43253261302112023
  0.43864028053420628  0.44321640209844287  0.44807298055333916  0.45283512592132358
  0.45756782633828041  0.46231949868026329  0.46700250054504738  0.47154142038759850
  0.47598404855447901  0.48029562767417333  0.48452887679710682  0.48878414933811903
  0.49303154588865017  0.49726362603882290  0.50150226236162387  0.50568988578538021
  0.50984347032419486  0.51398709754959115  0.51833710654103315  0.52311088534732741
  0.52808982820430106  0.53296551880837451  0.53774217277291680  0.54262765645862998
  0.54802680029228779  0.55342912937448741  0.55841160060317585  0.56324448183432052
  0.56797213457201035  0.57265249103978733  0.57742743426851939  0.58231781975224384
  0.58737783006801869  0.59268573762981613  0.59830927582355797  0.60405652550437094
  0.60997116100987847  0.61571397203234879  0.62143549385856889  0.62741760974328231
  0.63366633118570193  0.64014040550946893  0.64660609633746202  0.65301076701054006
  0.65954992877737517  0.66645299867128327  0.67394047563536852  0.68198661947092365
  0.69061658194281828  0.69925792745858617  0.70792966095300480  0.71670709331252513
  0.72618102087195369  0.73644433636946471  0.74797394941578399  0.76125043675776405
  0.77604419240528100  0.79228321855337891  0.81070107171121164  0.83121063776852910
  0.85657228035735999  0.88880384749051655  0.93582645699725497  1.00000000000000000
 -0.00258746185850941  0.00919668108028714  0.02004407429777948  0.03132437682939809
  0.04275378238185206  0.05376711548811958  0.06458660425625873  0.07577432558846721
  0.08750664006831083  0.09873284075939096  0.10936287489736660  0.11993954003175122
  0.13069326645687709  0.14176043687429840  0.15304095303818857  0.16458828023859839
  0.17593837849799182  0.18730704467917716  0.19765619151104388  0.20706024320138514
  0.21632137150596015  0.22571108161522538  0.23678144881417831  0.24863836736386646
  0.26061979101140914  0.27289323565670343  0.28432476164523651  0.29540799959962677
  0.30632259170402537  0.31717791476736057  0.32810654548210294  0.33872371386740008
  0.34908579495842507  0.35919857005461642  0.36897627036724623  0.37875720038964655
  0.38809336779609899  0.39772024154468000  0.40780475954447259  0.41739858750492093
  0.42665073833098949  0.43634740454306647  0.44603412221498623  0.45533008658193641
  0.46409453389742644  0.47303534498929251  0.48229030963906372  0.49167477237061213
  0.50189289182676278  0.51200650573045037  0.52251936181123482  0.53220548541917190
  0.54147953283994532  0.55136548714309230  0.56152523587472358  0.57159283088498147
  0.58227433239650905  0.59353690163725281  0.60490578640686143  0.61567919723214271
  0.62605233141325545  0.63597709848155648  0.64576427390935875  0.65557589325490129
  0.66558020958622843  0.67650228586427830  0.68661120155067024  0.69644502293325794
  0.70676232796828287  0.71844093144632604  0.73040361423187372  0.74162397673938329
  0.75255738940974803  0.76418991739915265  0.77604678484161849  0.78778146942863692
  0.79943403038954408  0.81089904589632933  0.82120541006950798  0.83042146149846185
  0.84022178285042315  0.85035960010585310  0.86040894758426967  0.86989284139038303
  0.87951917856335482  0.88981350547270155  0.89990433922078672  0.90989921844752131
  0.92046509900576601  0.93157318927195809  0.94244229196104301  0.95273979172730039
  0.96263884478036943  0.97351898268849990  0.98552500131716259  1.00000000000000000
 -0.00269014077556162  0.01015540156983659  0.02094966967144301  0.03095976726063974
  0.04114315949552153  0.05147546577719039  0.06158733387951393  0.07177693548674656
  0.08160417557120089  0.09349494428838043  0.10505232137016160  0.11606939750662178
  0.12711911872090853  0.13832896178573828  0.14971873482654088  0.16100294720905001
  0.17160001096192748  0.18115023567580454  0.19023055406493181  0.19923727575641278
  0.20883202180363419  0.21914329343445618  0.22975216528500089  0.24122562154642166
  0.25216551908546209  0.26220700219662046  0.27243362083823447  0.28276068385952463
  0.29300853783643316  0.30252891753833749  0.31207846957229307  0.32259500783333639
  0.33365389037031973  0.34379745240914783  0.35421614195576373  0.36542973195027445
  0.37705568841360732  0.38720649525924788  0.39740223888100096  0.40743580972741233
  0.41772999469937810  0.42762017805498415  0.43690832597641766  0.44690163828266705
  0.45808347678478278  0.46994610138003762  0.48224800294999326  0.49382877017780763
  0.50477804220701838  0.51547032732620734  0.52650361027505888  0.53802185372570099
  0.54946320517079505  0.56091752452682864  0.57263919462391311  0.58460463143744246
  0.59647976800618696  0.60801827280272136  0.61921852235115227  0.62993487802583759
  0.64054077207052895  0.65115545483422721  0.66220965427255563  0.67414623233658000
  0.68602709099350212  0.69707993184872885  0.70711817181687464  0.71655662588454117
  0.72617233975945217  0.73619271170077627  0.74611737721079574  0.75589239264886410
  0.76605475619558105  0.77717104833917150  0.78876369644625599  0.79989889530741165
  0.81044144298922571  0.82043617241885081  0.83029943416711804  0.84012949201228582
  0.85032511488397189  0.86058088412032607  0.87084451373834937  0.88103742415835362
  0.89101697690961146  0.90047829031722315  0.90936989649993893  0.91834058094378135
  0.92787962352966524  0.93757833341950059  0.94690051779258877  0.95478777534236259
  0.96476942833458512  0.97574274747731815  0.98799697007517528  1.00000000000000000
  0.10744588404361247  0.21553886038608996  0.25722710830651702  0.28264916292097986
  0.30357675704097614  0.32121565489930942  0.33786853004241518  0.35245412598617892
  0.36552457743613676  0.37739318487205414  0.38844167809486885  0.39910368547663327
  0.40858728992267213  0.41740502974511501  0.42592062191789454  0.43421437730719320
  0.44202325683048543  0.44913531860193795  0.45631326462071931  0.46343273214284714
  0.47013515715125526  0.47648375760021633  0.48231135950922566  0.48801032168317476
  0.49382649200443718  0.49962823910863280  0.50533492818213088  0.51085780724642071
  0.51613906655412756  0.52130437839699661  0.52646400625848189  0.53153494849593608
  0.53690163552034242  0.54228595529597901  0.54730162481402422  0.55186681104401791
  0.55623466026832669  0.56079898724239186  0.56567688683482187  0.57101238361314022
  0.57650240813947506  0.58181198798045108  0.58661314089138317  0.59111411763026922
  0.59588857840812470  0.60042923479845522  0.60472858554283027  0.60908050527393487
  0.61341783816418838  0.61780472001113707  0.62225803050161854  0.62667457254324144
  0.63093769249346943  0.63507268324042121  0.63915096743554722  0.64312948223585897
  0.64707915401960603  0.65117367199738985  0.65538831146952226  0.65963945310486971
  0.66382068972914066  0.66782895974726086  0.67174570502448128  0.67569562893015245
  0.67968622374981102  0.68364603184435724  0.68758285032532851  0.69156493220838178
  0.69556060013903631  0.69982071785859645  0.70403091711880672  0.70838197488661903
  0.71275721215267707  0.71723618147371693  0.72164300253152014  0.72618987201865981
  0.73105507949642667  0.73588504362150997  0.74056971391650495  0.74526955281173557
  0.75008737939882886  0.75520573168763883  0.76060769055793687  0.76605647779051067
  0.77150353667600724  0.77723973534965196  0.78344927620342808  0.79025734905893763
  0.79775055219654234  0.80582752674846558  0.81475553378118881  0.82547950469333520
  0.83850513531397242  0.85586163183937913  0.88608820279793643  1.00000000000000000
 -0.03057480468002633  0.14977818505575771  0.19792097638207015  0.22565283070076589
  0.24577243952357308  0.26245186564201861  0.27708584520121449  0.28925719094895519
  0.29956066377215868  0.30860831446129067  0.31705132323354990  0.32486128956730292
  0.33235690549109909  0.33928798075062322  0.34585205402686270  0.35245706738700355
  0.35892546615066961  0.36548619834225726  0.37150888004561983  0.37733886284953644
  0.38271067559850919  0.38797641060491245  0.39315058494835109  0.39826118921039005
  0.40310307263690265  0.40751641115623993  0.41174978599251388  0.41588391095280453
  0.42008877741618950  0.42450827245197187  0.42885482914186529  0.43304386576604281
  0.43710332267539448  0.44110951904409218  0.44518503345509980  0.44923925186578262
  0.45352788244961439  0.45770027817162751  0.46201137939243991  0.46614279537933201
  0.47018666218282795  0.47394384579190169  0.47770691888380645  0.48163156267731394
  0.48571084702813838  0.48976905462201292  0.49388497430888412  0.49809358828995770
  0.50241837509017606  0.50668386158420053  0.51081433920742225  0.51489239348304505
  0.51906288755021857  0.52342637619065591  0.52799231160634119  0.53272532181326204
  0.53764492735022684  0.54217916537433342  0.54640173270946946  0.55039911764752558
  0.55454251600159787  0.55894522611170017  0.56391513295157836  0.56891248790915683
  0.57329552173391263  0.57739456121047261  0.58136959896219698  0.58527419716437790
  0.58922745309154712  0.59347515869561007  0.59797071668070967  0.60257517029367891
  0.60709792200558421  0.61152776979237911  0.61596453024438313  0.62051264836953091
  0.62594261534620765  0.63208652257451858  0.63855535032918920  0.64548237237270545
  0.65318606374729982  0.66140806415464659  0.66941832665431844  0.67714594709219500
  0.68508209457925018  0.69317269188730424  0.70129096943842650  0.70957873713807751
  0.71833394052930122  0.72774022153864726  0.73936253884966863  0.75328848058191189
  0.77108912536635721  0.79610869903125636  0.83946173762433640  1.00000000000000000
   3.2801377003458755E-013  -1.0000000000000000     
 T T T T T T T T T T T T T T T T T T T T T T T T T T T T T T T T T T T T T T T T T T T T T T T T T T T T T T T T T T T T T T T T F F F F F F F F F F F F F F F F F F F F F F F F F F F F F F F F F F F F F F F F F F F F F F F F F F F F F F F F F F F F F F F F
  <DiscreteSampler_grid>
  grouped_processes
  1 # 1 for a reference and 2 for a running grid.
  10 # Attribute 'min_bin_probing_points' of the grid.
  1 # Attribute 'grid_mode' of the grid. 1=='default',2=='initialization'
  0.0000000000000000 # Attribute 'small_contrib_threshold' of the grid.
  0.5000000000000000 # Attribute 'damping_power' of the grid.
 # binID   n_entries weight   weight_sqr   abs_weight
    10   10   3.307362061704407E-002   4.667082244387203E-003   3.307362061704407E-002
    16   10   3.307362061704407E-002   4.667082244387202E-003   3.307362061704407E-002
    22   10   3.307362061704412E-002   4.667082244387207E-003   3.307362061704412E-002
    28   10   3.307362061704412E-002   4.667082244387206E-003   3.307362061704412E-002
  </DiscreteSampler_grid>
