  0.00000064759105472  0.00001168156987313  0.00001962456450624  0.00002511845439009
  0.00003103196647786  0.00003651481107960  0.00004191289366145  0.00004741269990214
  0.00005312898392713  0.00005889742332239  0.00006470294966693  0.00007045892450564
  0.00007618356704737  0.00008194874999094  0.00008780215811202  0.00009371347371768
  0.00009965515076206  0.00010570678095101  0.00011192698330744  0.00011823545755802
  0.00012465724504354  0.00013124927175060  0.00013794431650384  0.00014461735671973
  0.00015142229230971  0.00015828088923876  0.00016532454805343  0.00017260338486018
  0.00018015566500046  0.00018787016627317  0.00019569099924926  0.00020402118404139
  0.00021257310009345  0.00022143042317201  0.00023050642649550  0.00023970954893681
  0.00024916687698475  0.00025888664334874  0.00026892682754587  0.00027973525481268
  0.00029074035395168  0.00030234167697610  0.00031408474087031  0.00032653309873188
  0.00033972669282880  0.00035337263204719  0.00036741813560816  0.00038189671774102
  0.00039689137049143  0.00041299505820341  0.00042974675061204  0.00044739171749556
  0.00046590400479045  0.00048543692752657  0.00050649437270269  0.00052875509754217
  0.00055264896364701  0.00057745409252290  0.00060338048312364  0.00063044014279306
  0.00065859561972231  0.00068805751183075  0.00071911207470832  0.00075266237683520
  0.00078923349664093  0.00082920831451566  0.00087234993761882  0.00091832796615225
  0.00096765084140489  0.00102128496520682  0.00107964545405075  0.00114287217112296
  0.00121055265168418  0.00128497610771910  0.00136593607434117  0.00145288649211423
  0.00154536203900373  0.00164497362501458  0.00175396620828524  0.00187472456657765
  0.00200533832218506  0.00215518637675297  0.00233330369488973  0.00254321822723601
  0.00277815760768302  0.00304073884229965  0.00333575644077538  0.00367916803823100
  0.00406691846122321  0.00450963948512937  0.00515069871801385  0.00619840114655400
  0.00769802795092525  0.01014275977314721  0.06204217337525663  1.00000000000000000
 -0.00185461558049701  0.00981363281081656  0.01960868786205638  0.03000005181612134
  0.04009455930242223  0.05096886223531767  0.06140585273033634  0.07240162149576743
  0.08309772074227319  0.09364738864248763  0.10397283532595746  0.11444223659530965
  0.12507532393900070  0.13589620984932790  0.14660180087638017  0.15744374774554187
  0.16817845287328737  0.17907940496741409  0.18984035797427878  0.20071918935258548
  0.21154137290021946  0.22210387596204961  0.23233785020158082  0.24236560268494431
  0.25267231208880703  0.26309177854540788  0.27365004551898359  0.28396501750903319
  0.29457796337072095  0.30524377393418117  0.31605237371826328  0.32664669369843663
  0.33767360224273091  0.34834962975533318  0.35915715537900583  0.36973600393538814
  0.38061448286453187  0.39151490526479998  0.40231681865940888  0.41292752954714806
  0.42344664274360633  0.43396744863352488  0.44477526774790682  0.45567420604399794
  0.46641277457978392  0.47680630310936906  0.48685729651997167  0.49702724585393893
  0.50732020915758680  0.51767777470467458  0.52811997749329254  0.53877827571285497
  0.54995055399793968  0.56131465289768401  0.57218942407630657  0.58320314824388375
  0.59370853672218671  0.60422393131490237  0.61448431412298832  0.62459494195115117
  0.63500353551446598  0.64519506244687974  0.65587154153485006  0.66654038852592312
  0.67660586956546787  0.68676654710804841  0.69656913372555551  0.70672984937856731
  0.71683180309279304  0.72725774990610914  0.73764470928877712  0.74838362050413432
  0.75929399930282115  0.77018648659521793  0.78071477657998090  0.79116189353632205
  0.80181649188961113  0.81260021350401679  0.82313614666708579  0.83347972468647413
  0.84332043232429532  0.85361424729655766  0.86374855807464979  0.87433927402776779
  0.88455254157186347  0.89500469667722560  0.90541470236227339  0.91599379047604534
  0.92640713731089253  0.93690465803806333  0.94730054987768364  0.95803095877505084
  0.96854869647078534  0.97914120229601131  0.98965374033453357  1.00000000000000000
 -0.00416167103896670  0.02694741851841303  0.04884302205426896  0.06705544587357881
  0.08321247503195418  0.09803765374922820  0.11199490163822756  0.12517746168904051
  0.13767298928066207  0.14969560898310635  0.16141343490412022  0.17303214272385026
  0.18468907409368740  0.19594324194194848  0.20677869711665786  0.21731185701309785
  0.22759651697423017  0.23775078663451277  0.24770532705773723  0.25768460149838912
  0.26774526896723411  0.27781137436793873  0.28810402903200277  0.29803719523950950
  0.30769996350419798  0.31679058834116613  0.32561272057001811  0.33425015584098366
  0.34277660240530566  0.35119864903838577  0.35952384876614435  0.36756973812850213
  0.37562344643216777  0.38375850611709061  0.39204143985106038  0.40048659007607523
  0.40887532439479357  0.41737289900944508  0.42576029142566424  0.43418659456122510
  0.44246447545226469  0.45061915277103087  0.45861835454788513  0.46638458138032668
  0.47413072167308196  0.48189053544319810  0.48960551835656679  0.49726895900641427
  0.50491665399788155  0.51248404161340011  0.52005536048295919  0.52763549857774328
  0.53536910653214653  0.54313355075398928  0.55092376085399863  0.55869828086519524
  0.56633393436664048  0.57416393327080262  0.58205922212255301  0.58985040244256726
  0.59742299699434120  0.60494892160273495  0.61260068630407194  0.62037511083917307
  0.62822603072945993  0.63604802130509308  0.64382209383422528  0.65173291799471211
  0.65969909063228604  0.66790587525749323  0.67642350989654743  0.68510057465646435
  0.69390184767124896  0.70279345235365387  0.71174926713214137  0.72078044813136266
  0.72973338964922307  0.73867079703740246  0.74756025044792174  0.75678277389080639
  0.76629178534502052  0.77615886027416869  0.78650435992095247  0.79692217630190920
  0.80760795547675834  0.81849986110088213  0.82990544648396902  0.84161834765729204
  0.85388765595257687  0.86689708156275136  0.88041474472973724  0.89490123207717553
  0.91145667894361870  0.93086330237898129  0.95720117290612650  1.00000000000000000
 -0.01812894465136047  0.10507233019378251  0.14066818980897963  0.16286305383849084
  0.18079238342747070  0.19594961911825956  0.20914898374827273  0.22088388770919382
  0.23181554524248402  0.24204535387002990  0.25168713773092821  0.26074821613876226
  0.26959925259715828  0.27818775996792378  0.28644806680478679  0.29441246489656242
  0.30228040302602827  0.31003048962481194  0.31767773988499681  0.32509631533934003
  0.33255111543593513  0.33968004969580928  0.34661598513529335  0.35338248500523212
  0.35998637914754222  0.36661165950223551  0.37322447087033211  0.37970253014639910
  0.38606866223764452  0.39235201840647171  0.39856240229097523  0.40474772890471328
  0.41089190284235771  0.41703559400884538  0.42311381160347200  0.42917877381323150
  0.43508405206618833  0.44092222920977170  0.44671236924332069  0.45255811986568939
  0.45841777684877033  0.46406627604615930  0.46959312827866828  0.47506003855381185
  0.48046595995300712  0.48588823178466017  0.49129024272477972  0.49673656484706147
  0.50234265427163227  0.50806163932912118  0.51368260751312478  0.51923848280148477
  0.52483287778779297  0.53048088438830576  0.53623519578302881  0.54206551483301568
  0.54795248959004450  0.55386953233848846  0.55974518583468158  0.56557820396932124
  0.57140602991533107  0.57722213723798266  0.58307156037604402  0.58903962080152039
  0.59503238227508259  0.60111437852110883  0.60724887569939523  0.61344456292357485
  0.61964756588360259  0.62591874524643842  0.63226660554502478  0.63871557383576605
  0.64528501019624307  0.65195209376895569  0.65865517023434805  0.66545479214786352
  0.67257214988497460  0.67982147355921962  0.68719322597611121  0.69478117309947107
  0.70253091149144331  0.71070747263044642  0.71935643389881909  0.72836079706799794
  0.73784340142535099  0.74775913388885062  0.75804128449275621  0.76857907949718818
  0.77954331208829808  0.79126552048789611  0.80420896537352682  0.81896904530733450
  0.83635359276345167  0.85804183225578057  0.89337933227376720  1.00000000000000000
   1.4542487360874566E-002  -1.0000000000000000     
 F F F F F F F F F F F F F F F F F F F F F F F F F F F F F F F F
