  0.00003465673345204  0.00003739524091389  0.00004006923334924  0.00004275353652395
  0.00004533601462442  0.00004725003509536  0.00004915819834674  0.00005140886109825
  0.00005376565186194  0.00005606577011145  0.00005868175190202  0.00006146414941458
  0.00006456649498367  0.00006767956126286  0.00007126755046054  0.00007520082739686
  0.00007905252787799  0.00008305550266616  0.00008702089196775  0.00009126116365045
  0.00009581309257134  0.00010060668797218  0.00010565834338640  0.00011090533642309
  0.00011657085584160  0.00012271500234914  0.00012930094700786  0.00013604738964182
  0.00014293681281932  0.00015029063143126  0.00015813360379951  0.00016637217019775
  0.00017501952790758  0.00018404585634871  0.00019332376582583  0.00020284840727722
  0.00021298448386323  0.00022385052777372  0.00023532685011808  0.00024767925801974
  0.00026062873277839  0.00027432986626738  0.00028890489969459  0.00030393562440728
  0.00031895347335683  0.00033426897457350  0.00035022613389129  0.00036671350404150
  0.00038381401635662  0.00040151062999036  0.00041966655445737  0.00043809121587718
  0.00045682813314036  0.00047663420282671  0.00049699656123869  0.00051768853115195
  0.00053880726130384  0.00056102206793544  0.00058451509373010  0.00060932009818085
  0.00063440648260217  0.00066053311823483  0.00068821889638076  0.00071608098604451
  0.00074595784664044  0.00077823948183047  0.00081189492288327  0.00084743429111397
  0.00088513625679409  0.00092405103954356  0.00096613546424418  0.00101201482419578
  0.00106114172649909  0.00111349374761316  0.00117001134597124  0.00123229045658256
  0.00130023989111976  0.00137474038159674  0.00145801541664416  0.00155090102184892
  0.00165660091960900  0.00177994333592122  0.00192219822484354  0.00208680387977806
  0.00228019462819194  0.00251548249133710  0.00281602976053914  0.00321207056945092
  0.00373061910971753  0.00442932797560575  0.00557076527747457  0.00795354188005386
  0.01403070939854757  0.14072861250059054  0.49722018850058325  1.00000000000000000
  0.05282564772565376  0.05484953180483803  0.05619583327450237  0.05730804354733329
  0.05831940231079912  0.05926482166584403  0.06015082693512418  0.06099621918994776
  0.06181337498188503  0.06261116664287235  0.06339981377036247  0.06417986421222692
  0.06494600083250346  0.06570804352614690  0.06646855130219326  0.06722232190282498
  0.06796774649556814  0.06870420531071829  0.06944800659738504  0.07020057220485527
  0.07097284607082065  0.07175532266284396  0.07254856596197885  0.07334403503391254
  0.07413202661413908  0.07492432483604240  0.07572813819843181  0.07654308630447389
  0.07736961425849634  0.07818636376732481  0.07899145347843621  0.07978365325431719
  0.08057471020291962  0.08137609550970690  0.08219366342615400  0.08304198121475370
  0.08394902792357870  0.08484279267411222  0.08573428253897797  0.08653412384000476
  0.08736233457903997  0.08819093955309920  0.08905912242414189  0.08995568266536688
  0.09085557042504994  0.09178066819770903  0.09272553829523456  0.09371074443869633
  0.09471685456778046  0.09579065299713609  0.09689902181889001  0.09799631455932407
  0.09909101991357340  0.10019872294808184  0.10134248430573632  0.10250541814796597
  0.10372035442037159  0.10497095798609800  0.10625008224833928  0.10754841529110273
  0.10884053719975011  0.11015595744577579  0.11148221143002614  0.11287582455726679
  0.11433432561586858  0.11582868401397155  0.11738071691046124  0.11906063838958593
  0.12076347838319416  0.12248348821425147  0.12424161283311681  0.12602109422422375
  0.12777172486957150  0.12947707899859140  0.13118330189607189  0.13300344376202525
  0.13513365771669325  0.13746075621167800  0.13986678914241976  0.14232556514893419
  0.14488199376351477  0.14762443281283227  0.15033065297794129  0.15335822406623989
  0.15650064985521311  0.16009431846858185  0.16428495755748124  0.16887281185489469
  0.17390781959696006  0.17927241653193185  0.18473459389896579  0.19314822859660233
  0.20270731978967724  0.21413369157345752  0.22963086562809917  1.00000000000000000
  0.00001508073610034  0.00129344679389400  0.00168878327001377  0.00192056757229397
  0.00212411918693896  0.00229638165275289  0.00246134304281828  0.00262850746470828
  0.00279391580149522  0.00295829227419639  0.00312760087022406  0.00329704146772488
  0.00346456568963898  0.00363327969575457  0.00380177118211413  0.00396986616308825
  0.00413983411245009  0.00430829998483340  0.00447493874860036  0.00464211110883213
  0.00481112266327916  0.00498203643602356  0.00514921492152346  0.00531425865411906
  0.00548415431073856  0.00565697347461015  0.00583771749742494  0.00602844116911284
  0.00622324009516543  0.00641752894071895  0.00661140044620414  0.00680530044166792
  0.00699750644780452  0.00718828402549390  0.00738119128051302  0.00758107821205299
  0.00779071387474337  0.00800793613664373  0.00823050107387622  0.00845775254760113
  0.00868839868341025  0.00892649207313782  0.00917517054702873  0.00943119791733127
  0.00969321665414828  0.00995815293393867  0.01023067070494650  0.01051485884506930
  0.01081267509155140  0.01112019435626189  0.01143229323139535  0.01177204775867021
  0.01213259401470864  0.01250023759835028  0.01287430882926354  0.01326356949028204
  0.01366973768011247  0.01409128156140622  0.01453185505625354  0.01498728836329496
  0.01546531839516344  0.01596197476063738  0.01649422950131336  0.01704756436129955
  0.01764053104388116  0.01825986020408780  0.01890845911080420  0.01957680217708207
  0.02026055256007513  0.02097704800159128  0.02172691907190880  0.02251765609128692
  0.02337358092969941  0.02429977420646156  0.02529523452973209  0.02636815012357052
  0.02751100317322550  0.02871222351875999  0.02997028220406596  0.03126154932005554
  0.03260010561569479  0.03404646652158461  0.03577993319169556  0.03766993172102086
  0.03961249358139295  0.04190665622083434  0.04451642175714974  0.04772136189170192
  0.05135570891348255  0.05550755420327524  0.06047211827318382  0.06704932499048204
  0.07518679903599119  0.08451478162398637  0.09887037433079808  1.00000000000000000
 -0.00203997268283454  0.00726063505815878  0.01619366921616801  0.02477047544723062
  0.03343764245612356  0.04240750029953350  0.05151893719950234  0.06079382863600527
  0.07011227850740388  0.07946893627439058  0.08994415487828697  0.10110000542063566
  0.11220619458972456  0.12332981793326298  0.13462373526029564  0.14590400455358388
  0.15672589203816864  0.16745679077602138  0.17881310529581132  0.19065785977583918
  0.20275616889530373  0.21468856487405105  0.22632390250337181  0.23790466174954319
  0.24941417905902824  0.26076861699015980  0.27204969067099921  0.28348010387271133
  0.29495872272698120  0.30641137972256877  0.31788440891371250  0.32922470315930458
  0.34037144414420317  0.35128540272543829  0.36217784310781043  0.37321816324981411
  0.38428853579166916  0.39525199338653194  0.40603072118462091  0.41686118526766541
  0.42783869601588070  0.43888776177220507  0.45004633464516308  0.46133156745597931
  0.47271150913526638  0.48415367317304392  0.49550127444253167  0.50675861156651181
  0.51779487937107016  0.52872854106153189  0.53968585635628508  0.55057022896982521
  0.56144664299810076  0.57220708533052145  0.58281249046129413  0.59310961492844461
  0.60316709460730855  0.61322183500011707  0.62332461635041192  0.63325831914957609
  0.64303694209297457  0.65283478247986071  0.66288320029673287  0.67324563474957277
  0.68390322091870204  0.69494201880332762  0.70603100237836391  0.71666014626228480
  0.72691750799308852  0.73726075658761581  0.74798350352359444  0.75886698007915587
  0.76970986488477666  0.78134857815520786  0.79323721569309036  0.80518271012656473
  0.81620879081392306  0.82652850281821177  0.83684193392709094  0.84737297841249226
  0.85791093580699784  0.86878501230744121  0.87972428785334045  0.89071187288097731
  0.90116369418031561  0.91123996427675669  0.92128010822155515  0.93137535277810934
  0.94079260129168174  0.94976404353670651  0.95879494848198354  0.96784420599639087
  0.97642119818849493  0.98439502323537986  0.99200949070632494  1.00000000000000000
 -0.00209475380007987  0.00865784468604944  0.01759316729034659  0.02825229938767674
  0.03869027299272754  0.04869337091123203  0.05911040063594290  0.06930349193803534
  0.08006042085069823  0.09070879509591788  0.10148297471109428  0.11224761205511558
  0.12304371637886449  0.13372775508244797  0.14435005121058725  0.15443543898419662
  0.16485533675674272  0.17545341195549222  0.18603932379751245  0.19550419780780898
  0.20489991431131513  0.21438792229336939  0.22386551627207779  0.23383326057100393
  0.24361980940757436  0.25524086800003470  0.26685568367359719  0.27804338885886137
  0.28839951767533967  0.29865046759619174  0.30887429282685214  0.31949980230205288
  0.33044974901083751  0.34154429842815093  0.35241284967629644  0.36312237813274667
  0.37363514950971977  0.38396570729419049  0.39439049006831384  0.40508116705262937
  0.41602476845653874  0.42704568809621546  0.43772462163735493  0.44829169309488154
  0.45871222695896829  0.46897714852904532  0.47937926302147627  0.49012069849106749
  0.50095895923339395  0.51152948001919674  0.52195148392741519  0.53249965715114089
  0.54277540875519592  0.55290664200048023  0.56296447748693701  0.57308332269750684
  0.58303649014437420  0.59313037129140789  0.60316644119060858  0.61347088669391581
  0.62371320249544793  0.63456702235719686  0.64549231381033545  0.65635336458026838
  0.66695275711813995  0.67767900940383696  0.68827940554002798  0.69850858137196437
  0.70861472155372585  0.71870433381550036  0.72910093853639146  0.73978673804136075
  0.75067841039100891  0.76156851914650714  0.77270028495043031  0.78396488675119302
  0.79495524814290963  0.80590303801986618  0.81673849492442796  0.82745400153240412
  0.83846741745964626  0.85011189969677003  0.86059730708113269  0.87061988548267166
  0.88047715668500326  0.89065025538948406  0.90078931000879769  0.91140817680552544
  0.92225388261320596  0.93306162934514958  0.94378180487640884  0.95452912903407916
  0.96520509909831698  0.97590566784106370  0.98731171970968512  1.00000000000000000
 -0.01056754167787388  0.05157627208003576  0.09170261401159760  0.12408714737487248
  0.15075986985520520  0.17245439536212503  0.19097973437143662  0.20784388563367984
  0.22333826871825332  0.23658830312610157  0.24876296532874950  0.26064229832259267
  0.27162962857727618  0.28140637984525091  0.29057987849429623  0.30027401593143288
  0.30931448777039822  0.31794232662138255  0.32649757381450767  0.33464618612053088
  0.34249831932184965  0.35012138487551775  0.35734642625925483  0.36435585936921966
  0.37108806236766417  0.37746441441265399  0.38355462108280214  0.38952141966919940
  0.39541504409710981  0.40126520703142016  0.40710089737320487  0.41294234620616915
  0.41867245580267615  0.42429562206205784  0.42980216850283337  0.43518056937772859
  0.44047465008757059  0.44575972972933825  0.45111318476703605  0.45650173585844356
  0.46196204295984089  0.46735710033742361  0.47272908283342074  0.47800210514039415
  0.48316639257755584  0.48829707430297348  0.49336237458021098  0.49840643257094985
  0.50337858086026988  0.50842348710956842  0.51356870895771733  0.51880575165684917
  0.52405915370296408  0.52923506440878021  0.53440418449781502  0.53957870468432845
  0.54486794298443564  0.55024808540929071  0.55570785949087054  0.56122646129529430
  0.56675409675389432  0.57239941774399306  0.57815096057754312  0.58385261002245903
  0.58955075630274867  0.59526961968489522  0.60107572862548697  0.60711033029253481
  0.61342645732723655  0.61989436239916518  0.62647588002943555  0.63318064111524064
  0.64008451898149088  0.64714381696193624  0.65434424992231210  0.66178593639435845
  0.66924609289726800  0.67661359035075208  0.68410436191018520  0.69209335611041067
  0.70055331376622221  0.70929789250934749  0.71847236497497802  0.72816652796828207
  0.73936769694017290  0.75157362802317718  0.76444427216452771  0.77792167056615991
  0.79260760396207863  0.80962211429333975  0.82995123162126405  0.85308261186535761
  0.87963072234657180  0.91133797442712561  0.95016027141604809  1.00000000000000000
 -0.00202216445563620  0.00871336812102682  0.01814447447865682  0.02800382637274600
  0.03805970698280977  0.04802786375119111  0.05784824690590155  0.06780612524603455
  0.07784713378041604  0.08814804854896566  0.09851626882097397  0.10917662128473643
  0.12020288010786129  0.13117631879600272  0.14185428810313538  0.15234906811432269
  0.16298942536889396  0.17384111648361622  0.18475141041360704  0.19542861537048570
  0.20621553725895544  0.21705601229229421  0.22757173650467477  0.23757132956508345
  0.24729693538934552  0.25740560057360079  0.26791706331746207  0.27878087368445431
  0.28970622907195354  0.30031969235832301  0.31064523598860738  0.32131990886838424
  0.33201481757117585  0.34257815210979620  0.35331429435104361  0.36408604605568456
  0.37477269416981090  0.38522416765484263  0.39550196060166687  0.40561806867965233
  0.41627400827336819  0.42729068402316467  0.43851837707922586  0.44937600813863238
  0.46049308671175526  0.47222974096851322  0.48363644541059980  0.49470220618426664
  0.50568604031786701  0.51687894946207824  0.52785652323678800  0.53861727948273641
  0.54922716520321413  0.55976693061809379  0.57036516098367906  0.58080972250296048
  0.59124115342867223  0.60138567019052891  0.61204512813416223  0.62241160940109408
  0.63239882481256782  0.64201838981521253  0.65243184749395811  0.66367615682456371
  0.67388455396618319  0.68369686427716547  0.69345175021783723  0.70344799100644184
  0.71353715569128751  0.72340713292183323  0.73381026079258982  0.74413261538241038
  0.75414613928754060  0.76432574261405128  0.77501878533423052  0.78630759380674198
  0.79787373424141050  0.80847951314377353  0.81933473239141752  0.83002659436575599
  0.84069972737165455  0.85131219880606923  0.86192041776041239  0.87215302718388221
  0.88197198517644204  0.89130132497812464  0.90093349546293866  0.91100142789452998
  0.92151106100446933  0.93213613278994967  0.94303738788038560  0.95432763895577954
  0.96566431721234802  0.97712697221656297  0.98836376307589724  1.00000000000000000
 -0.00233441193213895  0.00968902200925532  0.01995385034579562  0.02984818867682363
  0.03971775319351775  0.04956374639613430  0.05972155606696602  0.06944566614214571
  0.07966185095746056  0.09039472774436867  0.10191653654208624  0.11264379659990108
  0.12366892107324133  0.13419467388196696  0.14463691719376218  0.15393972528590677
  0.16333683662216650  0.17296389552312610  0.18279805741530811  0.19267490540358845
  0.20242019501498848  0.21236396666454113  0.22230110629891267  0.23233581481623619
  0.24240852675053740  0.25264382422630538  0.26305517960347696  0.27366086628985103
  0.28438215352020696  0.29488563225857711  0.30530297835275028  0.31603161551415543
  0.32711268935469001  0.33825430717549992  0.34919470779948297  0.36023346546030394
  0.37166286661829651  0.38324925658094999  0.39472188587656815  0.40586264477064110
  0.41677664879889997  0.42761453919839437  0.43853162620375430  0.44966831245105243
  0.46049007141737169  0.47093745899987527  0.48138825295433491  0.49208245979031556
  0.50297250959898887  0.51373645088817677  0.52427242512971151  0.53478063397910069
  0.54525106460863748  0.55542332132767314  0.56542197777784242  0.57552394189914013
  0.58572924945992344  0.59585921420099086  0.60622073349924477  0.61698295575257889
  0.62797215279687468  0.63877050560609205  0.64956019730783932  0.66026965461077503
  0.67120877881307972  0.68091667441257664  0.69129927470718167  0.70128437265720567
  0.71141690897396037  0.72140319209601544  0.73148058908851354  0.74210486006888221
  0.75321038560634912  0.76432216843540535  0.77522425193332489  0.78559148865735506
  0.79574544017562754  0.80574828164515522  0.81581456881642278  0.82601768674733633
  0.83606329433365800  0.84629291230849812  0.85696074570180381  0.86814089604527256
  0.87983957728453621  0.89145276208184243  0.90293470566710499  0.91415539132953327
  0.92491756203256459  0.93576996412628866  0.94711531813146488  0.95859480626541216
  0.96965931746735956  0.97987018268186687  0.99008534546074911  1.00000000000000000
  0.07316315515923608  0.13348445076930113  0.16470837358953022  0.18338067704578875
  0.19913835133407562  0.21365095918188068  0.22676113557939881  0.23829803693436752
  0.24880165364493617  0.25841471005330591  0.26758177193854565  0.27623886316359009
  0.28463249792861267  0.29245667161443722  0.29974242231441284  0.30683123553377817
  0.31374722327642979  0.32032939136861138  0.32658786328274370  0.33282152760880207
  0.33907520407232461  0.34528079796801098  0.35105744470760442  0.35690540600284926
  0.36274320040700525  0.36857526021184572  0.37422564205041386  0.37980186268187954
  0.38533237223945721  0.39087563431598193  0.39637587368140775  0.40176479451084790
  0.40704619067698500  0.41222950052308738  0.41736142283470407  0.42253144126819869
  0.42773026307784251  0.43292102411811362  0.43815036073247254  0.44343111795877971
  0.44867930256534133  0.45383729251491467  0.45893298067648103  0.46405439333956600
  0.46922727631825145  0.47453744518204044  0.47973763530522551  0.48464564343026961
  0.48946798667475017  0.49437571056779644  0.49922480098768807  0.50404907990899606
  0.50872991504091680  0.51346251798115927  0.51813384961776743  0.52278923816956768
  0.52748717912928356  0.53223731263270868  0.53701292193636996  0.54173410313235437
  0.54649073039486384  0.55131607840995278  0.55605333428723203  0.56080180638300881
  0.56562762854090531  0.57052940695663490  0.57554468592709618  0.58075953945759051
  0.58616949467127233  0.59175083144014351  0.59740850722648287  0.60308668200636295
  0.60874129785018383  0.61440516397698475  0.62009348408293496  0.62576801174405783
  0.63150565168336259  0.63738951680631717  0.64358474610692906  0.64993851453416285
  0.65637328885712565  0.66282133431254620  0.66948864443320477  0.67671591779275420
  0.68428588152447001  0.69266855104459957  0.70165117314051795  0.71091233223673789
  0.72074464169674968  0.73139859194436130  0.74344614816847465  0.75761893711187889
  0.77458469072848779  0.79609549666199997  0.83539343195705895  1.00000000000000000
 -0.03849212270918180  0.17291188317249492  0.21708220999031241  0.24207502744492601
  0.26009093709141362  0.27495578340756249  0.28784401468746840  0.29878829767990017
  0.30847700113407478  0.31708949801248282  0.32508330917075839  0.33249954471296683
  0.33966800062265490  0.34643648269572958  0.35299039894359241  0.35924931313403857
  0.36518953798619602  0.37083597721562084  0.37627141328267794  0.38158128913210254
  0.38687719065876114  0.39218607597156907  0.39736290311430666  0.40225559969522529
  0.40695566601577221  0.41149688424671904  0.41594558811009053  0.42038087954120934
  0.42468905847131522  0.42891723637321488  0.43308058930345239  0.43718002399425943
  0.44121236998712515  0.44521275887542405  0.44921516987458826  0.45316347546491198
  0.45705617168896301  0.46092423300227009  0.46476713035445694  0.46860417825130130
  0.47247642950719437  0.47636850092532290  0.48021540868609869  0.48398671953700384
  0.48770285717925443  0.49142963410119478  0.49513532305660934  0.49880923225218637
  0.50247771166121935  0.50619002776753930  0.50981234237655959  0.51347433522277863
  0.51701267805070061  0.52065770573953718  0.52415179108034293  0.52769993595667319
  0.53130004928482266  0.53499914844593932  0.53867022108250340  0.54238189843801521
  0.54621492387009074  0.55014771938050144  0.55420129147838681  0.55825852406934906
  0.56224621836640876  0.56627377397002188  0.57036399045354713  0.57450948454694750
  0.57874210735963827  0.58311475858416228  0.58759889348748218  0.59217990474981230
  0.59693404211207557  0.60191716729556854  0.60709878308871990  0.61241481735714953
  0.61781125789344882  0.62316713764574094  0.62885540370532600  0.63465708857964587
  0.64057350888269138  0.64672928331811941  0.65318102064501826  0.65992711263856485
  0.66700722314202776  0.67442640513870566  0.68263996798851556  0.69174324104310914
  0.70190854985482320  0.71308422168956864  0.72560119509953136  0.73988751702793143
  0.75773647549550049  0.78303386551267462  0.82844146573028365  1.00000000000000000
   1.4305618605734140E-011  -1.0000000000000000     
 F F F F F F F F F F F F F F F F F F F F F F F F F F F F F F F F F F F F F F F F F F F F F F F F F F F F F F F F F F F F F F F F F F F F F F F F F F F F F F F F F F F F F F F F F F F F F F F F F F F F F F F F F F F F F F F F F F F F F F F F F F F F F F F F
  <DiscreteSampler_grid>
  grouped_processes
  1 # 1 for a reference and 2 for a running grid.
  10 # Attribute 'min_bin_probing_points' of the grid.
  1 # Attribute 'grid_mode' of the grid. 1=='default',2=='initialization'
  0.0000000000000000 # Attribute 'small_contrib_threshold' of the grid.
  0.5000000000000000 # Attribute 'damping_power' of the grid.
 # binID   n_entries weight   weight_sqr   abs_weight
    10   10   9.599356371166888E+001   5.933051667962027E+004   9.599356371166888E+001
  </DiscreteSampler_grid>
