  0.05297018727291151  0.05420427537133009  0.05483212314314843  0.05550001502001947
  0.05614964147769379  0.05677426922488558  0.05739056643173756  0.05798531850221284
  0.05855702666751854  0.05915342438872593  0.05973810493801537  0.06032675298990194
  0.06090271434152923  0.06147597116772451  0.06207046111225469  0.06266933740967792
  0.06326900639013179  0.06387426964335624  0.06448834155140207  0.06510627458175668
  0.06572224629208014  0.06633831642749499  0.06695693804324175  0.06759059904640480
  0.06822084311604842  0.06884730504467684  0.06947117885230603  0.07010145426302947
  0.07072899156513938  0.07134570195461030  0.07196668426966649  0.07261386659053159
  0.07328907169740961  0.07398571724967751  0.07469206810877405  0.07541373759439289
  0.07614756711191480  0.07685579350898179  0.07760780190322995  0.07841462327513425
  0.07923920927875779  0.08004174572788353  0.08084844504723830  0.08168449999251853
  0.08253577441220136  0.08342753733005343  0.08433185231201941  0.08520706201813896
  0.08610136910062428  0.08698546568691548  0.08788089541289155  0.08884372046337510
  0.08993926764541940  0.09109790410416221  0.09230132847895875  0.09345516618636722
  0.09460545856777430  0.09570192198235067  0.09678950698092476  0.09790211556717103
  0.09902120948066707  0.10013887555841061  0.10135256975639138  0.10261658969157696
  0.10397340728016180  0.10541318265839594  0.10699159284640231  0.10866233511845889
  0.11058902202113147  0.11250399196793895  0.11451639546747387  0.11653937108255601
  0.11855812815188017  0.12059821856115811  0.12269173035358913  0.12496384137688966
  0.12745413261485863  0.12996588461618469  0.13241979011201338  0.13504857902239625
  0.13798114449098320  0.14103438465712598  0.14415745784801073  0.14757322459070898
  0.15131632940750250  0.15545068251991978  0.16048682002415635  0.16602146386377484
  0.17176852180610050  0.17842874999341768  0.18661749315420512  0.19711141418667683
  0.21355165711124285  0.36603646527077638  0.81353142609759910  1.00000000000000000
  0.00026747241738769  0.00035631572561503  0.00042231475053338  0.00048189666684207
  0.00053210149840274  0.00058309723846284  0.00063363073856530  0.00068678338221976
  0.00073930337911674  0.00078767002195232  0.00083467064397085  0.00088344022470436
  0.00093458028562777  0.00098736758980340  0.00104103905686805  0.00109442299652615
  0.00114765719713433  0.00120467802325781  0.00126424146639211  0.00132356832979498
  0.00138091953940653  0.00143796594938974  0.00149764752049614  0.00155992192411675
  0.00162421712350191  0.00168992823266985  0.00175597334264572  0.00182502966792074
  0.00189862520862115  0.00197575920696014  0.00205745550074112  0.00214198953100625
  0.00222626261724309  0.00231097090737276  0.00239793479862091  0.00248727037541103
  0.00257826767977206  0.00267169037358905  0.00276781946417330  0.00286888966556618
  0.00297597478398008  0.00308924201969031  0.00320522324796225  0.00332506962551105
  0.00345003015149523  0.00357581167235214  0.00370812964038928  0.00384410936548005
  0.00398882647955769  0.00413784165643467  0.00429034167666841  0.00444857752042402
  0.00461497355748550  0.00479101746119683  0.00497757828917803  0.00517670332962918
  0.00538877699974262  0.00561679790783809  0.00585536532413656  0.00611176069698276
  0.00639500302494106  0.00668983552869504  0.00700308635716822  0.00732819035230977
  0.00766699702520742  0.00802379855591687  0.00840069764878774  0.00879604903582273
  0.00922339333480004  0.00967542040385196  0.01014622973443604  0.01064806767800607
  0.01120731017487124  0.01182798202463961  0.01248711664238121  0.01318816273123487
  0.01396190070956724  0.01480600388207752  0.01572335441639074  0.01674812494097576
  0.01787789843415419  0.01911207600522779  0.02042944245445173  0.02184165271495838
  0.02348872170564935  0.02532412019935323  0.02729481570014327  0.02949575648447875
  0.03215895343857619  0.03539290212366410  0.03988368058747325  0.04612087616747928
  0.05445471764393806  0.07053071080575610  0.58588511704787727  1.00000000000000000
  0.00020990260846136  0.00029459332640774  0.00036589169878209  0.00041112421283107
  0.00046139467786462  0.00051288180870046  0.00056637991195879  0.00062246910398570
  0.00067903052416311  0.00073300021488344  0.00078754463747245  0.00084199640045166
  0.00089702604394023  0.00095127007886338  0.00100546271063579  0.00106199874850257
  0.00112150112028714  0.00118514203382953  0.00125172030939328  0.00131764009793669
  0.00138164215027279  0.00144600254560387  0.00151071869995632  0.00157780906936670
  0.00164647888050124  0.00171672296976924  0.00178882841854694  0.00186348523550660
  0.00194100635362711  0.00202088121394963  0.00210479527644846  0.00218918319990229
  0.00227415058227296  0.00236171406841050  0.00245320286514455  0.00255003652176399
  0.00264597636601813  0.00274045445963622  0.00283806103026224  0.00294096909814844
  0.00305045565265104  0.00316026391027109  0.00327054893650874  0.00338345126929982
  0.00349936555520140  0.00362152468502406  0.00375169928025702  0.00389123403292330
  0.00404020192910880  0.00419626149037424  0.00435370294007051  0.00451793804302326
  0.00469367867568230  0.00487997277679058  0.00507874220492264  0.00528646705257617
  0.00550016432298985  0.00572338019139187  0.00595898617237141  0.00621380676638000
  0.00648662309934584  0.00677601305753664  0.00708157924991199  0.00741644418595168
  0.00778286015446010  0.00817900727491287  0.00862349426176648  0.00908003078915643
  0.00956792478055829  0.01008666714062038  0.01063705749126257  0.01121580847665500
  0.01183641243715915  0.01250902664665587  0.01325922696407654  0.01400494245127316
  0.01480632820934440  0.01567572448938568  0.01656730456353595  0.01752236770859134
  0.01861420084388049  0.01987927058055926  0.02135965655513845  0.02299412292141230
  0.02480487650450609  0.02684930209494778  0.02926354552029774  0.03226029219615405
  0.03575593086788910  0.03980548786062350  0.04479631189850544  0.04972353532968014
  0.05477942466728035  0.06212405641594000  0.07623573298403774  1.00000000000000000
 -0.00829228143369132  0.04245593897086671  0.07728238411202845  0.10805607700881607
  0.13391726556776096  0.15618600514999584  0.17632075214669260  0.19418505377625753
  0.21022290070517566  0.22520010357621331  0.23883225384841020  0.25103211838652645
  0.26207497366522797  0.27237523738513836  0.28220271316549250  0.29161671589589094
  0.30070236014554491  0.30952371681669250  0.31804974703659628  0.32630979504558155
  0.33425125242429254  0.34180902797627782  0.34914959909257870  0.35629472605315221
  0.36308211173059352  0.36987153655772553  0.37668543558856460  0.38354825692580352
  0.39013827996649031  0.39662657299375248  0.40290838989669053  0.40903579125385314
  0.41493939028774829  0.42041882035279454  0.42566517052258956  0.43085995416029033
  0.43604505370746599  0.44138096792268250  0.44693433344233385  0.45250433415223934
  0.45803997838965366  0.46345902728993715  0.46879974035114491  0.47410467704240328
  0.47922874641630181  0.48443038099856117  0.48973668105792972  0.49521375340964718
  0.50067403383457088  0.50608706190609198  0.51155772631693375  0.51685110358459985
  0.52230710458357721  0.52780284969395919  0.53338555107646912  0.53899677867055795
  0.54459610123237412  0.55021772165144978  0.55589732874910935  0.56162139964292557
  0.56745240897696503  0.57346962677909641  0.57941961416876564  0.58532714775648609
  0.59109704101200478  0.59711958734327897  0.60317354663744560  0.60973768638843118
  0.61655486153977856  0.62349896970131202  0.63065745776750493  0.63785673142192967
  0.64511396640957663  0.65277550826628794  0.66055473545787002  0.66835225253516728
  0.67591428749281590  0.68387206172944714  0.69215305669344129  0.70065686340440969
  0.70994122253325886  0.72024574434298438  0.73166343543970669  0.74356665689022239
  0.75541404667522172  0.76801351799613937  0.78137857804878119  0.79592961816682584
  0.81177271196360301  0.82979365341332512  0.84911084091666977  0.87052902333365512
  0.89558888800522030  0.92470985149897789  0.95987398749458896  1.00000000000000000
 -0.00215921102800556  0.00889960678563943  0.01784138012346430  0.02766307356366987
  0.03750462616344202  0.04782066773988450  0.05817339693567624  0.06918569858841070
  0.08023699138594761  0.09094780285728510  0.10166907003658852  0.11269773019186363
  0.12430069930062033  0.13549521100124659  0.14653820700734380  0.15760969113537049
  0.16903165223010033  0.18021250959457197  0.19101939932046774  0.20190349117030734
  0.21261790515404438  0.22365632491913529  0.23443101367292724  0.24548397864565039
  0.25591739724385698  0.26626757814554980  0.27683757009409937  0.28791586756573939
  0.29884940609347371  0.30926655500057587  0.31977623914708619  0.32934086048140304
  0.33923384910042592  0.34966376996439974  0.36037373615466806  0.37077823052230452
  0.38125643194390146  0.39193850490688587  0.40192239478880504  0.41165472656356261
  0.42199327836164108  0.43278124420279379  0.44328033071222678  0.45357957082613382
  0.46393016158223443  0.47391908305988067  0.48399849315554028  0.49417830521861467
  0.50474045406956669  0.51518073961918476  0.52586281173810168  0.53643495441204059
  0.54687599338337778  0.55686745975804697  0.56697743603311901  0.57741129789092582
  0.58824341933409674  0.59942279479374960  0.61056692527789203  0.62143355712421522
  0.63180484554168537  0.64217917496353449  0.65250675154909810  0.66281906118738654
  0.67253323858072822  0.68222293634114295  0.69211244759555623  0.70239911607581651
  0.71303236335528442  0.72373350756431343  0.73425690479110484  0.74481924623430684
  0.75560273833775893  0.76675586116232919  0.77786873192347072  0.78843755289801754
  0.79874257780245994  0.80921876152389238  0.82027283505601145  0.83142269394251422
  0.84246990079877848  0.85369922797991238  0.86442626000322031  0.87458306577619083
  0.88448923100749233  0.89490107264354157  0.90561162538319551  0.91667422371764451
  0.92718970434393966  0.93750823261270921  0.94799450448074740  0.95857910535595259
  0.96916241668169389  0.97900446156357424  0.98977218239528308  1.00000000000000000
 -0.00232975908320715  0.00936630247669018  0.01919143311924125  0.02934155095446008
  0.03930557694474873  0.04937792550291492  0.05995439004014929  0.07051831521298285
  0.08106664044875331  0.09145906200062880  0.10269442701662088  0.11424935927384300
  0.12577703788060518  0.13663850330553343  0.14763130110604736  0.15913543675454708
  0.17043745245812600  0.18114331625882357  0.19149069717371769  0.20200031675536306
  0.21262345786976258  0.22318370539442581  0.23389988447707519  0.24519113178184193
  0.25656386438837642  0.26770555551783820  0.27894820569257106  0.28998084192691137
  0.30073040254315947  0.31117682573521943  0.32140399378030815  0.33131745338791702
  0.34091461598022788  0.35050956869445432  0.36018804136099991  0.36998987814417289
  0.37991518476213343  0.38999828409626275  0.39990527788150665  0.40976763146147949
  0.41990806635670019  0.43012672761864335  0.44013489443879716  0.45043603796681225
  0.46124882214192675  0.47193126754050979  0.48261760854120311  0.49251363026202899
  0.50299961670644455  0.51325006677591800  0.52287969949567759  0.53272522886122531
  0.54244302508742892  0.55323892795229501  0.56317302275620984  0.57287125688143103
  0.58260767213931153  0.59244380548895303  0.60212515542333989  0.61164550814833607
  0.62119761852383881  0.63118808764364331  0.64151113849722285  0.65226036932327269
  0.66306851785322740  0.67339862028673370  0.68321260076329260  0.69316510558224098
  0.70332280607933884  0.71353401679066353  0.72384480338605106  0.73531763948249740
  0.74768813182144089  0.75924655845498223  0.77070690190404223  0.78250947212956423
  0.79442975065650845  0.80499083481904887  0.81557678130311595  0.82624272820188305
  0.83667384788734578  0.84728391797111313  0.85846773745577909  0.87021493346973144
  0.88186088898749193  0.89369779126879001  0.90461829305903374  0.91527995462617218
  0.92532628629322966  0.93545196213336190  0.94536862703970947  0.95618446058923434
  0.96734514415269168  0.97871992990834944  0.98945479302284578  1.00000000000000000
  0.05952266594811766  0.06012420293411940  0.06080940133108424  0.06152468392346179
  0.06226675904767903  0.06337895129329948  0.06461647396713553  0.06574759583069795
  0.06684676764963612  0.06796049992917977  0.06907174028834599  0.07018387166759617
  0.07130475749148789  0.07243189424001785  0.07357549083212783  0.07471348197732887
  0.07584859620798663  0.07698763532820295  0.07814529917595803  0.07931682973377845
  0.08048066474198524  0.08165180102915333  0.08281187812021119  0.08394403524423098
  0.08506355195303991  0.08622333809628870  0.08740209804723062  0.08860764321108536
  0.08983433568777721  0.09107000481598919  0.09231060660864959  0.09353710670872382
  0.09474123341476184  0.09596986520636411  0.09721012132812296  0.09851372936586961
  0.09983304947388361  0.10113444841505996  0.10241950580463167  0.10369266780062121
  0.10501621479056973  0.10639583109687700  0.10777750712191245  0.10916412378540166
  0.11057342208618004  0.11200812407622150  0.11346459856303759  0.11498966146406014
  0.11652553837511215  0.11803824664594682  0.11955511397681397  0.12107852370315697
  0.12262114357389862  0.12426321017484752  0.12598405684117461  0.12780715290538652
  0.12969380214729834  0.13160718899184048  0.13352956840602004  0.13545265500684586
  0.13737756219974470  0.13920382973893283  0.14115473779515830  0.14320498757563066
  0.14526080739695513  0.14754629795047428  0.14987370646054587  0.15230895264294170
  0.15473738401060619  0.15731427239813509  0.15998080710253992  0.16282816022693006
  0.16573041973706407  0.16873394767800670  0.17210242635972628  0.17567655781021541
  0.17940347565182271  0.18300178062160319  0.18672529484119629  0.19091548265908675
  0.19556982695145544  0.20063640426365073  0.20642141171754361  0.21248822298052608
  0.21835787088667644  0.22431942956184692  0.23071884300010598  0.23862484569963241
  0.24778189273069795  0.25907627467121142  0.27318998959531898  0.29278790746837530
  0.31911040263223600  0.37604780810294880  0.91129563513347522  1.00000000000000000
 -0.00233698282520465  0.00829486133574682  0.01715096395172109  0.02601952694504871
  0.03493746284970013  0.04394849262131560  0.05289839369875982  0.06175780228311149
  0.07109022479209660  0.08046954190070615  0.08979987339644956  0.09936875698566167
  0.10944080146532829  0.11991177851528295  0.13013783186417061  0.14008708314139329
  0.15022364640801558  0.16072912075952317  0.17097338547314389  0.18080192026025407
  0.19058697841926409  0.20038241801968149  0.21003096776543068  0.21950093897346917
  0.22891012375578915  0.23846815936238089  0.24810580356767564  0.25791132685833756
  0.26789187722737140  0.27809518606917044  0.28856961968029782  0.30041365440465789
  0.31282927371361607  0.32501236754128204  0.33684067692966468  0.34856528782726132
  0.36062283776414339  0.37255674197693006  0.38490802258913448  0.39795216320073906
  0.41120654586721928  0.42426550296838761  0.43670911140296370  0.44831154261021822
  0.45936456512331447  0.47076994737653710  0.48227422735296832  0.49366062221339702
  0.50484699866863114  0.51612010995193125  0.52816278941466377  0.54052450253291184
  0.55329434562619606  0.56609249681415263  0.57904538336754230  0.59196166915105342
  0.60456569179887454  0.61702632197285046  0.62907382550784596  0.64060034075752981
  0.65190049351105583  0.66353725223542948  0.67536075175916688  0.68747264395801511
  0.69937442294276686  0.71067731179834936  0.72156184629956943  0.73230363651803099
  0.74283867886992772  0.75286140866478524  0.76232668066630260  0.77201568108194740
  0.78229333346471508  0.79217833848338459  0.80135773338525118  0.81033350227451051
  0.82001552646548925  0.82935395861359607  0.83848332568534700  0.84751873597271732
  0.85706605228690758  0.86674552895161605  0.87643126310698294  0.88607706078451687
  0.89550383813944978  0.90492673836919280  0.91418264479687039  0.92328004552844389
  0.93214364171070108  0.94142535448493103  0.95082713616576675  0.96029261312262781
  0.96949582994923433  0.97895144167339021  0.98923731553541250  1.00000000000000000
  0.14409596380463699  0.17824762739367678  0.19237076833842767  0.20614018171418844
  0.21693045709059328  0.22569369802885170  0.23468809457333978  0.24387548409322371
  0.25191415046039822  0.26044533512451218  0.26823116146791753  0.27506640364714391
  0.28142121225422378  0.28821944690302065  0.29571781554244825  0.30279898845844683
  0.30897983366530479  0.31486736053047615  0.32085567758989292  0.32731950963107725
  0.33398274855718352  0.34080090912399968  0.34759679436880381  0.35391182420466483
  0.36003456013906826  0.36612309171854557  0.37209321382147265  0.37767171137157879
  0.38311639101705330  0.38858315406405031  0.39395175444158764  0.39918041425418277
  0.40429582437356476  0.40936338826228380  0.41452759245557724  0.41970011998513407
  0.42474224903514646  0.42986884633259725  0.43485739835908055  0.43980428421552548
  0.44452156865357273  0.44918099761076030  0.45371194586646668  0.45837880279107052
  0.46299137707345078  0.46771188588582502  0.47233611328304848  0.47696827730296720
  0.48165960229100885  0.48644808028060205  0.49139285171534419  0.49637629967821828
  0.50143586492343795  0.50665051256137494  0.51159560058597076  0.51649899254472065
  0.52140703625668194  0.52630741466713415  0.53134109171844246  0.53633275852704398
  0.54151776700128773  0.54697381620782171  0.55251825425857748  0.55795999396348372
  0.56329131299520196  0.56873822750133329  0.57446452329295161  0.58038598509192185
  0.58652961534181136  0.59275709669071186  0.59886460468404168  0.60493713175348851
  0.61094357142403222  0.61688861997077382  0.62286268575302595  0.62903488889889458
  0.63548586415592700  0.64192315547162038  0.64820213222445877  0.65443036604493499
  0.66095060069002420  0.66818440854034467  0.67574155205975839  0.68349458802973562
  0.69146996331645783  0.69974513080115641  0.70855533252523306  0.71790006183641442
  0.72801182077139015  0.73907563805278109  0.75170028595254645  0.76613990048835168
  0.78369211919037896  0.80650680551340981  0.84517390146696147  1.00000000000000000
 -0.03190017417274148  0.15888337852310283  0.20453602543835425  0.23223189303229952
  0.25069435188278322  0.26580990018453460  0.27878958297488676  0.29014552248333420
  0.30012079918928192  0.30936781925486134  0.31798755835529163  0.32617313546425708
  0.33377024898300056  0.34066063907140204  0.34712791824500866  0.35354832410755815
  0.35991917212923114  0.36606159963744983  0.37185503035479744  0.37747148121765711
  0.38300291085551436  0.38843057765449251  0.39364321047690420  0.39856814181372446
  0.40305884072781051  0.40760223252406663  0.41216273173295670  0.41672084147546429
  0.42115997903083652  0.42554345858074111  0.42991579560472271  0.43426099493844783
  0.43847848039942117  0.44257066001380679  0.44659200322303783  0.45049656371844871
  0.45434392130500084  0.45812229698284002  0.46197409628458191  0.46586384879154547
  0.46967502319555798  0.47345806312269084  0.47731343280848759  0.48124128587123344
  0.48507585784221152  0.48900655467003046  0.49272763950513060  0.49653312677344247
  0.50035011825362574  0.50421956300513671  0.50796585613269962  0.51170305351034295
  0.51546348359601135  0.51936030800254551  0.52340944354354313  0.52749701994754283
  0.53157779520860360  0.53563318135639615  0.53965646220944774  0.54375844958927788
  0.54799696480694227  0.55229596508682077  0.55673680967657457  0.56105836144107779
  0.56526466871704928  0.56943283648935339  0.57367045168026398  0.57809037478835135
  0.58271324539153080  0.58736033878294991  0.59204348476657731  0.59665133413199334
  0.60137179096332771  0.60612987334448465  0.61100321523178336  0.61612928545694556
  0.62139279818652149  0.62706207585823626  0.63299537179485599  0.63895559504851329
  0.64515027725348717  0.65163166587866683  0.65828493280847955  0.66525234718805659
  0.67295745324264145  0.68148323369839725  0.69040260305531020  0.69963999984944569
  0.70957014993655965  0.72093025227770713  0.73412570325464777  0.74959854955527638
  0.76920426016125187  0.79621253155862148  0.84090773841475031  1.00000000000000000
   2.6885565104630246E-011  -1.0000000000000000     
 F F F F F F F F F F F F F F F F F F F F F F F F F F F F F F F F F F F F F F F F F F F F F F F F F F F F F F F F F F F F F F F F F F F F F F F F F F F F F F F F F F F F F F F F F F F F F F F F F F F F F F F F F F F F F F F F F F F F F F F F F F F F F F F F
  <DiscreteSampler_grid>
  grouped_processes
  1 # 1 for a reference and 2 for a running grid.
  10 # Attribute 'min_bin_probing_points' of the grid.
  1 # Attribute 'grid_mode' of the grid. 1=='default',2=='initialization'
  0.0000000000000000 # Attribute 'small_contrib_threshold' of the grid.
  0.5000000000000000 # Attribute 'damping_power' of the grid.
 # binID   n_entries weight   weight_sqr   abs_weight
    10   10   1.673432619750506E+001   1.109940098087721E+003   1.673432619750506E+001
    16   10   1.673432619750527E+001   1.109940098087753E+003   1.673432619750527E+001
  </DiscreteSampler_grid>
