 -0.00008841351154547  0.00081315438943452  0.00178608075799580  0.00316630651159466
  0.00494982094711765  0.00713482168400357  0.00974295062046377  0.01278658902888338
  0.01609713147362742  0.01970224543968590  0.02357490692953375  0.02778694970637821
  0.03230883357502654  0.03710428372845363  0.04221494852773669  0.04756733485242456
  0.05320228388174386  0.05913949392347397  0.06528573831904379  0.07160029611301147
  0.07811246852079021  0.08495107551035704  0.09212658386739112  0.09966032550137713
  0.10747319781791873  0.11545028117414630  0.12359282364241017  0.13188004399264802
  0.14036310141330297  0.14903746886119032  0.15797079681083501  0.16717823761085618
  0.17677634870199177  0.18675893355179068  0.19698383838607125  0.20736353344867042
  0.21782772521551583  0.22843328276702538  0.23926096055628507  0.25026886200703669
  0.26126636462145303  0.27224116064288134  0.28319492707240473  0.29453814654117216
  0.30618831873650215  0.31808571677865621  0.33023968959688765  0.34291170969476337
  0.35584490634674226  0.36881480573240816  0.38175204314136862  0.39461065244811572
  0.40731733411815424  0.41990030503153553  0.43267576035127864  0.44545872103693651
  0.45821500634860829  0.47120376312903361  0.48446943552500821  0.49797364261097210
  0.51172381091724595  0.52578588111402524  0.54009334260450415  0.55418062234110987
  0.56808834884608927  0.58197376429069803  0.59595889478007491  0.61006342871796337
  0.62419221098144495  0.63824962088544113  0.65235481418947494  0.66650568834754287
  0.68070777660832593  0.69495992457985389  0.70927647138034444  0.72378102465602656
  0.73819631759642423  0.75258448192443450  0.76698688912704438  0.78144081648599373
  0.79597024702860009  0.81051719233075603  0.82496254873283836  0.83916228671664905
  0.85308391596565025  0.86673508707939106  0.88011628725196245  0.89349630602510566
  0.90671381173605814  0.91996667717256830  0.93345096530414717  0.94703866804339454
  0.96044644584780814  0.97373955908811993  0.98692556814011823  1.00000000000000000
 -0.00210727254205563  0.00870152343410221  0.01795974005872283  0.02759182592558658
  0.03754642143803877  0.04771881812948674  0.05745325100304090  0.06753086302671645
  0.07806452877368479  0.08841232390463283  0.09945784951842955  0.11053051751205714
  0.12196355870780251  0.13299246037859089  0.14345478708571385  0.15432825850399290
  0.16487509477168283  0.17599789913946060  0.18627307425692624  0.19735895002263815
  0.20823364140484391  0.21930674070324563  0.23010966872036054  0.24063995862157747
  0.25087310707773908  0.26082294492407648  0.27095277354347214  0.28107092139667522
  0.29129866162405393  0.30198982811926267  0.31313722672494682  0.32467052717724271
  0.33534730175720501  0.34580250598620532  0.35581240203240283  0.36577825743216508
  0.37569288118116217  0.38586487609707704  0.39644977063449433  0.40730154196091672
  0.41791707630456854  0.42882395537669982  0.43974879257656235  0.45076810467569123
  0.46172560544023578  0.47259425360159502  0.48334349767417301  0.49382187120644394
  0.50381540306776551  0.51365805622905136  0.52360230023153131  0.53390664602098792
  0.54454298692866099  0.55541449850299363  0.56597786039722031  0.57655474341917601
  0.58752508217825694  0.59868571615361554  0.60917592505328000  0.61896553797862808
  0.62866973146235106  0.63863256198776996  0.64899202899484176  0.65949270295745277
  0.67015827773708014  0.68092648703538461  0.69157795132952515  0.70246881047548837
  0.71322702811842886  0.72396674557981744  0.73469749746133806  0.74532037408308038
  0.75541880214434609  0.76501634079705583  0.77485812200917548  0.78472668790807776
  0.79476842874407849  0.80510782108251988  0.81560483200091327  0.82684872421799482
  0.83789031015558535  0.84956492176944642  0.86113413284348739  0.87252701094689478
  0.88344226712540685  0.89426802959950746  0.90472852000360937  0.91537436962608187
  0.92640835093542695  0.93758479499800129  0.94855849392168234  0.95939201572443567
  0.96943474317592970  0.97961278622123049  0.98964584043015258  1.00000000000000000
 -0.00257935597723645  0.01717948975187955  0.03315895492452518  0.04728973065999758
  0.05975305877398657  0.07128768304150186  0.08193796630865000  0.09193302515883163
  0.10123253244147883  0.11049763676006438  0.11997330105272330  0.12987550298356815
  0.14014512294040798  0.15037849185259661  0.16045087116498943  0.17010727940088771
  0.17882118385606388  0.18759553086563666  0.19563797195617322  0.20345548754234705
  0.21117521914988530  0.21905242413082740  0.22683645312839684  0.23468789522613487
  0.24260227132738893  0.25076475903753442  0.26000867479207068  0.26913949482293581
  0.27797002784786762  0.28676756762342281  0.29569066872302352  0.30490136034689036
  0.31400716731236700  0.32274488996385170  0.33122910490368895  0.33948973362151835
  0.34766181765802290  0.35590188611192353  0.36408006979079099  0.37229541703638330
  0.38045929670107376  0.38855428232990719  0.39653403979298413  0.40393870553431283
  0.41194119964337106  0.41972998469619954  0.42721016122545602  0.43461344489077269
  0.44189258474596532  0.44909322727144313  0.45629819629158563  0.46416710842484488
  0.47227617254371557  0.48058528102891857  0.48912196458516255  0.49775324410619748
  0.50632465518472047  0.51475746768561814  0.52301303103640084  0.53117253353623761
  0.53921927372727430  0.54760355814351935  0.55636012075640218  0.56557831946180537
  0.57555226109536473  0.58572277718575627  0.59572478452997957  0.60551138981201058
  0.61528276976151486  0.62532810386284055  0.63520724492766489  0.64497791121706494
  0.65441651441946647  0.66409275854984406  0.67398588844510132  0.68400398097059800
  0.69409225503945382  0.70416656245338083  0.71446568508806529  0.72504452622727333
  0.73566736089724938  0.74630776965311807  0.75738607103688549  0.76940282831699747
  0.78209061629656706  0.79512923386746359  0.80844284282547541  0.82201671719728908
  0.83624102250064880  0.85164311764399181  0.86808278821078322  0.88529013302648929
  0.90392769708383858  0.92550000218393447  0.95343113163014148  1.00000000000000000
 -0.01999904121540040  0.13160609209545626  0.17851401743125866  0.20994738448442213
  0.23570497745947463  0.25704621001932021  0.27569343568378413  0.29195510256381652
  0.30708875776250272  0.32189916372283317  0.33619309994127905  0.34959676628309394
  0.36203256427241559  0.37379368153661263  0.38479415929555982  0.39518828468799022
  0.40543342498431117  0.41555378328941150  0.42540311148244397  0.43487480589363547
  0.44392644705408696  0.45259927065657085  0.46100790897410415  0.46913894497523217
  0.47719025674874588  0.48497082499277094  0.49252070784037605  0.50000800200246232
  0.50729511183912124  0.51439036264838267  0.52128153701783286  0.52783083761336569
  0.53422427190782684  0.54067375867889078  0.54711358452179559  0.55362438633787969
  0.55997117971042054  0.56621331833388522  0.57246666379712485  0.57876034320981951
  0.58496522544302143  0.59105148543903963  0.59704446859542815  0.60301543163650562
  0.60893856442847749  0.61480769132284219  0.62066994315134238  0.62644700625298899
  0.63207634164751203  0.63764711063728419  0.64320478536416259  0.64879174183796318
  0.65427147291836518  0.65966586107206282  0.66504836441432624  0.67032631990198721
  0.67553090458068465  0.68069352872660505  0.68582432323916065  0.69096975032739327
  0.69607840088701223  0.70102742471996915  0.70583921061049681  0.71075377039581489
  0.71576486249929439  0.72086330106223662  0.72594319826228260  0.73103261724358204
  0.73625293291228822  0.74147767864972192  0.74666861692837694  0.75189670382887386
  0.75714096733482894  0.76247785976142446  0.76785045274643293  0.77342512295475263
  0.77925041178727161  0.78518991097328583  0.79133010084804944  0.79760818514872756
  0.80385827125931730  0.81004662328369692  0.81633621328303096  0.82279727285951210
  0.82957302181096071  0.83660304904206051  0.84392909584980813  0.85182726386686636
  0.86010873421620249  0.86893459042624732  0.87850492335823105  0.88918962625138775
  0.90180901015016623  0.91828490332434753  0.94376209325744986  1.00000000000000000
   6.0515055168081219E-004  -1.0000000000000000     
 F F F F F F F F F F F F F F F F F F F F F F F F F F F F F F F F
