  0.01446006668529111  0.01519417292133874  0.01544720183953017  0.01568762058854390
  0.01592209752855546  0.01614415149029890  0.01636258274076275  0.01655683272853575
  0.01673348711955281  0.01690183335156381  0.01706835592867038  0.01724412424577314
  0.01742050670739449  0.01761149653362964  0.01779996347704884  0.01798298562235612
  0.01815762062207626  0.01832283765443370  0.01849078803728427  0.01868513328100676
  0.01888134321930195  0.01907382957343182  0.01926377525404696  0.01944278561914639
  0.01961554095150855  0.01979088441079360  0.01998322789264259  0.02018521077395802
  0.02039075646643484  0.02059879361760131  0.02079888450933854  0.02099985133095044
  0.02121030233617274  0.02141172655419293  0.02162004353396828  0.02184308341109637
  0.02207996944989838  0.02232350028115420  0.02256740278204204  0.02281236792482287
  0.02303394950644957  0.02330122356305691  0.02357581018244563  0.02386581815792613
  0.02416193891976685  0.02446487260390050  0.02477117592853396  0.02507357901265811
  0.02540021540002727  0.02572353514718588  0.02605477397814660  0.02638194868110005
  0.02668718573218385  0.02700854260482920  0.02734595951477600  0.02767860081137093
  0.02802311668247630  0.02838384350837192  0.02875714731527248  0.02910869664750925
  0.02946695345685296  0.02983274556543303  0.03021012230444005  0.03064052266470045
  0.03112654747059539  0.03166853574967170  0.03224980613244220  0.03288603347176736
  0.03358281351436780  0.03432845160408341  0.03511357906632875  0.03590635163772290
  0.03673078741177982  0.03758496703794714  0.03847828069475710  0.03939410651102951
  0.04038015863090001  0.04148896670153735  0.04270554736492851  0.04397645357838784
  0.04523171770289205  0.04651782357580506  0.04804930430758016  0.04972839251828709
  0.05158771999629867  0.05374162559270133  0.05588521126335898  0.05821280959531302
  0.06172482109942488  0.06618688098266304  0.07224132134545670  0.08022097634132219
  0.09621053466912730  0.12781990327390347  0.56059675279303023  1.00000000000000000
  0.00188441762297393  0.00352551281233014  0.00390209125298685  0.00420142360090459
  0.00438983693323354  0.00459305066369397  0.00480624926974643  0.00510899257016188
  0.00540756035740049  0.00563920256255061  0.00584227778774062  0.00602875013765750
  0.00622871591864988  0.00643108092058345  0.00665213725338010  0.00694745315061087
  0.00727594311120996  0.00771378020244653  0.00813017357809158  0.00847071901137366
  0.00879041060000715  0.00905125433493786  0.00927710453014560  0.00950792565390942
  0.00974561032372636  0.00998161919681440  0.01020816535704310  0.01041968731671343
  0.01063569093545211  0.01085471150790939  0.01108918898751699  0.01134291790549957
  0.01159621038637219  0.01184658022535879  0.01208246863245701  0.01234889720619547
  0.01264968536466804  0.01295982757574999  0.01327694674170318  0.01359710550716272
  0.01392438890672134  0.01424794009017661  0.01457873682931031  0.01492192889520735
  0.01527562014433566  0.01563534975142560  0.01599498291312670  0.01635813469943307
  0.01672487285041937  0.01711883966226339  0.01752620462832630  0.01792664919714679
  0.01832216220884391  0.01872497431479051  0.01912968494862919  0.01954074742071959
  0.01997314285333344  0.02043848832848025  0.02092004793583133  0.02139239825350048
  0.02189527406240996  0.02244021309009029  0.02301577907038131  0.02361434397806841
  0.02422895788187511  0.02485845528717297  0.02548010527666552  0.02607918578625442
  0.02669900912424358  0.02740067419448623  0.02814455329684589  0.02890750904058407
  0.02968693707676452  0.03046628562078008  0.03124681677816222  0.03204491845902489
  0.03293192884304205  0.03402095328353080  0.03520605462783789  0.03643834472331697
  0.03776974810977338  0.03911989001834922  0.04057836791989331  0.04220965547385996
  0.04402400382886207  0.04625391177859452  0.04892572439043871  0.05194157241330690
  0.05558669915218131  0.06019401807620544  0.06633682609311935  0.07552518229112760
  0.08849613333446651  0.12038573212444621  0.53612386215795604  1.00000000000000000
  0.00376370259155707  0.00525082602861164  0.00640936849050025  0.00716660492566551
  0.00769211456770821  0.00820728014140223  0.00871580529061477  0.00920641759814317
  0.00969715338529549  0.01018209238466809  0.01064017125774295  0.01105642409201292
  0.01145361037480616  0.01184786055881355  0.01225167900355211  0.01262111472493928
  0.01296430384891366  0.01331448533840712  0.01369805186516320  0.01410529973498322
  0.01451755120797100  0.01494465167429751  0.01539980262311021  0.01584241301194347
  0.01626688790930191  0.01670136434586285  0.01716946450413472  0.01768580301982058
  0.01822181355661105  0.01877439853399700  0.01935695083223137  0.01993378987912402
  0.02045318233117503  0.02091962030378049  0.02137400113478344  0.02183397905109373
  0.02236793880392205  0.02293358010854859  0.02349573991716276  0.02406193922640653
  0.02460677924950885  0.02515188013706179  0.02569333301722729  0.02628768545776927
  0.02684969806608811  0.02745180161612021  0.02805616374550771  0.02867163745050214
  0.02926511186192773  0.02986940824652082  0.03048148311195411  0.03111805368464696
  0.03185590495105568  0.03264948923496943  0.03346051305892744  0.03429155185033948
  0.03515605234305978  0.03605128742788460  0.03697118317596201  0.03787822475003998
  0.03877344256743061  0.03971486052848112  0.04063772773663716  0.04158034683137155
  0.04252238313135798  0.04350467907387678  0.04453960894028418  0.04564142355209703
  0.04688146634416782  0.04826462520986882  0.04965217848273454  0.05109767573140882
  0.05248889327070321  0.05387962005761399  0.05547148981676843  0.05713161793676339
  0.05877812643618210  0.06054759938041846  0.06256085690917831  0.06444006138244233
  0.06633284746671714  0.06822368873319261  0.07058435977011304  0.07313563508231050
  0.07550546229870117  0.07823787086584395  0.08177439260681536  0.08587794828040114
  0.09099043131592352  0.09959561186909677  0.11330153662927363  0.12897837300861734
  0.15047860849796135  0.16579186038839497  0.37178912069371678  1.00000000000000000
 -0.00889623031390156  0.05127111703419693  0.08687983683281514  0.11680284096296065
  0.14220269107455658  0.16413295135935660  0.18142248225133861  0.19523785641472857
  0.20732479104045617  0.21849174433292673  0.23034044602139775  0.24220575494286581
  0.25271421705725844  0.26248578456765509  0.27288334560918076  0.28394617565222313
  0.29407346747108182  0.30193176094437352  0.30928527517800408  0.31598972010012144
  0.32271013823927297  0.32903878052945457  0.33520018517264494  0.34089584256008432
  0.34648644333966688  0.35228009894978424  0.35837682462129161  0.36495595835518613
  0.37137232774508289  0.37774077957155838  0.38413980380876778  0.39041524986641452
  0.39649464691823533  0.40243923683199884  0.40860366355790328  0.41506675006866373
  0.42145457361130007  0.42730104372371602  0.43309746163232671  0.43882293243716775
  0.44436291155635405  0.44981124245980764  0.45508774578410793  0.46064202368534996
  0.46646793681728316  0.47221956433789763  0.47788706419415244  0.48324930705870800
  0.48821442412626304  0.49315897878924436  0.49813565421839706  0.50336431050094632
  0.50912224125929872  0.51521869914958851  0.52116779107179290  0.52696750385450686
  0.53232277294165165  0.53788475884557929  0.54394546134831756  0.55025951074584667
  0.55683820528260086  0.56354687506735124  0.57006877139628398  0.57634719547949087
  0.58257562926217965  0.58946704904136416  0.59702854866078248  0.60515443943022273
  0.61326197769869151  0.62127268216289044  0.62903456912767319  0.63606345447989610
  0.64351870570526604  0.65092103325100370  0.65816627476307621  0.66548188171867939
  0.67302821756635645  0.68125561168157056  0.68996814542265872  0.69867986319668607
  0.70762400683602156  0.71669122197980295  0.72743072143744614  0.73911469681003172
  0.75126401192581693  0.76310204101140489  0.77541173427370302  0.78862973415221571
  0.80120886290972237  0.81391770589062007  0.82777250096719068  0.84554149326334094
  0.86932594239376693  0.89842461210288260  0.93847105503789230  1.00000000000000000
 -0.00172109798021085  0.00786897325252686  0.01519315204006845  0.02231914016522174
  0.02986136189051814  0.03838239358680191  0.04742897596113933  0.05637072648846145
  0.06539297173812844  0.07552650549212916  0.08649742709776605  0.09793618961458614
  0.11037687531458300  0.12263427042857489  0.13469520435934332  0.14629384392221365
  0.16021972317296423  0.17382324715224245  0.18801950558379657  0.19965117431334453
  0.21165843481126689  0.22163415011817844  0.23112980097414687  0.24043098879615088
  0.25032392411414550  0.26041882956277307  0.27025042958200307  0.28017295473310894
  0.29031017267614639  0.29949399499341250  0.30873768459449680  0.31801989535075265
  0.32805171851788478  0.33782217501384182  0.34715854114608413  0.35631727548529235
  0.36582717271057963  0.37546771629267300  0.38528926533079588  0.39541689631289106
  0.40606983249505124  0.41705013502304172  0.42778381112158631  0.43808086420101372
  0.44802222587498436  0.45873656648090300  0.47131770973200093  0.48503540644865778
  0.49898746273604799  0.51255688556207668  0.52458415545116410  0.53650762229925608
  0.54721151524416545  0.55660037094645309  0.56653619895759588  0.57620918971397339
  0.58611007933026160  0.59560418600584231  0.60508122943596410  0.61539370559567752
  0.62542409095926776  0.63651538237377570  0.64847399436228537  0.66173866543588045
  0.67430186987258656  0.68634177429991972  0.69847764455149319  0.71033986701540319
  0.72228329806482394  0.73471309790112072  0.74717464099149333  0.75725056138873936
  0.76720938164979091  0.77748815750410405  0.78678429196846145  0.79551097312671881
  0.80396352569681595  0.81310567363900366  0.82352520793591877  0.83450095381383316
  0.84492988922346446  0.85410419202281229  0.86432147322246977  0.87496020472081870
  0.88643297876934068  0.89763166528802585  0.90842467638401747  0.91837845020114828
  0.92828004889483717  0.93866277426535749  0.94928781005148233  0.95989874613306103
  0.96950468538588352  0.97914446567022739  0.98910265360405281  1.00000000000000000
 -0.00313216597548097  0.01151423682347396  0.02299823810862683  0.03405456155871503
  0.04351167433450728  0.05239640166190941  0.06058161468193721  0.06982766609556837
  0.07912771361137474  0.08862293214255551  0.09901248000201270  0.10943536523416633
  0.12012075810343925  0.13101664202394248  0.14194421838591961  0.15335244735621489
  0.16418043634649121  0.17453742322328808  0.18527378498169708  0.19746658600238512
  0.21007861491920662  0.22311824525942917  0.23433563635294682  0.24508981655190534
  0.25665092013140123  0.26872581725056360  0.27999497941332319  0.29085941613166955
  0.30122546972595438  0.31131664980856905  0.32096927027882893  0.32964693406294732
  0.33821062881526293  0.34618553828413445  0.35535415105697449  0.36640283500544818
  0.37847926427362005  0.38993210127939143  0.40078742857101068  0.41132207469435644
  0.42145790029582264  0.43161727135961170  0.44224278071245321  0.45305643159329195
  0.46349518887154700  0.47381123502892902  0.48460521838194570  0.49525186358220014
  0.50601999107258611  0.51669230732076710  0.52693629432352884  0.53702263610377077
  0.54689464787895670  0.55607174360694744  0.56450144758055087  0.57241923754792667
  0.58056723649395459  0.59039195911897124  0.60007573440340967  0.61063427133225712
  0.62194493184389288  0.63242439320706856  0.64204691824155768  0.65179288677004821
  0.66115117844199389  0.67088346463385984  0.68039495213753054  0.69057898580591792
  0.70116681319606400  0.71170134108812655  0.72201039035542014  0.73308955381415231
  0.74503459990831700  0.75717212510024312  0.76958546036823194  0.78200993547509767
  0.79408203755080986  0.80581601770327382  0.81734153631714024  0.82880425723402096
  0.83937940825436019  0.84925999492280568  0.85920406319362275  0.86991784860471055
  0.88170620338044736  0.89391423167941642  0.90587878852403370  0.91745576346920743
  0.92882369836517653  0.93951558219200115  0.94895045732509564  0.95857673516056841
  0.96883314937708442  0.98006067988614576  0.98974346487292586  1.00000000000000000
  0.01867614876771756  0.02607589921403242  0.03110228359818196  0.03473644530310375
  0.03771477966985023  0.04034348468012330  0.04237941793058084  0.04412029498741455
  0.04585598103428842  0.04759535828274516  0.04928484649166828  0.05090643839706181
  0.05246746097826165  0.05394473803143648  0.05539062123078611  0.05686661853714874
  0.05836994244491996  0.05987167913781380  0.06134186326016330  0.06275131348423123
  0.06410737856697699  0.06537340944694581  0.06664067529658593  0.06787808617375474
  0.06910435169895562  0.07036122027332875  0.07160109246466283  0.07280238793101544
  0.07400899523511260  0.07524246960305400  0.07647828551809369  0.07774676829680005
  0.07900905696216624  0.08020288463668905  0.08136922223849111  0.08258115429763939
  0.08380890868719905  0.08503412333620163  0.08626848941828544  0.08753884152634903
  0.08887119129147152  0.09016969687435104  0.09152194883161122  0.09300327478706737
  0.09445489198559934  0.09587897945406106  0.09737994857367459  0.09885269513797154
  0.10029315835854610  0.10169357998145864  0.10310941876475613  0.10440775611623848
  0.10594281861837393  0.10749570791494656  0.10889243407632321  0.11023198685272552
  0.11158919729364350  0.11302836439834205  0.11451041947238076  0.11602561357698353
  0.11760432329241159  0.11910949361760870  0.12070170027596763  0.12227283805313657
  0.12386844116054402  0.12563323780136115  0.12743273079563899  0.12923645595340671
  0.13138265403192545  0.13365463052755491  0.13611473736345883  0.13851385072972741
  0.14069342177098121  0.14307063305887527  0.14526954912787771  0.14823734394548968
  0.15119245866685913  0.15389569229509067  0.15658956261915652  0.15927463744777035
  0.16258046756132372  0.16684430076135243  0.17254804952726213  0.17944948148122361
  0.18607640011514542  0.19455158774101428  0.20544667964946231  0.22084832261293252
  0.24514668979400725  0.26715165026549093  0.27891192649961150  0.29322251013919681
  0.31019855016145315  0.34243444595289996  0.76598868690382360  1.00000000000000000
 -0.00374606439038760  0.01337101914362520  0.02782249295202784  0.04381812338593236
  0.05845666214136180  0.07204652138270698  0.08503218073547675  0.09827882247237074
  0.11207889497732283  0.12595702503590467  0.13949556435197366  0.15521413329213127
  0.16971102944123492  0.18380252285078486  0.19801306667800439  0.20988809783346665
  0.21989602852407816  0.22918620043743446  0.23888734969357589  0.24947704194007203
  0.26065971983039088  0.27230960843329549  0.28380903253774864  0.29447122368427037
  0.30455322606358826  0.31426961672623499  0.32350362555741924  0.33264894606818129
  0.34279990392222326  0.35312241677107337  0.36184624602603765  0.37036988580235003
  0.37894450628145537  0.38793776180633138  0.39716339003016998  0.40597962609201410
  0.41455527043209006  0.42357670456431540  0.43305147812847539  0.44216156856526995
  0.45060286499574714  0.45945425600183287  0.46760782276367630  0.47630264177640408
  0.48427888792515955  0.49238753683815223  0.50054817595006718  0.50886978073928657
  0.51745519968696729  0.52667429272081012  0.53581147441624533  0.54485496423657120
  0.55467736122943945  0.56500030298846360  0.57542974428990878  0.58538351672755540
  0.59414741358942069  0.60266756962177792  0.61118803373327546  0.61972459635720534
  0.62871011567830348  0.63835105587185448  0.64804306808323364  0.65922717878053161
  0.66980325470210000  0.68075151593789818  0.69071258493081589  0.70024296379204731
  0.70975450219786329  0.71998464663888861  0.73025092288895521  0.73953498894781178
  0.74816455285274397  0.75696719945762558  0.76620314737121442  0.77585191461395597
  0.78606475238020479  0.79651188039355236  0.80686959482007847  0.81724698801815276
  0.82843125963918662  0.84048526410107760  0.85282942031866682  0.86292958850314649
  0.87225113008662480  0.88270401347093630  0.89431670495122118  0.90572783453907679
  0.91757490086408278  0.92954774888226577  0.94062716401588231  0.95048535336623097
  0.96006235264312079  0.97065154145809573  0.98354911594734140  1.00000000000000000
  0.10415597148937362  0.26528538479090180  0.31485573827185542  0.34974678981678176
  0.37109168906623624  0.39061158355502257  0.40973553921331507  0.42702320942007821
  0.44253159887373200  0.45720933006371345  0.46889581348788706  0.47881916356197213
  0.48699600603458620  0.49566326277495304  0.50358662386142061  0.51133669677655957
  0.51867664227355248  0.52549087973719666  0.53145626952196479  0.53719220676702506
  0.54327646012931985  0.54986816972936381  0.55579660894244953  0.56125314968133300
  0.56660827008610526  0.57239100656901787  0.57800329284721508  0.58319290001619406
  0.58838559695413040  0.59360744574695123  0.59874440003401674  0.60359843710144823
  0.60826548163999705  0.61290729327395144  0.61758995104449665  0.62216939013748196
  0.62642329811753961  0.63040992003029905  0.63446207728230108  0.63854242359092850
  0.64260144939052255  0.64656084553305815  0.65041195663653550  0.65422284908396522
  0.65774005323925766  0.66131978781058942  0.66474851375120814  0.66810044789277823
  0.67149265739395303  0.67494492875814627  0.67841960208502694  0.68200302091858844
  0.68562092684853304  0.68927669836171901  0.69251416748252392  0.69551779738316444
  0.69847940266329256  0.70157501039236247  0.70481318486583722  0.70813130211098674
  0.71155653877373359  0.71478101067089250  0.71793651450802309  0.72099286599603118
  0.72402274419263302  0.72711960518419816  0.73048904504910417  0.73392953499962066
  0.73746826917705255  0.74093512689629371  0.74440435706536690  0.74793382012733844
  0.75164240473537669  0.75549310956820848  0.75943536483295515  0.76342046195571622
  0.76733340504905323  0.77122736222229515  0.77515658276353183  0.77925064850431225
  0.78354451280538595  0.78797637278159827  0.79277113284833745  0.79791044895871632
  0.80305514564941349  0.80829005251079733  0.81399356988049276  0.82044686098788711
  0.82755150072967687  0.83529988505879216  0.84422429499355611  0.85445488639707534
  0.86684978425009873  0.88306968015190457  0.90996328140703697  1.00000000000000000
 -0.02317464208035393  0.13989818186850939  0.18488002165534972  0.21315081602335981
  0.23403429843803050  0.24932437879643812  0.26092084538990901  0.27226739078785600
  0.28241393175281804  0.29146107190295334  0.29946672049485723  0.30723584029988399
  0.31485449456196607  0.32225415883074898  0.32901236649350640  0.33572885908033645
  0.34241588205797235  0.34892654860859496  0.35521709632493104  0.36155483034129265
  0.36795200877016776  0.37432921748014475  0.38053155125830973  0.38645989827318533
  0.39240901553594254  0.39818558176887342  0.40377545705289514  0.40887089596143955
  0.41369487710482544  0.41874385864063168  0.42383515445219189  0.42884529218453510
  0.43409801599856224  0.43945782356096968  0.44494197946640718  0.45008487486892856
  0.45503236773697880  0.45968608256661075  0.46421590113867101  0.46879652667405530
  0.47355018119989722  0.47888666726145679  0.48336448430428286  0.48779335984355643
  0.49208397517450120  0.49637718115796942  0.50067240012456837  0.50477302215911823
  0.50908759352498412  0.51344708854638765  0.51794555843608237  0.52239166881943844
  0.52644662360035177  0.53026111049369173  0.53392710998648596  0.53769702539324515
  0.54161616601160056  0.54544371186599594  0.54917266854834490  0.55295264576334413
  0.55697961330978663  0.56124580211770581  0.56549940998059711  0.56964796833770370
  0.57379781383718187  0.57787904530747580  0.58209545220796433  0.58659172551057193
  0.59127402563160059  0.59593408154360750  0.60069451617617564  0.60563673316429367
  0.61111148446071661  0.61641385245501590  0.62185456352777391  0.62836124527057047
  0.63547162498068399  0.64272055068288769  0.64954430001295449  0.65578508887427933
  0.66236799047269446  0.66989854517238479  0.67901573553870076  0.68815041762742091
  0.69643171481390120  0.70464846136707182  0.71359345134165864  0.72327561717380084
  0.73351440261260781  0.74435825011051748  0.75769613349031562  0.77294783740014328
  0.79267984831320815  0.81961960023414093  0.86253784757600915  1.00000000000000000
   2.5259339993972994E-012  -1.0000000000000000     
 T T T T T T T T T T T T T T T T T T T T T T T T T T T T T T T T T T T T T T T T T T T T T T T T T T T T T T T T T T T T T T T T F F F F F F F F F F F F F F F F F F F F F F F F F F F F F F F F F F F F F F F F F F F F F F F F F F F F F F F F F F F F F F F F
  <DiscreteSampler_grid>
  grouped_processes
  1 # 1 for a reference and 2 for a running grid.
  10 # Attribute 'min_bin_probing_points' of the grid.
  1 # Attribute 'grid_mode' of the grid. 1=='default',2=='initialization'
  0.0000000000000000 # Attribute 'small_contrib_threshold' of the grid.
  0.5000000000000000 # Attribute 'damping_power' of the grid.
 # binID   n_entries weight   weight_sqr   abs_weight
    10   10   7.374980818833346E-002   2.922269783963110E-002   7.374980818833346E-002
    16   10   7.374980818833346E-002   2.922269783963110E-002   7.374980818833346E-002
    22   10   7.374980818833346E-002   2.922269783963109E-002   7.374980818833346E-002
    28   10   7.374980818833347E-002   2.922269783963111E-002   7.374980818833347E-002
  </DiscreteSampler_grid>
