  0.01406484747585473  0.01475159850181868  0.01534904284283690  0.01577668098699697
  0.01615384269317084  0.01648741830429704  0.01679358033231952  0.01709610449666838
  0.01739241976068027  0.01767304571599240  0.01794354682639441  0.01819899864249274
  0.01845307478998228  0.01870734264080574  0.01895451976354487  0.01920310262425708
  0.01945320318358114  0.01970949938188588  0.01997010146911579  0.02023451830539220
  0.02049886919786613  0.02076301152631702  0.02103023534112068  0.02129380308339172
  0.02155357104976299  0.02181251354692040  0.02208250604305303  0.02237293436515383
  0.02265229525511224  0.02293230806105839  0.02321019422552327  0.02349411386632637
  0.02377335265034957  0.02404476392958772  0.02431466187532049  0.02458978330946988
  0.02487776090998606  0.02517946802223181  0.02548992884670245  0.02579646972549332
  0.02609677700966315  0.02639983715429544  0.02671445592162096  0.02704530864856616
  0.02738480484864986  0.02772921726560712  0.02807824322937288  0.02842860050934650
  0.02878689160703242  0.02913475287160658  0.02949229137969829  0.02986684623385179
  0.03026797150333091  0.03067748459187626  0.03110368772603817  0.03154003705917324
  0.03199005539702805  0.03244336416846727  0.03291331194561987  0.03342329129729128
  0.03393145506411357  0.03444176006478953  0.03496291570165842  0.03550194786007749
  0.03604569491835390  0.03665998498945639  0.03734171677710465  0.03806293288507638
  0.03882730382967840  0.03960012628644392  0.04037599009580062  0.04122364089182662
  0.04211171892668491  0.04307480201872113  0.04412433404242833  0.04517773076506398
  0.04628168204128797  0.04740060826620729  0.04860596943866045  0.04988338149015184
  0.05123418896078055  0.05263910796567761  0.05414200504525893  0.05580916594041493
  0.05773722710932360  0.05994822134191937  0.06249071399027626  0.06546589577360788
  0.06872425928953663  0.07219037374758983  0.07629407683028235  0.08171350377314732
  0.08947258514535025  0.10198120538139265  0.12511698231958865  1.00000000000000000
  0.00020853088638108  0.00038033929512049  0.00043557069377062  0.00048162730867187
  0.00052535962315767  0.00056778446065538  0.00060860146295666  0.00064703544053548
  0.00068521922493761  0.00072478544516091  0.00076496471853264  0.00080534433063125
  0.00084494997689348  0.00088461110245503  0.00092626194089310  0.00097018285296655
  0.00101464219168901  0.00105866973240963  0.00110290507741786  0.00114806904774775
  0.00119421072105934  0.00123753788169178  0.00128227618172076  0.00132655713102543
  0.00137029096199238  0.00141509963400892  0.00146134973834110  0.00150856578992941
  0.00155651205161773  0.00160557865620332  0.00165631861239713  0.00170769526322289
  0.00176074210320540  0.00181740937315406  0.00187719789312228  0.00193970625437897
  0.00200387724874629  0.00206992014101106  0.00213747586758876  0.00220809816963383
  0.00228757226005933  0.00236675289698165  0.00244741097020374  0.00253074381436886
  0.00261169169358513  0.00269842974965004  0.00279650042441006  0.00289134063092293
  0.00299169230479560  0.00310327300740696  0.00321783848464295  0.00333621661305608
  0.00345938014873657  0.00358740536349500  0.00372126891169182  0.00386221355517495
  0.00400827684014806  0.00415728696451213  0.00431343584837021  0.00448386213228267
  0.00467058819461084  0.00486781522039360  0.00507720015591436  0.00529956885791109
  0.00554935168930876  0.00581604185606405  0.00608944752528886  0.00638064265666388
  0.00669699272585469  0.00704616820381189  0.00741683528199060  0.00780493267324278
  0.00822098951264044  0.00868391434593360  0.00919269887069152  0.00973589515997612
  0.01034377500084958  0.01100689384298649  0.01173229716325347  0.01254333995571082
  0.01346840909085563  0.01453323466958530  0.01571649535339486  0.01698961329210835
  0.01838103420623630  0.01991177277476687  0.02156098540666695  0.02352904447835460
  0.02615967602145503  0.02936218454516682  0.03306724555610222  0.03836621242711805
  0.04931890232328068  0.07548226384309895  0.54115196507549324  1.00000000000000000
  0.00229700228204568  0.00419781051884729  0.00558407270805213  0.00664018541473889
  0.00721644970477959  0.00775516367497304  0.00830773162241687  0.00884094370981975
  0.00933694212141749  0.00980655262515744  0.01025895212582864  0.01070631003893638
  0.01111920283632035  0.01149741606149060  0.01186584566749325  0.01224039844852990
  0.01262446521808602  0.01299609910743030  0.01335769211285388  0.01371858974969616
  0.01407362255691190  0.01442600417932283  0.01478206488323604  0.01513913943817176
  0.01549522095564557  0.01584746008889326  0.01620094567882360  0.01655762435124852
  0.01691295273590980  0.01727302597419737  0.01763830158511369  0.01801014726139069
  0.01838124195360258  0.01875079168880514  0.01913712910579889  0.01955041600384404
  0.01997203312678005  0.02039583955450214  0.02082260960409658  0.02124895830601577
  0.02167768958400700  0.02211477125471948  0.02255124480202349  0.02298424705043758
  0.02341320442726691  0.02384311928566453  0.02429403164188817  0.02477668132916987
  0.02528295704763434  0.02580076476453486  0.02634355103565958  0.02690742555355128
  0.02751030999672869  0.02813322290493299  0.02875905772346973  0.02940653615741144
  0.03007301027535780  0.03075859988520546  0.03145063093672260  0.03214121043451574
  0.03286297569459128  0.03365171131509968  0.03450069656748669  0.03533813440684139
  0.03618725059733718  0.03706160322554809  0.03797558205678921  0.03895030282541056
  0.04000619450548089  0.04116030147383205  0.04239488896930965  0.04370063086712010
  0.04507570931946501  0.04650357695700546  0.04801552035237160  0.04965434094069891
  0.05148965956896287  0.05358598340355081  0.05589737873816338  0.05832952530242878
  0.06065657281326507  0.06292638309937384  0.06535290168446087  0.06825528170606171
  0.07167162097112578  0.07579181680482072  0.08082963963391153  0.08736513269557479
  0.09464475046879647  0.10304702674023360  0.11353797837598588  0.12648302682519849
  0.14655229477831941  0.16972591084861352  0.54037594844516623  1.00000000000000000
 -0.01676252116824755  0.08219011203065169  0.12631176617349205  0.15315610252092579
  0.17182318112104786  0.18757936845814543  0.20127640025887461  0.21426911773078139
  0.22664918620699040  0.23819343341750907  0.24891410679363649  0.25909705464368432
  0.26874151589170481  0.27767989589236425  0.28599349535503177  0.29384685921758097
  0.30116952852316142  0.30814369842401279  0.31474619867324150  0.32106422163052428
  0.32730396021754321  0.33357987059389521  0.33996267775776168  0.34624040018329189
  0.35213793457404990  0.35773083713370585  0.36321016126774047  0.36873366442818512
  0.37416850365920024  0.37927791119981680  0.38403590911742508  0.38855767854291062
  0.39309160262155735  0.39779863468002019  0.40275310266148467  0.40792087339050487
  0.41304621029299732  0.41801789677273621  0.42285475246387383  0.42756909659124559
  0.43222741194202741  0.43687468346329650  0.44156943065177900  0.44633068793589264
  0.45097448021518555  0.45555933370735247  0.46010652478427100  0.46471030219655018
  0.46942414854709563  0.47411393616821640  0.47880846832825291  0.48353005487362449
  0.48825742438253511  0.49315211701995904  0.49821995345518294  0.50347804485312175
  0.50879086005292162  0.51398995070377507  0.51910509039708086  0.52397881872705465
  0.52878454060502578  0.53371791497053056  0.53886804738741967  0.54424573056365366
  0.54971620139071731  0.55518048633708772  0.56067255072902689  0.56626335183296839
  0.57193727820518980  0.57758500417901881  0.58324369516111330  0.58914021884511214
  0.59544883425094919  0.60209353963859080  0.60902140905419344  0.61627547060101073
  0.62367624258952337  0.63117880764731882  0.63893701485725563  0.64713315231452673
  0.65583858226246639  0.66499793011165353  0.67421069372845766  0.68335868543587897
  0.69353985452175770  0.70512355970308838  0.71745667575340477  0.73021795206884388
  0.74393131039139426  0.75934296649456434  0.77659875816712853  0.79654261275699623
  0.82235762943134205  0.85696750244366915  0.90870023824327673  1.00000000000000000
 -0.00196271092075590  0.00862507020794688  0.01809290647227841  0.02898277402683339
  0.04007817284579009  0.05057775467352907  0.06094875655154533  0.07152722464675662
  0.08223954360335814  0.09283437953520522  0.10349275452296471  0.11426203499949701
  0.12505925637803272  0.13589074508804172  0.14640356579709921  0.15668228249444410
  0.16714004485597278  0.17828844767062291  0.18939824518850931  0.19975589201893662
  0.21000502303388205  0.22072137950167472  0.23181926345658563  0.24307253495204795
  0.25437135574582681  0.26538442131558082  0.27608673122692540  0.28667376556321938
  0.29726675881586923  0.30786638357460094  0.31867065420776519  0.32953341500360511
  0.34022901104484121  0.35067519751817106  0.36118353961058208  0.37191906957974952
  0.38334599762527716  0.39508371662998432  0.40703021395050437  0.41817724954795676
  0.42926687077110670  0.43972600729689715  0.45040064674072783  0.46086475969538954
  0.47100288898317078  0.48096915904441773  0.49083492045060423  0.50043812965093903
  0.50971117665929966  0.51888970835400394  0.52858201017532846  0.53837443090571357
  0.54817647822994708  0.55790894140121261  0.56839327612497303  0.57992837810483722
  0.59155494122411945  0.60328097157026861  0.61472640554344127  0.62555008488406993
  0.63595230978292716  0.64628410837925110  0.65637294079872632  0.66637336631847033
  0.67638968584038284  0.68620288033151311  0.69586086680428649  0.70506850578202485
  0.71463705596464688  0.72467164628529335  0.73517816559976212  0.74582969812474775
  0.75651423292458775  0.76696933096272824  0.77752502508493104  0.78808590015331648
  0.79872346559272422  0.80953557292756495  0.81936875299079093  0.82956884670439479
  0.83988065975730208  0.85007704424756325  0.86041204183753150  0.87035714694366051
  0.88111690063156811  0.89194918638049836  0.90335575065678064  0.91469825294733564
  0.92549800138571525  0.93588257000014985  0.94624049323034465  0.95668588144164224
  0.96722258310999387  0.97743895335629793  0.98842282730306297  1.00000000000000000
 -0.00236888078278796  0.00875866594381485  0.01909630849871702  0.02881736015605672
  0.03896461048773939  0.04929307646059972  0.06015095905903613  0.07015166276136287
  0.08001162286521783  0.09028856736291964  0.10061221042985319  0.11065318775166066
  0.12041110569579448  0.13032276098645856  0.14038527281420143  0.15055004251004628
  0.16087520659368981  0.17166384655894035  0.18312117481698295  0.19485546313508351
  0.20626976499729857  0.21728489500263534  0.22790399198652775  0.23793082284642222
  0.24841897195947543  0.25882273618446450  0.26964803246083130  0.27996220896486218
  0.29022252347687488  0.30062333255858309  0.31104725920720527  0.32175002873004510
  0.33137807703741184  0.34298367686020736  0.35402280309853779  0.36509821255004649
  0.37590055969232189  0.38571844066667998  0.39525736706946729  0.40491566365032772
  0.41564936744354125  0.42715068892479147  0.43869983781676458  0.44971085126148996
  0.46008594840350653  0.47002177723758987  0.47980201520898463  0.48948246325552103
  0.49913866609143548  0.50851637062692234  0.51775797664993917  0.52739931736502832
  0.53745105556475492  0.54813462010534064  0.55858843194869501  0.56918751240745413
  0.58040808755109818  0.59146924043162230  0.60270645654907296  0.61380421654167683
  0.62461255444860464  0.63553018112360471  0.64668574480184582  0.65809415271232052
  0.66947482197841379  0.68037372222528614  0.69083664570254688  0.70157104282886118
  0.71233281647632518  0.72297231327671430  0.73331244726704203  0.74378606038560480
  0.75437488740951897  0.76483795833824786  0.77537474567818954  0.78583345509005442
  0.79643333743860067  0.80676996125778344  0.81706693112021922  0.82759319024661049
  0.83827427925291487  0.84945931882793102  0.86059997932974375  0.87177778785321847
  0.88177505358083119  0.89193392720175335  0.90261536963250510  0.91413618785124495
  0.92545189629446767  0.93666970226810875  0.94746596028313534  0.95892754886460407
  0.96986703568673183  0.98042426533768845  0.99035723615750393  1.00000000000000000
  0.05778961312723919  0.06208165505906077  0.06571041785735668  0.06881706287681696
  0.07143386624190795  0.07381227439196555  0.07600972625229467  0.07807540569808097
  0.08005028297664689  0.08201148111130953  0.08385611641508484  0.08557698010598812
  0.08727799008250207  0.08898403273432680  0.09066813526324113  0.09232179249943566
  0.09393756395724222  0.09549642045748502  0.09700969123242480  0.09848928802151297
  0.09993486641832994  0.10138609143028614  0.10284662989191212  0.10428514067437089
  0.10574975607060556  0.10719512384133686  0.10864534979346754  0.11008233739257195
  0.11145780115438861  0.11279021368879120  0.11412795965431320  0.11547214047121097
  0.11683497609343710  0.11819266350254644  0.11955874319025050  0.12092557900717130
  0.12230522953190139  0.12371448607886802  0.12516599535380746  0.12666510162481576
  0.12818668124521146  0.12973687574248527  0.13130360853811590  0.13287730190986646
  0.13443405594436572  0.13600300553958206  0.13757479350776819  0.13910293016844869
  0.14063403914869613  0.14218891220305330  0.14377238572372478  0.14546698150819520
  0.14729299251994923  0.14916041844282943  0.15105137812079042  0.15297160394375300
  0.15491404116407953  0.15688562293043795  0.15890939390442968  0.16092859325341027
  0.16284258594848078  0.16470709791179750  0.16666130436000876  0.16886445621033905
  0.17115792946857702  0.17351700053810507  0.17591851514486284  0.17833279225685400
  0.18071727673637430  0.18303463625761812  0.18528250825385911  0.18738579419671381
  0.19056224412931783  0.19363913575435188  0.19677904449162067  0.19986472554661913
  0.20288425200991339  0.20610191050619509  0.20961610846790746  0.21333643428083418
  0.21750977067282348  0.22156400518135419  0.22514033908165321  0.22871328897739324
  0.23199776963258911  0.23511550145875501  0.23823217420568635  0.24222442529802485
  0.24815390754521988  0.25648090539651908  0.26665264890022289  0.27763733099547028
  0.28923192553198579  0.30664915682533916  0.96388542476089700  1.00000000000000000
 -0.00193637693440491  0.00792416040913438  0.01679294798857887  0.02566396089928700
  0.03472486426136769  0.04355893820631811  0.05261413385872296  0.06143896496183699
  0.07027864982906448  0.07897168519748241  0.08737505953167853  0.09573583535523253
  0.10463767311366781  0.11381294447465945  0.12263545401763221  0.13099618825112325
  0.13921642702467743  0.14771528706160217  0.15663201030387647  0.16584271496964900
  0.17526319072594332  0.18421284568777563  0.19273999622490029  0.20130999706694200
  0.21057291850665574  0.22106550505873668  0.23143930772042118  0.24129212251009113
  0.25126042147085575  0.26142712069010032  0.27170778071974366  0.28193758234379596
  0.29267089409541863  0.30448448529243249  0.31650898979815917  0.32864267954100140
  0.34066720647681509  0.35302674413650076  0.36588605411769815  0.37904346323819837
  0.39217253026407456  0.40540124350009704  0.41891933500185241  0.43275805779938453
  0.44621302821157344  0.45903049958782222  0.47173189673621296  0.48519245781729292
  0.49875815316150696  0.51303093352150408  0.52711382650854544  0.54023665313000768
  0.55233806443774847  0.56430585546017664  0.57686777385711319  0.58979736784187853
  0.60236395361724593  0.61458411089669152  0.62684635531164778  0.63942844359018702
  0.65181772829890083  0.66392007095401873  0.67626925707685548  0.68881212020208282
  0.70109029925573263  0.71303143746328690  0.72431398212651976  0.73489367101826253
  0.74532669417383957  0.75610065459692077  0.76730280483508395  0.77848293450907846
  0.78922978416585676  0.79952390298225973  0.80942632134251791  0.81896535669025816
  0.82819416133761770  0.83720694267222273  0.84624158980136177  0.85560396900308122
  0.86549571180051033  0.87541515661153957  0.88475105976904678  0.89347359729117093
  0.90195522625153679  0.91040808119007299  0.91902134081534903  0.92789447686396453
  0.93691621301523720  0.94588462104694848  0.95472043892175618  0.96352982058007297
  0.97242645013963225  0.98147124059080826  0.99044172557255394  1.00000000000000000
  0.09128990958027913  0.20626449806752126  0.25174916767096317  0.27947807556574927
  0.30110953311000083  0.31855328762901924  0.33282852940274354  0.34530297449881026
  0.35703861289271582  0.36774354501223755  0.37824716207336756  0.38846908340408215
  0.39752942477603209  0.40537491049677232  0.41261660448866794  0.41977732835340842
  0.42688268658835388  0.43368250747444942  0.44029127716302496  0.44653327798596248
  0.45266690635669188  0.45860455597534105  0.46413171360588978  0.46956614924150542
  0.47493289912564390  0.48004020242588369  0.48500638620294617  0.48987776587628507
  0.49474580643065119  0.49947789862602393  0.50406600589964645  0.50867057022472928
  0.51320464915289643  0.51774125993539222  0.52222609643231988  0.52668589788753928
  0.53104826282715789  0.53525938521752503  0.53947065153889961  0.54380530589119491
  0.54808174005002830  0.55226606587102522  0.55632082250172676  0.56031113328116910
  0.56431303239520803  0.56836991372365486  0.57246022690572484  0.57647251547880807
  0.58039349828228048  0.58435781734985814  0.58841445282814786  0.59256026129890593
  0.59671143091454770  0.60082476419486019  0.60499290264879391  0.60883802244891116
  0.61296861481665565  0.61708320556080776  0.62112545817190645  0.62509078753078662
  0.62902764722162829  0.63297745020047869  0.63699155668910801  0.64100446276361855
  0.64497125278573042  0.64884401335532993  0.65267527518249346  0.65651937552998607
  0.66044239853639852  0.66449703803676019  0.66872984377277112  0.67299917680597876
  0.67731379995641672  0.68169124717990859  0.68620256801188428  0.69082336425979096
  0.69550368524308226  0.70026516760643032  0.70520672912565752  0.71039441899479716
  0.71585972537048292  0.72152960736594940  0.72735556555560898  0.73336634926334665
  0.73961405597427732  0.74618973385095388  0.75327883014446706  0.76112929252949180
  0.76959496244174741  0.77856066925339074  0.78816369406822651  0.79886652347818232
  0.81158459537856986  0.82830034538166897  0.85958595097784507  1.00000000000000000
 -0.03808658220276099  0.17149088001144766  0.21381537648055354  0.23932891991643446
  0.25834095513559735  0.27322052193222252  0.28508140973114149  0.29583822548462507
  0.30597429849869540  0.31517172645659330  0.32271948122040939  0.32974478345184144
  0.33644254242828608  0.34295432446735330  0.34918870367499572  0.35510306573244071
  0.36086299966411212  0.36654983877195652  0.37223017902645600  0.37771605448746198
  0.38299459727720109  0.38816800831415066  0.39304941324069725  0.39790283760865136
  0.40276546425837056  0.40747993758023443  0.41209357501130622  0.41664182113089571
  0.42118586792845758  0.42567921310644391  0.43004261192029197  0.43437901480469499
  0.43860938700915114  0.44287291951043012  0.44710867574203766  0.45134613567407050
  0.45562746856930186  0.45977999015030968  0.46380692135393631  0.46772380484066389
  0.47162932626039183  0.47552103134878443  0.47932900781959337  0.48310210971794093
  0.48679194831439815  0.49047537617668041  0.49414689181183191  0.49779633011756907
  0.50130565556200457  0.50481020748450811  0.50832457141533205  0.51225550485898941
  0.51611721276322509  0.51993901510263396  0.52377327386607575  0.52761862927666825
  0.53144100715713971  0.53523078367178534  0.53902793073926092  0.54284803621258715
  0.54676589139396858  0.55077782186416946  0.55484130946645849  0.55893577177127163
  0.56310434214951532  0.56742605734243290  0.57183579980959476  0.57630900575542487
  0.58083166949892329  0.58539295866483509  0.59019560619634304  0.59501220380681985
  0.60018398373238702  0.60538169460804625  0.61060884761497591  0.61586346784449375
  0.62117107350313616  0.62678316231407405  0.63255287350349865  0.63834295568776800
  0.64424999318381004  0.65019063728355098  0.65653047723605484  0.66331544182691071
  0.67042342682673872  0.67789063896182766  0.68595417015328952  0.69477663947231527
  0.70454601590976373  0.71567766221987927  0.72855662432601664  0.74402771476612461
  0.76249517353492624  0.78720423255309480  0.83027243781928961  1.00000000000000000
   2.1554932619778793E-011  -1.0000000000000000     
 T T T T T T T T T T T T T T T T T T T T T T T T T T T T T T T T T T T T T T T T T T T T T T T T T T T T T T T T T T T T T T T T F F F F F F F F F F F F F F F F F F F F F F F F F F F F F F F F F F F F F F F F F F F F F F F F F F F F F F F F F F F F F F F F
  <DiscreteSampler_grid>
  grouped_processes
  1 # 1 for a reference and 2 for a running grid.
  10 # Attribute 'min_bin_probing_points' of the grid.
  1 # Attribute 'grid_mode' of the grid. 1=='default',2=='initialization'
  0.0000000000000000 # Attribute 'small_contrib_threshold' of the grid.
  0.5000000000000000 # Attribute 'damping_power' of the grid.
 # binID   n_entries weight   weight_sqr   abs_weight
    10   10   1.052319754488576E+001   9.079432624325516E+002   1.052319754488576E+001
    16   10   1.052319754488577E+001   9.079432624325524E+002   1.052319754488577E+001
    22   10   1.052319754488576E+001   9.079432624325516E+002   1.052319754488576E+001
    28   10   1.052319754488577E+001   9.079432624325524E+002   1.052319754488577E+001
  </DiscreteSampler_grid>
