  0.00003705356633458  0.00003856494951304  0.00003986948871679  0.00004124603727768
  0.00004270163421947  0.00004420177618633  0.00004584881464918  0.00004754211504157
  0.00004938373613361  0.00005126798445579  0.00005324587634860  0.00005536511608013
  0.00005768956250122  0.00006021526816756  0.00006289806837691  0.00006565923887302
  0.00006838082959085  0.00007123879528222  0.00007430752739197  0.00007759006198921
  0.00008110199297846  0.00008476037352337  0.00008853931477020  0.00009281906466931
  0.00009753229152418  0.00010249750055973  0.00010776591875555  0.00011328392269623
  0.00011888209592352  0.00012457100939598  0.00013052492561027  0.00013688803091819
  0.00014368561652976  0.00015076588409246  0.00015814922080855  0.00016587176068670
  0.00017388745394731  0.00018210369205350  0.00019064391708987  0.00019971048522919
  0.00020906434581162  0.00021865042509478  0.00022866472470345  0.00023925234177169
  0.00025057308519402  0.00026253229219177  0.00027477583666111  0.00028748331426802
  0.00030053066538154  0.00031455125880274  0.00032940594322977  0.00034482271283028
  0.00036060635209311  0.00037686686022900  0.00039361459784160  0.00041078765657609
  0.00042799004538160  0.00044563609648488  0.00046429573351868  0.00048367780833465
  0.00050372109733271  0.00052438650106873  0.00054575883491992  0.00056807731821512
  0.00059141429445489  0.00061584983871171  0.00064128688610027  0.00066758660819314
  0.00069466074018401  0.00072264917226843  0.00075200534361942  0.00078303753575835
  0.00081581915588598  0.00085031678812373  0.00088687470036971  0.00092589869498896
  0.00096786255439655  0.00101321510240200  0.00106282710554963  0.00111784145021971
  0.00117761674343289  0.00124447852239949  0.00132032569891627  0.00140626364014059
  0.00150700814757982  0.00162938999832979  0.00177843250094128  0.00195800810993363
  0.00219409968104695  0.00252163647766474  0.00300635073090338  0.00384296120644132
  0.00625184304471017  0.04947941751190787  0.55696442089002118  1.00000000000000000
  0.00044436745243624  0.00093014365854703  0.00109885717367008  0.00124091202799564
  0.00138031883789811  0.00150170005261223  0.00161598066319436  0.00172173805271153
  0.00181908683438121  0.00191461545949794  0.00200289242166021  0.00208658588535136
  0.00217171999910278  0.00225697104299754  0.00233879097542480  0.00241968828407547
  0.00250076530349180  0.00258711764334204  0.00267493024015712  0.00276187854536444
  0.00284835789238556  0.00293519691642616  0.00302795478699342  0.00312768917369013
  0.00322648032589413  0.00332301889333914  0.00341858377039033  0.00351043183800814
  0.00360033685457884  0.00369088439657699  0.00378239233901888  0.00387829612501170
  0.00397657258692485  0.00407640531225799  0.00417683978446022  0.00427772656470674
  0.00437883326473642  0.00447721006058874  0.00458271588720863  0.00469585875161576
  0.00481472587301730  0.00493303819863836  0.00504863602377046  0.00516624621438733
  0.00528520107489834  0.00540531540762483  0.00552432546761877  0.00564555237258421
  0.00576973016030849  0.00589794112273708  0.00602959282786197  0.00616366299935072
  0.00630065929002850  0.00644316404893554  0.00659412107820451  0.00674990095419431
  0.00690906941184002  0.00707253253135022  0.00724138455383677  0.00741540504065692
  0.00759570016380076  0.00778192288575672  0.00797321097570491  0.00817113632822697
  0.00838371746941641  0.00860266157994925  0.00882912020142324  0.00906634174411033
  0.00931250512198990  0.00957375645503141  0.00985894213442348  0.01016513989930528
  0.01048897251981271  0.01084013108193173  0.01121348146498867  0.01160898971634084
  0.01203585639018421  0.01250062048112096  0.01300489102497951  0.01355063484213170
  0.01414416347773670  0.01480154493494431  0.01553067413260958  0.01636160250742281
  0.01730319707940641  0.01839533471724563  0.01969730307077774  0.02129964610146819
  0.02337276758190013  0.02614214383236755  0.03026338277207299  0.03656382865831196
  0.04743012036598232  0.09454635108220172  0.67827856321422553  1.00000000000000000
  0.00176451447740168  0.00229567454125038  0.00288194620077696  0.00343876867779315
  0.00394203556730448  0.00438036081829447  0.00482403901417358  0.00525392931717958
  0.00564976517366203  0.00599695647372062  0.00632120561786304  0.00665025717902847
  0.00697202447376752  0.00725311915826526  0.00750274561019723  0.00776563840023436
  0.00802314789052858  0.00827570015300173  0.00852996375382139  0.00878561111394958
  0.00903705012020099  0.00928301288026201  0.00952420125981951  0.00976635180758184
  0.01001313200273622  0.01026158860008459  0.01050994604389970  0.01075817743989240
  0.01101000131732426  0.01126251450287530  0.01151253697436288  0.01175681043620648
  0.01199668739058338  0.01223852757227218  0.01248671784760763  0.01273406180987437
  0.01298090295802541  0.01323312822640840  0.01349274871857062  0.01374832700246450
  0.01400855204105607  0.01427984632970978  0.01455492858065392  0.01483537260593782
  0.01512421324195456  0.01542319560166693  0.01573392551767296  0.01605222887305924
  0.01638016999105803  0.01671777941976948  0.01706771612938594  0.01742850059907240
  0.01780139141325762  0.01818399382373869  0.01857617757341850  0.01897828584610664
  0.01939732441046223  0.01983117116568943  0.02027267968853171  0.02072716001121462
  0.02120537473685705  0.02169988536618722  0.02220822199474039  0.02271953792529047
  0.02325580430452321  0.02382669525805894  0.02443721898683313  0.02507062717463412
  0.02572282168481125  0.02640223404422028  0.02713264471240566  0.02791457613098583
  0.02873976650159049  0.02961092780744561  0.03053970539555885  0.03150824414042242
  0.03251703288714920  0.03362156167557494  0.03486383707433939  0.03621352971856821
  0.03766387354388224  0.03931223884108547  0.04116440364309385  0.04325740040042608
  0.04572104311069665  0.04862911576981858  0.05198551466723574  0.05602671613282549
  0.06137192616814827  0.06861410091453909  0.07542242297837404  0.07772868793971599
  0.09030031191614354  0.13792048622416656  0.59588016680691003  1.00000000000000000
 -0.00170077985467499  0.00639529700168093  0.01422499769610162  0.02200124960064680
  0.02978493330452495  0.03774343307708152  0.04620234421418269  0.05506917446521998
  0.06423441052438816  0.07347917954253132  0.08283405201071035  0.09257500509160768
  0.10244258893849464  0.11228983382355530  0.12248128718986939  0.13319507303286054
  0.14468942483998104  0.15629467494282373  0.16768064118038783  0.17884332908241457
  0.18985541937603470  0.20087323887835298  0.21200160835099888  0.22322681731355387
  0.23461920928117400  0.24605060676047433  0.25743671247045952  0.26866377631739702
  0.27947210291354641  0.29007997455700923  0.30089076763350797  0.31166215670519470
  0.32258188254875536  0.33359691925549922  0.34493125267433961  0.35613037903907019
  0.36720405178970578  0.37835548536166619  0.38974532184203498  0.40121027465519676
  0.41269351961790579  0.42420986646767500  0.43575421137315334  0.44718276230843240
  0.45847807898376131  0.46974467044492973  0.48098298889985069  0.49199828134047380
  0.50300119148326794  0.51439039544655873  0.52618857157291199  0.53800453664512438
  0.54934491979325106  0.56052727465553409  0.57202541370382520  0.58376835933671845
  0.59529348595670006  0.60646404721637359  0.61751860754076282  0.62881581627976224
  0.64019821515718811  0.65160782945998719  0.66264979143321190  0.67397425300867375
  0.68508759339061376  0.69603153830545350  0.70676605488255861  0.71747612322503385
  0.72820791833968879  0.73891073483199121  0.74995340935634225  0.76131715734145511
  0.77302794932684527  0.78428743972881676  0.79521881329620980  0.80613367359568644
  0.81697755532552219  0.82773539062840451  0.83876114310506755  0.84998809960272259
  0.86089288178899503  0.87161693214873848  0.88234094524170348  0.89314954016360404
  0.90374817903624605  0.91404374279950651  0.92405260840117553  0.93368116256950140
  0.94291050776319818  0.95156842072337522  0.95978294950887100  0.96795113228227525
  0.97602767096427256  0.98398807062252103  0.99212395747654825  1.00000000000000000
 -0.00225317221230360  0.00897891726582956  0.01886989159014263  0.02907479847715626
  0.03938327545227253  0.04958482246507760  0.05961743931297626  0.06991550584470831
  0.08004200728565015  0.09037725011837806  0.10079010138018994  0.11141688449526993
  0.12198030399373704  0.13261420442715033  0.14302798142918335  0.15324209876094835
  0.16360541374012549  0.17442795468038252  0.18532064972597062  0.19614624941170383
  0.20687580792483562  0.21766565290012602  0.22828274585031763  0.23860177371477817
  0.24855737084388049  0.25866039847261996  0.26926230688783331  0.28036210153582297
  0.29127588946719091  0.30184662467250262  0.31230034521329247  0.32286075128536174
  0.33348392698101376  0.34420471279768966  0.35520641207916426  0.36642573954161950
  0.37747843771047368  0.38831166864386435  0.39913352625251852  0.41006991206265558
  0.42085512696064531  0.43139494367269732  0.44189126941223544  0.45240955518297477
  0.46263695357716861  0.47266417030185537  0.48272456917349854  0.49299522133211909
  0.50325445854366613  0.51303942052485652  0.52318924509467568  0.53360848055757704
  0.54409634089308168  0.55450488424624800  0.56495958095485566  0.57563902180844084
  0.58589375096070495  0.59625736913142424  0.60657381449370207  0.61715111089998109
  0.62802958948940035  0.63897277156988241  0.65015626880425170  0.66123556356102953
  0.67210331696220760  0.68287807784058019  0.69358893428162838  0.70430622510555063
  0.71453247120959962  0.72449468369898185  0.73453916531141994  0.74446669920425168
  0.75480168011112514  0.76494792655667931  0.77552163048561895  0.78581322130111475
  0.79607010296367375  0.80668897922678928  0.81752389963961192  0.82861873502830163
  0.83907748241011082  0.84942647866313659  0.86013623130672656  0.87115907667203685
  0.88210219728644512  0.89255576000728620  0.90348708795658017  0.91465481183202835
  0.92580951741005746  0.93677449740442920  0.94764508732893493  0.95816376890418153
  0.96861974338700674  0.97906971712723823  0.98954159153455268  1.00000000000000000
 -0.00240736308186770  0.00936933684016272  0.02005698405737121  0.03036512119052142
  0.04078584762896911  0.05116913861671218  0.06206350454165020  0.07288869683328086
  0.08346735432785250  0.09393870342015943  0.10479429810154951  0.11579961108431425
  0.12667179427658809  0.13737947784605467  0.14810342772531768  0.15902552593230226
  0.16974435536064109  0.18031979208974447  0.19053359968789044  0.20035689011040983
  0.20988154778435780  0.21967025346361263  0.22959637458186904  0.23971672996796589
  0.25019830252372388  0.26117916753847192  0.27176117711949549  0.28193349350422581
  0.29225005950591149  0.30306035940393722  0.31404045569246430  0.32469581382532475
  0.33512477198275248  0.34538669265655703  0.35562431497303459  0.36587635866634860
  0.37613432673118397  0.38644781710291409  0.39696902368418291  0.40827322894840568
  0.41962153917379419  0.43057803559568814  0.44099961054127129  0.45126336649938259
  0.46197896807004274  0.47244666796479506  0.48307924179302086  0.49356544280672598
  0.50417180358676295  0.51489804747016943  0.52536387041755539  0.53574393970244139
  0.54604851632246887  0.55640072594286671  0.56665282906924586  0.57681242336808913
  0.58709031852679316  0.59770009093096566  0.60829075121758713  0.61864136900649136
  0.62894885588090332  0.63953543608684937  0.65004098096704277  0.66038893455732517
  0.67072978466339628  0.68092857249895899  0.69091790753443583  0.70107498848882632
  0.71164141829997762  0.72260127671654839  0.73344255874440600  0.74428090376265910
  0.75492161665667656  0.76545265211646840  0.77608360073620808  0.78643327152379161
  0.79657923249445739  0.80674594742904437  0.81737098690670273  0.82840084383379575
  0.83936040277240442  0.85023910394495117  0.86144480041520988  0.87276007803507227
  0.88386068623444880  0.89474177157325285  0.90571552633923014  0.91669839743421544
  0.92732274903332168  0.93800738675998341  0.94852586032415642  0.95923186255178861
  0.96974954326071217  0.97997374338975940  0.98999589117326359  1.00000000000000000
  0.05276128452978275  0.05532450884485156  0.05706031891122855  0.05838009362870038
  0.05956401380666104  0.06065870160153886  0.06168158665556317  0.06268799323487033
  0.06369252748957675  0.06467863677528757  0.06562895071380906  0.06655105885410771
  0.06746110378548993  0.06836638193247578  0.06926894397263865  0.07016191615502965
  0.07105394447221178  0.07194488822755350  0.07282635969040570  0.07369990378084691
  0.07458208451961963  0.07547130858484900  0.07635593257320933  0.07723812516779451
  0.07812547749999312  0.07902069359284608  0.07991655005244279  0.08080977387479940
  0.08172291939562418  0.08264984156196166  0.08358898117644264  0.08453176062525429
  0.08547379453505700  0.08642245714126186  0.08738133954958359  0.08832664458125440
  0.08925405848351771  0.09018526425348279  0.09114145865710112  0.09212621656351143
  0.09312883209351089  0.09414562592597053  0.09517376989493362  0.09621514530400145
  0.09727162915326792  0.09834097028147075  0.09941320943697694  0.10050351365190092
  0.10163898910865934  0.10277779937827569  0.10391312331909495  0.10505125048012166
  0.10621958488980568  0.10741595113465897  0.10866849849203321  0.10998929237655874
  0.11136949146446716  0.11279032696429540  0.11423682622049615  0.11571297569634105
  0.11720467564918254  0.11869469600244177  0.12022739771133656  0.12183581741292751
  0.12344123915557971  0.12502303933533665  0.12663800753629015  0.12830368961103036
  0.13012045376378481  0.13195513876378551  0.13385731460074460  0.13583864451019448
  0.13782414792808823  0.13987759234298291  0.14199310754990591  0.14421965993923511
  0.14649969034808002  0.14881512980231959  0.15112156169643506  0.15349777571905668
  0.15599797528636514  0.15861745847366968  0.16153434523894558  0.16487735011917898
  0.16850203768998964  0.17114286826031089  0.17400512858009948  0.17705315378180053
  0.18020770710989667  0.18448915229281979  0.19025853534279097  0.19755281520969217
  0.20695226450760709  0.22203438289676752  0.81614240547024952  1.00000000000000000
 -0.00220002507233552  0.00847925479704978  0.01827905524947640  0.02798416359048248
  0.03791080609561713  0.04755889146681140  0.05793370573667134  0.06840795672522290
  0.07880865247470317  0.08912982889357406  0.09930681118144363  0.10940424677051346
  0.11946206600123802  0.12957492302570042  0.13963891273473586  0.14945489464627348
  0.15898499158683463  0.16867607698392292  0.17812432133123465  0.18788733493082338
  0.19755173596618297  0.20741136983721911  0.21764966968877264  0.22817444987260266
  0.23892786182261103  0.24956132454368510  0.26092841061224842  0.27172495904290689
  0.28283632620767113  0.29387304516376267  0.30495275876886446  0.31603025058504852
  0.32711082178827688  0.33817508618777414  0.34946332068646502  0.36099539994478619
  0.37260602959880362  0.38411314283165704  0.39535505549667482  0.40651205016953929
  0.41760506836004130  0.42857387893421772  0.43929813340020601  0.44985555455389381
  0.46057176116332171  0.47160335420587146  0.48292945023158301  0.49454258540653329
  0.50655437613076826  0.51898491548667525  0.53123881435257059  0.54312360235876356
  0.55458625878187529  0.56604217066367424  0.57744684814627367  0.58859976247912282
  0.59952193121897046  0.61046027275351500  0.62144939647532094  0.63224712399809735
  0.64306410358533439  0.65399980094473120  0.66507342277731829  0.67607858746158944
  0.68709385354183750  0.69803939667248016  0.70880269427596987  0.71935169826182410
  0.72964698246142656  0.73981750669408908  0.75000334226660370  0.76027373410571897
  0.77049854007387319  0.78052917127926991  0.79045803585693164  0.80054054966386634
  0.81076500002289265  0.82109458106984679  0.83133832743745339  0.84130530770049172
  0.85126377948501175  0.86106521355770793  0.87082824540897252  0.88047025769294540
  0.89039339750514657  0.90026273775071042  0.91030849402804337  0.91986454267666207
  0.92956877663430371  0.93946232520079598  0.94945503477496362  0.95961469782163578
  0.96964026779997237  0.97997410066245316  0.99001793445419006  1.00000000000000000
  0.07644299544419336  0.14820456585708011  0.16930849851845492  0.18574966982265256
  0.20025991485018829  0.21261814933056403  0.22292770424831851  0.23242060277959253
  0.24145105225763347  0.24990291013446855  0.25784020400745994  0.26539415055696469
  0.27262474081008248  0.27951344723406280  0.28622984702309112  0.29284528339846172
  0.29932956575604919  0.30559460941376482  0.31159195987981181  0.31740796036184388
  0.32312146546025905  0.32886669181901090  0.33464574670020614  0.34031104211407642
  0.34581454325528821  0.35114506883735253  0.35638972957267723  0.36165299853150162
  0.36684785240089085  0.37199208890261798  0.37712677826004537  0.38222994632221780
  0.38725388532231386  0.39213466880058695  0.39691398499373909  0.40161516316840729
  0.40623259017499219  0.41084201716664315  0.41543318978916827  0.41993744505422259
  0.42442544583113900  0.42894963795683666  0.43347290017768780  0.43790960729980899
  0.44234769134264995  0.44680354010438661  0.45131175689535963  0.45585221881233967
  0.46037775879128323  0.46487312778842854  0.46932531893039903  0.47374250984025446
  0.47823766039773846  0.48290614888386529  0.48764107493164704  0.49238431647310066
  0.49710778334809375  0.50185457714949200  0.50664460901914821  0.51149352806631077
  0.51634986530580529  0.52117419538078791  0.52606137190838820  0.53105542816988360
  0.53610876480677438  0.54115068100946495  0.54616058434032766  0.55120620217305505
  0.55632862906770664  0.56153205754577906  0.56677121932190710  0.57196774980488352
  0.57716377067175417  0.58252001767488482  0.58807823943082749  0.59386199097927928
  0.59983040787582609  0.60591973213374495  0.61236041121647955  0.61896661748691617
  0.62576661627445973  0.63279967159240258  0.64006246751360540  0.64766202061613509
  0.65574845254005865  0.66441019481662200  0.67352999752279508  0.68290830491869059
  0.69279684611975212  0.70384524084245548  0.71639970210518700  0.73072925229942765
  0.74822032971318553  0.77147954636339611  0.81104417403628259  1.00000000000000000
 -0.04179317120862935  0.18019360664147585  0.22265578582743867  0.24554752203593186
  0.26228449831852713  0.27644766319287495  0.28910037288600648  0.30036019115312068
  0.31031511774733034  0.31926028103203202  0.32749334621617415  0.33516522367601187
  0.34238748562522697  0.34928475811431464  0.35583575346864099  0.36200657369666123
  0.36777849044344868  0.37328606632296701  0.37857332370470204  0.38367953116530540
  0.38861237073264487  0.39345862084317024  0.39827185208811278  0.40312051243042174
  0.40781676365325992  0.41227340069069168  0.41657035971334788  0.42077010975915241
  0.42492321811244999  0.42908540272000323  0.43324980389297546  0.43733913658412882
  0.44132558577840997  0.44527728454502441  0.44924364717122817  0.45319663471193333
  0.45709916828912273  0.46094683633274319  0.46474858945485903  0.46850679938214623
  0.47225299353094641  0.47600136781649655  0.47973444411356497  0.48355452998709680
  0.48722923646737254  0.49083232019122353  0.49442547776579138  0.49798547958002265
  0.50150627515429258  0.50509944511482197  0.50873552385373655  0.51238339160866797
  0.51604729332563171  0.51969803708205631  0.52328261620661598  0.52692216082234899
  0.53051246416512787  0.53427500031449804  0.53813354018377302  0.54206399930520011
  0.54598102246948566  0.54986302944487786  0.55371884135934846  0.55766338985932229
  0.56177633170357011  0.56597911085564012  0.57021709408052346  0.57449079660203661
  0.57884542128665717  0.58332082654989759  0.58790818562322478  0.59257908382408986
  0.59732188914416939  0.60216098590883527  0.60713835510144543  0.61227196731464506
  0.61753506918484036  0.62287569346385152  0.62828896587238603  0.63388101666482999
  0.63982036089476613  0.64604062088659819  0.65234126652454771  0.65888957876849463
  0.66589733608977497  0.67344863521255305  0.68148076590985640  0.68999097894452788
  0.69913514736688354  0.70947273393422028  0.72155242619070770  0.73587101219749063
  0.75365731986500228  0.77807031765639445  0.82168401663669910  1.00000000000000000
   1.1373481565701143E-009  -1.0000000000000000     
 T T T T T T T T T T T T T T T T T T T T T T T T T T T T T T T T T T T T T T T T T T T T T T T T T T T T T T T T T T T T T T T T F F F F F F F F F F F F F F F F F F F F F F F F F F F F F F F F F F F F F F F F F F F F F F F F F F F F F F F F F F F F F F F F
  <DiscreteSampler_grid>
  grouped_processes
  1 # 1 for a reference and 2 for a running grid.
  10 # Attribute 'min_bin_probing_points' of the grid.
  1 # Attribute 'grid_mode' of the grid. 1=='default',2=='initialization'
  0.0000000000000000 # Attribute 'small_contrib_threshold' of the grid.
  0.5000000000000000 # Attribute 'damping_power' of the grid.
 # binID   n_entries weight   weight_sqr   abs_weight
    10   10   4.030396052232708E+003   9.164385728452399E+007   4.030396052232708E+003
    16   10   4.030396052232711E+003   9.164385728452405E+007   4.030396052232711E+003
  </DiscreteSampler_grid>
