  0.00003985614219263  0.00004153226776881  0.00004330643167573  0.00004530079873379
  0.00004726841058971  0.00004960833409902  0.00005197335201267  0.00005440501367888
  0.00005709678425168  0.00005979721920626  0.00006272610716902  0.00006584656918950
  0.00006913063804235  0.00007257493940456  0.00007607550612692  0.00007968706404222
  0.00008338670299238  0.00008735210690790  0.00009165501630881  0.00009620983155770
  0.00010095502036554  0.00010583979976698  0.00011092592136371  0.00011639331867608
  0.00012227696997861  0.00012846196541356  0.00013504454696211  0.00014197740489466
  0.00014917691929359  0.00015687201842957  0.00016496449309624  0.00017366863623864
  0.00018288628448721  0.00019216002183551  0.00020169077703211  0.00021161789787793
  0.00022200874443434  0.00023276635419936  0.00024403660607393  0.00025579877548215
  0.00026793610756321  0.00028064302438205  0.00029397928301450  0.00030796943990495
  0.00032251127258187  0.00033749365904508  0.00035295359187566  0.00036881965219253
  0.00038570143247859  0.00040330392592397  0.00042171696562381  0.00044034860228221
  0.00045919190657757  0.00047852684513714  0.00049820962295632  0.00051838317206467
  0.00053964565792036  0.00056156903422812  0.00058457891193897  0.00060864155215746
  0.00063302960447036  0.00065852123952626  0.00068600811128628  0.00071395515530362
  0.00074385162290074  0.00077571888967851  0.00080903971282815  0.00084367994648802
  0.00088018929458488  0.00091874412841726  0.00095967572067685  0.00100342929712872
  0.00105009360739477  0.00109892508523330  0.00115125022631015  0.00120817619075291
  0.00127099003382079  0.00133960440177837  0.00141511583908474  0.00150029981681551
  0.00159690110334802  0.00170530260157762  0.00182974351113495  0.00197421488981092
  0.00214277155680485  0.00234601338157782  0.00260463942405997  0.00294973690497196
  0.00341571672595968  0.00404961538525414  0.00502585968783542  0.00696413066166385
  0.01680672343499631  0.11013079452346131  0.55033196959178343  1.00000000000000000
  0.05278105853168230  0.05502499169653678  0.05644471749988397  0.05758633682024860
  0.05859929058522614  0.05957470536296436  0.06049386549736019  0.06138424544780884
  0.06226180157358407  0.06313993675870533  0.06401923938266556  0.06489563911182961
  0.06576413878742532  0.06661262087528243  0.06743930860608949  0.06826510721467573
  0.06909037647522490  0.06991945106189047  0.07074808099540696  0.07156618791036484
  0.07239985769583430  0.07324373936815792  0.07409060428478265  0.07492530401357560
  0.07574028495064163  0.07656047075469398  0.07738893068602383  0.07822937863694659
  0.07907224704346193  0.07991530939623256  0.08076056199883629  0.08161439393486616
  0.08247600605302473  0.08335921298326611  0.08425712910308826  0.08514954231638786
  0.08602898135030169  0.08688898352396593  0.08775936649438255  0.08866521482450121
  0.08959097610440614  0.09052223352810244  0.09145061885912872  0.09240019346241082
  0.09341035982340944  0.09443405756523564  0.09548742487819734  0.09654754647583469
  0.09757386645700490  0.09861505954392905  0.09969749588245269  0.10086582343469495
  0.10206546229324495  0.10326396391768609  0.10443649701094036  0.10564661802711570
  0.10691957969044628  0.10819010892594805  0.10944483907869343  0.11073236073012292
  0.11209975774943264  0.11352450478277433  0.11494117512725158  0.11640811827147811
  0.11798340930064759  0.11968028402454749  0.12137548183951599  0.12302977178586982
  0.12465664663837685  0.12631075220512297  0.12805643116449714  0.12991817308535086
  0.13197008505092966  0.13419162007234062  0.13651635440496690  0.13886667741836722
  0.14116160597399779  0.14349470686557192  0.14610452014920508  0.14908249852698030
  0.15228838724063326  0.15548441154147971  0.15845865809660376  0.16184360565917949
  0.16536657607193925  0.16894829299598929  0.17268478402785237  0.17675636731326791
  0.18131456447234973  0.18691240263805212  0.19377666446277531  0.20157926676686053
  0.21042123079758587  0.22553872762881386  0.77474899101501171  1.00000000000000000
  0.00014056761567165  0.00109829201087684  0.00151726141130944  0.00175163307210535
  0.00196053413708603  0.00216389602531259  0.00236384079035681  0.00256078477282016
  0.00274328865736039  0.00292425154428807  0.00310550029615854  0.00328453580499684
  0.00346101928299116  0.00363533034619397  0.00380843648865081  0.00397899072343886
  0.00414517945168994  0.00430777796622962  0.00447223315012529  0.00464058654113259
  0.00480709327350454  0.00497830916181275  0.00515555531198201  0.00533804566569677
  0.00552584289853788  0.00571852507616749  0.00591663482004332  0.00611987619518852
  0.00632569661666943  0.00653202268707457  0.00673957093601764  0.00694824413885589
  0.00715404771407511  0.00735961421804665  0.00756988348243524  0.00778489707471577
  0.00800484510903909  0.00823092688205379  0.00846213599062292  0.00869689846337065
  0.00893755744491692  0.00918605610908894  0.00944210101117644  0.00970436373648311
  0.00997618562556031  0.01025666202136542  0.01054625726462309  0.01084721408548640
  0.01115354411785038  0.01146764756979289  0.01179696180418251  0.01213736429725982
  0.01250102842397503  0.01288074052795189  0.01327320299039904  0.01367313772710843
  0.01409302203300368  0.01453122140715943  0.01499703144249874  0.01548075052730556
  0.01598517394282613  0.01652279093496130  0.01710021596847246  0.01772001637886818
  0.01835872575708096  0.01901385631913651  0.01969329339406219  0.02041051856508252
  0.02116262473283889  0.02194735868275874  0.02277026075933583  0.02364124860711693
  0.02456832405542922  0.02555912308928750  0.02661254980441128  0.02774849727084990
  0.02898919835809848  0.03036439806562085  0.03185170536017574  0.03348747683034772
  0.03536351447670683  0.03749244051155358  0.03978033989056721  0.04227589666158435
  0.04511007716414076  0.04839642018326974  0.05261805602016974  0.05768518246029462
  0.06329650920682953  0.07007669960321768  0.07985637955733002  0.09439539219139712
  0.11166893669457024  0.31258574060487654  0.57906814837391418  1.00000000000000000
 -0.00169836973312814  0.00697535441078966  0.01492751469173981  0.02324439056645019
  0.03141956875239885  0.03987242443911321  0.04879831442438402  0.05823421130305079
  0.06759299479448620  0.07712495487394574  0.08687458137332038  0.09708626304302484
  0.10747756212649134  0.11798594976352457  0.12873268873643587  0.14002676812233092
  0.15102379253221546  0.16229553779874423  0.17377605639797630  0.18551107212116966
  0.19690514733250761  0.20818049711618700  0.21952804232465009  0.23082223053447276
  0.24186843569879710  0.25304404641578226  0.26426705547886226  0.27553759182549797
  0.28681603566694225  0.29810313753502704  0.30939077336288201  0.32050649360251920
  0.33157121935401229  0.34262068840223009  0.35379440492288294  0.36513289123116999
  0.37657908376852939  0.38719516648940894  0.39841704347690066  0.40885483392384192
  0.42004087179962474  0.43105613820469046  0.44203496608260689  0.45290743430913211
  0.46345778131050053  0.47397042310959825  0.48450396498829446  0.49518293385321094
  0.50557246785236898  0.51586475398372067  0.52628520400480505  0.53706776672802958
  0.54784188373738552  0.55862956021559340  0.56962741836656339  0.58090149595492069
  0.59235657498441563  0.60352758934401940  0.61464744046468023  0.62568984256807736
  0.63696839865629484  0.64827189384321415  0.65951373312288619  0.67071754513775794
  0.68208429476314281  0.69310251529058098  0.70399915640921684  0.71481490152546723
  0.72569258702312833  0.73689271207086493  0.74827752367249567  0.75964647236247707
  0.77113663084716666  0.78266738268861324  0.79420744052468761  0.80606701129777358
  0.81791214172976701  0.82937739689867762  0.84004925103042993  0.85042817003863358
  0.86065444748649411  0.87052889918928011  0.88071093876780004  0.89122534419562438
  0.90161454948164566  0.91162011994140779  0.92118682141862274  0.93081681886030487
  0.94005548235279091  0.94911106601123296  0.95783294399883090  0.96681941933803062
  0.97524717803379868  0.98353318117705402  0.99146826983095049  1.00000000000000000
 -0.00218778828327445  0.00865613074117058  0.01826980349469376  0.02865577160250241
  0.03911933187849227  0.04992654239178993  0.06085626369959005  0.07147910153481449
  0.08178449697684087  0.09251278913745267  0.10313560618444845  0.11365760861670474
  0.12390949879094700  0.13439795708503988  0.14479532352987309  0.15531861006249534
  0.16579259613785680  0.17595934370473049  0.18585109241301995  0.19584855513976798
  0.20570092557690681  0.21541510589036961  0.22534113403049974  0.23579979902934123
  0.24675282997716641  0.25723956101699275  0.26754174543165549  0.27787688947187872
  0.28833953532387391  0.29880952079124562  0.30920068166075271  0.31968996231645502
  0.33019861307105974  0.34086597854878237  0.35163021486062923  0.36261450469750267
  0.37335629048553431  0.38392946060695154  0.39473858344822393  0.40566720952619240
  0.41683851177265480  0.42735985620650363  0.43800376326547341  0.44866536959698422
  0.45951462541712496  0.47024069024173959  0.48078717532129572  0.49137933116216992
  0.50207535096156664  0.51229621253370305  0.52274959734755611  0.53340801663712034
  0.54398823534408036  0.55460108220098825  0.56487806939335661  0.57540025827966979
  0.58570849952241866  0.59596853338634337  0.60662160688837530  0.61677876352699890
  0.62669994004463614  0.63685112417224465  0.64753186680299135  0.65809660806216330
  0.66835878231005275  0.67849625184358142  0.68853514030182084  0.69857564304810038
  0.70861679763524932  0.71880776814761305  0.72914329706655590  0.73973305365884134
  0.75065016228956616  0.76176354174006522  0.77279066397597651  0.78387643442511401
  0.79484050307134069  0.80569362530922328  0.81657212264780998  0.82659594533724789
  0.83670581319876858  0.84695508891428817  0.85756217430753956  0.86813158364105059
  0.87884341019409984  0.88965880925928131  0.90058854209905093  0.91140816763779087
  0.92252158510563809  0.93342749010058446  0.94446969550561122  0.95546671777450065
  0.96631852930663942  0.97704885360175886  0.98769210796687246  1.00000000000000000
 -0.01243146759031043  0.05552508073676360  0.09666293177468860  0.12866126430874680
  0.15509416258597264  0.17758967032184853  0.19685428654777509  0.21373011534097838
  0.22871518513703995  0.24212225042084284  0.25433503940361729  0.26582055284861772
  0.27671311540578492  0.28687418931504738  0.29642139370343767  0.30550206142550995
  0.31416507860915815  0.32240842606265530  0.33029069363757302  0.33792506134154643
  0.34540035843749040  0.35267845353785848  0.35967920315303564  0.36649683297892516
  0.37319518237254157  0.37978382243729625  0.38622412125138206  0.39238863144255443
  0.39828732945610185  0.40397809054984879  0.40955710788483601  0.41509315629691296
  0.42065485268936803  0.42619793584099613  0.43171804490303223  0.43710224698190298
  0.44246140910822468  0.44780136983559482  0.45314810904358033  0.45840867022079212
  0.46349449581359536  0.46859055804214228  0.47366755529915283  0.47874649625205146
  0.48389319336757275  0.48915785637711107  0.49443778352792056  0.49958824079968683
  0.50458234763959064  0.50953186582433241  0.51458156298015190  0.51964318708392487
  0.52462486660902663  0.52960597008092392  0.53468649872235396  0.53989383880547903
  0.54507797490887688  0.55025644789635952  0.55542136778260753  0.56057562851132992
  0.56584287079353379  0.57125019153545908  0.57675765830680248  0.58234190634174976
  0.58793005554426359  0.59351966043001281  0.59917144001320277  0.60487070481803284
  0.61063342145563737  0.61647181045611099  0.62249725873282624  0.62879809690052624
  0.63533072844066618  0.64206643450072942  0.64907939645716861  0.65639692936681304
  0.66387073388719131  0.67137162320136179  0.67896824619848062  0.68692229093099944
  0.69523729283046698  0.70379861585196712  0.71273603716142597  0.72220068856779962
  0.73260747119541003  0.74426995829764253  0.75701339211826746  0.77073091720148124
  0.78537597789483027  0.80161270660665296  0.82017835876376388  0.84154900532951538
  0.86591895290906518  0.89600240560194289  0.93930699516696381  1.00000000000000000
 -0.00225262121749607  0.00877197575271478  0.01896663284910965  0.02977397863020264
  0.04044868041242049  0.05086993985341938  0.06106711926720601  0.07193685205647235
  0.08276375777310317  0.09343178250493575  0.10419792124623541  0.11493142128511691
  0.12559227496492928  0.13617540993905264  0.14679077469756807  0.15788771093779574
  0.16917062791025003  0.18037821076303534  0.19124264154193676  0.20195709425910130
  0.21260990335465710  0.22328585474122814  0.23406766518848052  0.24506712333326300
  0.25592016045571558  0.26642934042627597  0.27672043066444763  0.28696530019470684
  0.29731683389541630  0.30778025564909878  0.31829088316224186  0.32898251779235455
  0.33978048145002193  0.35042600275083119  0.36102767766649407  0.37183153496282362
  0.38289399146606695  0.39381495439972453  0.40446079413062413  0.41516654653348051
  0.42581778303597440  0.43643150737627506  0.44682921250713475  0.45710656889484846
  0.46701936713972808  0.47712636847066253  0.48762798625082504  0.49829252530430357
  0.50846955287571560  0.51848418811088925  0.52871498436001807  0.53934184947424391
  0.55015436167122267  0.56098878815149478  0.57160286653834802  0.58203812983063385
  0.59229182341670050  0.60264532581249042  0.61306389683140261  0.62342064843466682
  0.63364126899554474  0.64374333348807411  0.65399813017212760  0.66444805587257494
  0.67482801721145635  0.68552045142907869  0.69613565937396860  0.70644540471059492
  0.71631078636053513  0.72601245512603296  0.73607235089665224  0.74655383492474647
  0.75720252855482661  0.76750289683078821  0.77774464516957331  0.78781483192999191
  0.79812403308357494  0.80875723414114831  0.81947893398500449  0.83022587347038890
  0.84104481907049700  0.85205794662071699  0.86297865803445994  0.87362434574564884
  0.88370203697027261  0.89386050780599358  0.90407643368915147  0.91430626472623844
  0.92459701852159160  0.93531973673966595  0.94587644275186866  0.95673190551100373
  0.96722549879864816  0.97859548608093239  0.98921571764108418  1.00000000000000000
 -0.00245685737410121  0.00938050534822408  0.01997216986995905  0.03096747490259724
  0.04195721650759588  0.05279164974380165  0.06343842380917344  0.07362251368573954
  0.08366298396075672  0.09362470243243204  0.10377300684201020  0.11412792671431680
  0.12439490763268791  0.13524738322007698  0.14569414666089184  0.15571574646064867
  0.16550889143774922  0.17623223147746686  0.18713611824565352  0.19780596737319073
  0.20810814733815888  0.21858566029952628  0.22912166744902393  0.23957631648777256
  0.24975985138797691  0.26016891014978255  0.27063506572661383  0.28120674703625759
  0.29184485658319087  0.30252739250436261  0.31326824069736475  0.32390122992998988
  0.33451091362308172  0.34515968304635741  0.35587602955463205  0.36662021736334116
  0.37748957876031358  0.38880530877903097  0.40003345066057167  0.41128515393015602
  0.42219831263022939  0.43268777822577464  0.44337221572802366  0.45333992477364310
  0.46336949054449894  0.47354573710582787  0.48420499193515293  0.49508250556828570
  0.50577123005086577  0.51640662155738670  0.52707924841948162  0.53809981909985172
  0.54887902882208528  0.55956674938169770  0.57043344230942794  0.58138168505045895
  0.59206202868769076  0.60222386709642828  0.61258965531471399  0.62311976661851665
  0.63358948401793824  0.64392935110934046  0.65429386387647959  0.66465525067272480
  0.67554725468497234  0.68628436322683406  0.69689299338214439  0.70709919115563391
  0.71722505294379357  0.72748655203920454  0.73799431646401292  0.74851236746485539
  0.75893243370455277  0.76921579094955295  0.77975680917765144  0.79032714680309857
  0.80077363221562758  0.81108769508807599  0.82168522968684143  0.83230874044734504
  0.84303120362472284  0.85373758510285602  0.86453759170776667  0.87524743978868802
  0.88569664568253514  0.89603191256420922  0.90650209074915034  0.91751388509199761
  0.92804601250763630  0.93868158554330083  0.94891002486008980  0.95945732969488795
  0.96963682890146574  0.97968587556425435  0.98998884434642165  1.00000000000000000
  0.06321780570332568  0.14157720359339188  0.16862821740297387  0.18726327736257170
  0.20280271173978015  0.21686609263784831  0.22974179286076860  0.24148238159527263
  0.25203215927339440  0.26181846187141761  0.27102723366884657  0.27966434905447068
  0.28779524185134836  0.29564066963424201  0.30332853714180691  0.31071224012907295
  0.31764872141631667  0.32429470072951777  0.33090849047135557  0.33745016311936588
  0.34377620929084729  0.34986247576942386  0.35579334411833530  0.36160904528845367
  0.36732305450305608  0.37290469427283640  0.37834339647419418  0.38368191445984923
  0.38900628308322033  0.39428765279584849  0.39945665695482774  0.40450774749881246
  0.40957289650287693  0.41469178427467035  0.41985009719345051  0.42496231406295626
  0.42996422203983342  0.43490482042964579  0.43985739850152850  0.44485289093891206
  0.44981240361885172  0.45474343318753602  0.45957532836349901  0.46441502241359695
  0.46908465403980010  0.47386740575360842  0.47859691676298588  0.48321661802084942
  0.48779892565746286  0.49239738900407132  0.49698986039525039  0.50154640458140631
  0.50616468083417188  0.51066080344929343  0.51520906236873820  0.51978189732628477
  0.52438399273436620  0.52907389517505843  0.53361744123613419  0.53823987536033580
  0.54287529644052690  0.54760569253465041  0.55238628258307931  0.55707412480429763
  0.56186155581011088  0.56685360115552119  0.57188667960391515  0.57694524202808328
  0.58211126371263344  0.58730230970805197  0.59258724114628092  0.59793803430112347
  0.60337599385236695  0.60894743756241199  0.61466410357519397  0.62044609352130065
  0.62625719143838365  0.63206950972029086  0.63795897731901108  0.64404136511291499
  0.65055574253615833  0.65749389488204513  0.66460385546978462  0.67172642309474129
  0.67898022264626123  0.68676480671696538  0.69521824098684060  0.70420364979355177
  0.71380829858298434  0.72455727971122441  0.73686369159915832  0.75101178844873473
  0.76750627584758813  0.78910821902022921  0.82651479857959909  1.00000000000000000
 -0.04221302163639980  0.17962106919713941  0.22281999685825377  0.24677729448766275
  0.26481210846620162  0.27929841287385154  0.29150171673941971  0.30221654501503686
  0.31187735308501863  0.32068990422897198  0.32873265600405438  0.33617581272677594
  0.34319148189303500  0.34988808657537118  0.35631722402981930  0.36245222823463663
  0.36832800070184529  0.37399110590398621  0.37945595957525180  0.38476077543770043
  0.38994383502658297  0.39500320255544769  0.39994376953107896  0.40476767347725651
  0.40948783654409121  0.41409544055074482  0.41851988464458567  0.42275266903175013
  0.42684497306939428  0.43086574925537180  0.43494277464253950  0.43892240185412768
  0.44282529545088156  0.44671523568053717  0.45055927263092443  0.45436521312889450
  0.45813051730849547  0.46185434946066956  0.46551578538230204  0.46912622785466707
  0.47270900823300566  0.47623444459452469  0.47982324212400473  0.48344656374414852
  0.48714543924318460  0.49085383866165211  0.49456031060291683  0.49825833226695049
  0.50183929951904127  0.50537902533585866  0.50887389792780902  0.51241270618490065
  0.51596400394473518  0.51944203257122246  0.52299274741840052  0.52654933698542628
  0.53021628698002643  0.53395965756885577  0.53778302643138387  0.54159969691629473
  0.54542166316799057  0.54935557638373422  0.55328522582907336  0.55721410224978440
  0.56122820186103273  0.56532497578158192  0.56947137340809428  0.57367745658319691
  0.57797928950435751  0.58234380363855165  0.58672875009445147  0.59119050922188932
  0.59580946018711090  0.60052806650671031  0.60531835843632553  0.61021119992105710
  0.61527298064413294  0.62038423321762370  0.62571375155004683  0.63125643631000616
  0.63698873026672853  0.64302393279079662  0.64941892310231675  0.65616058800367150
  0.66323276821111543  0.67069838904256063  0.67864723880032463  0.68724408341170973
  0.69667587437040579  0.70725896195645599  0.71942463796538036  0.73349803563173033
  0.75071523404503615  0.77451882195941490  0.81778303047626177  1.00000000000000000
   7.1216900308020348E-012  -1.0000000000000000     
 T T T T T T T T T T T T T T T T T T T T T T T T T T T T T T T T T T T T T T T T T T T T T T T T T T T T T T T T T T T T T T T T F F F F F F F F F F F F F F F F F F F F F F F F F F F F F F F F F F F F F F F F F F F F F F F F F F F F F F F F F F F F F F F F
  <DiscreteSampler_grid>
  grouped_processes
  1 # 1 for a reference and 2 for a running grid.
  10 # Attribute 'min_bin_probing_points' of the grid.
  1 # Attribute 'grid_mode' of the grid. 1=='default',2=='initialization'
  0.0000000000000000 # Attribute 'small_contrib_threshold' of the grid.
  0.5000000000000000 # Attribute 'damping_power' of the grid.
 # binID   n_entries weight   weight_sqr   abs_weight
    10   10   1.032568621489267E+002   6.366242734534709E+004   1.032568621489267E+002
  </DiscreteSampler_grid>
