  0.00005055546889222  0.00005280130025181  0.00005518666036708  0.00005815313120238
  0.00006150156426598  0.00006548563093315  0.00006964376577106  0.00007302430247312
  0.00007617880410831  0.00007931680227932  0.00008235742744377  0.00008526387425884
  0.00008838069555273  0.00009186787424529  0.00009549347041438  0.00009896629159042
  0.00010398445275469  0.00011077175201608  0.00011759103212763  0.00012410275472308
  0.00013017466122468  0.00013612895815199  0.00014236299212445  0.00014962081355871
  0.00015764696674305  0.00016585958506661  0.00017408080887779  0.00018220264588999
  0.00019033046707164  0.00019856674823929  0.00020657590722529  0.00021494232389127
  0.00022362058837661  0.00023306567852403  0.00024266998526552  0.00025214379068988
  0.00026167269943492  0.00027128214829856  0.00028176632694729  0.00029402614600170
  0.00030736642486822  0.00032062578568862  0.00033336848661449  0.00034570250943712
  0.00035864615809300  0.00037247516481872  0.00038610632105366  0.00039992015666454
  0.00041396447644757  0.00042847774031517  0.00044343214351522  0.00045938341464463
  0.00047655913484696  0.00049368817938841  0.00051152066891928  0.00053231134179935
  0.00055503431554575  0.00057862205422685  0.00060385684907715  0.00063062844491646
  0.00066090791884890  0.00069401361156741  0.00072706292817981  0.00075955562576865
  0.00079161379981107  0.00082503974127690  0.00086006402911449  0.00089595705397635
  0.00093193997476272  0.00096925442752448  0.00100942780991602  0.00105111042699595
  0.00109945226133002  0.00115083302253551  0.00120850258832723  0.00127587180273903
  0.00135483406907157  0.00144523240059738  0.00154319468422323  0.00163842024598428
  0.00173308837902475  0.00184071920600962  0.00195869794041257  0.00208432753594299
  0.00222421442673905  0.00239230868151010  0.00260426468286867  0.00287315643908761
  0.00319366037883658  0.00358873703694275  0.00407700906150301  0.00475515916982310
  0.00593280323006913  0.00807405522743400  0.01375378757957745  1.00000000000000000
  0.01653844244465758  0.01686258581364609  0.01718672918263460  0.01747825434688818
  0.01755428966278175  0.01763032497867531  0.01778330138444723  0.01795733117287548
  0.01811611171849357  0.01826621629639287  0.01842160751473837  0.01858573198082504
  0.01874549523792134  0.01891822707421983  0.01909172204463555  0.01926687257646564
  0.01944236175145488  0.01960453554021742  0.01977184903888533  0.01993760448316871
  0.02009934044990925  0.02025637984868787  0.02041158024952548  0.02056884188529372
  0.02072038342342974  0.02086126675593970  0.02099402223732981  0.02112376058488058
  0.02125491827608548  0.02139432072310493  0.02154620572589612  0.02170014742314681
  0.02184939583350478  0.02200113777139788  0.02216090981284883  0.02232694105162745
  0.02249846795545993  0.02271616530453144  0.02291788606599673  0.02311581303230320
  0.02330559022091036  0.02350819333673766  0.02370831631577490  0.02392229215373141
  0.02414726937882186  0.02438930159954443  0.02464454760285164  0.02493659802791488
  0.02526771368896788  0.02560432025857181  0.02592827844669013  0.02623080886413720
  0.02651594181935694  0.02681427847244045  0.02712971122232604  0.02745104084103026
  0.02778532262475703  0.02812184306300790  0.02847761109822296  0.02885087887262687
  0.02924984489648960  0.02966023803293345  0.03005129360484626  0.03051722928631529
  0.03102740327529946  0.03156757273658126  0.03214244921707638  0.03273098718069466
  0.03336550133328180  0.03407111522832661  0.03480504104867337  0.03557304911089309
  0.03633629230834805  0.03714406581700006  0.03796472459867007  0.03882623750502284
  0.03974247838671954  0.04070687808977098  0.04185957669300440  0.04305589759552823
  0.04436825895586258  0.04575118625464998  0.04719986882171148  0.04874500294935372
  0.05046498302033208  0.05244685733709158  0.05489735372926982  0.05782366731175626
  0.06109522852283395  0.06487522093600169  0.07004481018473656  0.07674851680204613
  0.08466684210606175  0.09897311939227073  0.13609662883740620  1.00000000000000000
 -0.00425473709208122  0.01167345807242047  0.02521656598904307  0.03551894320667826
  0.04146792351651162  0.04610245125702234  0.05097766360484217  0.05507847125725397
  0.05918947438430796  0.06393594250914096  0.06846566327243550  0.07341316497569697
  0.07801173022304272  0.08309619896655017  0.08908841533769243  0.09493263207017709
  0.10067262744318302  0.10648282288652822  0.11222870863964270  0.11833640588109294
  0.12503242686321442  0.13310511817860757  0.14192013511680526  0.14983120845658288
  0.15814199377810209  0.16565969960097110  0.17228687005308382  0.17892195605053518
  0.18735484670374827  0.19712423731399351  0.20678642473102640  0.21577346922657537
  0.22548709072551329  0.23648320828220615  0.24777638903528587  0.25938297564556356
  0.27095749199812363  0.28275887321040183  0.29442267180344683  0.30662983667751498
  0.31838204869299147  0.32803785471009755  0.33710907072301499  0.34606414520692408
  0.35653555508634788  0.36736940510115529  0.37624126326261753  0.38482393674552251
  0.39392052873542416  0.40380113309228344  0.41506016439208021  0.42718748046549093
  0.43936280629271485  0.45198203079882615  0.46586215416040816  0.48023474789252812
  0.49377227202872004  0.50588746280684938  0.51714942330946223  0.52760693785594226
  0.53889235939627134  0.55011224355011312  0.56100546711955135  0.57367388229160321
  0.58782171936978223  0.60004186321337150  0.61140513188923118  0.62199350548673948
  0.63275313466141581  0.64445292721457648  0.65692914326298024  0.67044850532318256
  0.68501595029704143  0.69903040540644457  0.71103669444319373  0.72278884119814280
  0.73488646404323088  0.74748767801710314  0.76131191034105616  0.77622068677498457
  0.79237364539661581  0.80905226604603142  0.82503823203236215  0.84089001572956612
  0.85638760219320087  0.87235944791237519  0.88872439238664935  0.90402807450920075
  0.91849562885854608  0.93194920063445774  0.94437168708231634  0.95600060015245181
  0.96760544894708378  0.97887444827111947  0.98953769583775741  1.00000000000000000
 -0.00324818343510721  0.01258728396256342  0.02534576962059765  0.03752604195617618
  0.04948707569449688  0.06087812324782854  0.07082430054992953  0.07963807129076118
  0.08877083355832088  0.09795465001438178  0.10754118195698309  0.11735293844671886
  0.12834961229381153  0.14113134548924405  0.15365614408983302  0.16617104763979146
  0.17860665633926778  0.18993232533730534  0.20036464601124254  0.21074177780036221
  0.22130649811161188  0.23195991012962539  0.24231111193333763  0.25267691959885036
  0.26389711839458091  0.27530579025179414  0.28685078575724227  0.29806690993249119
  0.30903713242488956  0.32083834130781941  0.33307707601114517  0.34539218909493641
  0.35773926435868703  0.36997239679712773  0.38167077990963733  0.39255812788253525
  0.40265236326701054  0.41262303123960758  0.42209490239471109  0.43102523480617599
  0.44033636985920821  0.45061395554389283  0.46102442823655576  0.47146222070177329
  0.48143898885511294  0.49232548024018891  0.50253876483816473  0.51240892042757946
  0.52289846194955425  0.53373028551568713  0.54417369785317093  0.55465235172622984
  0.56461389148286467  0.57359873200630063  0.58231246400848236  0.59090255564917860
  0.59936728069955258  0.60789189578165259  0.61625076532287615  0.62479165103625689
  0.63365401870922433  0.64310002726003745  0.65238216266596771  0.66130270602864416
  0.66998047988092368  0.67831820500284246  0.68699438849533323  0.69718990606088271
  0.70831398054220818  0.71997201986884207  0.73153994902225405  0.74268914816702325
  0.75348798280467555  0.76287351426480088  0.77312282610878691  0.78251953902028026
  0.79202580838206338  0.80116142255135359  0.81035829829486972  0.82004654269874988
  0.83055150593015203  0.84197853586494764  0.85366693604542732  0.86511105139591982
  0.87647968992064718  0.88802730796866436  0.89911692227787543  0.90950604104327315
  0.91943477551810604  0.92951108368837920  0.94037792239702633  0.95125813757998723
  0.96201355421391410  0.97342214099713653  0.98564993182819050  1.00000000000000000
 -0.00520234874765605  0.02918829352673289  0.05012880547386656  0.06950637608691818
  0.08935806638599693  0.11224877623276978  0.13478577069660941  0.15603961741259886
  0.17550683914606161  0.19256897128641712  0.20912581035534991  0.22359423402482545
  0.23787745852805800  0.25073586879462267  0.26139894329983915  0.27049287782008896
  0.27887393637855001  0.28682395923182014  0.29483176275973455  0.30265212707483452
  0.31007201874347973  0.31733614253776110  0.32455078358806649  0.33206710504949238
  0.34034094772729134  0.34905270593881604  0.35759066528488115  0.36594923734700635
  0.37410297591947173  0.38282980828450636  0.39139120258804644  0.39961480126646381
  0.40759519669336358  0.41532678382983640  0.42275545469074771  0.42993892006917056
  0.43689775157099026  0.44245429612335052  0.44801467886364577  0.45380567729087140
  0.45941788150222612  0.46437484682771302  0.46918655111335805  0.47399492641998225
  0.47927323828948704  0.48492904895959349  0.49057457293733026  0.49608773002604473
  0.50166815000603338  0.50744544969257899  0.51300978435931011  0.51829950664229474
  0.52388254998988493  0.52963477711957574  0.53542654672608303  0.54131504957951881
  0.54713672406436753  0.55289472897902936  0.55878260656575973  0.56473727075009139
  0.57106137343317787  0.57776034989620717  0.58460199487798514  0.59158363246496637
  0.59826630945837234  0.60532223531064366  0.61255959670105598  0.61991692970167800
  0.62705137825109059  0.63392174766461740  0.64091668297440729  0.64832018765506105
  0.65554070067072312  0.66244492589578519  0.66947632559550529  0.67691536959941856
  0.68505878152167266  0.69442772192191626  0.70496027790669358  0.71631881434711264
  0.72836257591097631  0.74092906134615644  0.75362752569197378  0.76613181371553718
  0.77848984170494173  0.79117475335270460  0.80463061014820692  0.82042179561203832
  0.83664684789850174  0.85355929130778063  0.87263292257160840  0.89554935793665347
  0.91689678107029393  0.93986311611373852  0.96718947518196641  1.00000000000000000
 -0.00322773905285515  0.01072936610679119  0.02286454301478626  0.03511928804054089
  0.04753807489800963  0.06006395302582283  0.07259372966650396  0.08550081135590602
  0.09920647035366092  0.11274058649069339  0.12566392032224882  0.13938236990245823
  0.15164631042383736  0.16474486853397405  0.17781065625230930  0.19062365400557382
  0.20260521688095814  0.21341776202179089  0.22382754672922744  0.23337589335007153
  0.24234477601775428  0.25155949652134008  0.26080381649149409  0.27032917880004603
  0.27987371034632041  0.28962218839214499  0.29990470350128157  0.31051607345296578
  0.32132997121482054  0.33274175064180878  0.34480863537889989  0.35721058080763873
  0.36884652664821188  0.37934117486848884  0.38907440552959560  0.39831106573426317
  0.40752466583278157  0.41724844400521749  0.42709807459046589  0.43666926357326441
  0.44627020803469841  0.45610641977168132  0.46623615807337210  0.47612370464480275
  0.48601689116750574  0.49627248671799939  0.50629147359042814  0.51576177316838601
  0.52525686076701905  0.53519753504425505  0.54614522103247587  0.55751092024409010
  0.56835456817542218  0.57870230552289736  0.58879082982811926  0.59943082655858004
  0.60958668266431171  0.61949645503750006  0.62950104692441378  0.63946884427534056
  0.64944344687046163  0.65855965014258522  0.66684759663348225  0.67437013677561941
  0.68188974396028779  0.68991326209013992  0.69840261457655861  0.70733173219624468
  0.71728407632824509  0.72789938196806159  0.73889665169232854  0.75004296715833696
  0.76035856525621059  0.77094214798588079  0.78061586177069653  0.78961729309997930
  0.79803702125537279  0.80627813953177951  0.81497552883210300  0.82428520024610963
  0.83445186140185768  0.84596363708961797  0.85832501115596060  0.87022021595714549
  0.88159288932893520  0.89257454719567408  0.90325624900404933  0.91400602562896227
  0.92541771045792087  0.93719412418586756  0.94824850874294353  0.95842167954779078
  0.96825922664790043  0.97861629239166703  0.98915898208868347  1.00000000000000000
 -0.00824922875510994  0.05756650445862635  0.10755771699613509  0.14559456644123997
  0.17239834523034619  0.19485384769022701  0.21326686729634839  0.22865499754681431
  0.24244221932149762  0.25540366737633086  0.26717726400510261  0.27795704164732260
  0.28802900963914707  0.29795465200395377  0.30737424816669495  0.31594999288467718
  0.32369456720389839  0.33128105039088757  0.33895738421052768  0.34686975618647109
  0.35437119738885992  0.36120786991166381  0.36787367704675505  0.37422922936453257
  0.38009859904866822  0.38568321284845181  0.39123927218548749  0.39675223479372629
  0.40179524285976420  0.40662412663625730  0.41139973221812881  0.41575980201885288
  0.42007176709220972  0.42419041077413167  0.42832980928540632  0.43264523041607916
  0.43727177598349593  0.44229430684141346  0.44729205054309923  0.45215426566562600
  0.45698544408064279  0.46203135193673295  0.46766310163691027  0.47344107676057284
  0.47912423756942313  0.48476434843429034  0.49030701413342925  0.49620359719729984
  0.50148855371099088  0.50638491866216850  0.51148226746354186  0.51664403780812784
  0.52153627010262260  0.52562326476055843  0.52970593647762543  0.53394760716782919
  0.53828567833632102  0.54260806055399191  0.54684480210176112  0.55106982762837931
  0.55534271170997862  0.55961698554935091  0.56410684080243656  0.56885534562429108
  0.57364913909770021  0.57814970515584829  0.58243144775653188  0.58705759218985942
  0.59244502107696217  0.59785095097923635  0.60336808886943349  0.60897132407207488
  0.61464075863621093  0.62055117080391642  0.62704662568685154  0.63449037707003442
  0.64254764521738295  0.65082518765433994  0.65907001189487902  0.66770930456279276
  0.67705061091696739  0.68681971542399900  0.69666884238911619  0.70658280518231131
  0.71699422757189935  0.72820308165055869  0.73937885690370486  0.75144529225546541
  0.76557190971206124  0.78123502724452254  0.79844616163591386  0.81830139689647619
  0.84838714129869175  0.88511955881278181  0.93335596092826367  1.00000000000000000
 -0.00291855578749852  0.01112586589675617  0.02277775108737321  0.03411670415351403
  0.04473496604314457  0.05478857459905636  0.06476239150175518  0.07472932836287741
  0.08482465543588780  0.09520958200080784  0.10664708074382638  0.11936386796966098
  0.13237516625097143  0.14485195995484082  0.15677238778096039  0.16841659581519819
  0.18014451508290924  0.19128822647624924  0.20136754176917918  0.21122989195303260
  0.22111243436010061  0.23100995216599113  0.24075309690303334  0.25116363291348792
  0.26282302336132601  0.27631294557479513  0.28938089405580525  0.29879609210205188
  0.30667464525632221  0.31562433421855884  0.32504693627157555  0.33432286971238645
  0.34320062365231069  0.35232858853411569  0.36430038290285405  0.37742192474934866
  0.38978064254515077  0.40155993288373404  0.41312303744222689  0.42431807807988742
  0.43534388027203019  0.44645054770865672  0.45759864577185166  0.46647288991058961
  0.47560983888482650  0.48527242040033103  0.49370938225057509  0.50211933635803241
  0.51080018051570808  0.52043060667148389  0.53092209355868814  0.54046781650554165
  0.55033860618070596  0.55972177914405419  0.56949116181870796  0.57916579586693673
  0.58909111502816502  0.59962934714190153  0.60980419881070280  0.62005456268341774
  0.63047885511739143  0.64156008800396647  0.65191007990311878  0.66218722311952283
  0.67262200372670899  0.68264694732454179  0.69255468465185288  0.70236249807684203
  0.71279194399830048  0.72304157255196833  0.73283345468379768  0.74153134866958237
  0.75055272935812289  0.75978172189329773  0.76935599539123922  0.77914939594373178
  0.78907485247143383  0.79997177769947536  0.81152083799726837  0.82272422752970487
  0.83355173923101289  0.84356438944994183  0.85423522144474051  0.86552044669243744
  0.87684663609522662  0.88803295515928815  0.89966266007772966  0.91276734728553666
  0.92514659563666113  0.93674557985681051  0.94836893881833384  0.95996226040936938
  0.97039281874848771  0.98094407164223196  0.99066574759086756  1.00000000000000000
  0.10498406392676472  0.15037626211137159  0.18072387244988139  0.20168148189776725
  0.21972602772816235  0.23643128297099969  0.25267796398908721  0.26574107718706419
  0.27601904909137381  0.28470188892122206  0.29376651554796124  0.30263689944521910
  0.31126944450906185  0.31961899108760244  0.32726919843670144  0.33492755882821673
  0.34344217978957270  0.35177521757868774  0.35963956240613765  0.36756985153597183
  0.37542972742371800  0.38315055628143874  0.39081158681947853  0.39789201940867941
  0.40440703233513337  0.41111803857402046  0.41775472034322347  0.42430468572467950
  0.43098023752573261  0.43731860239758241  0.44290422170918919  0.44810120877375020
  0.45308777869169076  0.45809371433349222  0.46344099420265178  0.46913781196260701
  0.47489303724289667  0.48045440185860089  0.48592587152915578  0.49127145674505407
  0.49645467631454421  0.50182472515877241  0.50732711352156412  0.51276988921487099
  0.51828681226953499  0.52385806836827309  0.52940529706293782  0.53511301417642065
  0.54046465497348195  0.54561335008984124  0.55067503160606379  0.55575380791973117
  0.56089736650327915  0.56597882749625805  0.57086106104432743  0.57573715354784860
  0.58039202005502288  0.58518225062938567  0.58984074153671084  0.59456912045779042
  0.59927395644906711  0.60401098019291877  0.60872548579427954  0.61339068759012894
  0.61820254065353542  0.62342259311480208  0.62858216918976140  0.63386161616572700
  0.63899708561354007  0.64382560540635236  0.64861618266757570  0.65357276900629080
  0.65860196024099216  0.66374931386214664  0.66887427841924352  0.67401959395842326
  0.67955006962375131  0.68577998132216200  0.69280898434312288  0.70016831664757706
  0.70703979478008694  0.71358609350760072  0.72043686708674382  0.72743564813805195
  0.73483149982805096  0.74272556580997717  0.75109035001194224  0.75992842403372274
  0.76923960250510470  0.77938903285382777  0.79094728287316840  0.80448629222005630
  0.82052313087824402  0.84098181942115779  0.87304815361492794  1.00000000000000000
 -0.02384234528000313  0.13997084456655443  0.17667925565207890  0.20119516933223927
  0.22282657986221208  0.24141072776249120  0.25773518533337086  0.27266170644840476
  0.28607837078320048  0.29869593979332076  0.30988613125368664  0.31804473174073405
  0.32425119493288285  0.33040356732352943  0.33652367448818360  0.34274167456626142
  0.34876978181549240  0.35455125237857671  0.36009369362750082  0.36556937038841653
  0.37096806406951771  0.37635143973315471  0.38182714142452312  0.38740340817056962
  0.39284083083222543  0.39799207391232366  0.40314440624308973  0.40788332491894702
  0.41274534934752471  0.41745921402180908  0.42217626078586307  0.42698519807817092
  0.43165557919843089  0.43627917989671972  0.44088975811816788  0.44535487705898691
  0.44979412849910116  0.45442660446035432  0.45868804865202212  0.46258016730256535
  0.46626556421481669  0.46990651250303178  0.47368713191645423  0.47745581509199131
  0.48130941405592848  0.48515944634935843  0.48900857417713101  0.49299343928644518
  0.49704206123059863  0.50092745842376585  0.50472502832357735  0.50843418979058164
  0.51217289855738712  0.51614810657202415  0.52040881480247458  0.52486737959661112
  0.52937794001105321  0.53381489162878049  0.53815564935942983  0.54239252689683382
  0.54659247736615746  0.55087710670064260  0.55513742317897030  0.55956558863392425
  0.56420510060248596  0.56901914880727911  0.57409855188326342  0.57937626433576639
  0.58471817117148195  0.59022025401303368  0.59602668899279698  0.60189462369213143
  0.60809621907918487  0.61457382291159313  0.62081468643806181  0.62701577637329409
  0.63331932546587777  0.63993054159685281  0.64712918190855961  0.65478228671097238
  0.66230162801102699  0.67002091528353003  0.67801558897907976  0.68649212771843993
  0.69530433525911162  0.70427598370373379  0.71368363374791000  0.72322984579673855
  0.73396814582173109  0.74630219603343395  0.76015798426406889  0.77569161541172260
  0.79411467051637419  0.81898271165700787  0.86254867919226219  1.00000000000000000
   1.0526293220957220E-012  -1.0000000000000000     
 T T T T T T T T T T T T T T T T T T T T T T T T T T T T T T T T T T T T T T T T T T T T T T T T T T T T T T T T T T T T T T T T F F F F F F F F F F F F F F F F F F F F F F F F F F F F F F F F F F F F F F F F F F F F F F F F F F F F F F F F F F F F F F F F
  <DiscreteSampler_grid>
  grouped_processes
  1 # 1 for a reference and 2 for a running grid.
  10 # Attribute 'min_bin_probing_points' of the grid.
  1 # Attribute 'grid_mode' of the grid. 1=='default',2=='initialization'
  0.0000000000000000 # Attribute 'small_contrib_threshold' of the grid.
  0.5000000000000000 # Attribute 'damping_power' of the grid.
 # binID   n_entries weight   weight_sqr   abs_weight
    10   10   3.295441424611846E-002   6.920300539631219E-003   3.295441424611846E-002
    16   10   3.295441424611846E-002   6.920300539631219E-003   3.295441424611846E-002
  </DiscreteSampler_grid>
