  0.00000397036936971  0.00000684321947400  0.00001290941207762  0.00001879844111705
  0.00002414475013696  0.00002938272021544  0.00003456234602884  0.00003972364965089
  0.00004489158922977  0.00005006617027019  0.00005535507519327  0.00006077057468367
  0.00006640864512654  0.00007222692949899  0.00007814031345259  0.00008410604651410
  0.00009019532829273  0.00009657862789452  0.00010308511725908  0.00010964633613930
  0.00011626492912657  0.00012299901091544  0.00012987237176147  0.00013688302740209
  0.00014404543249683  0.00015137049131806  0.00015881776211826  0.00016625402897361
  0.00017382635514132  0.00018156801463988  0.00018930524361571  0.00019738195112762
  0.00020598369983910  0.00021460277880404  0.00022384028101869  0.00023326739440665
  0.00024315032773534  0.00025357456695462  0.00026428151615198  0.00027534182792840
  0.00028677737553478  0.00029858688254498  0.00031104981257160  0.00032378894893389
  0.00033712674526505  0.00035095990409460  0.00036519052540570  0.00038021882502182
  0.00039518530100524  0.00041139752641574  0.00042785292562220  0.00044542727324260
  0.00046413654604927  0.00048324158491092  0.00050449827160772  0.00052609707491277
  0.00054992809051030  0.00057477905463526  0.00060104289132649  0.00062897965781985
  0.00065800544239990  0.00068971616364232  0.00072224452690995  0.00075790750669877
  0.00079526066154296  0.00083697120742226  0.00088054268265994  0.00092781009517555
  0.00097845802080461  0.00103301889306330  0.00109400522169510  0.00116146399107117
  0.00123250644602287  0.00130957604485140  0.00139434815855251  0.00148883794135912
  0.00159172395840106  0.00170731132364706  0.00183787443913250  0.00198241110972478
  0.00214812190166671  0.00234383920452464  0.00257807785132022  0.00285869237374445
  0.00316710518835221  0.00351163401623526  0.00394535882781510  0.00449212904112839
  0.00513778358382422  0.00598675850388752  0.00721097658731331  0.00965631382232579
  0.01274024531608812  0.01811869266907305  0.04690041704248654  1.00000000000000000
 -0.00215880524277658  0.00921009826010442  0.01913012376658487  0.02939340010506397
  0.03978353206224498  0.04999396288424774  0.06018910726394711  0.07054013191357135
  0.08099429296400314  0.09150254326284595  0.10211417816390604  0.11319571339734988
  0.12434401301445462  0.13499603109959105  0.14556199096088854  0.15612771837158312
  0.16674861501948410  0.17727278712079572  0.18794178469385736  0.19887272841374176
  0.20981421677860207  0.22076856887380275  0.23159797983675651  0.24227179151196612
  0.25280277045054217  0.26332207100900334  0.27369257046926054  0.28395347776884816
  0.29439202555618604  0.30517467492540873  0.31581796536688955  0.32644476010089568
  0.33694211623971793  0.34747800993601263  0.35784250138403412  0.36814532474932976
  0.37844476932372373  0.38842089825564841  0.39836940540466531  0.40854857884520485
  0.41862707939207006  0.42893166592232940  0.43925982979068662  0.45018698059704104
  0.46078344804331839  0.47122508542485642  0.48163046629166517  0.49240157384642680
  0.50294873843558963  0.51327917046897187  0.52363062383670367  0.53408608984052819
  0.54456724347173924  0.55491553007367245  0.56548902297189496  0.57609097096993389
  0.58671912249366509  0.59742213161121138  0.60802469817653149  0.61868180280808049
  0.62909313381501952  0.63967002661286243  0.65037273858909561  0.66093606887035572
  0.67135054195817867  0.68144540788426544  0.69166778060211909  0.70194927188915113
  0.71224362963448706  0.72271387048960933  0.73326406215833873  0.74380123664182018
  0.75427713079180236  0.76496541643096116  0.77568286248490359  0.78647883406510055
  0.79714885465916008  0.80804462976296909  0.81883893172993383  0.82973964460485061
  0.84063671784203864  0.85166924354816631  0.86243452019818512  0.87298332288239400
  0.88357086037311228  0.89422745901078360  0.90514392847229952  0.91587708860209116
  0.92651853777985971  0.93711155285207293  0.94756179588797729  0.95807693862202015
  0.96863684146223483  0.97920621676395059  0.98969497498460579  1.00000000000000000
 -0.00412772256999604  0.02640043158979210  0.04837419261112564  0.06662692218889640
  0.08315723253926283  0.09847048377954939  0.11292333142078612  0.12647565585333820
  0.13928700062411090  0.15174410837536378  0.16382697977075669  0.17527213383363235
  0.18619431920083737  0.19688904643136979  0.20743404968951348  0.21782028139586235
  0.22800998664338751  0.23814151674456988  0.24821376890569244  0.25812197359263372
  0.26795512433562368  0.27747836016768429  0.28672021572239581  0.29571055452172174
  0.30453813341122049  0.31332411381461583  0.32219218008476702  0.33109678086084093
  0.34001809576811909  0.34882569396532592  0.35754434450575034  0.36606987766766313
  0.37457854916177913  0.38279411365120514  0.39118153390310756  0.39959528678514161
  0.40806808863771266  0.41648863071042641  0.42483038565313375  0.43298183141775620
  0.44095182418761608  0.44886413086430166  0.45680080212730040  0.46485418280363722
  0.47301882400906581  0.48117740080721172  0.48929687309922160  0.49722768966082087
  0.50511791203896206  0.51305537814086943  0.52105354840182461  0.52906706176604235
  0.53709279406713206  0.54521616425331565  0.55336259295454437  0.56148351578009192
  0.56954449181163969  0.57760230854924333  0.58566785632368068  0.59370238096703865
  0.60169646035410218  0.60964356161469713  0.61750775492105392  0.62536728404853326
  0.63333694654345740  0.64138898184342619  0.64952107273993520  0.65765973350504880
  0.66583606643366944  0.67410895571208285  0.68240351529696552  0.69053880741551399
  0.69863379161394390  0.70679552016590919  0.71530848740930397  0.72412821991927978
  0.73306420444624820  0.74223416603196024  0.75144303743826291  0.76069735351683143
  0.77002178074480476  0.77973975097409221  0.78973861346803442  0.79977454719083296
  0.80995425509390417  0.82079397126342024  0.83207691517903315  0.84375748033197340
  0.85602020243536991  0.86909996524332012  0.88273485072411373  0.89729913876322032
  0.91341522993857260  0.93240728850990851  0.95781230238865078  1.00000000000000000
 -0.01832594267615727  0.10731202237444103  0.14258128056937563  0.16414190749968863
  0.18129522814760338  0.19578316628839609  0.20866135513035330  0.22060622299628244
  0.23177384699354864  0.24228363885045404  0.25228772253268483  0.26181874757254303
  0.27081737177538495  0.27929322813739044  0.28753179414490992  0.29554585864079436
  0.30341071077987763  0.31109297983930823  0.31853852859745196  0.32577802338540346
  0.33285293379415920  0.33978418439638375  0.34656887533718328  0.35332384518304771
  0.35988692197547423  0.36633519060828973  0.37276114719111358  0.37912694636962430
  0.38543348686391371  0.39165852925757605  0.39777277678526191  0.40383965515534248
  0.40992033328283406  0.41595584566154320  0.42191439723425112  0.42772596432023458
  0.43351180648709459  0.43923853534118340  0.44496727458269431  0.45074423030667787
  0.45652150816812359  0.46218646127064489  0.46779479497613380  0.47337390808636209
  0.47892364794965198  0.48446188782164168  0.49001547723145777  0.49560587630050373
  0.50124272710558337  0.50693535929644262  0.51261106817460456  0.51815894831917197
  0.52382860263424647  0.52954787971547279  0.53527696406966929  0.54101641417737156
  0.54678359413933930  0.55257652103932131  0.55841194726750099  0.56431309655903861
  0.57025166639381120  0.57622648438803670  0.58221294270560187  0.58815637445398439
  0.59422044592528622  0.60028461820890711  0.60644922355748154  0.61259491400317201
  0.61878894766183312  0.62508007348977124  0.63147809175465375  0.63797481543471635
  0.64454899609391736  0.65128864821039767  0.65816630237215434  0.66508261538080493
  0.67223713158573772  0.67957086323723259  0.68712325819576570  0.69488703807199659
  0.70276193520162511  0.71089086541481117  0.71934705383429332  0.72822706970905360
  0.73754202830467630  0.74715846579366085  0.75714604841984978  0.76754543877608172
  0.77858285711787456  0.79051298172028228  0.80359177576957297  0.81835914173834878
  0.83557514536398181  0.85717591041295105  0.89235435047022416  1.00000000000000000
   3.4292548324340181E-003  -1.0000000000000000     
 F F F F F F F F F F F F F F F F F F F F F F F F F F F F F F F F
