  0.01389020693549296  0.01468774800632228  0.01502187843403037  0.01527580464221156
  0.01548226448823539  0.01565997807947320  0.01582545128475620  0.01598707716735496
  0.01614322724312615  0.01629365832026279  0.01643891236247481  0.01657965586775107
  0.01672012401843545  0.01686287785096757  0.01700348684433181  0.01713627709506600
  0.01724839128122331  0.01736325020921071  0.01748109408898521  0.01760072677157076
  0.01772212758179043  0.01784246100092685  0.01796281392133716  0.01808316423286803
  0.01820048956123011  0.01831606364144030  0.01843251581751479  0.01855006335846417
  0.01866763286436416  0.01878434465256377  0.01890209266185057  0.01902333810594628
  0.01914952120784516  0.01927569791227908  0.01939935349685897  0.01952317067142947
  0.01964289662247636  0.01976230986249665  0.01988501363477757  0.02002368135497212
  0.02016858269043915  0.02031348885817890  0.02046032894978768  0.02060398790574847
  0.02074381789212649  0.02088873710906176  0.02103895451889047  0.02118702401386674
  0.02133614659757414  0.02148254745836235  0.02163969946596317  0.02180372477168000
  0.02197097206719873  0.02214300711465114  0.02232225480363193  0.02250617977319447
  0.02269505273169840  0.02288929795139567  0.02308187174625334  0.02328283588856473
  0.02348689117886807  0.02370168878073705  0.02392434797280637  0.02415579702929019
  0.02438909027523625  0.02463421650282726  0.02488619853395274  0.02514993964865022
  0.02542022518091781  0.02570008227618513  0.02598357936242500  0.02627611681086669
  0.02657825690701735  0.02690609170508482  0.02726497232932345  0.02763991676533161
  0.02801642955645657  0.02841080551969407  0.02883236160750340  0.02928710583844903
  0.02976783643969510  0.03030939399329436  0.03091202435673571  0.03155837187304265
  0.03224784359939819  0.03300486845564325  0.03388191491552699  0.03490209691386319
  0.03615659953802790  0.03770302527618609  0.03951103519958243  0.04187270708177181
  0.04534361078913876  0.05111481890225068  0.06638680202644391  1.00000000000000000
  0.01591686311987003  0.02352780632933110  0.02608737929816570  0.02781387114810429
  0.02922009779932613  0.03047153915688948  0.03152966476745126  0.03245677358336999
  0.03332420667768458  0.03420405109057389  0.03501838190010285  0.03577945890649703
  0.03653483502654890  0.03733215179303784  0.03814692314201564  0.03896208404307731
  0.03973536343243629  0.04048317990729470  0.04121911761162175  0.04193935827732931
  0.04261291654648600  0.04328841910958953  0.04394883355569178  0.04458014443364133
  0.04520352489152572  0.04585692186749876  0.04654554303792146  0.04726272420115845
  0.04796952299270134  0.04866220080369324  0.04934299978418653  0.04999433512402246
  0.05061488631651205  0.05122294271473371  0.05187075193884983  0.05256764688857163
  0.05328828615789713  0.05400629445280344  0.05470831845648995  0.05542497784759668
  0.05615711597888260  0.05691387822302274  0.05768806464302775  0.05846351811147851
  0.05922840736896286  0.06001426455246964  0.06080732427184648  0.06158980314761646
  0.06237503927438343  0.06318005167756006  0.06399924309618228  0.06481498919728494
  0.06561662953530931  0.06642259907603872  0.06724710701567702  0.06810831325684928
  0.06901070736424397  0.06992832776675259  0.07085573163246441  0.07180952183111518
  0.07279493284584183  0.07380245710002380  0.07481741033594268  0.07584389444756594
  0.07691436227562200  0.07806211142979567  0.07925991107063918  0.08041553994091644
  0.08152350108152506  0.08267166347264024  0.08387296518429513  0.08522599322902193
  0.08682650942466261  0.08860119971831451  0.09043480209135804  0.09227830580162473
  0.09419898451393928  0.09626766508436389  0.09865228538327983  0.10076782996432128
  0.10317490226696041  0.10566881789096133  0.10831367019243038  0.11115213392762556
  0.11417734532062575  0.11727093475145262  0.12047415086094269  0.12404232072042906
  0.12795490728762929  0.13278384958600531  0.13965311870191047  0.14954389973882337
  0.16241411174867640  0.17615798647191036  0.34952229473968860  1.00000000000000000
 -0.01106626581101689  0.04665957557744119  0.06712558891149428  0.08810306436892656
  0.10707776387744315  0.12456365804087276  0.14131289889269508  0.15830093090625155
  0.17325629475052401  0.18536978141910707  0.19861804643880338  0.21108485472566596
  0.22233800743611223  0.23322457304708738  0.24416789497811164  0.25575771822358317
  0.26738270972311429  0.27840096503839995  0.28804454051602851  0.29712199866544986
  0.30548425332971074  0.31399950595589671  0.32189419625937643  0.32955904950771164
  0.33724186319854360  0.34539190594860769  0.35309247516003639  0.36019907137669421
  0.36718422870415640  0.37382323931526173  0.38028755377978968  0.38656367116140716
  0.39276999723849260  0.39887831913413940  0.40521189449783585  0.41168886584401504
  0.41806788820849861  0.42387471760966888  0.43023497256456555  0.43699101243946581
  0.44366456750710598  0.45021282192368295  0.45672098379611586  0.46303697174345110
  0.46944052034185069  0.47561941241376327  0.48151768023043634  0.48744289187231549
  0.49310846833716127  0.49880046182663851  0.50489110261019465  0.51083677161948282
  0.51653488711327433  0.52192573119273800  0.52732373579497782  0.53294557438482582
  0.53868908848092423  0.54467218140121643  0.55098384421929292  0.55744038932495021
  0.56371552762552102  0.56969611552595156  0.57569272107973923  0.58161603024536712
  0.58764042351736046  0.59402595403825387  0.60050293900844376  0.60689565031938408
  0.61344490235700122  0.62044739859772535  0.62809328223332928  0.63628902767877826
  0.64432004118883424  0.65177817685343709  0.65925713470516933  0.66714163330137322
  0.67503121891720341  0.68296957323800878  0.69121430776143244  0.69996361161521192
  0.70914949986762699  0.71876117371692516  0.72906616860147699  0.73985841428999044
  0.75305145859689548  0.76536899907489686  0.77723520058900308  0.79014574489040124
  0.80457036054277131  0.81992976088029146  0.83654200571365156  0.85650072830588964
  0.88134885894768611  0.91079795541285746  0.94810450140167479  1.00000000000000000
 -0.00243556215485715  0.00932683096582687  0.02023706201747699  0.03117355684225001
  0.04258323157202251  0.05301451541450273  0.06543683711838451  0.07813096100790111
  0.08985406365354531  0.10092434448763439  0.11191749170124299  0.12266292271581304
  0.13261106725408039  0.14210324091287582  0.15185997170307008  0.16224774043020068
  0.17267136929418531  0.18220115123444905  0.19168807756825140  0.20171401291195476
  0.21211912840262129  0.22307467962836880  0.23440011241662101  0.24638539381963714
  0.25843977006993418  0.27008234650551327  0.28112032605073950  0.29137075757801639
  0.30104792007638936  0.31130414056765382  0.32185120231763775  0.33204005433886968
  0.34133161982071292  0.35071924886284350  0.36053758731398489  0.37055197953831814
  0.38037163582890399  0.38964395678801034  0.39878443577933342  0.40881164784072976
  0.41955916063688015  0.43005984663955599  0.44004512031229359  0.45034554118225756
  0.46087091364693095  0.47126727523610323  0.48158811300352106  0.49223687721127202
  0.50308408408704441  0.51416104428591425  0.52482424253087523  0.53497876260192911
  0.54458354801586784  0.55388764261245038  0.56347512897381025  0.57362515363664690
  0.58383688273463996  0.59404753820553480  0.60475794307363484  0.61607787831877459
  0.62701752880766504  0.63678242201808521  0.64616804924556226  0.65575267422349326
  0.66600719186447976  0.67627457772182631  0.68693446494768196  0.69853743921469469
  0.71089385269503025  0.72287729486418728  0.73396021324312610  0.74457761173322301
  0.75519307074040187  0.76585486572571604  0.77679136485251443  0.78738051995884195
  0.79813210031317317  0.80919311446894648  0.82080484642555296  0.83237865158834723
  0.84350810393693365  0.85408697992538440  0.86410231462680509  0.87339505226309311
  0.88259366311906495  0.89173374976632880  0.90109803724228865  0.91100260286447510
  0.92145531356690957  0.93213730030748598  0.94288895160139929  0.95324062561021705
  0.96365457362954188  0.97478188886936401  0.98612732484132337  1.00000000000000000
 -0.01152987738771165  0.06637766447249979  0.12215452038426111  0.16022194966361689
  0.18797699307281629  0.21082754058808736  0.23099780927687250  0.24837317854220925
  0.26299041524943217  0.27644143670832538  0.28912603798320746  0.30075745798192671
  0.31105716143321682  0.31982321849364886  0.32778891621802381  0.33493804023167550
  0.34155423948236746  0.34803442878634144  0.35448710848826492  0.36075794886653528
  0.36680021161266535  0.37258667844197074  0.37846996077798345  0.38440854145235748
  0.39000720472206152  0.39526829404184394  0.40014728235832203  0.40486041039491677
  0.40970781603561685  0.41471573323930144  0.41985962393660620  0.42499868777089261
  0.43001239992165263  0.43506441704045806  0.43986335559490747  0.44448940605666321
  0.44909517354890960  0.45364956788346944  0.45818179294550260  0.46273954138782802
  0.46731476488528800  0.47180865788990295  0.47610774728056571  0.48023545242083693
  0.48442586191825809  0.48884041422282754  0.49318994183374282  0.49760144689718533
  0.50193580869322774  0.50621918020767376  0.51036976006294055  0.51434158949535680
  0.51828497280294517  0.52251473668833903  0.52698962733771582  0.53147046122604813
  0.53597896493530262  0.54036673230420396  0.54474697406447592  0.54912111320595725
  0.55364191258719386  0.55831643788241914  0.56301097571780778  0.56776921882334197
  0.57250548973299054  0.57730964574993182  0.58226635887511935  0.58738663207974251
  0.59260843239730687  0.59791506274093020  0.60338204464737533  0.60909472930080866
  0.61509137039445616  0.62119778248535806  0.62728588857491219  0.63328797357408684
  0.63927674970370763  0.64513511205317697  0.65114227755420195  0.65742584033289575
  0.66417188351681633  0.67140607225511739  0.67885330330199123  0.68688674429322194
  0.69576161801080150  0.70568482294485002  0.71691787564628395  0.73034592011588051
  0.74658180739893898  0.76490202133591945  0.78421703407088406  0.80536610205480352
  0.82888516178604221  0.86518325775746185  0.92471483187732828  1.00000000000000000
 -0.00281572771243908  0.01049128063119817  0.02143704349783681  0.03117158790921287
  0.04103264086242391  0.05017077534023599  0.05931588262481986  0.06839626971428613
  0.07733661232327076  0.08632658495148207  0.09509725841390014  0.10456127283631166
  0.11543750230977871  0.12698401075193491  0.13860245451065131  0.15005816738609265
  0.16149072289455488  0.17342900888951096  0.18557002189379893  0.19746682649189337
  0.20860181405536726  0.21969788034634760  0.23045214080007945  0.24092163343473647
  0.25162911310979452  0.26251155342326937  0.27286414999412850  0.28318951444458335
  0.29376015499544345  0.30451923742007792  0.31469191207613356  0.32602852622598782
  0.33492820256470968  0.34416155241816038  0.35322759019458627  0.36314571253589406
  0.37429941045419413  0.38549531566046580  0.39671596331691289  0.40790946754501511
  0.41872714082124013  0.42933255080464594  0.43983397498039456  0.45010805417402949
  0.46010174617902244  0.46997215914224288  0.48025727527591378  0.49123931376993579
  0.50248903081391161  0.51404076493311512  0.52561832589569890  0.53708119052408465
  0.54886146180375817  0.56052632540861236  0.57158031848099566  0.58162845518746642
  0.59128122048238074  0.60156845440912110  0.61257990326351930  0.62459305361794848
  0.63622441216630943  0.64726462402747198  0.65750569819465721  0.66759669865948623
  0.67808373551509904  0.68896615103323733  0.70037466148935279  0.71191076728321989
  0.72472974848279081  0.73541168166034410  0.74547485922796275  0.75507192563172854
  0.76452572972091326  0.77406889447827354  0.78363227284737402  0.79310451711477103
  0.80262793582314473  0.81236973654091493  0.82266632882896673  0.83271477043790598
  0.84199124800301928  0.85077405928240568  0.86026801732856717  0.86991072977511941
  0.87961727338246454  0.88932358949404366  0.89923579403674836  0.91016941497650439
  0.92124868368907131  0.93282979194557125  0.94481120094182736  0.95624095815279742
  0.96724853126593291  0.97819025945582694  0.98872557291771013  1.00000000000000000
 -0.01815471271562823  0.08551784542680335  0.13480647400512802  0.16877142497458528
  0.19441634026471391  0.21486673038564508  0.23085552778266866  0.24459338841784334
  0.25808248243475912  0.27028182588428878  0.28189500207195750  0.29242502932939446
  0.30224789187916923  0.31144508320318076  0.31994161968309409  0.32785881614083484
  0.33525019591717886  0.34268052754140133  0.34997159094125424  0.35732067626635483
  0.36452189788365175  0.37132745279946971  0.37785124141689352  0.38408349266969000
  0.38991396721911853  0.39528785837423508  0.40022399778471074  0.40514419055514439
  0.40988975045603421  0.41482556883400828  0.41945373553977394  0.42351265264879712
  0.42838108770448574  0.43312900941024202  0.43780532440263459  0.44236330071440455
  0.44673039414010740  0.45109677437812457  0.45555636350391610  0.46043025343198868
  0.46526237693144051  0.46973366094467606  0.47402527276263262  0.47829568961605590
  0.48258068159059631  0.48700489330029995  0.49160044790718577  0.49621608605626061
  0.50113717870577057  0.50617162552769857  0.51118454600589724  0.51603851584395288
  0.52073552137642443  0.52535623548241139  0.53005082491098066  0.53489955274176959
  0.53991885728447453  0.54510053761558508  0.55036817301532215  0.55554588260381577
  0.56051527601659124  0.56556329515739145  0.57060990677900192  0.57538293656619788
  0.58013960685536137  0.58488022122065564  0.58972219441073037  0.59490539462949832
  0.60025094576958504  0.60525316238840254  0.61001196525668844  0.61471308352843490
  0.61963120763848611  0.62487200280841437  0.63056743667573611  0.63663511458207100
  0.64272425335091510  0.64914571145379940  0.65601067725707307  0.66309116629560005
  0.67090902484430892  0.67980129559949964  0.68902746938817427  0.69833451814483261
  0.70821681425737837  0.71774076600085035  0.72834180060986153  0.74097766844036483
  0.75350901595502151  0.76573690827270957  0.78153415271739102  0.80110968515622460
  0.82577507449887089  0.86338229808671041  0.91715132214677042  1.00000000000000000
 -0.00199579114107433  0.00805284877985195  0.01702358673337833  0.02754572965964483
  0.03770328873440667  0.04790052245866637  0.05803668661810930  0.06859884611463693
  0.07954726920488395  0.09062005014504518  0.10192053828466607  0.11324215384496009
  0.12423731447263900  0.13426298942482434  0.14533483249156870  0.15743301066482909
  0.16999703363712651  0.18251286132049074  0.19494463872601131  0.20692037886433065
  0.21833091169123209  0.22932803303785393  0.24034125909321336  0.25162679905827506
  0.26291437542776480  0.27422554414811878  0.28541606874001701  0.29615793062156065
  0.30666243751351857  0.31736196338335287  0.32863687525660734  0.34053959764910779
  0.35302270416944798  0.36584431981900667  0.37745946322825435  0.38777657794708864
  0.39770591221858081  0.40779635243013723  0.41822664525396808  0.42799832722610787
  0.43739908850581960  0.44799155456241924  0.45895507651027273  0.46995913829228375
  0.48057643420068796  0.49091082735480013  0.50147353625961755  0.51153267130989721
  0.52131692042031863  0.53095789815518868  0.54105398383972425  0.55165094824377758
  0.56236146996977521  0.57258184932152967  0.58220029608606239  0.59183274118455897
  0.60167642803984489  0.61103140004684464  0.61982669652645728  0.62886959543469323
  0.63814990908630431  0.64724226081097003  0.65626642407287172  0.66542815423925805
  0.67550668933408176  0.68606535235711041  0.69696047714369913  0.70764771132799276
  0.71744031925703322  0.72686094479303753  0.73599844169064299  0.74553923332391492
  0.75571690651014822  0.76574677495718924  0.77665621148851494  0.78697483362196274
  0.79720726348371973  0.80799601713736480  0.81841141133112649  0.82884107244979299
  0.83965827671104143  0.85060972499147647  0.86138053547207372  0.87240217441109980
  0.88479607940842153  0.89662449076088135  0.90756056122351392  0.91808081541473996
  0.92833204146984738  0.93843958429749841  0.94813874151350708  0.95797805414667303
  0.96856736815981748  0.97908902075941184  0.98941573909914560  1.00000000000000000
  0.06423028043759207  0.29257723972306904  0.35798405736355138  0.39058623433795636
  0.41393681695733153  0.43230687006166013  0.44832622604994249  0.46356217647463022
  0.47743577902625345  0.48889200575473779  0.49905303261531520  0.50863416938480710
  0.51753386916987831  0.52536806215986864  0.53240960343570209  0.53955728336118369
  0.54662147533095651  0.55323551574386642  0.55929863873439922  0.56481498501870231
  0.57019850281871998  0.57577717093605185  0.58121204532028103  0.58606270750195055
  0.59043419113909856  0.59472770608198267  0.59884957004015116  0.60261228011963652
  0.60616473083030054  0.60972769340407507  0.61376339514484046  0.61804527312628155
  0.62197382399222545  0.62531870334888029  0.62880957860393905  0.63225150022317478
  0.63580292973771613  0.63952340345664838  0.64306865168346805  0.64672288778155229
  0.65086970732185401  0.65483536375159090  0.65846037411347635  0.66195750205133752
  0.66527291525010113  0.66862290306809125  0.67200924172841370  0.67533688279859005
  0.67865948250239760  0.68205771822721450  0.68554962485787330  0.68902277568933157
  0.69224501229033553  0.69543424215291350  0.69860641848736516  0.70167887902554216
  0.70470996245991091  0.70777623703194958  0.71076485344108853  0.71378819672153238
  0.71678553164366765  0.71975781188245169  0.72280063698857333  0.72586994526002424
  0.72891940334956962  0.73202200962661512  0.73525078573495106  0.73852782292450470
  0.74198333544312456  0.74528825484593908  0.74843116982066182  0.75191270001183419
  0.75551691541835475  0.75916742332704146  0.76286887018109706  0.76660358982840326
  0.77033461871514997  0.77401486276431397  0.77765131315673142  0.78144988950443028
  0.78551128482406563  0.78988105838040168  0.79418713683689834  0.79858841653446844
  0.80319910973934805  0.80801047026550465  0.81306399509427352  0.81831291676692264
  0.82400680748935362  0.83063460394843180  0.83842154642025579  0.84734867988337703
  0.85792952846618542  0.87175578644606178  0.89620621992671679  1.00000000000000000
 -0.03873037235132098  0.17151543020558546  0.21343639288133009  0.23811801135495636
  0.25570375203430135  0.27012385772466863  0.28287262688297177  0.29444677973299338
  0.30472648852494749  0.31414339698447102  0.32194436773095841  0.32986163561412635
  0.33718272772404312  0.34367224586741374  0.34970381080024537  0.35559572450449090
  0.36147364000663601  0.36710447253831885  0.37248526881946431  0.37810377264141115
  0.38382597203079666  0.38961433681875446  0.39521812252155308  0.40049959953380465
  0.40553694729687478  0.41041561292670581  0.41516668794331185  0.41981109327252253
  0.42430779320717382  0.42863981074934726  0.43289105291807878  0.43709792049782326
  0.44128496674783668  0.44547520074432406  0.44975012437270184  0.45399790896523412
  0.45853976993426848  0.46301149671377501  0.46745406402441436  0.47193924457743291
  0.47630132269764891  0.48028290785338629  0.48413205486648148  0.48814707873140717
  0.49217875750028173  0.49613893016522281  0.49987753768045690  0.50350996143420756
  0.50715281168578363  0.51112827053862686  0.51536260525259214  0.51957803227320920
  0.52353576369111776  0.52730657123948721  0.53094134145662775  0.53461319805635532
  0.53841107611354355  0.54227654870185393  0.54623536891618718  0.55025406434055790
  0.55433966926947498  0.55849267426020310  0.56266859711988837  0.56673486762604741
  0.57068481783014546  0.57456825023535718  0.57847111282521280  0.58241446798946117
  0.58644702528530124  0.59060688297579811  0.59490248158783776  0.59929227494537474
  0.60393797506814251  0.60887165370523433  0.61387371792553935  0.61881316598164426
  0.62373493630808385  0.62897895838378182  0.63456026045301028  0.64042365410964541
  0.64708634404801968  0.65417931166853904  0.66155453671426501  0.66902381980110348
  0.67698822058734542  0.68545304399082330  0.69386983202511088  0.70300621056447887
  0.71276736669412766  0.72330711339482545  0.73485153212505272  0.74808589799083369
  0.76525154081379387  0.78926660395494141  0.82904485592074018  1.00000000000000000
   1.6600619689285681E-016  -1.0000000000000000     
 T T T T T T T T T T T T T T T T T T T T T T T T T T T T T T T T T T T T T T T T T T T T T T T T T T T T T T T T T T T T T T T T F F F F F F F F F F F F F F F F F F F F F F F F F F F F F F F F F F F F F F F F F F F F F F F F F F F F F F F F F F F F F F F F
  <DiscreteSampler_grid>
  grouped_processes
  1 # 1 for a reference and 2 for a running grid.
  10 # Attribute 'min_bin_probing_points' of the grid.
  1 # Attribute 'grid_mode' of the grid. 1=='default',2=='initialization'
  0.0000000000000000 # Attribute 'small_contrib_threshold' of the grid.
  0.5000000000000000 # Attribute 'damping_power' of the grid.
 # binID   n_entries weight   weight_sqr   abs_weight
    10   10   3.267827242718674E-005   6.180499464880939E-009   3.267827242718674E-005
    16   10   3.267827242718674E-005   6.180499464880939E-009   3.267827242718674E-005
    22   10   3.267827242718674E-005   6.180499464880936E-009   3.267827242718674E-005
    28   10   3.267827242718674E-005   6.180499464880936E-009   3.267827242718674E-005
  </DiscreteSampler_grid>
