1 1 6291456
1 3 2097152
1 6 1048576
1 12 524288
1 24 262144
1 48 131072
1 96 65536
1 192 32768
1 384 16384
2 1 3145728
2 3 1048576
2 6 524288
2 12 262144
2 24 131072
2 48 65536
2 96 32768
2 192 16384
2 384 8192
4 1 1572864
4 3 524288
4 6 262144
4 12 131072
4 24 65536
4 48 32768
4 96 16384
4 192 8192
4 384 4096
8 1 786432
8 3 262144
8 6 131072
8 12 65536
8 24 32768
8 48 16384
8 96 8192
8 192 4096
8 384 2048
16 1 393216
16 3 131072
16 6 65536
16 12 32768
16 24 16384
16 48 8192
16 96 4096
16 192 2048
16 384 1024
32 1 196608
32 3 65536
32 6 32768
32 12 16384
32 24 8192
32 48 4096
32 96 2048
32 192 1024
32 384 512
64 1 98304
64 3 32768
64 6 16384
64 12 8192
64 24 4096
64 48 2048
64 96 1024
64 192 512
64 384 256
128 1 49152
128 3 16384
128 6 8192
128 12 4096
128 24 2048
128 48 1024
128 96 512
128 192 256
128 384 128
256 1 24576
256 3 8192
256 6 4096
256 12 2048
256 24 1024
256 48 512
256 96 256
256 192 128
256 384 64
512 1 12288
512 3 4096
512 6 2048
512 12 1024
512 24 512
512 48 256
512 96 128
512 192 64
512 384 32
1024 1 6144
1024 3 2048
1024 6 1024
1024 12 512
1024 24 256
1024 48 128
1024 96 64
1024 192 32
1024 384 16
2048 1 3072
2048 3 1024
2048 6 512
2048 12 256
2048 24 128
2048 48 64
2048 96 32
2048 192 16
2048 384 8
