  0.00004244933332860  0.00005387770377290  0.00006276794419522  0.00007051660053254
  0.00007745938318158  0.00008307377072803  0.00008800566112814  0.00009226193274841
  0.00009626470906059  0.00010077763396741  0.00010629261055893  0.00011298721665305
  0.00011901436008866  0.00012453563732690  0.00013039261519688  0.00013697476607390
  0.00014409068016053  0.00015095238908661  0.00015738190838110  0.00016355144736979
  0.00017033778883511  0.00017712875499158  0.00018406896905655  0.00019102463805708
  0.00019828979939390  0.00020565428875663  0.00021311425246553  0.00022197021938657
  0.00023145745176166  0.00024106816514000  0.00025007055949421  0.00025848736484939
  0.00026689812511049  0.00027639261755542  0.00028758482334997  0.00029935782625967
  0.00031167940435750  0.00032479107029710  0.00033810500925665  0.00035152061703690
  0.00036640847586441  0.00038319048962822  0.00039937731230394  0.00041569682415094
  0.00043281815751827  0.00045159541128958  0.00047185483180997  0.00049238238649855
  0.00051243474325719  0.00053176172832541  0.00055122845330147  0.00057160442535675
  0.00059369084616352  0.00061844083794437  0.00064317829680035  0.00066927484194778
  0.00069674483436822  0.00072582025479923  0.00075582814029544  0.00078760680797294
  0.00082117193558207  0.00085699478307505  0.00089857822897292  0.00094218761321278
  0.00098846754418212  0.00103653400640696  0.00108266134525548  0.00112936230541153
  0.00117777786375860  0.00123134658430298  0.00128950240992643  0.00134982800685557
  0.00141560754897895  0.00148812288148679  0.00156805298832953  0.00165981999561276
  0.00176442009537749  0.00187312680241056  0.00198559751213518  0.00211609094818703
  0.00226019072998502  0.00242817192203858  0.00262863898861212  0.00286430479642813
  0.00313071093403636  0.00342248412474090  0.00376811852510003  0.00425157732755164
  0.00483546884004928  0.00554782827122153  0.00649494755863653  0.00792747770791622
  0.01022199986778878  0.01460641557510250  0.02698600536798387  1.00000000000000000
  0.00035161708165788  0.00255348846290916  0.00306946208302918  0.00336237757485540
  0.00365058892001964  0.00386121163990751  0.00405099874066465  0.00425037304926026
  0.00444526085278612  0.00463106800658674  0.00484905343008417  0.00501999299301095
  0.00512455947893941  0.00523269611163280  0.00533175014998079  0.00543045382150282
  0.00551593735962013  0.00559277717672336  0.00566610406545079  0.00574182237948538
  0.00583880411624755  0.00594824212094618  0.00605292702513934  0.00615763590475099
  0.00626182442940627  0.00637161338454737  0.00649631340475510  0.00661778640172714
  0.00675108725837030  0.00688883198741103  0.00703489424057124  0.00718948858074290
  0.00735103877031222  0.00750168493920037  0.00763332195490214  0.00777087332275082
  0.00791282374427185  0.00805587111784551  0.00819228670076888  0.00833873405869490
  0.00848800237629673  0.00862846723809542  0.00876240798901368  0.00890005495112926
  0.00904692360640893  0.00920532874154309  0.00937228416478171  0.00954140806089038
  0.00971924884615341  0.00990774496607622  0.01010842100249205  0.01031053016634035
  0.01051104112055957  0.01070901809358721  0.01090445736253156  0.01110100759574152
  0.01130605796525097  0.01152069892649848  0.01174134261202785  0.01197258031873819
  0.01220396656111746  0.01243650409689913  0.01269407622420323  0.01296646138865451
  0.01325748442484602  0.01355127684156567  0.01388330239029876  0.01422032766289692
  0.01455877583545545  0.01492464646118771  0.01532814818630451  0.01576310549828720
  0.01621378579335662  0.01668819279962317  0.01719155443615464  0.01773995983668413
  0.01834713076359829  0.01899079366566653  0.01971742606374707  0.02050746453711745
  0.02138786580603176  0.02235811055479179  0.02342308278715587  0.02461919692711109
  0.02597530736785953  0.02759811983495203  0.02944019421420193  0.03155227216654376
  0.03411035079592820  0.03714715774590525  0.04074096006178297  0.04539707716879778
  0.05199114334549752  0.06293981008890093  0.08943727674692291  1.00000000000000000
  0.00172477571462399  0.00268028100474544  0.00339378828342981  0.00391653903729088
  0.00427604272927310  0.00461237485471537  0.00491617645005608  0.00521531298725827
  0.00550241039072040  0.00578015566924952  0.00605164503453786  0.00632346962886482
  0.00653803262583135  0.00672678382840871  0.00686793052803650  0.00697437896907963
  0.00711211755169916  0.00724703351357184  0.00736930632083010  0.00748660845140033
  0.00760009929038462  0.00773793341556930  0.00790550371642433  0.00808210346073741
  0.00825417407397595  0.00842091679683007  0.00859041675779897  0.00875792150148213
  0.00893089422819248  0.00909574039420488  0.00926731483568221  0.00944297191881217
  0.00962254284139278  0.00981612528941357  0.01001586743344553  0.01021884210585382
  0.01043258284519140  0.01065372592889906  0.01087387703471518  0.01109716360931665
  0.01131923056658925  0.01154170661908098  0.01176449929731988  0.01199115881290348
  0.01221615376358420  0.01244765959261156  0.01269072319778720  0.01293779135444133
  0.01318033174529044  0.01342712894437783  0.01368190812177239  0.01393722251509014
  0.01422354135113728  0.01451746132277504  0.01481704419272985  0.01512097532741258
  0.01543428826349678  0.01576899656148531  0.01612583691368664  0.01650797701322509
  0.01689450295276738  0.01728486719852531  0.01768127326621511  0.01809577858743934
  0.01854422530962878  0.01901055008221163  0.01949742549187571  0.02000388816901468
  0.02054870078647462  0.02114059770484708  0.02177701988881215  0.02246262534850738
  0.02316066288204707  0.02392389042750068  0.02470990403613550  0.02553539825972005
  0.02640457227893887  0.02731364779562764  0.02828970783897531  0.02935602498349619
  0.03056594716920064  0.03182879494437640  0.03316144432420908  0.03472868149318643
  0.03665966936972011  0.03898100919210847  0.04155493041272655  0.04438436184747770
  0.04780429396198750  0.05271367752471706  0.05854792905367713  0.06649247153718028
  0.07874233496990134  0.09984916927397271  0.58531551488340361  1.00000000000000000
 -0.00196363838881514  0.00779198804679729  0.01514665814133791  0.02270464027956068
  0.03067525636996311  0.03915212823577596  0.04804607485951148  0.05751365610425829
  0.06818896479399360  0.08026730304497481  0.09180241353355648  0.10183928851486286
  0.11087706297492993  0.11974942929313213  0.12880965500939798  0.13742434895936043
  0.14634763434685974  0.15598913580605744  0.16579141471086842  0.17508753068858421
  0.18426870918715124  0.19414407529593639  0.20449658960044473  0.21449968985566226
  0.22479676259184997  0.23574296663199756  0.24718333957257388  0.25859858226682336
  0.27006144319599529  0.28162386496831759  0.29336401671224788  0.30448251014286792
  0.31530933884057910  0.32652622547058441  0.33856480940311473  0.35117092772138725
  0.36332504109398084  0.37463967840025908  0.38494772751543443  0.39537549049781906
  0.40606852105978858  0.41661779855822934  0.42701388057190920  0.43777832787358623
  0.44908868355148196  0.46076871426657701  0.47239018955430423  0.48417945056792061
  0.49583180909374652  0.50669388940004445  0.51709592313728026  0.52716956411677984
  0.53747411583959481  0.54725252647974243  0.55703834555354981  0.56683043679837597
  0.57680913770258346  0.58650292979916041  0.59660689759839047  0.60675349563030734
  0.61743897235379142  0.62859892300784892  0.64006318817210250  0.65127614610713025
  0.66203156258164642  0.67326243632846439  0.68495996395478786  0.69512666017390545
  0.70504992784953491  0.71501674267181847  0.72595480981153437  0.73839177076759277
  0.75064291748266321  0.76361657377081915  0.77679165865343958  0.78995660105869192
  0.80260588832669633  0.81493180424332856  0.82764232338869359  0.83962003886471848
  0.85073655868068643  0.86234097287233535  0.87358739848165190  0.88316050576579896
  0.89219794241700123  0.90135453009850852  0.91098272325723662  0.92062537642190767
  0.93013999850244311  0.93991254770142019  0.95038567221463677  0.96083294483819803
  0.97102174631865446  0.98084241006017703  0.99032074413472715  1.00000000000000000
 -0.00253064598559338  0.00923151227815655  0.01872722564546564  0.02888151028822163
  0.03890756165191801  0.04966830685095074  0.06070075881995685  0.07135743763500009
  0.08154500246197441  0.09121630221778972  0.10068151261482380  0.11017853274082462
  0.12045921630132973  0.13134908586598981  0.14372721196945853  0.15413504340605547
  0.16545578206245862  0.17807230681161798  0.19040383408748052  0.20169858558057557
  0.21263902332635543  0.22310403720862440  0.23245311653385548  0.24121885711057456
  0.25074613285454778  0.26007329721266736  0.26901660310089148  0.27808263964482793
  0.28754331428922952  0.29833840771951459  0.31029469437528323  0.32138710012615573
  0.33176773962684497  0.34129669075799779  0.35079206161172466  0.36089241198272271
  0.37136453223274418  0.38242946803229788  0.39423903260888432  0.40658897462710536
  0.41927139235360278  0.43150751545113952  0.44295479726825848  0.45352504663312587
  0.46390819970522063  0.47472563506489041  0.48593814622386261  0.49760455688924760
  0.50962625420728558  0.52137604544415728  0.53237118857099996  0.54265422745892899
  0.55234172885534949  0.56164611578643331  0.57105877575483255  0.58086524862033950
  0.59088381748359065  0.60089403350978043  0.61102734217858412  0.62152799570704254
  0.63181021160544359  0.64140391754851600  0.65036576662891377  0.65925401213905988
  0.66915010655099971  0.68063336626300530  0.69300063487427577  0.70560788861093771
  0.71693375704979889  0.72748762570614689  0.73819700852129588  0.74920686864818820
  0.76068486371082678  0.77272691181724784  0.78554474345119563  0.79860199405827281
  0.81139634574833341  0.82327062040194376  0.83367310003797568  0.84271896871818530
  0.85145151125431739  0.86086112424951244  0.87064959847070433  0.88096413427513631
  0.89140995403492385  0.90163040518041615  0.91164851480889442  0.92186127932990292
  0.93243844872019854  0.94251372781368425  0.95179306972083533  0.96102303351960650
  0.97078008601468424  0.98041931142425520  0.98993484802279996  1.00000000000000000
 -0.00241048938331775  0.00917471249927472  0.01925137122506014  0.02945300080316512
  0.04056509306224548  0.05144891161509391  0.06244987307184655  0.07362538098069944
  0.08476303966295014  0.09551950976302191  0.10589038368518701  0.11616488999602748
  0.12659939014189189  0.13730179067085033  0.14808576329382619  0.15945130434990823
  0.17109950620405445  0.18268457737767227  0.19341783245043029  0.20389612461908230
  0.21447661325456394  0.22491715012432981  0.23457391620976140  0.24342982503479543
  0.25217081695257998  0.26113775169420123  0.27043154372494294  0.27990226761627723
  0.28929142104812638  0.29870867556531733  0.30866670794223316  0.31946443895763776
  0.33091020830508000  0.34186744794914187  0.35287850236333479  0.36481543967814328
  0.37687644672335585  0.38794114793481338  0.39854046513656427  0.40902716561726027
  0.41915936862609282  0.42845669499632100  0.43779261589357293  0.44746505177360152
  0.45719481250535593  0.46635480633574306  0.47511735886538620  0.48446353463682157
  0.49360866199890807  0.50216619357151515  0.51087002681861138  0.51996790586305786
  0.53059845216940427  0.54152747529976963  0.55331652423470157  0.56512940155807700
  0.57659293024032177  0.58762597991742882  0.59835804160452877  0.60853227124302356
  0.61851971664989480  0.62875255196671820  0.63929637480217494  0.65012027345638612
  0.66084469871574159  0.67072749060001058  0.68050762066350590  0.69011100367913181
  0.69892689618201664  0.70747071999982991  0.71626158869125522  0.72524286540635241
  0.73443250531019799  0.74403654428654242  0.75551464094559850  0.76843669058361252
  0.78062079786040062  0.79232788457996794  0.80433095725730297  0.81700322420169602
  0.82988813672365003  0.84260642314866385  0.85504631519691343  0.86731592615538577
  0.87900190426878577  0.88998971922648162  0.90193750203686651  0.91465608217213534
  0.92535760527518995  0.93540988872057618  0.94587097445703605  0.95710593018045720
  0.96815296925691852  0.97904717643140837  0.98980180753794567  1.00000000000000000
  0.01791793503016613  0.01889324005115189  0.01959354211253940  0.02006599036377203
  0.02043989095501166  0.02081874785655976  0.02131316930162992  0.02181802364761837
  0.02234248121039649  0.02287636555273131  0.02339125149489230  0.02391924702959452
  0.02442308411441342  0.02491535932727878  0.02540614527999002  0.02589097460483095
  0.02639401502574193  0.02691442082457456  0.02744068148839478  0.02796677917012810
  0.02850450625012198  0.02905411934958694  0.02961359636571080  0.03018086708615235
  0.03076342425499573  0.03135807179328755  0.03194996524430535  0.03254519694899306
  0.03315265657441246  0.03377228886613984  0.03439195678390278  0.03500884934751251
  0.03563161643909901  0.03625366831553930  0.03686370253320988  0.03746480775370453
  0.03807164431993815  0.03871242200553687  0.03939306070654829  0.04009085185900211
  0.04079936596456477  0.04149922988322709  0.04220765318094486  0.04293778075432284
  0.04368521031412704  0.04444498910364041  0.04521087261015588  0.04600758676056109
  0.04684297767014034  0.04767535615381544  0.04849871330690331  0.04931700067950831
  0.05017021636588279  0.05105575665001887  0.05195616149187451  0.05285649006279026
  0.05377022215314427  0.05470989000991407  0.05566163392522688  0.05661314506988678
  0.05757500318467634  0.05858531548961936  0.05965513572762109  0.06073309224267849
  0.06182970918569081  0.06300960641956602  0.06439949681092097  0.06588421029041812
  0.06741047985226598  0.06900398522391624  0.07066981956048093  0.07245883538547428
  0.07427569042052179  0.07616290184876505  0.07803718685022885  0.07978634562992366
  0.08145080907387423  0.08320254606421057  0.08518563323229462  0.08758873583397934
  0.09013507387150307  0.09302481121511635  0.09587824375275783  0.09884118585007812
  0.10219406244356614  0.10631524248643223  0.11125426326818542  0.11651018129931069
  0.12258611685719442  0.12980287922674516  0.13754749600411753  0.14685245555824070
  0.16655621706805240  0.18677660089869116  0.22591114406673574  1.00000000000000000
 -0.00379249649097892  0.01449121395244262  0.02905580314576840  0.04291246614434194
  0.05699501181137849  0.07097470508676033  0.08442320815688369  0.09727462764932167
  0.10967840435517698  0.12121350596677662  0.13250579526363496  0.14380897190969502
  0.15568438299731882  0.16729380267704563  0.17870699237602433  0.18956997065161882
  0.20082247814836920  0.21202249879986676  0.22244416125584818  0.23237758825417301
  0.24217627350457271  0.25196308203306556  0.26177349436034836  0.27164943733390634
  0.28190990308326369  0.29202433497512992  0.30137164743805622  0.31034651042045980
  0.31923837937132199  0.32840335931295078  0.33853545633944726  0.34829605638074546
  0.35711994579178280  0.36561914000524814  0.37398538800135539  0.38214958127076604
  0.39048866696210693  0.39814798199425194  0.40515659407235999  0.41206554693452524
  0.41928833280694761  0.42665930603250535  0.43399622498073903  0.44175466956121867
  0.44984030506597417  0.45789142437563318  0.46726206761808098  0.47685564762896848
  0.48524293773163157  0.49380793471444601  0.50244644010682782  0.51118192355620307
  0.51980515347787049  0.52856072000360776  0.53736164609492887  0.54612470631288623
  0.55492171803581314  0.56396422993410023  0.57404635698197592  0.58491205363117749
  0.59599862408134696  0.60719016937267156  0.61843249339992856  0.62965766648630361
  0.64056782994855199  0.65102886733387011  0.66077988547995636  0.67029648299310540
  0.67950396123947354  0.68841516984696771  0.69762927257104834  0.70701518295134269
  0.71807514267183348  0.72945441251983345  0.74073168244285925  0.75246158404844177
  0.76413679406536383  0.77733136011219273  0.79068556598470718  0.80387989367984480
  0.81659181385741009  0.82847588406513228  0.83968202671663483  0.85036591856328692
  0.86168639145650117  0.87378195120704094  0.88722004671527277  0.89962332253405275
  0.91099564285073709  0.92291229017720855  0.93478166873936352  0.94681523731902184
  0.95909116123667226  0.97383550895274329  0.98725220863830399  1.00000000000000000
  0.06807452530872528  0.13865567962928885  0.18269981115305750  0.21010877576719364
  0.23041945693054924  0.24861969471936426  0.26265825965092360  0.27506630318383357
  0.28664129726014126  0.29749387472184935  0.30752710825535262  0.31815200605986793
  0.32930174454787686  0.33933632870308772  0.34813492520064465  0.35627960882495130
  0.36351952818324174  0.37016141161963195  0.37658826152493186  0.38252156691418659
  0.38881831899910069  0.39504885899293535  0.40120909597800292  0.40717066880358138
  0.41297276773784886  0.41834822743258748  0.42314173377929082  0.42793309286710307
  0.43248218670852934  0.43701982538674078  0.44160264950691791  0.44625846208256709
  0.45122434292192082  0.45650396746386124  0.46156839315076748  0.46630216035069949
  0.47088195304697156  0.47534690966442678  0.47961696210880417  0.48384748120170196
  0.48812446653083807  0.49224069514746138  0.49666068684441661  0.50089561123679871
  0.50510559323507109  0.50940528032749133  0.51373932853252313  0.51809597828222931
  0.52231037093318711  0.52669232370113472  0.53113654304265423  0.53545874476373334
  0.53976311929303344  0.54403518241907867  0.54857153971799655  0.55315879261598144
  0.55763083988933182  0.56209535769208796  0.56655135159130632  0.57097579459613290
  0.57532783061353010  0.57975309887091464  0.58435928279287996  0.58913463843276515
  0.59408921206089382  0.59880086954449008  0.60379311545829328  0.60896619728895141
  0.61416499480587938  0.61918194476060007  0.62422525092915659  0.62929555476046251
  0.63455721082975691  0.63997084976678809  0.64559542568957262  0.65148862527717122
  0.65749398212802201  0.66346854936553612  0.66976194053673632  0.67637217714328512
  0.68313169154949738  0.69031448786184491  0.69792991212796085  0.70522910045476350
  0.71285071132798483  0.72127350154269210  0.73041729684439261  0.73910005282626023
  0.74835023192943884  0.75923094098703425  0.77155870366605150  0.78522597778477410
  0.80225162859794275  0.82469824332101904  0.86378710407593529  1.00000000000000000
 -0.02354469541539581  0.13803150269325656  0.18416940413272992  0.21190401449461871
  0.23318957336149720  0.24998095485021166  0.26344890156536466  0.27501829405470962
  0.28573275373599077  0.29617502089954734  0.30561523109244504  0.31374498304736703
  0.32073770123955175  0.32725769349314188  0.33381908645480385  0.34036127897701279
  0.34667053570836914  0.35285625827167605  0.35890731156472283  0.36487401228470306
  0.37076464158825662  0.37654771208637833  0.38241277289117248  0.38828152319309861
  0.39417775605504884  0.39950325869626352  0.40446682339248313  0.40945644596312741
  0.41429794975288614  0.41901651247463195  0.42362118513653774  0.42832536998605658
  0.43313356166851213  0.43772230838621135  0.44207072290936167  0.44606903545665266
  0.45009592627388273  0.45420575473903102  0.45806480373457459  0.46248773134923854
  0.46711307945023195  0.47171163988451903  0.47620197681615528  0.48038037349734997
  0.48417228825512793  0.48773684572274567  0.49158672940577025  0.49559235429918119
  0.49956793555747236  0.50358596590789695  0.50761854927612293  0.51162115688655008
  0.51556528937171942  0.51947076951021864  0.52324170750419063  0.52686375157491738
  0.53069191442538755  0.53452806053685142  0.53844134729696003  0.54258941269479144
  0.54697937359509097  0.55154026633311171  0.55599594151110387  0.56059108829920890
  0.56499136207883405  0.56957874721967217  0.57393076503592166  0.57844472957237447
  0.58304516832894060  0.58790365094725960  0.59285947357938706  0.59785324862246869
  0.60301736245550996  0.60844610427708457  0.61407120411407556  0.61984849315252211
  0.62600421394637218  0.63268720391974831  0.63966566761031740  0.64692668939068387
  0.65442406521713425  0.66193009379634138  0.66955230480135408  0.67716811112587472
  0.68532200289452827  0.69402006091852819  0.70326708436253049  0.71267774372791870
  0.72263927454399324  0.73428056716625234  0.74902662196226455  0.76467531949429368
  0.78558331619500710  0.81519844077253389  0.86030032946902113  1.00000000000000000
   2.2197117273813935E-009  -1.0000000000000000     
 T T T T T T T T T T T T T T T T T T T T T T T T T T T T T T T T T T T T T T T T T T T T T T T T T T T T T T T T T T T T T T T T F F F F F F F F F F F F F F F F F F F F F F F F F F F F F F F F F F F F F F F F F F F F F F F F F F F F F F F F F F F F F F F F
  <DiscreteSampler_grid>
  grouped_processes
  1 # 1 for a reference and 2 for a running grid.
  10 # Attribute 'min_bin_probing_points' of the grid.
  1 # Attribute 'grid_mode' of the grid. 1=='default',2=='initialization'
  0.0000000000000000 # Attribute 'small_contrib_threshold' of the grid.
  0.5000000000000000 # Attribute 'damping_power' of the grid.
 # binID   n_entries weight   weight_sqr   abs_weight
    10   10   1.539840051746117E+002   1.202472178280839E+005   1.539840051746117E+002
    16   10   1.539840051746114E+002   1.202472178280835E+005   1.539840051746114E+002
  </DiscreteSampler_grid>
