  0.00022361711457557  0.00028250149522462  0.00032014577043977  0.00034421769711131
  0.00036460845723937  0.00038446342167472  0.00040377915939016  0.00042262975429109
  0.00044049781318812  0.00045781490185177  0.00047463196889544  0.00049115771402628
  0.00050751749018820  0.00052385941160241  0.00054040497547961  0.00055684773828329
  0.00057306342798762  0.00058902384681722  0.00060461391464788  0.00062017852750509
  0.00063557829170954  0.00065078857436599  0.00066618353689514  0.00068194668773189
  0.00069776611514484  0.00071351498551816  0.00072935879306427  0.00074530891525186
  0.00076182945248097  0.00077848647509907  0.00079511570016637  0.00081210883151356
  0.00082958946641652  0.00084756107092326  0.00086591138308490  0.00088426891619475
  0.00090286834899293  0.00092288324737746  0.00094396202917323  0.00096489917064741
  0.00098631466446769  0.00100866740665142  0.00103134956226981  0.00105425205105221
  0.00107742827298078  0.00110100888811222  0.00112530921931940  0.00115042158475093
  0.00117586367159302  0.00120178620029414  0.00122914684144251  0.00125825894498283
  0.00128879482948810  0.00132043159486301  0.00135258036666472  0.00138524878251020
  0.00141877358103514  0.00145365885529894  0.00149091635369184  0.00153058727902703
  0.00157188288410417  0.00161540425609392  0.00166305114305543  0.00171292960677272
  0.00176484496839831  0.00182033553744709  0.00187909056554686  0.00193942398307816
  0.00200520784799255  0.00207642124245320  0.00215301182473465  0.00223470423188910
  0.00232221000667819  0.00241451411515801  0.00251347816597987  0.00261997965776920
  0.00274037149718592  0.00287565655101787  0.00302746674077765  0.00319707484989540
  0.00338640206772245  0.00360203405218970  0.00385520698977836  0.00415253458989539
  0.00450240496333564  0.00492466627056781  0.00544598546042069  0.00615842250128306
  0.00721602089792141  0.00903516181727139  0.01280814982301896  0.01685437713122281
  0.14664574061857535  0.39527013235825476  0.66269656770482988  1.00000000000000000
  0.00029358086597781  0.00054586776227152  0.00064488872082800  0.00074584790395814
  0.00086218428087277  0.00096747085205509  0.00104672420135503  0.00113736363532934
  0.00122516840894210  0.00130210764989170  0.00138039291361325  0.00145944176015695
  0.00154016310736888  0.00162439972117256  0.00171063997348352  0.00179549462983893
  0.00187990311187836  0.00196503393654566  0.00205219479996183  0.00214057978964117
  0.00222856113933364  0.00231474105963365  0.00240057835174158  0.00248898443373833
  0.00258049873222419  0.00267382582940722  0.00277023055628230  0.00286822600328439
  0.00296420617720130  0.00305744515236314  0.00314862921676524  0.00324186683465902
  0.00333525830928247  0.00342841775393498  0.00352180601040175  0.00361770023329636
  0.00371780739100557  0.00381804126287415  0.00391504204680860  0.00401157685354922
  0.00411296894772885  0.00422061644807856  0.00433296708795406  0.00445096238159975
  0.00457490794076869  0.00469973172184170  0.00482204704796881  0.00494889122311271
  0.00508009441295953  0.00521526351566326  0.00535235279053749  0.00549053647348941
  0.00563038475254742  0.00577410933062381  0.00592263125250323  0.00608257710301012
  0.00624961607638081  0.00641998528289349  0.00660010408863351  0.00679151192503785
  0.00699307027408353  0.00720489967775830  0.00742460901787368  0.00765200728700469
  0.00788678306991999  0.00813255516831621  0.00839192856414106  0.00866376116126068
  0.00894370169705722  0.00923496530332636  0.00954313610443491  0.00987893782288519
  0.01024457973359013  0.01063637275279221  0.01106294131777816  0.01152105031068788
  0.01201392093195759  0.01254753787680406  0.01312308376599299  0.01376759886028572
  0.01449228862107203  0.01526836448637542  0.01608696655286182  0.01698395764544627
  0.01803236493321691  0.01927376197074585  0.02067767091388963  0.02237881148900914
  0.02461396144833507  0.02751362275673798  0.03115896226263263  0.03618628277033710
  0.06130439734180171  0.19028702918208251  0.63919037920426425  1.00000000000000000
  0.00248315869293505  0.00266189158975694  0.00289061193320323  0.00316223797080850
  0.00344062233988526  0.00373243781665765  0.00400408814501656  0.00428151747236649
  0.00456586558207951  0.00484792386389840  0.00513134121283368  0.00541742779086410
  0.00570316993275225  0.00599559845852135  0.00629109214490878  0.00657105990667274
  0.00681339003732695  0.00702018471141237  0.00723004449659232  0.00745148662063862
  0.00766744289042908  0.00788989802793153  0.00811284004875354  0.00833282790309673
  0.00855265275158705  0.00877210003245802  0.00899103269249135  0.00920997423380630
  0.00942905836116520  0.00965047084091073  0.00987596253624803  0.01010622430853103
  0.01034073043865828  0.01057542319756840  0.01080857082852630  0.01104486076013196
  0.01129210262381223  0.01155215512279770  0.01181902865722842  0.01208728387996320
  0.01235231076794356  0.01260984210636623  0.01286073129863608  0.01311306806430045
  0.01337680329143304  0.01365016031693267  0.01393219441918415  0.01421835192975963
  0.01450527347337909  0.01479694227207669  0.01509896802214028  0.01540671308064502
  0.01571566926953304  0.01603005900500056  0.01635472919092844  0.01669760397120238
  0.01703731172389239  0.01738446815138764  0.01773827324943433  0.01811094093577718
  0.01850911244604013  0.01891598260409512  0.01932180271863941  0.01975058426826200
  0.02019309289802969  0.02066369576623936  0.02114477648872295  0.02166094196814618
  0.02219592783822473  0.02274393033784962  0.02331431108413801  0.02393318032379030
  0.02459002404051165  0.02530379713213910  0.02600643609392060  0.02672288355039689
  0.02749534921444749  0.02833374029763137  0.02925338670061096  0.03027339632814999
  0.03137570760168941  0.03259664272980154  0.03391412073247675  0.03539401020298724
  0.03707563486869198  0.03901337582222953  0.04121098638009840  0.04334357970829203
  0.04566555245956121  0.04841417972656580  0.05212900809900620  0.05722936841923570
  0.06499010469902181  0.07524973807213058  0.47666610225365241  1.00000000000000000
 -0.00226154576497706  0.00893965895392497  0.01950959085478518  0.03012252152449133
  0.04050752588433809  0.05122829086942751  0.06207675449098124  0.07306041181601515
  0.08380229044735872  0.09494929435919856  0.10575972203250224  0.11694140930090600
  0.12779769615305589  0.13849104430880804  0.14905154261843140  0.15977056736901404
  0.17051132331765748  0.18042138572703978  0.19100510902103870  0.20219924126403532
  0.21297857662803085  0.22342007324888691  0.23396709887942382  0.24458276456293770
  0.25508299266172429  0.26558332812741464  0.27644711459344173  0.28779367529412236
  0.29836104058018864  0.30872211384346154  0.31886164898682456  0.32879698669530488
  0.33892007027312826  0.34887282322293872  0.35924895988619127  0.36987894231122076
  0.38016777203727764  0.39053725581832016  0.40151428111161619  0.41269701567104267
  0.42331604237127995  0.43344282388166583  0.44366458106748091  0.45391332270835422
  0.46429875715841662  0.47471985356117480  0.48543967276210592  0.49602707501337101
  0.50652829028966728  0.51761481370254292  0.52861280507068742  0.53981383828036855
  0.55084428020057452  0.56181925624847395  0.57286697644507045  0.58426920982529706
  0.59510440105481044  0.60564225995193988  0.61557615895455731  0.62579032947399371
  0.63598065500145751  0.64567668542553536  0.65559141641568885  0.66557047676968339
  0.67593598360072882  0.68585125251270707  0.69623893716262530  0.70672180993684086
  0.71811323010464567  0.72903935542773879  0.73960402849371154  0.74980328708683919
  0.75960447757578342  0.76896689502022264  0.77834348098993855  0.78790844088892054
  0.79819451646178008  0.80913928627384524  0.81972852676997232  0.82992901338772451
  0.84046235747945786  0.85126289660964183  0.86282199456992181  0.87395888615264705
  0.88544256725386006  0.89648554859035035  0.90715069608341548  0.91794074276994764
  0.92863114487061038  0.93897368052600527  0.94909605015335952  0.95947709841288464
  0.97007388861491617  0.98027238047650134  0.99030787701232714  1.00000000000000000
  0.05718903395155065  0.06234009315511692  0.06532446197649842  0.06794178464139845
  0.07016675912588204  0.07217003483029014  0.07403662839289761  0.07578353486790851
  0.07746066215835291  0.07908004236305642  0.08066591178556674  0.08224411447575943
  0.08375142452029205  0.08519271985574842  0.08660416871029705  0.08798945159760486
  0.08935296773160463  0.09071105510884286  0.09207219417238625  0.09341972727953740
  0.09475495257717821  0.09608347231449545  0.09742363925658902  0.09874702578793981
  0.10008938998942342  0.10143078709368315  0.10278143610676523  0.10411218328714303
  0.10542874537051364  0.10676692585079815  0.10812383282700352  0.10948518081020567
  0.11084693465622403  0.11221599870531083  0.11359816344408703  0.11500901884141874
  0.11640348879414358  0.11774564859995362  0.11907100496477624  0.12043546349048366
  0.12186064937041680  0.12330880086643689  0.12475881344070142  0.12624118067154322
  0.12777140107569052  0.12935482923533539  0.13099301547816863  0.13269305057860517
  0.13442210249615461  0.13614257970138974  0.13783955536077766  0.13952147998236319
  0.14121646383932954  0.14291328741403272  0.14459134046137542  0.14626494924434960
  0.14796445009538095  0.14971208309311124  0.15152956411604857  0.15344682934918163
  0.15546172482160955  0.15753502943979075  0.15963977492343598  0.16171681947927735
  0.16368277735399162  0.16573795028797206  0.16780150193122076  0.16994930559297430
  0.17232094650953597  0.17478992843512739  0.17752862491335583  0.18025582905635379
  0.18308938885522391  0.18607358203667007  0.18913914523883990  0.19235865995905532
  0.19552661075891073  0.19879612398011812  0.20272608407383874  0.20642830082263119
  0.21053796488998128  0.21438662308554621  0.21820220373555549  0.22261376433667537
  0.22768781895189708  0.23331031031461963  0.23934926527665101  0.24561409025154624
  0.25180686811160574  0.25800884746687347  0.26508423160462108  0.27316531031137642
  0.28223932618637543  0.29484533478734531  0.40761796241288545  1.00000000000000000
 -0.00162515692660034  0.00642157361880223  0.01389817819551061  0.02143660035914848
  0.02908632234979309  0.03686412693195205  0.04472845290388971  0.05266857553409754
  0.06071891193943542  0.06894236489645483  0.07746867632828260  0.08568944650462168
  0.09341762469111389  0.10112576061075609  0.10898797786250132  0.11678295318525553
  0.12451313265605204  0.13231516554505704  0.14041680926333217  0.14909821482754484
  0.15809683334221636  0.16693839430884094  0.17566431152824119  0.18441415579516512
  0.19306677183344684  0.20180672597285509  0.21072846233935899  0.22006443389673666
  0.22967375388761813  0.23938036611089664  0.24945575644909582  0.25980692517871534
  0.27048006984256251  0.28189276225586568  0.29380725718880268  0.30631823167200434
  0.31920418240628673  0.33272076424015701  0.34605380141659020  0.35981985002847972
  0.37430580793946416  0.38929609446202995  0.40496134120854399  0.42195637795016638
  0.43957426691854284  0.45698168963066782  0.47404221603416857  0.49158272575052719
  0.51011982403446432  0.52868155129917405  0.54706914287274344  0.56573925705986072
  0.58389362929444122  0.60109971423212838  0.61827939573233892  0.63457214300235110
  0.65070533404206266  0.66560131220598051  0.67972916060764998  0.69259292315707954
  0.70372200026463372  0.71481639419325893  0.72564202911366205  0.73624076276637107
  0.74619754125921833  0.75618413072449941  0.76682870310855922  0.77729384291618009
  0.78719585421131644  0.79648131286983070  0.80529505957413983  0.81403041111657759
  0.82240036991181487  0.83081787913443050  0.83909445888929413  0.84730626110468887
  0.85561829343879137  0.86387658685280877  0.87201504986596612  0.87982008342562057
  0.88731059712693083  0.89482188189585099  0.90237563597805182  0.90997978882645070
  0.91742752483084644  0.92471532322152539  0.93202709470591028  0.93947643714721185
  0.94722924121317842  0.95502039523756288  0.96274972869114761  0.97036882877194230
  0.97790384946446196  0.98528234718165741  0.99272663530565097  1.00000000000000000
  0.05285178631130016  0.05496921587788159  0.05649379891502105  0.05773936501642209
  0.05888148328762120  0.05995093693788724  0.06094785343804475  0.06190795186511492
  0.06288313728491135  0.06389695490231766  0.06489679249502417  0.06586737423321404
  0.06681688590481415  0.06774755138992011  0.06866231453415800  0.06958227001316736
  0.07051400782275392  0.07143855610909026  0.07234802881439606  0.07326345736678165
  0.07419981262071755  0.07514588677978253  0.07606519347326245  0.07700442504828460
  0.07796476938087946  0.07891982800667494  0.07986592127878939  0.08081050698309267
  0.08174079605173866  0.08262112323867644  0.08348540679641590  0.08438871270913249
  0.08533205504434055  0.08626352117310207  0.08719489687373010  0.08811856140905339
  0.08902645950807096  0.08996847491145303  0.09090936379891497  0.09185058252380704
  0.09280514061556264  0.09381352483216351  0.09485936639699172  0.09589375399327174
  0.09693245751753242  0.09795094212259414  0.09896158284099404  0.09997046519761274
  0.10101219345214302  0.10209362969368416  0.10312102426192364  0.10409822734150721
  0.10513505950717819  0.10621317300487054  0.10738324198223592  0.10858923922555014
  0.10976836333153230  0.11091402520043893  0.11203893764688459  0.11319891184717563
  0.11448271058213785  0.11587567014537541  0.11728491117418201  0.11872373459492633
  0.12019009269439024  0.12165506604164837  0.12307478000177940  0.12443786758950612
  0.12580377456263808  0.12715255475580645  0.12854828950821984  0.13015139055110425
  0.13200713580451220  0.13399604196863621  0.13566064757028118  0.13718906198561839
  0.13871398596195264  0.14038106907092535  0.14220872899236464  0.14432891784823393
  0.14688893968334329  0.14943549523625044  0.15169584301305947  0.15346257877855915
  0.15506872711782801  0.15680229427475245  0.15895594975490482  0.16150191990501156
  0.16403673854922232  0.16718693111520541  0.17144843022934886  0.17551689416811952
  0.17792151826689098  0.18017739364181024  0.18214828167938346  1.00000000000000000
 -0.00210130045932546  0.00846210722424111  0.01731034130112573  0.02676816024214743
  0.03690171995734927  0.04714597047214194  0.05697260248279135  0.06699770649976032
  0.07733522817299028  0.08767570992028446  0.09797341848984954  0.10916858266728856
  0.12007651684564112  0.13055818160373969  0.14103058202653446  0.15131293049760802
  0.16146560358503986  0.17091729720554732  0.18055132812705377  0.19077282774130844
  0.20133950739199641  0.21195997507751599  0.22195148187826347  0.23208892010369309
  0.24222087724122551  0.25263841684239902  0.26303672314285426  0.27339013002425927
  0.28347614260298559  0.29365465150037140  0.30450582541433557  0.31478031722556860
  0.32490985916865522  0.33512151212175234  0.34575323124064811  0.35669055056061105
  0.36735795886273614  0.37778558340994084  0.38823183225174490  0.39887791058919442
  0.41079960659296294  0.42272677314663426  0.43411216041975498  0.44544499632879342
  0.45640562254849004  0.46772083914115725  0.47850946714420728  0.48943501892594132
  0.50011402297296570  0.51083058921456614  0.52153649678526592  0.53223527274417204
  0.54308011802095302  0.55400967086066166  0.56510955434026922  0.57611497010548263
  0.58679938565409573  0.59702507120945247  0.60754405826824498  0.61883968285946167
  0.63046829833992613  0.64185996834053305  0.65338217110293795  0.66461069273926743
  0.67585586190433478  0.68728803381618353  0.69904923316451517  0.71070660467208413
  0.72215731474990463  0.73310675528090363  0.74380590489230636  0.75459455077281790
  0.76493789879538632  0.77547614852793512  0.78584331786217365  0.79609348151004111
  0.80650243881156491  0.81688782936565452  0.82805139472415534  0.83886471342897695
  0.84929855407430144  0.85972319787577733  0.86984995181463554  0.87982255184080116
  0.88940740369769811  0.89919657950850973  0.91004168262363794  0.91981533821763262
  0.92963420516682738  0.93947376875995692  0.94973024758036306  0.95964362136901893
  0.96920890585343300  0.97882764044750592  0.98890418278697967  1.00000000000000000
  0.10203941444308566  0.19384276238478979  0.21589863728581121  0.23736568282896883
  0.25549543044394707  0.27069811734322946  0.28349367661662123  0.29456236154823656
  0.30495711035764905  0.31466703495368659  0.32351699046195742  0.33170562644451373
  0.33941674513460729  0.34679696662277432  0.35398203090827390  0.36074839611677340
  0.36693861015231433  0.37290454402927814  0.37912437947915767  0.38555545281581610
  0.39193273394080003  0.39815109441680291  0.40413757387257010  0.40986052199658307
  0.41524105552520313  0.42031038063720333  0.42511397591888078  0.42984079418393589
  0.43456754797046748  0.43922720194421916  0.44379868460515398  0.44834695511917733
  0.45295068474503547  0.45759941833185952  0.46229843949549221  0.46693525550292730
  0.47141692563299120  0.47578829062677708  0.48008894148840797  0.48435913532964836
  0.48862610400640277  0.49276107909130284  0.49692159678188058  0.50120935801057287
  0.50543878066890713  0.50986718322038094  0.51441035002183177  0.51876883140966912
  0.52296698678973408  0.52702520123053842  0.53109111535205700  0.53517592897526767
  0.53924458483265547  0.54328081187685806  0.54734430794836697  0.55147247600574922
  0.55567604352864663  0.55994519997828762  0.56431128668532327  0.56873213291183333
  0.57314715865509447  0.57750960942364093  0.58184744574472724  0.58622411105312822
  0.59064447363622263  0.59508942592861247  0.59959672943292930  0.60420213265324507
  0.60892814446760757  0.61379946547712139  0.61876921749610270  0.62375894910913654
  0.62872466773533398  0.63369778518936937  0.63883079333428128  0.64413042160226897
  0.64943584733788862  0.65470200499523912  0.66001416622989784  0.66557761514250902
  0.67158790170310145  0.67788378258032689  0.68434543844994611  0.69095305850019151
  0.69774137412907278  0.70484433355220666  0.71251088329874890  0.72090191389594849
  0.73005436003783952  0.74029853494422260  0.75202676297140747  0.76555694732422208
  0.78123699399009072  0.80146176593536667  0.83623803328930602  1.00000000000000000
 -0.04119699613772370  0.17812200695201116  0.22097151175438762  0.24493519411511860
  0.26295137939922419  0.27783751569215409  0.29071623178272116  0.30201736428902309
  0.31217955964839750  0.32141943283579955  0.32975273929842536  0.33732288322709414
  0.34430124556915775  0.35086987318887147  0.35703290199373305  0.36287253589305307
  0.36861121289949850  0.37426818832594794  0.37978866022757435  0.38504734755796027
  0.38998109293103073  0.39483374862888604  0.39964339723230907  0.40425354711838546
  0.40866888808122004  0.41304114523042212  0.41750846452723644  0.42202655427711699
  0.42661797344844388  0.43119834631327075  0.43571225463136959  0.44011935978651939
  0.44446370339892194  0.44872401106468984  0.45284513204175786  0.45673549524760459
  0.46045691533267696  0.46407579520135345  0.46775299987992253  0.47153323698443639
  0.47521070399564125  0.47879192948968974  0.48233232111959407  0.48577045933820845
  0.48934712229840066  0.49292162997011429  0.49648297881888870  0.49999385862046714
  0.50333221610035250  0.50691251513780455  0.51050122836950718  0.51407507078619918
  0.51759518724738229  0.52107322585757976  0.52465465340254169  0.52834577591235343
  0.53207952119930291  0.53580465199720562  0.53955206500106256  0.54326884816411847
  0.54706033671922616  0.55091128320328164  0.55464454095105908  0.55843644455551833
  0.56231381667736857  0.56635764470442873  0.57053794178110973  0.57482775194501601
  0.57917388969572647  0.58358752193743491  0.58805556631813671  0.59253008974317378
  0.59709246620942991  0.60188417528606475  0.60689239981023468  0.61200087635951173
  0.61712238211080173  0.62239246586920627  0.62780241233463552  0.63338413933879900
  0.63933214229659696  0.64563959688121608  0.65213815563011435  0.65861926815677230
  0.66537644867633139  0.67284886768158125  0.68109482857464909  0.68989625299412727
  0.69920646938616304  0.70926570504443809  0.72081041853835370  0.73462058665221919
  0.75218895188476342  0.77658193356872907  0.82053676759430350  1.00000000000000000
   3.3732873701501535E-010  -1.0000000000000000     
 T T T T T T T T T T T T T T T T T T T T T T T T T T T T T T T T T T T T T T T T T T T T T T T T T T T T T T T T T T T T T T T T F F F F F F F F F F F F F F F F F F F F F F F F F F F F F F F F F F F F F F F F F F F F F F F F F F F F F F F F F F F F F F F F
  <DiscreteSampler_grid>
  grouped_processes
  1 # 1 for a reference and 2 for a running grid.
  10 # Attribute 'min_bin_probing_points' of the grid.
  1 # Attribute 'grid_mode' of the grid. 1=='default',2=='initialization'
  0.0000000000000000 # Attribute 'small_contrib_threshold' of the grid.
  0.5000000000000000 # Attribute 'damping_power' of the grid.
 # binID   n_entries weight   weight_sqr   abs_weight
    10   10   3.089726058119132E+003   3.354872644053603E+007   3.089726058119132E+003
    16   10   3.089726058119131E+003   3.354872644053600E+007   3.089726058119131E+003
    22   10   3.089726058119131E+003   3.354872644053601E+007   3.089726058119131E+003
    28   10   3.089726058119130E+003   3.354872644053598E+007   3.089726058119130E+003
  </DiscreteSampler_grid>
