  0.00018489284713784  0.00030202532367951  0.00036479052737092  0.00040612251074857
  0.00044318688667430  0.00047890728579496  0.00051443838523172  0.00055056219949789
  0.00058755705056527  0.00062638641557321  0.00066464650798472  0.00070221329053888
  0.00074143554938110  0.00078287348467767  0.00082436601784856  0.00086559144867138
  0.00090708395303003  0.00094977796010268  0.00099169204553485  0.00103247207740858
  0.00107449431047415  0.00111808546740559  0.00116319607028101  0.00121033040428533
  0.00125948441313581  0.00131009907808889  0.00136176606997196  0.00141388359737564
  0.00146679978698551  0.00152047430960266  0.00157516641339589  0.00163096884508118
  0.00168750682633094  0.00174432425619236  0.00180250932562875  0.00186292828425361
  0.00192566153091736  0.00199144474296817  0.00206104803886924  0.00213245439113223
  0.00220325917574808  0.00227487760242194  0.00234926440418108  0.00242673566458627
  0.00250758559540695  0.00259221379462230  0.00267870906931068  0.00276433303366561
  0.00285141046819959  0.00294024888371084  0.00303364660464030  0.00312935667503882
  0.00322491958603146  0.00332398542450122  0.00342635525430939  0.00353427830329676
  0.00364782946931535  0.00376808596428123  0.00389460790696856  0.00402852634125709
  0.00417027188729048  0.00431966975941589  0.00447496860685415  0.00463497734491406
  0.00480282441934122  0.00498079880835465  0.00516886034527945  0.00536705007363862
  0.00557727858246948  0.00580029981656229  0.00603841655221043  0.00629640201582836
  0.00657345466687942  0.00686643554275264  0.00717858056595577  0.00751309544682428
  0.00787501267304036  0.00827023542301961  0.00870905624020389  0.00919542118573390
  0.00973536282164649  0.01034338665830056  0.01102670852136957  0.01179059766240314
  0.01264464075125617  0.01361898317372275  0.01474997662323897  0.01612058914943272
  0.01782864751914282  0.02012773951114836  0.02335041832792280  0.02805356435832941
  0.03507574267083859  0.04331047686091010  0.29115155916435159  1.00000000000000000
  0.00112583202687445  0.00337329490629232  0.00369460871813799  0.00389090501990139
  0.00415420503611996  0.00452819073288946  0.00491225419295776  0.00527094174592193
  0.00561762885073488  0.00593527570189479  0.00623183566468120  0.00653280836127762
  0.00684775619193709  0.00717171075964765  0.00748609931704080  0.00778691859400867
  0.00809594681047262  0.00841504437520463  0.00874136407517541  0.00907169646883726
  0.00939611793504497  0.00971508487519961  0.01005277604471063  0.01040763445462236
  0.01076119663664589  0.01112429890675719  0.01149848012234986  0.01188364325490308
  0.01229400987002708  0.01273164536989869  0.01317563586516081  0.01362550344345953
  0.01408694941029477  0.01456101843583796  0.01505314631582761  0.01556075075485810
  0.01609080269248897  0.01665053040034473  0.01724549251774801  0.01787534676734264
  0.01854812111551874  0.01922468475587789  0.01991178088880129  0.02062268729650629
  0.02137200355256805  0.02214605436556223  0.02296582213089844  0.02379832625557518
  0.02464176550458501  0.02551064056938536  0.02639113634339006  0.02729484048271315
  0.02823405926873642  0.02918345620039973  0.03014865135564235  0.03114712964251969
  0.03216382260001862  0.03319684478930963  0.03424841641366433  0.03529460650131454
  0.03634198551830759  0.03739422494809810  0.03846463184811412  0.03955680030780737
  0.04067242863794548  0.04184540524293551  0.04305924398530148  0.04435205140736615
  0.04572189538279035  0.04711995346079630  0.04853303623319985  0.04998389701737964
  0.05148746309356461  0.05301956013206545  0.05456701014785127  0.05616603142864770
  0.05784083227145462  0.05957659214762838  0.06143374453589633  0.06338115019200062
  0.06544743329050563  0.06765388909371498  0.06995986938948461  0.07234073060181437
  0.07479698219367972  0.07734707546792391  0.08001882656693482  0.08295809020612102
  0.08615563726066247  0.08966017747765161  0.09347857889087938  0.09768004266224228
  0.10238173594548033  0.10772867378380649  0.13047685984888902  1.00000000000000000
  0.00254298889635959  0.00334827414769889  0.00389515304687359  0.00417733002889430
  0.00448457341638528  0.00482030865281601  0.00519459815508293  0.00559415690843403
  0.00601793407043446  0.00648761152417983  0.00689188574298815  0.00720464607452532
  0.00759610572556006  0.00800232240355116  0.00842889858654965  0.00885049686901794
  0.00927087753047849  0.00970068610375957  0.01015518179576427  0.01062076290638517
  0.01108573947908157  0.01154563493087234  0.01201345292291075  0.01249520244165065
  0.01297561260432156  0.01347207900748398  0.01399514228149540  0.01451336656963596
  0.01503669109092882  0.01556717597618900  0.01611287180342290  0.01666470754792956
  0.01721415885019496  0.01778469408242826  0.01839665877546958  0.01903572119620791
  0.01969078421893492  0.02036644583893367  0.02106068561694217  0.02175874093113277
  0.02247072490307596  0.02319664125444450  0.02393163109598773  0.02467778377479174
  0.02543901126807564  0.02620839714306706  0.02699273583765405  0.02776803810861098
  0.02855298019017563  0.02932710542987831  0.03014468788860983  0.03099267545386153
  0.03188875311482176  0.03280167716642310  0.03372751711900385  0.03464980007192588
  0.03558838994412263  0.03653005194207778  0.03749329123842154  0.03847597672147320
  0.03948696837455899  0.04052677771854560  0.04158590352005197  0.04265319806794616
  0.04371644163460764  0.04484459843287698  0.04604181727476599  0.04728016785531194
  0.04850934367814164  0.04982339414048214  0.05117259661554395  0.05257885446145734
  0.05404562867910268  0.05547264132389015  0.05690093861646790  0.05835968231850060
  0.05986558131130028  0.06138420385585724  0.06305663477637385  0.06472239283462530
  0.06639084983403862  0.06819416755976029  0.07011314697947220  0.07204110054938553
  0.07402898696971426  0.07608302864441374  0.07815905722213619  0.08032472037414509
  0.08267075875114405  0.08509774591343981  0.08745080386983464  0.08969443066777191
  0.09212448705958419  0.09522987603827224  0.55172595622237286  1.00000000000000000
 -0.00271024691198647  0.01007185780752165  0.02149994560337249  0.03274777167557302
  0.04395154211845383  0.05480444218979905  0.06567036503198498  0.07629241080357496
  0.08720776828440409  0.09823310695287631  0.10880294864029855  0.11906943748208965
  0.12917023254773596  0.13944656116724868  0.14997380688557940  0.16075696576127968
  0.17148016655483145  0.18196016772835724  0.19239915054930706  0.20316449991938018
  0.21377634022232628  0.22409654554075090  0.23412573729205988  0.24433969471827480
  0.25474530623750308  0.26498009384092686  0.27530946034426779  0.28539762813849573
  0.29534442720578341  0.30520671352177131  0.31542328858368579  0.32568346735790565
  0.33600757708234602  0.34635866954720279  0.35710505666697678  0.36736370052941458
  0.37810029084745550  0.38891091189539945  0.39975835714726671  0.41029415620263743
  0.42075589998158996  0.43133315992708637  0.44198121081443353  0.45270191977383173
  0.46373666781616063  0.47480933533152875  0.48589147253566134  0.49674665433304455
  0.50701361579519555  0.51721422432579256  0.52744478680304652  0.53810405785611204
  0.54857908963232604  0.55912529514895959  0.56961713919235668  0.57999447359917278
  0.58996060173407416  0.60005782583212464  0.61057697136573286  0.62092986787344584
  0.63118227615638145  0.64139318087627606  0.65175674166948394  0.66302695833847991
  0.67385329034668817  0.68497519773608428  0.69563547639795975  0.70649282078745324
  0.71738873192040242  0.72852886130524763  0.73970503651590269  0.75087890634610066
  0.76138984105563412  0.77146473860951859  0.78152094802322403  0.79178716813566530
  0.80181924563963658  0.81154203216248899  0.82160739028081686  0.83222052801183166
  0.84287886656946909  0.85330747365512982  0.86343286422519994  0.87346882437170947
  0.88374780278942300  0.89401110678291640  0.90385238242691157  0.91397499301754581
  0.92497686889647235  0.93619840196137272  0.94689409067990671  0.95716426678197652
  0.96795895184115210  0.97873476473080401  0.98938288303377742  1.00000000000000000
  0.05526096019778633  0.06512836089981169  0.07025846132006237  0.07393598864904667
  0.07691650956612094  0.07950314750402120  0.08187388280363526  0.08402167892668945
  0.08599363588173727  0.08783469365077197  0.08958308221124059  0.09126765016328475
  0.09288385020391697  0.09442882993646889  0.09594799987842616  0.09744190499207063
  0.09890717008572639  0.10035206630094105  0.10179815124104172  0.10322844895648292
  0.10460495352845418  0.10596025191485672  0.10730489369551426  0.10864705965502415
  0.11000179794966979  0.11136745458381346  0.11274008428017389  0.11411154189345049
  0.11547807744158252  0.11683920882512852  0.11819995143967824  0.11955126069042786
  0.12088494254646620  0.12220564986374347  0.12354217458907729  0.12490367398076571
  0.12628525541468327  0.12767876035562556  0.12906062158922704  0.13039611065019868
  0.13171382992855860  0.13304023119992262  0.13442128862068348  0.13589015583108896
  0.13743191602571209  0.13900989271113739  0.14054887471323421  0.14201653902572456
  0.14343394506864518  0.14483075019498337  0.14625483000672701  0.14774409783849612
  0.14927461790193561  0.15083139517376681  0.15240486204602063  0.15402938160673574
  0.15573423072876610  0.15746236155471915  0.15919597158365320  0.16094857391220818
  0.16269770745549911  0.16443626667303882  0.16619543822099683  0.16800086220192392
  0.16987900816415588  0.17183671466452435  0.17380141921924624  0.17582141913912228
  0.17793265895912316  0.18012675974683268  0.18244002394296180  0.18479685749996305
  0.18723913629952479  0.18985361178875174  0.19264609822021961  0.19533974567201573
  0.19804548608380959  0.20067652617715734  0.20333513070753736  0.20616531326951296
  0.20931849433150962  0.21293647319189754  0.21718186461676670  0.22220625346970937
  0.22785237166860819  0.23396576457540677  0.24031744668132438  0.24646054499430128
  0.25252922306196540  0.26086646043833739  0.27133179200671359  0.28360291078238464
  0.29589405368726912  0.31417140162522772  0.46061544254850367  1.00000000000000000
 -0.00210945942776817  0.00803655845737609  0.01716814608747438  0.02702555458557750
  0.03694662277613146  0.04691089457318483  0.05690975443524761  0.06687121860666212
  0.07657804382325552  0.08607999486891979  0.09558724370408224  0.10540152423432067
  0.11529183998916705  0.12524171374675058  0.13504403886313510  0.14484188506729842
  0.15479899908262243  0.16477195599432978  0.17507461110289585  0.18560244275577156
  0.19626919042051083  0.20687747589119154  0.21715792219073971  0.22713606824918955
  0.23699670559806138  0.24696245037849790  0.25736208285289386  0.26813603912515516
  0.27911995029654546  0.29000417721509281  0.30108701614191064  0.31212362256741844
  0.32334833683911457  0.33419243515513997  0.34497830294818216  0.35588922844546378
  0.36681060665853654  0.37784271149978632  0.38868995763084513  0.39986290865686558
  0.41188001102737781  0.42366621667903093  0.43564343693212670  0.44745134949543569
  0.45927922144831052  0.47071006321797554  0.48209869158401958  0.49372335158755010
  0.50515193868917008  0.51644187870997316  0.52812333446781623  0.54031684475962338
  0.55204944905584485  0.56369268462215771  0.57544320877101285  0.58734730216344144
  0.59940667387519153  0.61151573133981307  0.62356732394166337  0.63539242171633203
  0.64662798845385849  0.65794618254238135  0.66904792224170451  0.68007754925136565
  0.69106398364764465  0.70229695924736613  0.71343668865334453  0.72460692682797656
  0.73548339896541770  0.74635218412805704  0.75672396589393554  0.76659639648459110
  0.77668632935493298  0.78708821273777096  0.79774182741175037  0.80833842861388905
  0.81902509907956578  0.82987323439098659  0.84051401988742502  0.85087028939788667
  0.86060871004514317  0.87026653728049141  0.87973511777480828  0.88899739479603557
  0.89828660965580254  0.90760239131345666  0.91695382252049751  0.92635472582809142
  0.93564834212716697  0.94486312926181770  0.95396172470332119  0.96323156880409566
  0.97212437255570550  0.98146357669319262  0.99038823269101939  1.00000000000000000
  0.01443190837593092  0.01527049020084816  0.01617129439205640  0.01693265756225348
  0.01765411567452701  0.01834509035318117  0.01900110070278170  0.01962777760197347
  0.02022939281666113  0.02081201593824381  0.02149749995733840  0.02220518506245441
  0.02289890830130966  0.02359362246220578  0.02428378625837228  0.02496830155503431
  0.02564719305083898  0.02632527199967130  0.02700201103274224  0.02767857376893734
  0.02835588322906724  0.02903752361965930  0.02972662857949034  0.03042448477157693
  0.03112845005313776  0.03183464509010405  0.03253933692580498  0.03323194373420875
  0.03390860527140955  0.03458146139155883  0.03526331645212796  0.03595883172577412
  0.03668544015696734  0.03743740221991858  0.03820146166755763  0.03895896257515696
  0.03972160724602166  0.04047767966935105  0.04123835403039482  0.04201101796439764
  0.04279127853308966  0.04356657685415691  0.04434438283352676  0.04513076006521539
  0.04591530728270337  0.04669219669943930  0.04747441982014289  0.04827880770782474
  0.04910121515826267  0.04992615477888043  0.05075614385056000  0.05161042816018688
  0.05248353419494704  0.05335609793370941  0.05421895400187715  0.05506484702335953
  0.05590948881680755  0.05675617772501810  0.05763118611138904  0.05853309886455824
  0.05946671150808307  0.06036270676435317  0.06128124810227303  0.06219596730634000
  0.06324915700031154  0.06433090360617660  0.06544762252017765  0.06659785037706480
  0.06773795522237643  0.06882702901417753  0.06992603750507223  0.07103177771460224
  0.07203534618730235  0.07306409286574383  0.07414076192496910  0.07520027180836093
  0.07632502558984833  0.07755761963465370  0.07884330645824472  0.08001467369897323
  0.08118363930049910  0.08243496405862846  0.08384413963538900  0.08538565929303288
  0.08702531999527981  0.08868284247350509  0.09019042349498105  0.09184102732952316
  0.09360295981706357  0.09549392027821349  0.09777614554963136  0.10029329951882983
  0.10291987226174207  0.10483024104058913  0.10784701504047937  1.00000000000000000
 -0.00227974935156864  0.00919610224672070  0.01937669616247765  0.03025825271714123
  0.04127542010045417  0.05139999402074787  0.06156725253659893  0.07177284920899062
  0.08247221454942204  0.09266848943611615  0.10254561865466562  0.11270926858266211
  0.12324457289887598  0.13381678179583884  0.14453944061621662  0.15553348997834282
  0.16636574236072063  0.17687924369487523  0.18758763118084043  0.19834468888556345
  0.20914612198960961  0.21972657360067022  0.23016751893676871  0.24036101674629692
  0.25058166766687834  0.26144831210011199  0.27234766072955879  0.28297936273255125
  0.29305920351028153  0.30322492937687717  0.31344660663349722  0.32383067304367230
  0.33423513654977854  0.34445837505202909  0.35465941415459851  0.36480115888853915
  0.37540163211010652  0.38593473305442538  0.39664440894355224  0.40672338976255662
  0.41656075472224968  0.42692686923609380  0.43772242850307497  0.44921264708742992
  0.46065530072098554  0.47191899797219627  0.48287250610253335  0.49389724532968393
  0.50479426884162615  0.51538865907808484  0.52563897605936150  0.53565951572540438
  0.54543018649527097  0.55538619603000694  0.56604980209539235  0.57679241757555910
  0.58730285377444646  0.59742408066779951  0.60748625739486184  0.61771151897679155
  0.62834126231425158  0.63874619855493453  0.64873371655611956  0.65880956890543740
  0.66905047329621070  0.67978567353105646  0.69017391741612000  0.70041365836950586
  0.71054908441851472  0.72107838151573622  0.73151952255547870  0.74202204742679279
  0.75274654061330493  0.76334824586726535  0.77372742741488931  0.78384655477058995
  0.79377964242931365  0.80373464067605627  0.81387999322854532  0.82424603928676854
  0.83461790543864478  0.84513086802658510  0.85605386809855666  0.86757590617585489
  0.87895737462310231  0.89005220458915824  0.90068930402719916  0.91141745332095592
  0.92229957556291520  0.93367848884957083  0.94453939731217851  0.95566865707798121
  0.96601086981213879  0.97745214550706128  0.98830541160766960  1.00000000000000000
  0.12903517686295421  0.13229666504089407  0.14064722395358745  0.15269538193339929
  0.17091906445908939  0.18674399259747146  0.20195586626561063  0.21572833748935547
  0.22835212423235302  0.23981033463384469  0.25066865816812861  0.26058503365467611
  0.27049078217245842  0.27930980367083286  0.28774684531687666  0.29562949942045502
  0.30320887928602769  0.31075605153140307  0.31801764667735760  0.32493527338636374
  0.33161015440200009  0.33807522526983824  0.34446072576730691  0.35079980467534638
  0.35707761792912179  0.36315384484496332  0.36905429169267429  0.37484754027839051
  0.38063267790045352  0.38627512448586820  0.39172916072807873  0.39707097671379782
  0.40232615827269130  0.40754340483236590  0.41271925545702015  0.41794688933228585
  0.42324303939476315  0.42852539404109441  0.43379075271126838  0.43900612240867698
  0.44418885577218548  0.44940999125634545  0.45456394567728903  0.45956367031150552
  0.46496632604895272  0.47005927340702464  0.47510927513611750  0.48010435097987503
  0.48494093705065944  0.48980680284777101  0.49479783592919613  0.49978634074730438
  0.50478369532927814  0.50973300545768807  0.51461903470099979  0.51952731794070550
  0.52446407901079994  0.52947575235964861  0.53458954012278048  0.53977956631933088
  0.54506500101932598  0.55037768135666443  0.55553791049128431  0.56065386146793716
  0.56576215288129228  0.57091043929896490  0.57610473983921373  0.58142148065384336
  0.58686182056999892  0.59258506851900439  0.59826993074704493  0.60391266564235158
  0.60943917072481835  0.61493975648985921  0.62055657548076759  0.62638635972759737
  0.63244238370752293  0.63868249300270274  0.64508583618512005  0.65161539002122026
  0.65824919095258372  0.66500797382666110  0.67196871640563272  0.67919890441537922
  0.68687320948928354  0.69528842542727487  0.70434125149056281  0.71374902326828848
  0.72365375998008674  0.73451214030184342  0.74688601523358833  0.76097709675907299
  0.77719608233848281  0.79787102060992177  0.83379627659721756  1.00000000000000000
 -0.03765240225745055  0.16940891453178175  0.21463092635810316  0.23973650968482307
  0.25792862484132006  0.27297110257621254  0.28554464674896185  0.29645052352621404
  0.30603158389899915  0.31486375804122246  0.32300304411261416  0.33064658067965691
  0.33781458409799892  0.34468242254466464  0.35138511207934958  0.35784699139737713
  0.36395840725772832  0.36981621389555502  0.37540218830640543  0.38088987934151669
  0.38625347658196563  0.39154946373275068  0.39675091390198786  0.40155343098840823
  0.40628846322438639  0.41081264113782967  0.41516741172543969  0.41935150537506383
  0.42347749256535910  0.42758072064947206  0.43173002996374760  0.43587281447560700
  0.43993155477520718  0.44397497017387033  0.44800813767049996  0.45195761469048729
  0.45581738624626861  0.45965213302795432  0.46355050185431240  0.46745684449625746
  0.47131055595043586  0.47521368354612858  0.47914000556449571  0.48302658915105023
  0.48686814738705309  0.49068631592810807  0.49453914259450232  0.49845832463000683
  0.50233272613194846  0.50621079599605090  0.50995104853141815  0.51366253634951942
  0.51741736517022208  0.52120606299284511  0.52499961604702983  0.52880221947241690
  0.53260658191932719  0.53642560041549658  0.54022508900904609  0.54401803502881396
  0.54785614697110119  0.55176392767515059  0.55572918287257700  0.55972959186526661
  0.56390001142901658  0.56821725222193153  0.57252418916283487  0.57681770054420178
  0.58118348152788413  0.58558841920293991  0.58998839829922667  0.59459213895728646
  0.59929633038353003  0.60417671174600773  0.60920475778133665  0.61437976994353971
  0.61962880000806098  0.62500885619891389  0.63054763855380658  0.63623916329875185
  0.64208147854031894  0.64820322219592830  0.65461302813762345  0.66128168654992270
  0.66840519963641742  0.67616180935136827  0.68450539280561862  0.69348633838954798
  0.70341042215854244  0.71440375195166683  0.72687043216528779  0.74123587829085991
  0.75871905069073264  0.78343024079332357  0.82794557148814918  1.00000000000000000
   5.4421472494167095E-011  -1.0000000000000000     
 T T T T T T T T T T T T T T T T T T T T T T T T T T T T T T T T T T T T T T T T T T T T T T T T T T T T T T T T T T T T T T T T F F F F F F F F F F F F F F F F F F F F F F F F F F F F F F F F F F F F F F F F F F F F F F F F F F F F F F F F F F F F F F F F
  <DiscreteSampler_grid>
  grouped_processes
  1 # 1 for a reference and 2 for a running grid.
  10 # Attribute 'min_bin_probing_points' of the grid.
  1 # Attribute 'grid_mode' of the grid. 1=='default',2=='initialization'
  0.0000000000000000 # Attribute 'small_contrib_threshold' of the grid.
  0.5000000000000000 # Attribute 'damping_power' of the grid.
 # binID   n_entries weight   weight_sqr   abs_weight
    10   10   4.665332151305641E+001   8.636464239459805E+003   4.665332151305641E+001
    16   10   4.665332151305640E+001   8.636464239459801E+003   4.665332151305640E+001
    22   10   4.665332151305640E+001   8.636464239459800E+003   4.665332151305640E+001
    28   10   4.665332151305640E+001   8.636464239459801E+003   4.665332151305640E+001
  </DiscreteSampler_grid>
