  0.00003261635186059  0.00005381612941224  0.00006537939725089  0.00007676651635788
  0.00008731949260225  0.00009692740525447  0.00010641546779723  0.00011744713828428
  0.00012931644830485  0.00014074436533129  0.00015146805826904  0.00016232970721314
  0.00017319339487255  0.00018446410970151  0.00019540303462463  0.00020602720653837
  0.00021713672482601  0.00022911884986273  0.00024125223913328  0.00025316653944482
  0.00026469911305273  0.00027690404586321  0.00029149977416921  0.00030627587898249
  0.00032120029419424  0.00033688169134068  0.00035259238736778  0.00037050154731210
  0.00038736535406538  0.00040517454344632  0.00042354857362471  0.00044181977783559
  0.00046124828502056  0.00048119272790743  0.00050155158909137  0.00052332494379947
  0.00054652689296330  0.00057091184206935  0.00059593246281225  0.00062224709249330
  0.00065109108309153  0.00068185081361635  0.00071431452834215  0.00074785169520679
  0.00078242645232742  0.00081858595097174  0.00085635187356251  0.00089601332573012
  0.00093613527437336  0.00097129869477648  0.00100745659698717  0.00104706276467865
  0.00109079350509497  0.00113770635926276  0.00118420724569941  0.00123082565966492
  0.00127829642613076  0.00132693749391527  0.00137862114483294  0.00143608540584908
  0.00149922942330462  0.00156550445712776  0.00163716183956591  0.00171182328943828
  0.00178813550080446  0.00187073296217512  0.00195454067496613  0.00204982544198928
  0.00215354875608890  0.00226412157268175  0.00238824447966317  0.00251549817185160
  0.00267910415987928  0.00285081609271301  0.00304023420030408  0.00324369084171416
  0.00346434845735748  0.00371429416849582  0.00397807246213418  0.00425457953984871
  0.00454095231958469  0.00486861941433686  0.00526984807498285  0.00571530582714567
  0.00626817614185510  0.00695660170463312  0.00789058095386353  0.00896508688997082
  0.01025941281963796  0.01183900587194821  0.01396160166145013  0.01777875832863347
  0.02467657634895050  0.04072788019459053  0.54570015938192262  1.00000000000000000
  0.05283464285409525  0.05349014911620160  0.05421081027232469  0.05469560695116032
  0.05512525404524028  0.05552163657212909  0.05590021968610775  0.05627925972837496
  0.05667087149483630  0.05706607692882741  0.05745918696681889  0.05784703909851505
  0.05820153419213983  0.05854711811618404  0.05889285521749744  0.05924297286955019
  0.05959618226985102  0.05996525747874829  0.06033704892377008  0.06071349455754290
  0.06109991926868394  0.06149786114308038  0.06189806007026638  0.06229770565045684
  0.06270209564445875  0.06310473899790502  0.06350371433972825  0.06390441785385645
  0.06430442133120905  0.06469620454401977  0.06510549300754262  0.06551565498284527
  0.06592550113177532  0.06634248401930390  0.06676792583825204  0.06719391888437910
  0.06760400359160905  0.06799836919201135  0.06838772764115601  0.06879180171892854
  0.06922960534915373  0.06971042273218434  0.07020049335805462  0.07067878259476575
  0.07115121981053268  0.07160193671084074  0.07208176010792015  0.07259971918639938
  0.07313515018886819  0.07367544129703933  0.07420339326217069  0.07475736616358805
  0.07540128117871035  0.07612442911945841  0.07685080353545955  0.07765245905499851
  0.07853055225464549  0.07942946844130501  0.08032897333789067  0.08124512262128594
  0.08217947426525733  0.08306793391338635  0.08396975480207444  0.08488623912253794
  0.08579855206149692  0.08689971258882147  0.08797455798245352  0.08906294545154618
  0.09014480193987397  0.09124524570236492  0.09243865912051549  0.09374008424235906
  0.09512628702661285  0.09655501467729409  0.09806322917376901  0.09983413634629679
  0.10178824321278789  0.10395401156076833  0.10625861860028843  0.10858916583512103
  0.11075469810551605  0.11295394233570659  0.11535846169510539  0.11796483407714649
  0.12061298382498226  0.12431958414405256  0.12855519429124149  0.13374971715737463
  0.13930237714153329  0.14541300865525675  0.15203075874881478  0.16001988015915494
  0.17230127590497410  0.19140706889244635  0.22654265244369859  1.00000000000000000
 -0.00669152194567717  0.01954349969714177  0.03427280013005081  0.04163625898649421
  0.04696742981435564  0.05173081906632356  0.05679424287616869  0.06181021930547836
  0.06713696277479728  0.07236074141705530  0.07821381768132854  0.08506925371578963
  0.09164730444880047  0.09747961885120442  0.10316069566286311  0.10914072029281828
  0.11496704099407196  0.12102833003155843  0.12792209254001857  0.13538883038817187
  0.14270218547985966  0.15036793466096629  0.15881571481790177  0.16652199643192966
  0.17375336535515779  0.18069919400838091  0.18816994183139904  0.19771527524666113
  0.20785530708819688  0.21755389487696233  0.22713262690081157  0.23665859779977749
  0.24597734926400028  0.25552941137886809  0.26564714446503501  0.27516818938973892
  0.28382303876986631  0.29249374771934811  0.30211964342508751  0.31339730534425864
  0.32578065724160377  0.33951465194069275  0.35290160435893353  0.36385235592742038
  0.37382709245895424  0.38415678865689490  0.39508572555185284  0.40639434457294821
  0.41775458964390744  0.42757108127599808  0.43851316741766672  0.45017137273603164
  0.46271237047045466  0.47517431014904588  0.48691625605051803  0.49909160947255804
  0.51308690691798486  0.52708497294418921  0.54070792210981611  0.55394492639101234
  0.56537775816230507  0.57531835921437169  0.58433148633217824  0.59319603513802710
  0.60225674311494481  0.61133383032590927  0.62046738376736121  0.63013161542635976
  0.64108789664297983  0.65362478283808456  0.66657220857507604  0.67902794988026394
  0.69086287961105086  0.70299086720968873  0.71522349419501818  0.72660050255435360
  0.73801278289392225  0.74960007521206018  0.76111804197568866  0.77304409841652688
  0.78534795805299207  0.79687942609755769  0.80918036971121354  0.82177812189066146
  0.83409518970139696  0.84698900478278438  0.85910809921954812  0.87228153837518019
  0.88717989263002817  0.90310608097864487  0.91989108432482469  0.93577430017873675
  0.95170235987149376  0.96772073547798554  0.98380316989369287  1.00000000000000000
 -0.00332231338073371  0.01174891038403436  0.02342930598824761  0.03388549532181676
  0.04395878013711186  0.05326058045131393  0.06263429837527376  0.07240829421954639
  0.08247608173293060  0.09276224580585607  0.10322677691926065  0.11388468981954136
  0.12489131030873814  0.13648262940224232  0.14785806833774703  0.16016578948613572
  0.17132543430397520  0.18238433933224987  0.19325955016533072  0.20341856083968812
  0.21339644924305373  0.22291833546560724  0.23339874137975314  0.24468367787190379
  0.25604408105329729  0.26727298735657118  0.27863058315996558  0.28967283734604815
  0.30017953520200802  0.31081102931795623  0.32180223466503965  0.33362926556191536
  0.34522291835080549  0.35594258443699778  0.36599576112964732  0.37594722391770108
  0.38611270504587658  0.39558717376501046  0.40465261373355949  0.41298568183836409
  0.42214077060158367  0.43220358965190253  0.44285009087372856  0.45426453551343077
  0.46593276636067260  0.47657054703477253  0.48651421813967638  0.49625925547256627
  0.50655095204932254  0.51724369304905771  0.52766646777813153  0.53791869109348389
  0.54776069949098904  0.55773285224330749  0.56828674612042707  0.57991315146027289
  0.59204917129817780  0.60352119089809697  0.61391687599614331  0.62406209509768085
  0.63442271348533208  0.64509382709428575  0.65612062014706907  0.66730932002935717
  0.67884850892748028  0.69077343371670374  0.70285221870660786  0.71352135437954078
  0.72256504964342161  0.73135050187483397  0.73977622789184438  0.74806721426351164
  0.75675252691568495  0.76538321673650889  0.77477545359770095  0.78571542986893617
  0.79679271278517139  0.80748176211346057  0.81744750910185837  0.82821106837877023
  0.83874657733419022  0.85049980690200244  0.86010388002650151  0.86878710901418910
  0.87794381969299251  0.88783508188603466  0.89777070623099087  0.90731826993479614
  0.91749637538760598  0.92937060541099192  0.94160985812854670  0.95370638106364836
  0.96559838916289309  0.97714726488169279  0.98857838001155807  1.00000000000000000
 -0.00649465432203474  0.03490740200002747  0.05946531718426459  0.07765289349578083
  0.09671017212086205  0.11596737362268883  0.13351858071493047  0.14934999788297737
  0.16405761268275962  0.17842773261408437  0.19249858217626054  0.20669942235124811
  0.21962558713977801  0.23050208473190914  0.24081015166416939  0.25097371705822691
  0.26088225282706928  0.27039845012398889  0.27952792145041605  0.28872217899090580
  0.29772791149216904  0.30630300648719577  0.31454124735536837  0.32250678911709835
  0.33042651807943646  0.33844656336518508  0.34654391506195847  0.35462464739178917
  0.36248724787916947  0.36995076190453463  0.37714457976994775  0.38391708879321401
  0.39072075079430857  0.39761753502186814  0.40453805681118138  0.41144949708940404
  0.41834783359774314  0.42513434301991310  0.43182373809221070  0.43842403708184274
  0.44488241310726689  0.45123315658794566  0.45805563850265779  0.46541824309742602
  0.47301982250593166  0.48076270367095786  0.48879454874929662  0.49705626888799465
  0.50476233242694923  0.51193595146154525  0.51867715908509626  0.52519775510293543
  0.53183885897031979  0.53898102049997065  0.54616259905357267  0.55302517988235322
  0.55958930076798219  0.56545104104615629  0.57092789651002496  0.57638259298327177
  0.58196989472442906  0.58784157954834493  0.59384705550019079  0.59976446825785645
  0.60585366155885700  0.61244660354146918  0.61908418867059034  0.62582241046944553
  0.63306253423006908  0.64050744206797250  0.64813438798343725  0.65547727390478694
  0.66259988666138681  0.66956300598349006  0.67672707613267602  0.68363362787462578
  0.69249798324130596  0.70222078553685729  0.71361389464227420  0.72592458530954695
  0.73863934816316079  0.75099685616256540  0.76101892525655357  0.77142942864371522
  0.78237380224677533  0.79362771303761925  0.80495682922700817  0.81757270146056538
  0.83287111498614907  0.84859690641884522  0.86762666065722538  0.88981962207508958
  0.91232761441089261  0.93546572280671092  0.96387611594343114  1.00000000000000000
 -0.00257767057054315  0.00895851950951005  0.01991442266847575  0.03071564709072271
  0.04121148062406475  0.05203850375069478  0.06214671144560164  0.07141149782587831
  0.08008394137326404  0.08902521767969215  0.09776299977385521  0.10693175570755939
  0.11527299262274072  0.12324393994464575  0.13326224999591130  0.14431458013710802
  0.15471710972003697  0.16480897655726878  0.17602659800128861  0.18780631741003134
  0.19933654073004220  0.21050956635484228  0.22083497275124467  0.23080552764008194
  0.24047971635672510  0.25081390329061293  0.26168463972831729  0.27265479870981268
  0.28336805218332495  0.29356230110926401  0.30408311500941126  0.31462964947181488
  0.32517794422196328  0.33590933906522175  0.34864777720584439  0.36026372699099485
  0.37124503266454217  0.38264350385896667  0.39329389968844519  0.40399834082751107
  0.41450843043822677  0.42490987732049645  0.43531200231416156  0.44548408436288889
  0.45519363013452357  0.46465778006783004  0.47396704307390891  0.48386263911269556
  0.49372110284575049  0.50330961804101271  0.51266597318196105  0.52301149885359022
  0.53476920802570860  0.54731789807708919  0.55956649466554265  0.57229473268227005
  0.58356948072331138  0.59351439550021579  0.60277451406535598  0.61237737238694456
  0.62187005989438526  0.63206510673474015  0.64222378642148026  0.65301852791566639
  0.66371533556476592  0.67438854608339505  0.68475806444129439  0.69482342915598150
  0.70491277588320644  0.71561351980496102  0.72678469296198955  0.73756330211936483
  0.74768095878075058  0.75792208179255116  0.76832552711018276  0.78020407341770215
  0.79192638623081157  0.80144918736650139  0.81053736830489398  0.81938856499310486
  0.82817580886852560  0.83741171394190839  0.84768412823567652  0.85936986863166465
  0.87229800898229393  0.88497546678580774  0.89673052112115603  0.90808334463894569
  0.91978169198579351  0.93294951556112971  0.94558271763075019  0.95751834023746751
  0.96853225994860592  0.97887954233546903  0.98952340182069365  1.00000000000000000
 -0.01198863369601039  0.08388913283456206  0.13230395802251343  0.16382910231192566
  0.18787565573939086  0.20762490009757656  0.22572095452880592  0.24269773098384539
  0.25689037732706838  0.26964402025316980  0.28092834676288109  0.29180962963571233
  0.30192325817701710  0.31133289050296942  0.32003718519720570  0.32838812098725967
  0.33553777580519673  0.34156576361265906  0.34723593318470841  0.35275828034456180
  0.35828751301224881  0.36402468908404612  0.36989843769163827  0.37534173955506139
  0.38056742848817426  0.38572204958750894  0.39092224953279148  0.39634650730332061
  0.40195135517204200  0.40756444666742364  0.41319490037897250  0.41875895353845555
  0.42365640641459423  0.42855309098129296  0.43317277152954275  0.43788490314464129
  0.44274442059262481  0.44760589808224355  0.45228857494608105  0.45684035359615760
  0.46125943367209016  0.46549971142179664  0.46982281311552215  0.47404824070094559
  0.47812847317321178  0.48269641919400785  0.48744730585707885  0.49230556325744695
  0.49722027430554522  0.50203925785352632  0.50650569759291508  0.51081951025500294
  0.51521841163377191  0.51974266684392390  0.52438377603402264  0.52907802524813863
  0.53380694052772837  0.53860897098242622  0.54320912724353554  0.54767650678260538
  0.55218827428267669  0.55675184952083168  0.56148008072274891  0.56614866249069662
  0.57081044647042678  0.57535507379779760  0.57988458209180882  0.58440609566842783
  0.58918099684521974  0.59410720318019938  0.59904974263448596  0.60451459089142889
  0.61092387254520963  0.61760832271395349  0.62402427692856866  0.62987453503980051
  0.63577482366044047  0.64189291076183985  0.64870661813302144  0.65609551981882608
  0.66395670960508935  0.67202788346840381  0.68026472475898425  0.68884163370261708
  0.69810835913140123  0.70824330382526457  0.71909274667273237  0.73040829470239887
  0.74289457963175920  0.75814847727979551  0.77705030619137283  0.79846500322680092
  0.82433939812719625  0.85798179625390081  0.91167897402839759  1.00000000000000000
 -0.00232697832071588  0.00888418010957926  0.01876962930800268  0.02903835199377140
  0.03887239932923339  0.04995006734692620  0.06086324408935801  0.07147138567135326
  0.08209368621884139  0.09181985163280953  0.10224793828793929  0.11195948225496662
  0.12126883873073305  0.13069777355793047  0.14079479127199215  0.15144975218956819
  0.16247723286062468  0.17352811165147919  0.18536819968127510  0.19731402787313279
  0.20883768545245832  0.22083186106165700  0.23243400911986364  0.24327023513692084
  0.25421509741280862  0.26543571261888171  0.27722154018501000  0.28941224365473495
  0.30170011353273329  0.31362687491939190  0.32521221749289508  0.33563843392485110
  0.34455844487437692  0.35356262934558991  0.36214538676948965  0.37071670929083422
  0.37907513031124868  0.38790427862157850  0.39770167478345131  0.40962411847004032
  0.42185548910419884  0.43346237245849023  0.44420248837496401  0.45385880130010048
  0.46322690707064623  0.47328197640385478  0.48486777025632388  0.49779140173040010
  0.50984951015754176  0.52039725581456842  0.52949090119759212  0.53818756203606011
  0.54688247797959644  0.55556552507865209  0.56436275329664298  0.57324365210153760
  0.58192749846053526  0.59091869966084165  0.60047890199735510  0.61022720149700405
  0.62024745065562403  0.63139079637245554  0.64273713140891853  0.65381886215826113
  0.66469674088382724  0.67574589169620924  0.68742861673777900  0.69910250636196358
  0.71003238070707964  0.72029924807850254  0.73030554660077762  0.74045192220543399
  0.75081915988550141  0.76116915837311871  0.77129844041816964  0.78106628233311759
  0.79046028218706954  0.79962450884510616  0.80848456755403819  0.81717478980661595
  0.82629031056139812  0.83641696612648686  0.84836232891964436  0.86094932350594200
  0.87388223488221040  0.88678776905563206  0.89925282950193675  0.91128808754431434
  0.92300153214700054  0.93397465793030199  0.94434422854429423  0.95442430022691271
  0.96509798537498581  0.97676093441997169  0.98854561872366031  1.00000000000000000
  0.09224051935015339  0.14377927828915177  0.18672440163710008  0.21568864584134839
  0.23846670893689684  0.25915414197840414  0.27774937362693619  0.29461195202312790
  0.30988657777058704  0.32362635724355354  0.33602159958562045  0.34778824141687847
  0.35882671128744392  0.36920407956656492  0.37880683155521555  0.38771233517977499
  0.39610265838117320  0.40436146426741393  0.41211557077701905  0.42003021946832170
  0.42844797279633434  0.43724886863570112  0.44561490576221946  0.45353198226022762
  0.46062783093474663  0.46743668302347507  0.47371672966310491  0.47997826318183123
  0.48572602027065231  0.49127601793108155  0.49649442659529652  0.50142999556099332
  0.50627278128457820  0.51127546380399491  0.51642101541737007  0.52160981467390322
  0.52666135400435299  0.53164939048542281  0.53662156811839667  0.54156862150654395
  0.54642798608801102  0.55142710102073944  0.55628518231848723  0.56141219626293914
  0.56608856690806564  0.57083991720737848  0.57560732747839927  0.57999875736838113
  0.58427034203474704  0.58862562347448666  0.59315935920890295  0.59776158856717743
  0.60227281444052827  0.60660088514255273  0.61051069046520545  0.61442114357441491
  0.61828562786041108  0.62215493677799039  0.62619060852372432  0.63070664375964935
  0.63528279876922233  0.63984595428007873  0.64414938735493732  0.64817607575647951
  0.65222899272533874  0.65649787358809464  0.66103845532510763  0.66599783765349096
  0.67150440821990487  0.67694690712631622  0.68191757828774202  0.68719961172364297
  0.69264750035873057  0.69828616944979183  0.70375007814266355  0.70916940128006611
  0.71466134113089519  0.72021130458520088  0.72596168995683763  0.73228618669772050
  0.73886097141760876  0.74524712774536894  0.75206033652146753  0.75899498862789294
  0.76614822541351391  0.77407088350526421  0.78260782867817369  0.79163802999138577
  0.80063865574309123  0.80969240107889562  0.81974244085492176  0.83146324689970497
  0.84568118724278107  0.86599888660642110  0.89977341036327640  1.00000000000000000
 -0.02227006799358729  0.13704470759367443  0.18180904725895025  0.20801636199722962
  0.22772635062920865  0.24347475761779389  0.25759552237390715  0.27000134221674033
  0.28127259615145217  0.29159866104139365  0.30094851465667438  0.31006997124080132
  0.31889202113905463  0.32703893234543252  0.33429490425151470  0.34104569013156300
  0.34772844070047515  0.35458239953081006  0.36137228948776684  0.36776179506337714
  0.37359555385701770  0.37945834350847607  0.38538384128164893  0.39130749242596979
  0.39685096092703193  0.40187373892234268  0.40677778239347556  0.41170413048127302
  0.41666247555582275  0.42131600886174059  0.42575442384997003  0.43005061887394580
  0.43455056650714685  0.43865384871892016  0.44232185448515210  0.44592260285501473
  0.44953232757371187  0.45296211995311952  0.45632467486998934  0.45978139909264093
  0.46341990781800457  0.46735043264968540  0.47156619582635129  0.47585425525769620
  0.48019247862107012  0.48450877703294387  0.48893445497002763  0.49310419955363710
  0.49706929792824256  0.50109865300376544  0.50527807730917129  0.50971872212799252
  0.51435354568938429  0.51935096144437254  0.52455146331813174  0.52885122349186675
  0.53298713269092091  0.53705936113985664  0.54094223054768742  0.54506530078747306
  0.54916721585273620  0.55318246351848988  0.55724912486771949  0.56134820829368259
  0.56558853176281843  0.56998964398310736  0.57437554844620542  0.57887122568349991
  0.58362528148122694  0.58880919777947094  0.59435553069006763  0.59985189086605295
  0.60541671817036613  0.61104439185796489  0.61676884324993053  0.62260616248551792
  0.62853549352884430  0.63472805509525587  0.64098580539668093  0.64763648135756346
  0.65463855605639187  0.66148685913476779  0.66854798077900979  0.67566606656155881
  0.68348076476149833  0.69245926401749192  0.70273429927122610  0.71383610822935506
  0.72584733140545288  0.73853813501876853  0.75207896572528499  0.76829285561710292
  0.79057586462902496  0.81945045896964175  0.86004293825292322  1.00000000000000000
   4.0161026203249079E-014  -1.0000000000000000     
 T T T T T T T T T T T T T T T T T T T T T T T T T T T T T T T T T T T T T T T T T T T T T T T T T T T T T T T T T T T T T T T T F F F F F F F F F F F F F F F F F F F F F F F F F F F F F F F F F F F F F F F F F F F F F F F F F F F F F F F F F F F F F F F F
  <DiscreteSampler_grid>
  grouped_processes
  1 # 1 for a reference and 2 for a running grid.
  10 # Attribute 'min_bin_probing_points' of the grid.
  1 # Attribute 'grid_mode' of the grid. 1=='default',2=='initialization'
  0.0000000000000000 # Attribute 'small_contrib_threshold' of the grid.
  0.5000000000000000 # Attribute 'damping_power' of the grid.
 # binID   n_entries weight   weight_sqr   abs_weight
    10   10   2.419768355530510E-002   4.033375833601489E-003   2.419768355530510E-002
  </DiscreteSampler_grid>
