  0.01440077973587668  0.01499403651669963  0.01544733550353317  0.01583710282196291
  0.01619577970005603  0.01651540723678887  0.01681162891926925  0.01710981273636963
  0.01740271293800836  0.01767369976297730  0.01792405104214382  0.01817818673558142
  0.01842756673308368  0.01867134337416693  0.01892368954546385  0.01918586266696694
  0.01944407454417225  0.01970133223757890  0.01996086696444974  0.02022231592651540
  0.02048113996428550  0.02073958400134622  0.02100065668891189  0.02126262730413016
  0.02152598713941346  0.02178991415184071  0.02205384047468145  0.02231965049431623
  0.02258995002947767  0.02286575891828915  0.02314780460586003  0.02343576411950039
  0.02372492831155123  0.02401535248591430  0.02429534362289089  0.02459183344647627
  0.02489459261489834  0.02520089628123204  0.02550435110192081  0.02580462619411018
  0.02610967440751031  0.02642231835733770  0.02674802449519819  0.02708745503274118
  0.02743627269396030  0.02779236350997735  0.02816229961215536  0.02854279833364964
  0.02893109758802396  0.02932582864702025  0.02972236033709918  0.03011716662150213
  0.03050713230742573  0.03088979123361648  0.03126803238034127  0.03165888848166267
  0.03207300850340862  0.03250864632945557  0.03295863052490713  0.03342310031933941
  0.03390699193674136  0.03441411125584373  0.03498338658364149  0.03559284937467848
  0.03619737226424633  0.03680558251881387  0.03741485792227058  0.03805092375066306
  0.03873471304542254  0.03946669024481882  0.04022903008946328  0.04102435123897959
  0.04185997838925328  0.04274367203589174  0.04367245216636081  0.04463224720372021
  0.04565810166459826  0.04678878334371651  0.04799631449883978  0.04933321846499556
  0.05080981281653527  0.05247472484896518  0.05429856680143200  0.05623906853165170
  0.05823917269999226  0.06037346078513917  0.06289925120448589  0.06592322712199968
  0.06956819211466947  0.07388832907022190  0.07897887480707830  0.08536666798746448
  0.09360357746861134  0.10560188267871742  0.13322018292810595  1.00000000000000000
  0.00026488033200793  0.00036299216446138  0.00041433647675613  0.00046055367750057
  0.00050845122400110  0.00055421280211156  0.00059711572633741  0.00063938602851427
  0.00068053243162638  0.00071947531456043  0.00075873328135987  0.00079583663837787
  0.00083366245094625  0.00087155767840031  0.00091055866356205  0.00094955402814758
  0.00098861164194863  0.00102956782313279  0.00107100776857096  0.00111284264456457
  0.00115320572718828  0.00119420248224335  0.00123564284734369  0.00127716873515264
  0.00131827225672379  0.00135901330765879  0.00139957322250365  0.00144128164930812
  0.00148511624284354  0.00153096411283019  0.00157829975973044  0.00162682861302477
  0.00167700055213615  0.00172745827044647  0.00177737979102019  0.00182772834683562
  0.00187959019559054  0.00193401082133242  0.00199205860164507  0.00205298099830283
  0.00211449303933612  0.00217653423547326  0.00223906101322772  0.00230271610336052
  0.00236786489039552  0.00243454531197837  0.00250553385951985  0.00257869251084832
  0.00265585418832397  0.00273617995790296  0.00281680541906351  0.00289823467086259
  0.00297939141529184  0.00306644938336892  0.00315995348380411  0.00326077876276915
  0.00336835519831478  0.00347857307626608  0.00358950569260794  0.00370918488431944
  0.00383314241499074  0.00396426984588206  0.00411077464946716  0.00427278807370611
  0.00444191029292781  0.00461544341888322  0.00480143248141063  0.00499448211630201
  0.00520075442963647  0.00541105653832861  0.00563334362279063  0.00586452195504242
  0.00612493712771449  0.00639286493831479  0.00669916978890069  0.00705686571899360
  0.00744301515274321  0.00787605780027238  0.00834064573224787  0.00884961549779050
  0.00939034250719688  0.00998836156698648  0.01062821293599151  0.01139344435818920
  0.01228237789181727  0.01336551452116407  0.01464327175836340  0.01608922521059888
  0.01782249826599349  0.02011809088632905  0.02341197904652247  0.02787945510917336
  0.03534446824182429  0.05466386659075485  0.66504897518751716  1.00000000000000000
  0.00352137092240032  0.00542304999705625  0.00645421600620761  0.00719301490982191
  0.00776519228448296  0.00829381183338092  0.00879161339484964  0.00927302962387111
  0.00971130989739309  0.01011141704209815  0.01049422066295988  0.01086852089625674
  0.01125034598260733  0.01162617153935594  0.01198118634779246  0.01232734429318114
  0.01267305590511826  0.01301606795009325  0.01335275706523660  0.01369002084947588
  0.01402668637794983  0.01436066820363532  0.01469834629288903  0.01505103988782968
  0.01540931202039172  0.01575993548638791  0.01611016149448536  0.01646693397905406
  0.01682730725303912  0.01719458779304718  0.01757013048243888  0.01795200399994284
  0.01833068708629836  0.01870841868416375  0.01909392402663613  0.01949444651650708
  0.01990320999101406  0.02030434029627712  0.02069753960619608  0.02109271038931172
  0.02150513332963420  0.02193145874086228  0.02236698515599307  0.02280360995155118
  0.02324437197881863  0.02369648453453974  0.02416183727710561  0.02464436401705327
  0.02513603251350658  0.02563965043000262  0.02616139165524229  0.02670196575513281
  0.02726300364645570  0.02783744109394850  0.02840361096713478  0.02896362046808024
  0.02953425094434717  0.03011698922325879  0.03070882960664997  0.03131718713286261
  0.03194385476599645  0.03258771912248419  0.03327137695422646  0.03395780261019978
  0.03467684239065961  0.03543453273195915  0.03622533275511267  0.03707901662680287
  0.03794961488032519  0.03883828152931925  0.03978635852439311  0.04081402987368733
  0.04194139887225042  0.04315249090915262  0.04438016278060523  0.04564362657717413
  0.04701802180765852  0.04853355756608570  0.05008591403609453  0.05170918076669224
  0.05351389767805468  0.05559095467279070  0.05809361239862237  0.06065479977506610
  0.06291895546845801  0.06511669946552208  0.06742278683777898  0.07037870345345548
  0.07439483514999776  0.07973882983635261  0.08690490657211283  0.09611262904178840
  0.10688437015397494  0.11888375489380751  0.58246420242351415  1.00000000000000000
 -0.01966526691003521  0.09554569835323512  0.14260186545489567  0.17139666685977642
  0.19390132041866159  0.21189066734136555  0.22745969375916730  0.24172091014846026
  0.25442381251339435  0.26591787539552497  0.27695483809000038  0.28739294004910532
  0.29684397221302777  0.30572986143461001  0.31430393790542804  0.32215483556047186
  0.32948356094963699  0.33656700941264456  0.34362196368477693  0.35038505125722452
  0.35675887173267828  0.36281381973477839  0.36884920869695581  0.37477575011920550
  0.38039162326956322  0.38582558223325847  0.39127431400136015  0.39672105222242726
  0.40223767721298814  0.40759276534674616  0.41271999665157738  0.41772675635825679
  0.42271780830764111  0.42775585123377396  0.43282005019216108  0.43787585244260885
  0.44292184116662880  0.44796673267257597  0.45301677689835868  0.45801970924042951
  0.46286799233741854  0.46754610562932497  0.47214610698068221  0.47670407464897374
  0.48128679317412459  0.48595235055391645  0.49063944107648311  0.49519758215118831
  0.49958775260754168  0.50403555481415996  0.50851879111527332  0.51326947055091743
  0.51795387135928050  0.52273017415394440  0.52746857942727909  0.53224361834778733
  0.53717322261694855  0.54228388267018790  0.54754301779869141  0.55290677732260207
  0.55829776606050885  0.56371794902486161  0.56914766921880500  0.57453121689017217
  0.57990735434961838  0.58545706756083926  0.59119260875107726  0.59704118232355763
  0.60269007651587081  0.60853284010054853  0.61477831923479265  0.62116042058378829
  0.62799636965910555  0.63527971391347404  0.64285808459588067  0.65064444508825336
  0.65844693531815590  0.66619255568626978  0.67330104957463333  0.68046856297829539
  0.68797541879560720  0.69645835283830271  0.70573196478161482  0.71573140573681671
  0.72655227823313684  0.73823445643287999  0.75048677181898249  0.76314356262265060
  0.77704113777008021  0.79272892427146247  0.81140830608083481  0.83315392429203305
  0.85786794780870990  0.89025741530952673  0.93575543994287647  1.00000000000000000
 -0.00220022415602799  0.00890426108439648  0.01790511058959561  0.02785960149911730
  0.03793669462878026  0.04854449993163022  0.05956443099721636  0.07025714765252389
  0.08138905416800006  0.09134054674695907  0.10147268388099295  0.11189761675693814
  0.12248532548065685  0.13295801554206696  0.14324003005430877  0.15359313430047883
  0.16418077742148091  0.17497568299530400  0.18577996421428622  0.19634567547113910
  0.20634580197880040  0.21648676855497301  0.22628809803381172  0.23576332524658380
  0.24530688710927032  0.25572894245868150  0.26666257897335538  0.27756529149261971
  0.28833265887028825  0.29866110909637006  0.30881264656364343  0.31875726127404602
  0.32916518613442114  0.34002668231225902  0.35105213275932362  0.36228602006958338
  0.37347198020670169  0.38466091273973307  0.39589802841772503  0.40727066245150395
  0.41843018650883446  0.42886784717005433  0.43924681768593854  0.44963064847013151
  0.45959255466465476  0.46932019248342893  0.47916953785295047  0.48932755809507567
  0.49953830591463155  0.50969876838143591  0.52042280750575753  0.53142239735056929
  0.54204917860711654  0.55254638388446198  0.56370934878442058  0.57598751709890106
  0.58832534065172248  0.59952724849803374  0.61025137155772557  0.62069834563595860
  0.63105470961117471  0.64133305711246691  0.65147266205869048  0.66146180834875090
  0.67139594713506079  0.68100794364897932  0.69126031897527951  0.70205748418346048
  0.71330047359838389  0.72411732746853086  0.73462220122436217  0.74529045700377416
  0.75573974232297747  0.76604384896745870  0.77680967967140813  0.78773807558923703
  0.79823091677952085  0.80912734520641849  0.82030417744542883  0.83089729242970534
  0.84104036145079841  0.85060719540425167  0.86058121746727645  0.87078885612292778
  0.88123265645376680  0.89164362338807368  0.90235532399101481  0.91257614498716688
  0.92236377767438071  0.93178554720396378  0.94241548088562654  0.95340806756506502
  0.96487558317993538  0.97601843386502096  0.98768459642490081  1.00000000000000000
 -0.00231449138125627  0.00911295157275846  0.01925204938244660  0.03031187194232684
  0.04139271928133430  0.05175050416922579  0.06221174528759685  0.07276624369782017
  0.08351982393436047  0.09348705025523969  0.10326244089590361  0.11349500906377981
  0.12443731264100850  0.13507778044303984  0.14564384022896662  0.15568969509539640
  0.16555089777399801  0.17594593879112919  0.18601997429707945  0.19588173810175713
  0.20587588613899399  0.21646045809059183  0.22723129617807292  0.23792195200187150
  0.24910755463979156  0.26043534388408235  0.27155949497035720  0.28225871946693254
  0.29271055697982756  0.30296350397029825  0.31348926893922358  0.32413489153099267
  0.33472890801433075  0.34509505315028127  0.35537709907399645  0.36611499831257382
  0.37689006437873790  0.38733742038247021  0.39772586955897116  0.40817123806483113
  0.41860564874158174  0.42871941679876019  0.43878894170622434  0.44918643623105980
  0.45974085016632132  0.47018782576528118  0.48049307553321835  0.49060017185023369
  0.50079630705342937  0.51090180100897364  0.52119627918592637  0.53169123564424992
  0.54246421920455201  0.55353552346841894  0.56419827921120569  0.57436180091665667
  0.58470319505605672  0.59491345771813042  0.60545500783801887  0.61587665038981065
  0.62604074026253176  0.63659265037761914  0.64692672059661882  0.65791275076234867
  0.66842906121292223  0.67885448269364124  0.68844132221356846  0.69794877008313494
  0.70793618176320827  0.71952144998995704  0.73071694706404322  0.74186822963182486
  0.75213430499688672  0.76209872643565113  0.77209710669075959  0.78239436901546566
  0.79350830839535669  0.80399017117964910  0.81451553628173867  0.82613466587412820
  0.83769209068137107  0.84901307602704235  0.86023317548583667  0.87172724329072337
  0.88354923048004519  0.89473608219048262  0.90495121871663953  0.91498231798848761
  0.92540750443912079  0.93646848605123434  0.94738062048126948  0.95783972546453178
  0.96834670534441070  0.97912542377477951  0.98970029992988484  1.00000000000000000
  0.05887166431400927  0.06341422156938398  0.06747574762691688  0.07093024705800899
  0.07387328662006107  0.07652337731546778  0.07896192697987700  0.08125312543272466
  0.08344908940355773  0.08543881913262397  0.08740163684054032  0.08929442294762639
  0.09111588849240254  0.09287122471913047  0.09461402611745456  0.09632023178725423
  0.09799480071859336  0.09968568878675722  0.10136699145629208  0.10302632017843069
  0.10463485673907617  0.10620756315894628  0.10777190995537762  0.10933689136151095
  0.11088619384280336  0.11244310215550821  0.11401903190135286  0.11556831092820054
  0.11709592696149003  0.11858007166448542  0.12005917252782228  0.12152108877456157
  0.12296012036770036  0.12441246578382320  0.12588716341732117  0.12741380180630851
  0.12899806661417632  0.13060649066653662  0.13221716736171663  0.13381881948474117
  0.13542771422856981  0.13702921323742925  0.13859327635192137  0.14015848405286618
  0.14169520465246663  0.14319055263282493  0.14469217287353972  0.14621695641480548
  0.14788304438140179  0.14961912697730642  0.15130778733364189  0.15292398244433403
  0.15453984858670372  0.15628812522987473  0.15808625132382065  0.15988690088858229
  0.16167739236481862  0.16346915984634805  0.16536540296047514  0.16747375206421403
  0.16978160027101402  0.17206025469156611  0.17423325046367868  0.17647151239542563
  0.17888326150219722  0.18140700589001277  0.18405020984920173  0.18665594458421761
  0.18930412697015667  0.19201903023345390  0.19484866125009948  0.19782516830937102
  0.20090284742768083  0.20420652326019767  0.20768076151491591  0.21129356623941906
  0.21510890284921794  0.21892616118954408  0.22237270804001183  0.22557234987699590
  0.22908777136206385  0.23247122189116107  0.23598380552849721  0.24008690644132838
  0.24496327361906362  0.25280665827583348  0.26159026736280294  0.27060075260995903
  0.28304762487449103  0.29866210451757091  0.31020742856782296  0.32373800639299349
  0.33936002200011450  0.63203657183334450  0.96309444107196640  1.00000000000000000
 -0.00211711988649929  0.00756398964529413  0.01635888913295777  0.02543916820509535
  0.03412404618447703  0.04291735018615198  0.05186925400127750  0.06108505436972117
  0.07037732504974877  0.07952119309060714  0.08881435593367373  0.09846252112512405
  0.10809813623891948  0.11778181091331137  0.12680763435263337  0.13548856936044829
  0.14433195096767204  0.15360814138317735  0.16314764653795238  0.17266880784958688
  0.18211921109915610  0.19171116714708727  0.20171830617471714  0.21164339843552601
  0.22183886493537464  0.23211448585003547  0.24281508380796560  0.25311496349325885
  0.26363622127923625  0.27458763452830737  0.28580457273723142  0.29697320711735647
  0.30795851796720169  0.31902632707403084  0.33023430686658917  0.34125226648690843
  0.35215105362773241  0.36297868445838211  0.37396250926996016  0.38516353753732563
  0.39626726699489812  0.40784403031667471  0.41974381406396721  0.43179211955747310
  0.44442577766957636  0.45758959808278876  0.47051192353990773  0.48342598895677086
  0.49617384374384882  0.50876668380886614  0.52096043057100205  0.53300105681596521
  0.54539848155695358  0.55887442570238266  0.57237564859747181  0.58522687395835471
  0.59786096467051975  0.61034228104971722  0.62194866048363961  0.63339733987999369
  0.64503555704863047  0.65735725165434333  0.66970254072071522  0.68080596124773640
  0.69137238950187330  0.70170251209255285  0.71240497589078677  0.72359028461910546
  0.73415725884269556  0.74377911363393334  0.75312838702297336  0.76300294074625796
  0.77320707972621261  0.78357280117666306  0.79365130031517850  0.80422658099645672
  0.81467994373512054  0.82483287465085064  0.83517525824760575  0.84522315833811779
  0.85494646129318386  0.86530519738127420  0.87553401429726319  0.88630519235732774
  0.89666392457174882  0.90684214165823307  0.91693267541409007  0.92687202631640253
  0.93646180149934710  0.94565568831645952  0.95521401138892326  0.96463403509697554
  0.97446192896220540  0.98300120041826489  0.99170873394789405  1.00000000000000000
  0.11613984035403604  0.21561011910455077  0.25727208862154599  0.28292851676937247
  0.30262691286983051  0.31833419896453047  0.33184540197958068  0.34331597533650621
  0.35350083098250812  0.36302512764556188  0.37203901016348156  0.38080893134004856
  0.38913368159375883  0.39691754944914631  0.40430412319559456  0.41165205771979096
  0.41885615529728820  0.42561115595069227  0.43184235261238035  0.43795841966668542
  0.44417776786842983  0.45037308271453375  0.45637242944267709  0.46204253060529527
  0.46744827592604049  0.47268100284343589  0.47790552731388986  0.48303259297375722
  0.48809499427083880  0.49307782343506840  0.49808461141561383  0.50304670044127131
  0.50784008187797325  0.51241855389500357  0.51691752357174758  0.52141902038715737
  0.52582500284533529  0.53016752627313324  0.53456307884603327  0.53901486729429982
  0.54349657895174952  0.54773075403687010  0.55176981571219064  0.55583225826766469
  0.55994842592541383  0.56413556812587795  0.56798188773504077  0.57169823583348078
  0.57537016496821280  0.57914680577446620  0.58305068331850751  0.58690223821469911
  0.59073127572562445  0.59452987381918287  0.59828436465193169  0.60202894382942773
  0.60567348915106223  0.60926697741471048  0.61287951275602182  0.61660553210500590
  0.62048541676933988  0.62447996074252665  0.62849479276849518  0.63247492587517651
  0.63647981829161493  0.64045244415317315  0.64454957607802876  0.64878550150374015
  0.65312082333205845  0.65746489803924313  0.66174935870442364  0.66610532662965682
  0.67057889721965636  0.67510849456174393  0.67978152954472781  0.68448368515680669
  0.68914670622807295  0.69385249037535501  0.69862666746239044  0.70354040231392756
  0.70870767127850842  0.71420131096522932  0.72008258525265034  0.72628612543878857
  0.73278588524672150  0.73947785017897061  0.74629981939349321  0.75398147985966568
  0.76284531126466815  0.77254919054981919  0.78305892767247043  0.79508960614047708
  0.80927056345280257  0.82748505581489051  0.85927507229611655  1.00000000000000000
 -0.03774999702981570  0.16916241245794350  0.21231452316272262  0.23791106690447683
  0.25731176173994602  0.27256466380533018  0.28552523138717584  0.29698039278302291
  0.30722352098286454  0.31635126217299026  0.32472084555190173  0.33250745680063981
  0.33967058301881614  0.34638267573392606  0.35278083670312516  0.35897782478390777
  0.36481481277765304  0.37048966587483934  0.37613957850997015  0.38173514117942975
  0.38712381175011690  0.39224153177067372  0.39708561209602838  0.40173244425152171
  0.40630236755564569  0.41094862356840756  0.41553264233314069  0.42014079061318155
  0.42456589110230919  0.42872627342686837  0.43284941351316653  0.43693349673235610
  0.44107181866953893  0.44519621010901284  0.44926510490600186  0.45327811437966886
  0.45721373578281260  0.46110118111142889  0.46501216153679231  0.46895711518641175
  0.47283909148440362  0.47662915966610769  0.48045332665964591  0.48440782620852763
  0.48834060896241599  0.49222478377057499  0.49589343235605632  0.49951764728252923
  0.50311231671435963  0.50687682146458846  0.51046927749000126  0.51414300300998905
  0.51782159487886448  0.52166307450384086  0.52574852568263586  0.52983243958816328
  0.53374164066091800  0.53755332188237681  0.54134030220016915  0.54526546358605454
  0.54939596026441784  0.55365273031219875  0.55797108585894051  0.56225983821532244
  0.56649204186872870  0.57073792443609850  0.57499254367087282  0.57933416606296395
  0.58386795654710633  0.58847756515296967  0.59315527439132643  0.59781279399755782
  0.60237688341479856  0.60695217400464130  0.61151248597220165  0.61623508058922649
  0.62125848197600264  0.62676401968980322  0.63248186951072904  0.63798096234625457
  0.64357739799311198  0.64945493502518281  0.65583428952873868  0.66244693987466374
  0.66943454886478160  0.67732070805603140  0.68578730094642903  0.69481096325986547
  0.70462607090153817  0.71577412292772613  0.72871275473615205  0.74396321370284824
  0.76228779671899316  0.78699730480954533  0.83125385050978495  1.00000000000000000
   2.0014261366810123E-011  -1.0000000000000000     
 F F F F F F F F F F F F F F F F F F F F F F F F F F F F F F F F F F F F F F F F F F F F F F F F F F F F F F F F F F F F F F F F F F F F F F F F F F F F F F F F F F F F F F F F F F F F F F F F F F F F F F F F F F F F F F F F F F F F F F F F F F F F F F F F
  <DiscreteSampler_grid>
  grouped_processes
  1 # 1 for a reference and 2 for a running grid.
  10 # Attribute 'min_bin_probing_points' of the grid.
  1 # Attribute 'grid_mode' of the grid. 1=='default',2=='initialization'
  0.0000000000000000 # Attribute 'small_contrib_threshold' of the grid.
  0.5000000000000000 # Attribute 'damping_power' of the grid.
 # binID   n_entries weight   weight_sqr   abs_weight
    10   10   2.847658573373624E+001   2.749788061020169E+003   2.847658573373624E+001
    16   10   2.847658573373624E+001   2.749788061020167E+003   2.847658573373624E+001
    22   10   2.847658573373624E+001   2.749788061020168E+003   2.847658573373624E+001
    28   10   2.847658573373624E+001   2.749788061020169E+003   2.847658573373624E+001
  </DiscreteSampler_grid>
