  0.05291021462167436  0.05429365249394000  0.05490718770080518  0.05561094769526614
  0.05625726101964418  0.05687635612125772  0.05747354976460521  0.05805832362019481
  0.05863436315708841  0.05919828599217124  0.05973927518645589  0.06027855798408147
  0.06080826783957453  0.06133557409368657  0.06186312357772331  0.06238830529315723
  0.06290614096765124  0.06341783757755357  0.06393617489889614  0.06446786160953713
  0.06501223152116556  0.06556370282022089  0.06611292216468007  0.06665368970362257
  0.06718880821792662  0.06774164748251016  0.06833845515977816  0.06892640686727008
  0.06952116113023860  0.07012151578628797  0.07074078412680435  0.07136117459183651
  0.07198768707059422  0.07262021926347367  0.07326098307140057  0.07391092177424397
  0.07455918795052922  0.07519866375123045  0.07582644618987743  0.07645539854896326
  0.07709094727232091  0.07772610251509574  0.07837263666063646  0.07903673310878559
  0.07971510848214369  0.08043416146863437  0.08120898757544702  0.08197505348626467
  0.08275353339112744  0.08359010093501615  0.08449575789250104  0.08545063128430114
  0.08643276360630242  0.08742215445495911  0.08839734876457023  0.08937159664210649
  0.09035416979348328  0.09134333378785206  0.09241343473621053  0.09353886925647552
  0.09467219919405027  0.09583939462448911  0.09704567156472617  0.09834088718052551
  0.09980484877405432  0.10133656791648224  0.10280353325518750  0.10426075919326649
  0.10584573701767848  0.10746223366089136  0.10911196368525321  0.11086450801096777
  0.11277056534767686  0.11487911592392870  0.11692004204229153  0.11892317618470917
  0.12099784141657853  0.12326589843187061  0.12574320384170540  0.12832299575847550
  0.13101408499489001  0.13381499681483569  0.13698134747407506  0.14053479916844031
  0.14508414791538604  0.15053269405266617  0.15651736505735567  0.16321924757629666
  0.17117031402775237  0.18003909891924053  0.19147960022007315  0.20707997368421341
  0.23191179118006042  0.28399623290223691  0.89724142367944959  1.00000000000000000
  0.00003867909588052  0.00003984670875785  0.00004091627911739  0.00004196920289370
  0.00004346760894301  0.00004515197317306  0.00004651895992660  0.00004785043443974
  0.00004947594257280  0.00005111425454826  0.00005268657383725  0.00005426028997389
  0.00005605488731077  0.00005799580878232  0.00005991004643711  0.00006205312107529
  0.00006439965943424  0.00006686779216663  0.00006934422424441  0.00007202980149950
  0.00007484954085832  0.00007778109512870  0.00008088534700036  0.00008411172851920
  0.00008742828650399  0.00009102284091329  0.00009482930042187  0.00009865525859385
  0.00010252407365962  0.00010661875014723  0.00011075679197563  0.00011500607069418
  0.00012003496313472  0.00012499585757031  0.00013030486761069  0.00013600967327307
  0.00014198728014993  0.00014838237053666  0.00015505247542247  0.00016194019220645
  0.00016922184750281  0.00017702025924220  0.00018523389454753  0.00019361841951790
  0.00020216614213101  0.00021103584310377  0.00022082612583338  0.00023151235896029
  0.00024203397388740  0.00025377048004540  0.00026561798467410  0.00027851556268363
  0.00029263487228958  0.00030698510050583  0.00032183101343449  0.00033731670361476
  0.00035381428149937  0.00037180009006198  0.00039103768504775  0.00041139446119096
  0.00043325604480932  0.00045656474152215  0.00048193545238616  0.00050930600369033
  0.00053794223408455  0.00056805950556929  0.00060091119862307  0.00063547869514710
  0.00067462310551581  0.00071610214366893  0.00076057432014612  0.00080854919428160
  0.00086050402557352  0.00091795258245116  0.00098130467470388  0.00104803195186916
  0.00112644830537549  0.00121331847428950  0.00130760035120554  0.00141767039538078
  0.00154822502862457  0.00169881875206230  0.00188045349456896  0.00209693143210639
  0.00235833264599277  0.00266897971254697  0.00306345748600604  0.00356654552322409
  0.00420759840690100  0.00509006581408454  0.00647444058613667  0.00869037960130469
  0.01353419851668227  0.02775231949838678  0.37543002877985626  1.00000000000000000
  0.00018981526530999  0.00085784131127569  0.00095178892876369  0.00105160334985115
  0.00118350568009640  0.00134208776367070  0.00146601316938482  0.00155093942311686
  0.00163984185195348  0.00172805903497528  0.00182036237565795  0.00190759845104008
  0.00198978534495602  0.00206856059987312  0.00214772123652357  0.00222821132514770
  0.00230706240660921  0.00238537774746680  0.00246537021413286  0.00254889298494827
  0.00263989988469208  0.00273552917491868  0.00283460907204245  0.00293352378384905
  0.00303830274486044  0.00314418691619715  0.00325705507494328  0.00337499287232645
  0.00349325964388329  0.00361290694464852  0.00372950259316420  0.00385252740722294
  0.00398258131663525  0.00411695473807080  0.00425146599854902  0.00438565678426179
  0.00452043724747911  0.00465833741465783  0.00480338331160246  0.00495490168055035
  0.00511526517385429  0.00527664093960887  0.00543997465932863  0.00561170636527366
  0.00578744027948056  0.00597502496555585  0.00616855469837909  0.00637035745777487
  0.00658713205071765  0.00680793093345630  0.00703915376260442  0.00728142415857861
  0.00753230798387736  0.00780198982483708  0.00808477867843266  0.00837293141901063
  0.00867759174100162  0.00900011808210942  0.00934618967382977  0.00971045788118068
  0.01008928131528879  0.01048111284831821  0.01091229179784522  0.01136698932240762
  0.01186015641735164  0.01237716196917970  0.01292168634339276  0.01350541086980006
  0.01412602007605299  0.01479153986407425  0.01551530773254387  0.01630239827256220
  0.01717907730950517  0.01816058075459365  0.01921423782132238  0.02034914376955682
  0.02153493617704331  0.02280099525185536  0.02418537125058974  0.02584413402495119
  0.02772686415553465  0.02989730267469080  0.03222580260729423  0.03471535044699149
  0.03756326566764658  0.04068581405216129  0.04427352220563670  0.04853814433205946
  0.05386381391937153  0.06098830015726808  0.07051356525944939  0.08358623329058247
  0.10275281328723561  0.13569975138628737  0.66018059312333277  1.00000000000000000
 -0.00195235409529480  0.00803942658841775  0.01708422425332390  0.02655944121769518
  0.03598939790501096  0.04573918364716494  0.05558183479172514  0.06541906548156151
  0.07502166872504828  0.08508820335074148  0.09573377794469877  0.10629784499705548
  0.11659353705382587  0.12660454552036401  0.13632990825665739  0.14579954243350413
  0.15528888969020410  0.16495137740571911  0.17499314810035654  0.18485160379169402
  0.19517338710157284  0.20588474314123709  0.21699994205468365  0.22830140154363696
  0.23965137894434019  0.25074287623673136  0.26129395595589666  0.27169939726085029
  0.28227022777864580  0.29292883665012009  0.30337599398956105  0.31375495690161226
  0.32447096050119417  0.33548413503970864  0.34681316045132932  0.35813957455390888
  0.36917536367378528  0.37992904135045558  0.39067296754482567  0.40177056594209870
  0.41313386890634496  0.42457577772891231  0.43615244062603636  0.44797698136840153
  0.45984287862561440  0.47136779167829135  0.48254135217471666  0.49342458250273363
  0.50379796491740925  0.51375032704451429  0.52388379699106769  0.53414445419356515
  0.54448181664714379  0.55523379059251343  0.56575196424817298  0.57639205349711853
  0.58720104847372190  0.59834385825293923  0.60937501547453476  0.62036616955145629
  0.63145054671432432  0.64251038416796247  0.65335159501031725  0.66422747006065930
  0.67536282439246464  0.68665012306164330  0.69769859213292962  0.70837796359820093
  0.71872968135031945  0.72886122070025383  0.73907379689955344  0.74955669797940150
  0.76029966744510624  0.77116717986098970  0.78222303254626335  0.79342807932384318
  0.80451800586457545  0.81540227494517326  0.82624342096858228  0.83690504501840546
  0.84738289781248310  0.85768952278304500  0.86820005608010353  0.87892682022226709
  0.88958023497015304  0.90016371215626789  0.91065041921302103  0.92131669026298113
  0.93135257752132772  0.94123107085119240  0.95088178668416179  0.96041516542572702
  0.96994540241107519  0.97944096329842201  0.98975773943409973  1.00000000000000000
 -0.00197587710503365  0.00885316373543009  0.01856639237447553  0.02875427844258050
  0.03925227601587456  0.05014442379528634  0.06129612737422418  0.07115167862880270
  0.08075274609240003  0.09067104385385437  0.10096864748368303  0.11169045248817563
  0.12198253901432034  0.13325543495196324  0.14519407261991726  0.15680195801956748
  0.16848373573877912  0.18002111559723977  0.19153784039314628  0.20298772086402075
  0.21391213166232861  0.22456395292395112  0.23459426570531738  0.24460460796429584
  0.25456658683699551  0.26469725660994120  0.27493106640428411  0.28578553388099454
  0.29652735633060390  0.30732764829982784  0.31788363480694592  0.32856132535740162
  0.33912367887043127  0.34964621193683604  0.36011971450414332  0.37043159921876551
  0.38055628889211385  0.39019670159327063  0.40043205874774362  0.41067808968445169
  0.42144663094343959  0.43213471301350637  0.44318433809137708  0.45430883615208217
  0.46539779956634453  0.47628247405213880  0.48657292582806788  0.49660023422507804
  0.50710424879537874  0.51769644539350501  0.52878567799034748  0.53961318319187257
  0.55059770779843276  0.56126944673618939  0.57178908161533115  0.58241118331253672
  0.59298454364597231  0.60381920439934733  0.61490488465250459  0.62618381539413970
  0.63706649097781354  0.64796525819057360  0.65869051413541646  0.66943669473173251
  0.68010301559459230  0.69078351700177409  0.70123045949136598  0.71135983169239203
  0.72136826525321984  0.73150678734941810  0.74148485685105980  0.75135253260057289
  0.76056340023520042  0.77000031435353300  0.77944786567997482  0.78890181957631145
  0.79879547593559586  0.80863148172569177  0.81877901474588066  0.82901430529394438
  0.83968330309333039  0.85053903650080476  0.86145037477177311  0.87233493281557928
  0.88306253735528806  0.89377703762229954  0.90434004419459857  0.91489212297821765
  0.92530781182550204  0.93540646511922110  0.94582633318684650  0.95641989054068288
  0.96700264516589063  0.97763436008399540  0.98881394975422099  1.00000000000000000
 -0.00185287661745135  0.00715938197728673  0.01545073704601505  0.02388345377323099
  0.03274139844875879  0.04187373302369521  0.05126711415653010  0.06080405526602777
  0.07038675951227513  0.08020180417007607  0.09067313515208171  0.10171311762948705
  0.11285609540379202  0.12390820398772703  0.13465615949675855  0.14479149621518628
  0.15438249190136641  0.16372128346239076  0.17332340752282299  0.18306364513129306
  0.19296725824621364  0.20307544602476255  0.21341339678346730  0.22367482144952328
  0.23355328989388843  0.24324469440719734  0.25341659786947307  0.26403742659167451
  0.27479206301968057  0.28540547415540429  0.29681041390632568  0.30868508942633260
  0.32041907002984954  0.33190453947113924  0.34351345244137044  0.35519421126631784
  0.36674815442532477  0.37789613801870525  0.38890277301464898  0.40028722256914379
  0.41160383787855237  0.42260770980249429  0.43328800879588203  0.44467765719735974
  0.45628292292867323  0.46771833581770550  0.47907594937285020  0.49095188821002056
  0.50305218847349942  0.51476186206593688  0.52647085712476227  0.53840750628296119
  0.55104772710138628  0.56374075540252222  0.57611740310914517  0.58835303247946102
  0.60059340204532941  0.61285879954147660  0.62478088249565800  0.63633671256944180
  0.64767209896042310  0.65905061794668118  0.67001711272607278  0.68057265482747309
  0.69118797895927342  0.70146754029864555  0.71143209819787123  0.72109804112967502
  0.73099874265849218  0.74114178846458834  0.75110006239461669  0.76138795881809007
  0.77155026428286499  0.78161405027551623  0.79140648212746834  0.80125727930622803
  0.81115443652330776  0.82112682330529341  0.83114000254848996  0.84130447723488144
  0.85159366856343344  0.86183712358483999  0.87208542777307874  0.88244080780049705
  0.89293241894306319  0.90359822806846046  0.91425047357315126  0.92443201464277192
  0.93421670872630069  0.94400699797500454  0.95368954907938897  0.96300904410688826
  0.97153209688727404  0.98059236833912378  0.99007042896420716  1.00000000000000000
 -0.00261811100101298  0.01003316880759412  0.02018703218570670  0.03115905660505899
  0.04184282337041043  0.05226336186081102  0.06309260794124602  0.07368190255176958
  0.08407015802034069  0.09382008658761352  0.10366311980613169  0.11350297411546573
  0.12367070414140699  0.13426272847853316  0.14510708842093512  0.15571226930833512
  0.16628052251099734  0.17678531555588303  0.18730292325050374  0.19783987047521065
  0.20851129459471621  0.21941648724939447  0.23012033729708284  0.24083056440355113
  0.25140766821457367  0.26189159096079617  0.27212390651898127  0.28214208708573868
  0.29195465481598409  0.30169393373749021  0.31105426388388741  0.32142538922485731
  0.33134904225168399  0.34276521730952902  0.35432997125632715  0.36586958557835247
  0.37736467153161984  0.38871736343149749  0.40002900739362779  0.41118067187261925
  0.42200628989559669  0.43263501573838437  0.44296931959929969  0.45336956442982124
  0.46382042189206402  0.47409819983445606  0.48453943045958492  0.49512790402686341
  0.50565788570073089  0.51580648401777951  0.52610233311678856  0.53641121584737761
  0.54688873521223691  0.55683308683709365  0.56694463741349987  0.57683082471289593
  0.58670859589136659  0.59645544142766826  0.60676621172174261  0.61766405530047630
  0.62888479634418892  0.63951345767677692  0.65026656777607827  0.66071818973465613
  0.67080427138217869  0.68071634422837624  0.69116807472541131  0.70229918628597521
  0.71359863647187260  0.72464786970283068  0.73648028640827301  0.74822158469323652
  0.75913786948389361  0.76960684586774286  0.77999307394326578  0.79005080056906896
  0.79975716182978029  0.80960766525304695  0.82051287792228667  0.83160415151697142
  0.84194431996021435  0.85203858865252013  0.86263729229723363  0.87396364484849842
  0.88506452673849612  0.89628249394425397  0.90835456966890249  0.91980189001721246
  0.92968989665394386  0.93953717752602606  0.94957750129923801  0.95981282622144615
  0.97019548763991537  0.98013704796480661  0.99027315580108066  1.00000000000000000
 -0.00246320554965078  0.00937568092729679  0.01917213662662023  0.02921975327910672
  0.03949908976335762  0.04915754305261739  0.05912882461572448  0.06946436310002327
  0.08015091141979409  0.09063095087842690  0.10099209004197926  0.11138517135799068
  0.12165575063961354  0.13211929464325972  0.14251263922833249  0.15350791129127103
  0.16445422959498465  0.17591419332290578  0.18728851041612479  0.19876185754848891
  0.21011079408900785  0.22111919009355108  0.23176358386113458  0.24187358166178546
  0.25201115198164836  0.26186746494203594  0.27176719994172988  0.28166637216455648
  0.29186742148596095  0.30237100038219705  0.31304266546376541  0.32381803709008705
  0.33432997584598678  0.34448858627112316  0.35477201150690996  0.36502244795976568
  0.37488695941284139  0.38471168978313824  0.39483453660848150  0.40548016775922185
  0.41615170360400339  0.42663351503174407  0.43722737669834227  0.44738996707906381
  0.45730033217367316  0.46715281334109771  0.47705447408127682  0.48734728320623549
  0.49801029683921161  0.50888257240498047  0.51933157255482609  0.52920987019585619
  0.53864867830657992  0.54815261301198892  0.55775296358646997  0.56743005534833435
  0.57703935974674025  0.58702536667765348  0.59770536359681226  0.60923426241287271
  0.62122754833216187  0.63294055846282782  0.64411925111712087  0.65495291379632270
  0.66589291596831457  0.67733156068389755  0.68946997338220029  0.70157235667635520
  0.71373932268459650  0.72494212874782282  0.73625451156013244  0.74702615943824835
  0.75785699482395552  0.76864947832214292  0.77940278185289258  0.78956322348187047
  0.79943051334721582  0.80890509534047284  0.81941849589484239  0.83051470474606959
  0.84192332867334063  0.85331230604013641  0.86401283532472650  0.87470723712710541
  0.88532599678122004  0.89575379789983933  0.90598876000539652  0.91589500282554137
  0.92589003671176873  0.93610772557630817  0.94674602294619148  0.95738333956697164
  0.96794715809546361  0.97858329640744490  0.98932848394001605  1.00000000000000000
  0.12949315133905256  0.15137150702134033  0.16213878076921384  0.17494932713051287
  0.18409251892743222  0.19364542286913083  0.20276426080811072  0.21103880900177663
  0.21900162934741313  0.22664810105733110  0.23402224664628649  0.24114592255987541
  0.24794501250558959  0.25395882089989857  0.25984017086391220  0.26596682911421049
  0.27202648757341308  0.27790744969165521  0.28372186995748555  0.28975536737816815
  0.29546581926234849  0.30091341350921491  0.30630106198673301  0.31182287815324955
  0.31760717054278387  0.32340932521015453  0.32904129773114299  0.33451308023954573
  0.33990766931424854  0.34525156100674037  0.35057199638408387  0.35612666036007767
  0.36177572821622966  0.36742092172523783  0.37301992430185349  0.37854004122469442
  0.38416735679926062  0.38993750834952851  0.39565130764912115  0.40119618942956720
  0.40657682413700191  0.41199277161843162  0.41742284720503586  0.42280259687711580
  0.42816803580707163  0.43346938918173111  0.43878014647389779  0.44416471595204604
  0.44952390504415124  0.45485842105655394  0.46010662575148265  0.46530399835410940
  0.47056742294912685  0.47592578850745443  0.48131102168238549  0.48670414699781200
  0.49217979504175563  0.49773189089963082  0.50348866239493595  0.50963758290629624
  0.51556062946238024  0.52167411966017241  0.52767098513990973  0.53373907376216956
  0.53978931420714760  0.54582304640869184  0.55194458410567415  0.55814054823581205
  0.56446626068181127  0.57091272835614515  0.57736745875334916  0.58382768175079158
  0.59030732859438240  0.59688987814682803  0.60361921275120101  0.61039095766658502
  0.61725620461488351  0.62425782639718552  0.63146238568822521  0.63879874510825785
  0.64634586894846746  0.65425266973378404  0.66239673319408876  0.67112196892579423
  0.68020250426245488  0.68971600051537663  0.69972018969508398  0.71035308223551930
  0.72253182967998564  0.73577184999678857  0.75055953525550423  0.76738299928956100
  0.78745102347804430  0.81305195886271608  0.85310396912269271  1.00000000000000000
 -0.02332894871421483  0.13835329341281682  0.18202863203390585  0.20902339785402599
  0.22971272124484562  0.24640872295527552  0.26052309405508056  0.27307420372127683
  0.28461548338524206  0.29489162891535398  0.30397409355935956  0.31253331176533694
  0.32062962979898829  0.32853879832030469  0.33619354282710401  0.34334547165586948
  0.34996293896221059  0.35627886219759169  0.36251276439395391  0.36866592672311882
  0.37469101002859301  0.38056280434609185  0.38625411233354767  0.39205552877079131
  0.39757921162730020  0.40280093797464445  0.40794603420174275  0.41303941684859002
  0.41795126911888453  0.42285754430212630  0.42772951661296849  0.43254272188836224
  0.43728880978969437  0.44188023069163990  0.44630833616474208  0.45077316442986287
  0.45509390476832146  0.45926620592076889  0.46331250741054308  0.46728967531915516
  0.47130942648776236  0.47538238085383583  0.47954248781484543  0.48382810567651746
  0.48814941912263188  0.49251560709179176  0.49681236078676044  0.50106207896260102
  0.50521367966855357  0.50935256262897266  0.51351447340396017  0.51769916957126894
  0.52187491267518671  0.52593698485084672  0.53016712315976622  0.53441932975764606
  0.53864004339748306  0.54294387641448982  0.54712340004150162  0.55136696137727836
  0.55560854298095275  0.55988604330873282  0.56423279195804554  0.56862950881062679
  0.57305989642071120  0.57745332437626773  0.58180805162432325  0.58634798199612925
  0.59101070259033162  0.59578705462807657  0.60064084604419909  0.60541574108737051
  0.61033100556959918  0.61530489486873507  0.62045687509606462  0.62590078168696828
  0.63160306541264466  0.63746628684783457  0.64345225789077010  0.64961759926208251
  0.65608227837488109  0.66268085174767888  0.66993276434434845  0.67756555699501519
  0.68556543463565200  0.69416071818011116  0.70323516600805458  0.71338204918146386
  0.72448094742802727  0.73716206154181585  0.75136489665137884  0.76831063131109711
  0.78883136919396635  0.81596725635848055  0.85999677231693972  1.00000000000000000
   1.7905185348467060E-009  -1.0000000000000000     
 T T T T T T T T T T T T T T T T T T T T T T T T T T T T T T T T T T T T T T T T T T T T T T T T T T T T T T T T T T T T T T T T F F F F F F F F F F F F F F F F F F F F F F F F F F F F F F F F F F F F F F F F F F F F F F F F F F F F F F F F F F F F F F F F
  <DiscreteSampler_grid>
  grouped_processes
  1 # 1 for a reference and 2 for a running grid.
  10 # Attribute 'min_bin_probing_points' of the grid.
  1 # Attribute 'grid_mode' of the grid. 1=='default',2=='initialization'
  0.0000000000000000 # Attribute 'small_contrib_threshold' of the grid.
  0.5000000000000000 # Attribute 'damping_power' of the grid.
 # binID   n_entries weight   weight_sqr   abs_weight
    10   10   7.828071245210995E+002   1.680685093642487E+006   7.828071245210995E+002
  </DiscreteSampler_grid>
