  0.00003698699092493  0.00004132407832864  0.00004415504150095  0.00004706661945778
  0.00004959771394483  0.00005238806110631  0.00005557050444950  0.00005932954369617
  0.00006332482033994  0.00006743370835226  0.00007166717858800  0.00007614951528008
  0.00008060946974329  0.00008488801056468  0.00008941355080368  0.00009427439782573
  0.00009948402301976  0.00010493859319753  0.00011062754610854  0.00011620662552296
  0.00012230802758159  0.00012807602837331  0.00013423828704292  0.00014048499762654
  0.00014675747106533  0.00015308763589369  0.00015956601556208  0.00016651767157677
  0.00017391313351899  0.00018172496908008  0.00018957261475349  0.00019763540814215
  0.00020586321217862  0.00021450299087909  0.00022385508917091  0.00023354373354135
  0.00024323981968054  0.00025305973205651  0.00026263588929658  0.00027300452574336
  0.00028357309895479  0.00029492755688285  0.00030614148252736  0.00031885053642598
  0.00033148615744521  0.00034457271974761  0.00035831955616668  0.00037286823948019
  0.00038814944464054  0.00040421145550289  0.00042122257315486  0.00043899111989833
  0.00045724297410254  0.00047580343504631  0.00049457086575474  0.00051350054222017
  0.00053320914274683  0.00055422815817382  0.00057669365132849  0.00060058254078319
  0.00062507195921415  0.00064940580917478  0.00067392721117331  0.00069927996840524
  0.00072545526516525  0.00075330645016441  0.00078325058952085  0.00081341239824822
  0.00084574920601601  0.00087965840457264  0.00091572798306710  0.00095415564753861
  0.00099811000677948  0.00104523151380527  0.00109731332371831  0.00115530918820852
  0.00121739505062342  0.00128391483248946  0.00135657229105028  0.00143589637851561
  0.00152406525559088  0.00162186295535842  0.00173175132362363  0.00185699968779359
  0.00199966449244015  0.00216425922463954  0.00236018708849823  0.00260083107537640
  0.00290555387062473  0.00329539935615128  0.00383518782186540  0.00471417318874388
  0.00660891247156947  0.01361424967067066  0.56050721042198126  1.00000000000000000
  0.01681495452382329  0.01719138098197560  0.01754903240562884  0.01791959378810322
  0.01823320136954339  0.01845738975582794  0.01865567148426204  0.01887702479281126
  0.01909938179149392  0.01930654145066697  0.01948940414127608  0.01966227003991153
  0.01983992615244483  0.02002376573220382  0.02020820573999508  0.02038954682840152
  0.02057465072490214  0.02076067368569412  0.02094581656693419  0.02112995799569494
  0.02131553971072391  0.02150570300639908  0.02170239749470066  0.02190505088967477
  0.02211508040875025  0.02233370813720536  0.02256194601554298  0.02279715005689199
  0.02303463024824047  0.02326988201234900  0.02350693602305520  0.02374730173034334
  0.02398888614775728  0.02423445755904671  0.02448607633747501  0.02474783535867425
  0.02502784810972579  0.02531971515425865  0.02561305521357972  0.02591078301344760
  0.02621563156670200  0.02652624652947445  0.02684740309751867  0.02717094822424989
  0.02750236290083466  0.02785541199192423  0.02822191448399762  0.02859262071779469
  0.02896575678991175  0.02934176859773820  0.02972800472762096  0.03013107515763278
  0.03055778920523275  0.03101219018306749  0.03146549308293671  0.03193771798387587
  0.03243198815767916  0.03293918698455552  0.03345459408896333  0.03400497591721457
  0.03456597788828071  0.03516202397855676  0.03577653331225229  0.03641728240344126
  0.03709497162532668  0.03780831033775997  0.03853430709637685  0.03929459183460038
  0.04010311455040867  0.04094829152494012  0.04181880394054596  0.04272610611812286
  0.04370625203232886  0.04475296731997860  0.04585635254814936  0.04701538156772566
  0.04824713035166343  0.04960628267242378  0.05103271631083323  0.05255099474006716
  0.05418251639478587  0.05602147095209319  0.05807120068500171  0.06031399936587065
  0.06284096882508117  0.06569761847554827  0.06892174106073588  0.07252956412290093
  0.07638927710549241  0.08078095555653304  0.08642822830575990  0.09400559971414706
  0.10401441756630539  0.11799381842303867  0.14730786130749163  1.00000000000000000
  0.00090958210991013  0.00452092900265738  0.00628492473009287  0.00714828501979739
  0.00779111314329461  0.00838679206103607  0.00895863793219864  0.00951469561166352
  0.00999989919075528  0.01044596464553186  0.01086876657849923  0.01127846443188072
  0.01167759620439027  0.01206220047443098  0.01243487591815471  0.01281335151855927
  0.01319470987922066  0.01355589676589066  0.01390591805905069  0.01425802558467412
  0.01460531142398524  0.01498370886980796  0.01536178380461484  0.01575413876968343
  0.01614469139736132  0.01652878690113000  0.01691748861801733  0.01731630155026689
  0.01772073042632748  0.01812546921269268  0.01853048279739980  0.01893858325406193
  0.01935568971367613  0.01978155819463621  0.02020907620591445  0.02064511928734802
  0.02110349746106151  0.02157904061631700  0.02205687715796018  0.02253307376249954
  0.02301374775581049  0.02350277855146989  0.02398555786950567  0.02445952172869250
  0.02492278138409353  0.02539896552355093  0.02590170092637483  0.02642222444842576
  0.02695901420408800  0.02750958157162922  0.02808522035262585  0.02868856758019945
  0.02930228482469444  0.02991562634114169  0.03052851693555077  0.03114094861239374
  0.03175154349672820  0.03236489828559713  0.03299551948313324  0.03365588145516375
  0.03435123774321393  0.03508746043887571  0.03585266138205252  0.03663793637859525
  0.03743141677720455  0.03824839911281311  0.03910466844188816  0.04000101264088733
  0.04089412651324493  0.04179087120219491  0.04275646601839353  0.04376639123899459
  0.04483068062254957  0.04591141100902718  0.04704116629162593  0.04827349292818250
  0.04961787149270588  0.05106043076407228  0.05276978636410078  0.05462540841144777
  0.05660164321649645  0.05861819091327390  0.06073368305101093  0.06310794923636864
  0.06568381966057896  0.06886212912830991  0.07213498608189418  0.07579153510973681
  0.07984773137827930  0.08478849370499299  0.09099167477127985  0.09920887434733563
  0.11005319677016556  0.12750479258878405  0.16317146870971827  1.00000000000000000
 -0.00196886655243610  0.00768543857253595  0.01576914827258380  0.02437173748789373
  0.03308043152558339  0.04170544511938040  0.05146668906403490  0.06108250501039908
  0.07073061437522568  0.08068046310336384  0.09079621623782216  0.10090488399260632
  0.11160534410875010  0.12283599761296005  0.13393333430534676  0.14516624642832768
  0.15626125634205362  0.16747722942356896  0.17863995157805759  0.19008354770162400
  0.20160609439828339  0.21309250869061463  0.22494290515112236  0.23669665984475755
  0.24787536055227027  0.25849980614314361  0.26916503239435785  0.28020432565745401
  0.29152089278070215  0.30298344745005756  0.31432672720222582  0.32558006743456902
  0.33662144658864640  0.34755719413400293  0.35826091420741729  0.36863705357745119
  0.37885370903826010  0.38905451326414259  0.39953464730600480  0.41018017746067531
  0.42092140272661682  0.43149904810566497  0.44177542830079580  0.45209175084386061
  0.46269632082707146  0.47342991998654943  0.48404878212060404  0.49449105352000838
  0.50500090255453378  0.51558109819053211  0.52630574612685754  0.53681579685437841
  0.54713290640438317  0.55742035413587654  0.56816885243451032  0.57900199606888869
  0.58984974686376046  0.60022985286960973  0.61103062476674619  0.62192574711665527
  0.63318229393144987  0.64460429936602859  0.65594621027165456  0.66712516719228132
  0.67791283570041028  0.68881755081462648  0.70018440939981097  0.71159676669786687
  0.72292134894412530  0.73413473558324116  0.74553920164445431  0.75717000981883742
  0.76909196471545771  0.78076480746127452  0.79204498714574512  0.80301478943174476
  0.81384863451601841  0.82407131412027712  0.83441213142489568  0.84482272347613729
  0.85443387576228957  0.86424570054468275  0.87421993146441446  0.88483456251816606
  0.89600163219626294  0.90673563842259053  0.91737620509609796  0.92764326176821277
  0.93761574708777662  0.94701862098785217  0.95631971863699572  0.96528612645085332
  0.97414925517699313  0.98277255453725376  0.99140425258675180  1.00000000000000000
 -0.00270953751885366  0.00997673338994808  0.02149116152279412  0.03270295390799671
  0.04404277775989058  0.05538681832460550  0.06633018272283560  0.07717633587950612
  0.08814202374097965  0.09921212084797336  0.10994767468792016  0.12039526119857349
  0.13074308513432972  0.14107796501070813  0.15149484515927972  0.16200729793403446
  0.17267894790870850  0.18349201808706339  0.19469030784837338  0.20583079924572270
  0.21601310486776670  0.22559182706692982  0.23523571932829140  0.24494848213163858
  0.25459972315916479  0.26409944960926562  0.27372655675188751  0.28364588058798262
  0.29394351969376992  0.30456493498650927  0.31540379038301686  0.32627445751822254
  0.33715416376941704  0.34785842511471909  0.35833493317254966  0.36865264679987675
  0.37886114954596056  0.38879534749655248  0.39884163255115318  0.40921318462498085
  0.41955646393864954  0.42951953239795615  0.43923711450927289  0.44921208578284455
  0.45941905411578043  0.46975194875865534  0.47942100479441435  0.49007895443638094
  0.50034937476695940  0.51140650280890265  0.52237441830807874  0.53337051013692360
  0.54477008537223182  0.55457368842383514  0.56450449670105896  0.57446354751030437
  0.58443558171796439  0.59470469956080152  0.60473717735528498  0.61640887321594751
  0.62772137464356559  0.63890906216832211  0.64977770504190058  0.66035820641729503
  0.67055952373165340  0.68060337943956439  0.69081248218399605  0.70135601028548333
  0.71243369481098151  0.72331847115937320  0.73422524037755366  0.74504960718312729
  0.75559959434211332  0.76602232624331779  0.77603511482394372  0.78652716096604514
  0.79644328529845465  0.80635869288418027  0.81593812643311070  0.82654459044420925
  0.83659423952498679  0.84755027985493037  0.85835027942455988  0.86974067758390061
  0.88117132479470062  0.89196918882425780  0.90265293516864986  0.91283743924276051
  0.92296326236105342  0.93376872002942612  0.94482049533348567  0.95764164038432986
  0.96891485856166915  0.97995071556244995  0.98988266206182807  1.00000000000000000
 -0.00813468874061986  0.03716972853927690  0.07013517297394606  0.09953018303780733
  0.12558882838507762  0.14805165516281762  0.16716844787481550  0.18488479836683266
  0.20157124855645261  0.21614171230175042  0.22876020506050948  0.24063961777215698
  0.25192605690827952  0.26241784504788462  0.27254211293143094  0.28217680722344468
  0.29145128591163888  0.29978169407319988  0.30789626989390506  0.31590513957889638
  0.32358704070021077  0.33085021757667177  0.33777758454522522  0.34459007995659091
  0.35134060575826487  0.35793821203873938  0.36426995721697403  0.37031333779491904
  0.37611594810301369  0.38170264138662430  0.38730386994373150  0.39301595135063649
  0.39873603353593734  0.40445536804630411  0.41001858633958255  0.41547787162348937
  0.42081429472814036  0.42621899802437357  0.43175425407451551  0.43703645214928771
  0.44213402037910698  0.44713514006067856  0.45212361600986600  0.45709057352218257
  0.46203316919025139  0.46695780207159243  0.47184729601848485  0.47669839932424340
  0.48151953788868834  0.48639046839330735  0.49131416914597115  0.49624968279888465
  0.50128171878067329  0.50660063569603886  0.51209500855054457  0.51766457367705809
  0.52334546772042234  0.52906436818140068  0.53480323810364816  0.54069312626612664
  0.54676989829175382  0.55290358947112461  0.55907771969424325  0.56518505331630586
  0.57101794751324997  0.57698757016208180  0.58304028068891522  0.58910107462072436
  0.59542452028846893  0.60207149906821011  0.60871116335218989  0.61520715960212646
  0.62164723945889211  0.62829992215187125  0.63531753786783174  0.64266230032070959
  0.65022490549135104  0.65812123270982603  0.66644051760058276  0.67507687367039837
  0.68372728058609145  0.69262933451481545  0.70204738298707203  0.71224420906812913
  0.72355698416221725  0.73602798039247896  0.74998019998117305  0.76471304598648715
  0.78064212773515773  0.79839525257196642  0.81830618332375549  0.84095563796287398
  0.86853359282673470  0.90208152100114136  0.94400038389851104  1.00000000000000000
 -0.00270802345462889  0.00993228637620634  0.02189084780975135  0.03341914571403579
  0.04463005196406579  0.05547245706582118  0.06625028533017405  0.07693731679827895
  0.08725079927377558  0.09724946004104108  0.10740395174503288  0.11762817908524772
  0.12822557990930641  0.13929743233931263  0.15083710537570796  0.16233152059427344
  0.17392773262625935  0.18542273698194525  0.19686834574763362  0.20826663558380570
  0.21944920201966575  0.23047397527066157  0.24139718438169755  0.25218946860526764
  0.26287879000992204  0.27352700253412154  0.28418691840392446  0.29484331523787893
  0.30545891633362021  0.31612533469889892  0.32699258377742813  0.33809445868980309
  0.34928780367467954  0.36038283443322916  0.37120550598775265  0.38190123461563330
  0.39272038698066353  0.40333550726922779  0.41324591584868009  0.42299713740985950
  0.43280215824054025  0.44314801708013662  0.45364769484587558  0.46366702279878563
  0.47338101078402273  0.48313155627470650  0.49314940955308728  0.50334600058412016
  0.51352734529552679  0.52374116786942737  0.53411016413086121  0.54463030581403538
  0.55512498637661867  0.56553068572257703  0.57571858388313690  0.58580161242988793
  0.59590938887088196  0.60611178005919564  0.61629657873902810  0.62652349236344296
  0.63709125556952395  0.64797136733713134  0.65879666619672417  0.66929170516484526
  0.67957988801788849  0.68995688910234942  0.70044311135412451  0.71097090583110545
  0.72099375486467088  0.73024905261039641  0.73988237214913843  0.74975649794497901
  0.76018121959817631  0.77065055767531931  0.78139546512378510  0.79223109859996410
  0.80268541735496812  0.81273134545277648  0.82229487644808130  0.83190373084637059
  0.84182007773146617  0.85213954954638638  0.86248118420347197  0.87299842482083967
  0.88370309233710587  0.89432322341025583  0.90429966272490281  0.91451572713973561
  0.92520669964569657  0.93578615722828917  0.94577447137167514  0.95575604943102666
  0.96626733426095091  0.97794808683382417  0.98899983914458711  1.00000000000000000
 -0.00241466929817964  0.00960109147907813  0.01948493536229505  0.03057591075520093
  0.04100494623141044  0.05209493340967173  0.06313301159149198  0.07337427185995037
  0.08399743866545879  0.09483685579697698  0.10530847347313506  0.11566795016682252
  0.12608579613005033  0.13687446194934591  0.14760904187010512  0.15802257568632427
  0.16827640553962200  0.17837265325884508  0.18882656529806263  0.19973206453403222
  0.21087678181821221  0.22191366788932509  0.23260570099599268  0.24211973005963719
  0.25195132587361352  0.26121835224078521  0.27088280754306115  0.28103803878347033
  0.29168628628827559  0.30319890184343123  0.31473990320117390  0.32609966899568155
  0.33760857903170144  0.34911385755505542  0.36000919409102150  0.37067555038343719
  0.38185370648724026  0.39329627686683072  0.40469197517346023  0.41561125710021962
  0.42599460324703098  0.43608940029321902  0.44596259887751472  0.45582199515124383
  0.46598592264610494  0.47646180768817509  0.48714427985687675  0.49781792766012123
  0.50857633178926320  0.51908620370908110  0.52898239042926454  0.53855821929122860
  0.54835378269654322  0.55843893161108404  0.56854598275748258  0.57840471607415544
  0.58851548614978988  0.59906117713944085  0.60937574994462129  0.61979883417014725
  0.63041117192497920  0.64139489559573304  0.65213823314906461  0.66269676595784477
  0.67315276530978807  0.68340104844502692  0.69414838623904063  0.70528740028570547
  0.71682659382302694  0.72792761688098551  0.73869599632550076  0.74920334954430201
  0.75979757483022425  0.77051799404762789  0.78090681539833318  0.79107119524848923
  0.80149417511287280  0.81222062744393431  0.82277279263774894  0.83352283949509309
  0.84442555849720702  0.85566809403882604  0.86593121578625054  0.87621891036263888
  0.88643533941572838  0.89669204647295397  0.90672452365950473  0.91694032441690299
  0.92784877800110843  0.93911834316619558  0.94989633804374018  0.96041254926165609
  0.97074471868884260  0.98095744246405703  0.99069119300489450  1.00000000000000000
  0.07067326588060162  0.15045129693291304  0.18237313821438547  0.20538532685412114
  0.22329857107725759  0.23824822136579804  0.25148922243061667  0.26360003887060818
  0.27448581681416440  0.28425649146444687  0.29348842164376771  0.30236178625778637
  0.31074998962195660  0.31878645938734906  0.32652330462150614  0.33395434403268726
  0.34126499182398956  0.34851950188029868  0.35559995345293183  0.36226067167724024
  0.36854088897362353  0.37465565217820046  0.38055580603781519  0.38640308325942740
  0.39218209642888896  0.39772959439879002  0.40301235149899006  0.40817532467583340
  0.41331462760728382  0.41843426849007764  0.42355002122930535  0.42855605721312195
  0.43347915462867431  0.43835019741279058  0.44319286780765993  0.44807071459995451
  0.45292431845320896  0.45781610414102869  0.46286722002710023  0.46794617475232492
  0.47281458602497517  0.47740466161585565  0.48185821655230665  0.48630401825872793
  0.49078990188756055  0.49543151147928072  0.50007554857482817  0.50467566303142175
  0.50931473133336647  0.51398661089946740  0.51869597725174721  0.52348757075454799
  0.52830920833099693  0.53308519785421282  0.53782928512404049  0.54258289678043503
  0.54717022849208841  0.55174673769071414  0.55641711729022492  0.56117575703214118
  0.56603489609487689  0.57095464951753350  0.57583246523192888  0.58062279772984637
  0.58527285724927769  0.58987434415969842  0.59457498707230738  0.59937158003111624
  0.60420375696000894  0.60901802483560941  0.61384998587230011  0.61875964298094421
  0.62370421192159531  0.62869220822748928  0.63378593382401660  0.63898340856192393
  0.64429020909832935  0.64974027651957522  0.65534944491550273  0.66113017839405719
  0.66721287779465621  0.67373761165372281  0.68054140857835033  0.68742365567734509
  0.69469949283728727  0.70258890978894761  0.71124125474283839  0.72045457069043650
  0.72989990584632169  0.73999031680651106  0.75110210237762953  0.76410814977487451
  0.78022304718490254  0.80171055930802992  0.83803982769366236  1.00000000000000000
 -0.03786913947624207  0.17067534064886233  0.21417215541739851  0.23834696816105441
  0.25624335087599909  0.27141241202380967  0.28432721680402961  0.29545321305673772
  0.30541143008177740  0.31450265477595230  0.32274898234764848  0.33028933541770072
  0.33760203008654782  0.34461613553808274  0.35144532127420508  0.35798939370138910
  0.36442562057484701  0.37045389474091039  0.37622319821586825  0.38173476177250926
  0.38705367303945692  0.39227951156403329  0.39737655371110742  0.40228381949292469
  0.40712037166177723  0.41194067111759403  0.41670695383292439  0.42140438766444355
  0.42603560401147061  0.43058816518578791  0.43504643447958474  0.43943156770950031
  0.44378702598908254  0.44807832266547315  0.45251063304662165  0.45675784473415554
  0.46081834467718047  0.46477006040090985  0.46861311135500272  0.47241742092899325
  0.47616023965183601  0.47987885638588018  0.48355993571802064  0.48722795473535935
  0.49090225640942170  0.49458239254608571  0.49820123738622873  0.50173566781381651
  0.50519350371540861  0.50865564788219442  0.51219920563920607  0.51576076404272697
  0.51929188124834713  0.52288695413880482  0.52654607228858119  0.53030016219137255
  0.53408014092570566  0.53792109209688765  0.54180544004484543  0.54565890747639123
  0.54946468113727498  0.55321803969206762  0.55694762089601624  0.56081109677948093
  0.56495852786352363  0.56934882704052492  0.57381637122672036  0.57825924136430196
  0.58268086176641298  0.58707183853644163  0.59147476342513683  0.59590351930562957
  0.60043894719834667  0.60511987485664664  0.60997090182286384  0.61503101251107684
  0.62022638899459070  0.62556075826881929  0.63107088478335738  0.63673389652311596
  0.64254970494532992  0.64861574796774180  0.65498498187053700  0.66172173740209661
  0.66887106504496885  0.67641569958122649  0.68432312039187848  0.69292418471738948
  0.70254865953930568  0.71377440385696345  0.72704345933054981  0.74233267686323534
  0.76096837239810033  0.78610383186698374  0.83003673273196277  1.00000000000000000
   6.1732009120501984E-011  -1.0000000000000000     
 F F F F F F F F F F F F F F F F F F F F F F F F F F F F F F F F F F F F F F F F F F F F F F F F F F F F F F F F F F F F F F F F F F F F F F F F F F F F F F F F F F F F F F F F F F F F F F F F F F F F F F F F F F F F F F F F F F F F F F F F F F F F F F F F
  <DiscreteSampler_grid>
  grouped_processes
  1 # 1 for a reference and 2 for a running grid.
  10 # Attribute 'min_bin_probing_points' of the grid.
  1 # Attribute 'grid_mode' of the grid. 1=='default',2=='initialization'
  0.0000000000000000 # Attribute 'small_contrib_threshold' of the grid.
  0.5000000000000000 # Attribute 'damping_power' of the grid.
 # binID   n_entries weight   weight_sqr   abs_weight
    10   10   2.038804848193788E+002   2.006331264784580E+005   2.038804848193788E+002
    16   10   2.038804848193788E+002   2.006331264784581E+005   2.038804848193788E+002
  </DiscreteSampler_grid>
