 -0.01070092646236558  0.05237257683913525  0.07704263993534689  0.10048003119856157
  0.12288505502922105  0.14331783893986411  0.16131659590260689  0.17775807662039980
  0.19326509481116408  0.20764305199989008  0.22084912773118948  0.23295452238284806
  0.24434631490682288  0.25545096338225159  0.26623245256333444  0.27642150774561974
  0.28593022324975231  0.29491542113432767  0.30359638623151891  0.31213853391360058
  0.32068759813221498  0.32905351836222940  0.33705549885985109  0.34468571462248204
  0.35196585638559602  0.35895510784473594  0.36577099674852009  0.37243334445100168
  0.37887391582350993  0.38509116133424570  0.39116384289029055  0.39708595808347835
  0.40273135275988764  0.40814761704749675  0.41351372308772344  0.41882200623319660
  0.42410304013099859  0.42938943439919836  0.43470596898248881  0.44004812124705922
  0.44529532335722460  0.45054512246356709  0.45563312620369684  0.46059443011696766
  0.46543044245639908  0.47024985196234764  0.47510988522448494  0.47996804237559343
  0.48479717591124416  0.48967638670021230  0.49465434767958805  0.49964902522438492
  0.50469076079920094  0.50977380879892054  0.51488851514431755  0.52001419393941750
  0.52510810763364912  0.53023650122312460  0.53535711643751183  0.54049607746410488
  0.54568094171775883  0.55091118547239382  0.55623370586276566  0.56169956535759702
  0.56726663408395761  0.57290775563747509  0.57862912807610356  0.58444100054828785
  0.59029657286415949  0.59624857337297621  0.60240328861536974  0.60876116319194618
  0.61530417882754229  0.62206898208812678  0.62904716522314363  0.63619263320589248
  0.64351160334021029  0.65110180772452875  0.65898336245050670  0.66717346625723650
  0.67573546414172714  0.68445653660939854  0.69350007334134223  0.70297108728488267
  0.71305739306747307  0.72388420230938033  0.73588778961802204  0.74924576277857879
  0.76397004181097372  0.78042277838782215  0.79962962587062858  0.82210113858630485
  0.84910270550413314  0.88290469709946950  0.93071254451892715  1.00000000000000000
 -0.00262365374634971  0.00961479480996282  0.02039130867119539  0.03098915107207435
  0.04162567243667563  0.05204700513717518  0.06247402217535469  0.07273351216126278
  0.08330911293526924  0.09441446553064642  0.10510244523188800  0.11528446465044834
  0.12546188666707872  0.13609793038870652  0.14667861494891321  0.15706761876914641
  0.16760246399162060  0.17866473378442030  0.18958633731537231  0.20004589872996542
  0.21035178718839004  0.22087884518098175  0.23145244579067081  0.24180985474076319
  0.25206237822471950  0.26266819194707819  0.27328930778659977  0.28364167013764507
  0.29401125978699655  0.30455648374465522  0.31497837074580110  0.32535859830005309
  0.33583476464217171  0.34638492296345652  0.35700993585333973  0.36799927017953221
  0.37881287673978925  0.38917168517596529  0.39961555514986158  0.41008991193843780
  0.42084984552966898  0.43131713463211663  0.44173753735644156  0.45223731652817784
  0.46292600713982524  0.47386264635571168  0.48505479142273072  0.49648673077383743
  0.50742501911446469  0.51801234481517822  0.52850467738783902  0.53897650075189341
  0.54953470043772945  0.56025365229780932  0.57092973825074211  0.58144645507235815
  0.59183090079191358  0.60225460399350639  0.61270691900068430  0.62294588350503421
  0.63327733173094058  0.64384347043902646  0.65422149070419977  0.66466571751125159
  0.67494409618904427  0.68495626050061920  0.69487152607737512  0.70485729878768599
  0.71510739921484978  0.72560278716065885  0.73599025414357644  0.74615593916086753
  0.75618067769109942  0.76626121958123894  0.77642797599913760  0.78696394982696682
  0.79788393621748221  0.80898704536043431  0.82015973881934146  0.83137863714078664
  0.84253490234129458  0.85412102224965158  0.86461486756093098  0.87561520087880729
  0.88548443688121803  0.89537288943524307  0.90532747318118312  0.91531896176842675
  0.92568437501878109  0.93631155366697949  0.94695068371652968  0.95790504462774662
  0.96849662761731037  0.97891681119367435  0.98946265429458957  1.00000000000000000
  0.05145389003845910  0.06248728956716744  0.07401551577713725  0.08386097693627520
  0.09251576175414807  0.10063558085457808  0.10846379056425447  0.11599090175022637
  0.12327589909946753  0.13027916539809725  0.13692110396163909  0.14350182951071505
  0.15008256782133195  0.15659300620112304  0.16321131493991675  0.16945773054821608
  0.17538995552958284  0.18138660495097214  0.18737470480595378  0.19341933243755921
  0.19929880176473308  0.20515483848163310  0.21094465391403588  0.21661087623447067
  0.22226118946594844  0.22782498443705770  0.23351212410134045  0.23924980458781700
  0.24491497810982876  0.25053175853131587  0.25610053537999578  0.26165553915739409
  0.26727244784218385  0.27296376614161577  0.27868332374537674  0.28434384973353727
  0.28988659156308277  0.29545750327699299  0.30115105098421152  0.30683060701963755
  0.31239788569148291  0.31779571575497118  0.32309630742653295  0.32842764405007724
  0.33396425595138030  0.33965436995913578  0.34535596609380098  0.35109518440705412
  0.35666831694781959  0.36209657675113027  0.36755973022716343  0.37292985759671338
  0.37840581852931177  0.38400284658911710  0.38978799037554818  0.39555798847328438
  0.40120320234081436  0.40680133686171227  0.41244155121454046  0.41810056991775080
  0.42370610330165259  0.42929251574638944  0.43493928994033654  0.44072879373104779
  0.44666374290719318  0.45262552377881055  0.45872556068701553  0.46513744921224709
  0.47167415660497536  0.47817867006887987  0.48480343065480314  0.49161911693348881
  0.49854376671039830  0.50553088402921575  0.51252067927127654  0.51957464631775530
  0.52662524166768732  0.53381089442836183  0.54133755850703691  0.54921281353835993
  0.55730345040163132  0.56576650810426776  0.57475067600236729  0.58414629772319171
  0.59412215042073757  0.60469498675243349  0.61589311988840578  0.62786679338062046
  0.64087225814135174  0.65491371321146863  0.67076930654274258  0.68909294104856922
  0.71101374561304875  0.74154058604037043  0.79105339234445127  1.00000000000000000
 -0.03223139645374680  0.15781406115079286  0.20167102545229387  0.22796623908281380
  0.24715353029194495  0.26216904531139801  0.27520434402943317  0.28642978799254282
  0.29652104127854706  0.30556339459959975  0.31402006132974536  0.32187259518771383
  0.32933571793129401  0.33651530503513116  0.34333009950086202  0.34980836904747331
  0.35612715885142382  0.36217954319139900  0.36807752090951457  0.37381375895406754
  0.37941134963942436  0.38498652801209576  0.39048539734444832  0.39577932612656885
  0.40089490452982690  0.40589778681653099  0.41083096297453142  0.41563473574869647
  0.42036071149869014  0.42496054650367343  0.42955094052749149  0.43410819700894315
  0.43860337581630598  0.44304548938491944  0.44742266259032171  0.45177970661950112
  0.45613264911710555  0.46035010409250576  0.46442762708212354  0.46851152074252433
  0.47259139225317032  0.47673548056346571  0.48090735186354555  0.48488545099022451
  0.48883397825242730  0.49281039035299795  0.49679919864920580  0.50078129859138221
  0.50469684046038488  0.50856373700766910  0.51241650467355082  0.51628692617922067
  0.52019965567365101  0.52418651294937368  0.52822666976392363  0.53225162927495218
  0.53627257691937991  0.54036249941440662  0.54453980962485848  0.54879479377019114
  0.55311939570276558  0.55753988206727012  0.56199235414949400  0.56649889982552648
  0.57098875520161085  0.57541229706810548  0.57992562480932597  0.58446621855358083
  0.58903392056561976  0.59367303745691802  0.59839283255216147  0.60324447951141669
  0.60819642768493054  0.61322972394933140  0.61827048372275628  0.62334773470297955
  0.62856569453342837  0.63394458838866330  0.63952986739351181  0.64533021057725259
  0.65146003123486251  0.65789084776759976  0.66461291453409432  0.67176907797261654
  0.67926611019827365  0.68724598751080124  0.69591606472201617  0.70516435119021381
  0.71535814929856123  0.72664773716217346  0.73925901091488810  0.75414752422237818
  0.77278719045208155  0.79762441008606610  0.84138472058888447  1.00000000000000000
   8.7705345177016129E-010  -1.0000000000000000     
 F T T F T T T T T T T T F T T F F F F F F F F F F F F F F F F F
  <DiscreteSampler_grid>
  grouped_processes
  1 # 1 for a reference and 2 for a running grid.
  10 # Attribute 'min_bin_probing_points' of the grid.
  1 # Attribute 'grid_mode' of the grid. 1=='default',2=='initialization'
  0.0000000000000000 # Attribute 'small_contrib_threshold' of the grid.
  0.5000000000000000 # Attribute 'damping_power' of the grid.
 # binID   n_entries weight   weight_sqr   abs_weight
    10   10   4.682630907740557E+005   5.770370508271078E+011   4.682630907740557E+005
  </DiscreteSampler_grid>
