  0.00003506597905760  0.00003810184241685  0.00004061836332702  0.00004240738190703
  0.00004332323488070  0.00004446930707360  0.00004579128631679  0.00004717867626559
  0.00004857156801194  0.00004998483797547  0.00005142758890065  0.00005288032899872
  0.00005442542556957  0.00005604546470277  0.00005770915814225  0.00005942805777526
  0.00006119271934662  0.00006308216279984  0.00006509099207033  0.00006712825430558
  0.00006916946575681  0.00007128885008459  0.00007352308942645  0.00007586304293704
  0.00007836561542983  0.00008105927657758  0.00008389074655878  0.00008676344030110
  0.00008979339211969  0.00009304835694562  0.00009653442350588  0.00010012471027995
  0.00010401447377224  0.00010805711842490  0.00011219070617621  0.00011655797035876
  0.00012113130901221  0.00012588349222029  0.00013078910826067  0.00013595042114085
  0.00014131021544411  0.00014698039338102  0.00015297020609688  0.00015925159005014
  0.00016579337414281  0.00017276205030915  0.00018018336014070  0.00018784924678173
  0.00019573401743171  0.00020389207200770  0.00021200967426790  0.00022128327996061
  0.00023095620528873  0.00024109140515555  0.00025159836704786  0.00026248303979769
  0.00027368263475387  0.00028601533337922  0.00029874976688921  0.00031216748962652
  0.00032610801708727  0.00034064974208828  0.00035579490093375  0.00037206297556396
  0.00038931732296429  0.00040787420843569  0.00042806848568279  0.00044908865061981
  0.00047183872169803  0.00049584659647154  0.00052126210401356  0.00054827105948927
  0.00057688558668507  0.00060720931399029  0.00063941074755712  0.00067473602053308
  0.00071437646305879  0.00075857921221499  0.00080895734915268  0.00086368061319287
  0.00092477886986187  0.00099447925013888  0.00107506156280606  0.00117226184625068
  0.00129099531493457  0.00143721565765795  0.00161894330169436  0.00185503631374297
  0.00215345175066053  0.00256627779141718  0.00319609251643167  0.00417231037840761
  0.00614537059128377  0.01471706302149704  0.49450885371585163  1.00000000000000000
  0.05287834230913357  0.05443404658999085  0.05552937347582095  0.05646595350303996
  0.05730389078695480  0.05806605482525654  0.05879437160042796  0.05947685594997226
  0.06012780614207298  0.06075652960515358  0.06136517733855387  0.06195302768293103
  0.06252755593414158  0.06309859327837342  0.06366165071448154  0.06422582391311858
  0.06478103399115545  0.06533840017759644  0.06590410899500976  0.06646790499617949
  0.06702475030323052  0.06758577186391529  0.06815601337722593  0.06873456142716979
  0.06931602676216907  0.06990892696247142  0.07052500090341464  0.07114697698920981
  0.07175833759466209  0.07237369035510463  0.07301440772142065  0.07368115050277230
  0.07434684599200805  0.07499917683671715  0.07564502560552733  0.07629072750802859
  0.07695246346491559  0.07762771965997266  0.07830728860907683  0.07899181113331086
  0.07967860741882025  0.08037460814522068  0.08108365163358072  0.08179363848556082
  0.08251059921016525  0.08327052304880025  0.08406865394835734  0.08487759518508570
  0.08569878117565519  0.08656016445781234  0.08745506340373088  0.08835608004947658
  0.08926619804774541  0.09018427403257827  0.09110943170843656  0.09205078867307408
  0.09302485767510289  0.09404255858348069  0.09508991966637616  0.09615873032985979
  0.09723782275930401  0.09837089950761027  0.09958880849859171  0.10085316605591697
  0.10216035238065210  0.10350143464241923  0.10492090492176906  0.10645637720349180
  0.10804260549897045  0.10959184961881778  0.11108994251025588  0.11265653449740130
  0.11432732020091631  0.11604876266353792  0.11783292883839196  0.11965174240201486
  0.12158719911308520  0.12370898664107351  0.12620817194522874  0.12909415484232828
  0.13220709129552274  0.13543510428776817  0.13878862053405394  0.14238468426561221
  0.14619012301806653  0.15030807500603155  0.15490711481738939  0.16043692781386287
  0.16712710623770471  0.17446377897066959  0.18404088982775701  0.19804012167722551
  0.21750177504292495  0.26768282845581326  0.70176126708120368  1.00000000000000000
  0.00037225396352940  0.00075357200578761  0.00089540176803970  0.00096987488199559
  0.00105466104363198  0.00114466254092478  0.00125577478839905  0.00137049581362094
  0.00147220926183016  0.00156185605786393  0.00164367963193656  0.00172174618043834
  0.00179672214491307  0.00186787183167071  0.00193681374985131  0.00200457086635158
  0.00207551852936752  0.00214938258533494  0.00222384718876053  0.00229788905017296
  0.00237255367973615  0.00244706858230768  0.00252279818943475  0.00260461107815887
  0.00268929140257194  0.00277469406621739  0.00286296107818989  0.00295428541694028
  0.00304902092206710  0.00314999630428036  0.00325031810758574  0.00335141156076956
  0.00345234401387081  0.00355510637772120  0.00366311955043072  0.00377294965316317
  0.00388625524469334  0.00400537634440431  0.00412295259850372  0.00424880977968585
  0.00438135831875875  0.00451883242589097  0.00466146047294581  0.00480648790625037
  0.00495655254184336  0.00511451383771679  0.00527725850620001  0.00544434601575241
  0.00561611044384683  0.00579456625266414  0.00598310673405732  0.00618026253376666
  0.00639148402244544  0.00661825725569201  0.00686070214765436  0.00709833310552520
  0.00733563263398864  0.00758497603030122  0.00784769381025280  0.00812782761344006
  0.00842587105108661  0.00874371269720870  0.00908801051511292  0.00945888513982155
  0.00985822510711668  0.01028740791725262  0.01074359145339992  0.01123532051496176
  0.01177669109991974  0.01238123905338438  0.01306735920051257  0.01381764024710535
  0.01461362454305852  0.01546602130537289  0.01639635497667940  0.01741229740644803
  0.01852611675563052  0.01973942028999378  0.02111387193087710  0.02264444350636590
  0.02436787965863221  0.02635786987292235  0.02864488325559110  0.03117961571351328
  0.03403516137026625  0.03749244472885531  0.04180423064425585  0.04687782360417801
  0.05295167141207755  0.06079528944990091  0.07053258041875039  0.08406955052591493
  0.10245583738647669  0.13212409496052757  0.67543593570877969  1.00000000000000000
 -0.00200227986742828  0.00723261012165619  0.01564342852629739  0.02391240296754957
  0.03232745152194080  0.04086539150126757  0.04952190982116169  0.05805145091674414
  0.06660708687694264  0.07547216241052494  0.08467412265364664  0.09418456432282324
  0.10349150489240176  0.11248417563557585  0.12151847537421524  0.13069383475060167
  0.14010035620644343  0.14999189266300400  0.16009495343164920  0.17048330137769599
  0.18106301380213127  0.19215294148995182  0.20338558276295227  0.21493126280443436
  0.22680383256534936  0.23893751954807907  0.25083393683099209  0.26200867171576153
  0.27311857967188241  0.28431890505769536  0.29562668131493874  0.30709419738069932
  0.31927460240965067  0.33198985867269842  0.34458257210819843  0.35700674678106026
  0.36918725034919758  0.38100818792683910  0.39255448347591171  0.40408682428327092
  0.41565167891464283  0.42734562751094302  0.43943768695356578  0.45186817036242299
  0.46428078287115471  0.47659772325170952  0.48905479514109779  0.50164932107737292
  0.51430147710272178  0.52708556194351408  0.53995849499066018  0.55237017418495593
  0.56437425518247797  0.57623034578639620  0.58788512400703696  0.59935511424314802
  0.61135350555690804  0.62348878246619810  0.63479770608051422  0.64579762431404886
  0.65703689619979588  0.66866239407380190  0.68037513265575866  0.69189923972229750
  0.70327975378060570  0.71435879853752671  0.72513043834618185  0.73569579227157056
  0.74591760753775582  0.75645533483772731  0.76687563959426497  0.77790039424266011
  0.78932882576203156  0.80095457851250373  0.81225202215186842  0.82226117019311107
  0.83194818790479763  0.84161996216240720  0.85136414461269250  0.86117254369008389
  0.87079041232210586  0.88036661209944289  0.89004735035064808  0.89947434684380212
  0.90857714266028500  0.91752658138079246  0.92645544474055519  0.93539097778831937
  0.94414466227559624  0.95275319361648891  0.96118979099478419  0.96927143702332785
  0.97738066801373602  0.98501046848882134  0.99250106938495941  1.00000000000000000
 -0.00208592342326887  0.00884267067284407  0.01810054662355128  0.02863866829849140
  0.03883168719565090  0.04882181261440383  0.05884475521685494  0.06908542254898845
  0.07975395868897976  0.09002726589308230  0.10030883187859260  0.11078130089638612
  0.12128216215023502  0.13192678194025870  0.14276765860503784  0.15308821950567394
  0.16324462411200025  0.17360155816249789  0.18384245026340537  0.19338067525323396
  0.20244470964267602  0.21183685568900709  0.22178216732023787  0.23224252707809978
  0.24296158820408720  0.25371422372525443  0.26463016369567599  0.27517276350993813
  0.28552072817490121  0.29612042143400819  0.30700906314921006  0.31799185113667494
  0.32891791220713390  0.33983026936563859  0.35073149349343852  0.36159094465863023
  0.37237818840834819  0.38311225254354986  0.39377507765810460  0.40450325561099892
  0.41526082036047618  0.42582703055107740  0.43619596626293794  0.44683466546234707
  0.45756890775565712  0.46805908090283460  0.47874242460349176  0.49017882443875949
  0.50122194113421181  0.51068593763662784  0.52040038894506657  0.53028079979718001
  0.54048795377386583  0.55082704786916292  0.56129539852944832  0.57185181603159119
  0.58217126885824533  0.59215364321762598  0.60213669517420476  0.61225301523922837
  0.62246907911803129  0.63261513588394525  0.64273868921528976  0.65308178374940107
  0.66359255566448494  0.67428315812617345  0.68501051309249850  0.69578628711356483
  0.70650858384575810  0.71699878785618942  0.72744427442003734  0.73789298256558433
  0.74835723850525016  0.75913346543542759  0.76999009437726262  0.78066892918477249
  0.79125541167397573  0.80215759630825445  0.81323411400050816  0.82387919256309372
  0.83422373898105706  0.84455428020770718  0.85492511489272216  0.86526078746546076
  0.87604527160469892  0.88765607041286254  0.89951411141469872  0.91148842956588971
  0.92305088755351716  0.93391319226166380  0.94490886109610217  0.95613414104705274
  0.96739917821388133  0.97793940425157400  0.98911700777234757  1.00000000000000000
 -0.00204868846463290  0.00808269126458859  0.01761026054411314  0.02715320880660167
  0.03693999607842600  0.04665166594179804  0.05644143360005721  0.06623557058356407
  0.07609234371765310  0.08610125169831477  0.09633838695245939  0.10661181702983102
  0.11667215722215792  0.12689536212627223  0.13728783395402105  0.14774411084345646
  0.15796736053642432  0.16844333345455675  0.17912837272257146  0.18963170199538865
  0.19989546423225729  0.21032728672389731  0.22130840211349687  0.23211159203441689
  0.24281802674087435  0.25373842628737581  0.26497444184942126  0.27604779669846174
  0.28694997337887995  0.29788917699912704  0.30871388316442311  0.31951103450589002
  0.33055892531327191  0.34178260157859758  0.35310444779438738  0.36416847573440003
  0.37509262157429568  0.38553053916953262  0.39623130623075614  0.40723014402507873
  0.41851979362659242  0.42950048640945060  0.44115277887000393  0.45332122115515899
  0.46513220610359896  0.47664545775555434  0.48831637279233331  0.50035108253657912
  0.51146700315046456  0.52225959786101861  0.53275802545772977  0.54348833655751316
  0.55481864239788237  0.56611066140380839  0.57744356947589692  0.58853392803709614
  0.59980313731850321  0.61119885158279630  0.62271145274902839  0.63373179208127473
  0.64444816666716687  0.65522764702997094  0.66570199639149896  0.67591986345560684
  0.68621461895328706  0.69684733895912676  0.70730341201541502  0.71748105362688308
  0.72762948990621357  0.73770654220156628  0.74790486702296999  0.75803157515054453
  0.76805753853531866  0.77812199872972687  0.78828138917891644  0.79871651138696043
  0.80928732895270383  0.82000213524767318  0.83074970634176071  0.84123917266346104
  0.85163112316407408  0.86235643326182887  0.87333805722668645  0.88426679259256236
  0.89505955909505430  0.90531731453113173  0.91518592053557668  0.92495713481742059
  0.93453073158481181  0.94396551867586032  0.95319256490307991  0.96247364826331194
  0.97211799357395701  0.98140043021102263  0.99080051625834797  1.00000000000000000
 -0.00219207111887228  0.00866049013063769  0.01836962243304190  0.02871080379844288
  0.03930619785243478  0.04936780062704590  0.05927962859128264  0.06896374221504301
  0.07882977777084881  0.08892526707303269  0.09909277144274860  0.10972718580111181
  0.12091999773714342  0.13174073308129755  0.14190519252804751  0.15154751932002750
  0.16104151806395697  0.17069756904521793  0.18057271811598208  0.19087657335305055
  0.20126036460749849  0.21150231334132677  0.22158953275817256  0.23175200626866754
  0.24226789849865241  0.25303784974051330  0.26371085469370992  0.27410492957943378
  0.28448257854257253  0.29490607112984979  0.30529959207268481  0.31573347640648552
  0.32609683243440357  0.33626573246751273  0.34627517720122353  0.35626559820853132
  0.36650129947051641  0.37717532955014316  0.38835225440811000  0.39955260615745569
  0.41029972402903025  0.42099804810149943  0.43190439467148267  0.44294257373613977
  0.45399167020530429  0.46519629785585342  0.47647166113362044  0.48755854127510040
  0.49825402576571892  0.50851473731308239  0.51850605992353038  0.52861223869689000
  0.53889179378713581  0.54927381436021849  0.55964277623393222  0.57018888652396371
  0.58076342050027197  0.59115946025714949  0.60164687218683843  0.61232641545607691
  0.62319082490610356  0.63406260954536375  0.64467246493236641  0.65538949739044206
  0.66606159545309884  0.67683030959020873  0.68761997966231880  0.69809085843226026
  0.70838539965809266  0.71865094707634813  0.72882871478169797  0.73901720280210270
  0.74942037306612730  0.76045110401754112  0.77139696939762992  0.78262477370190431
  0.79390924692899723  0.80533962640740175  0.81661176244047606  0.82763543888124402
  0.83848394606019327  0.84915752383820819  0.86000698990777047  0.87134428357717042
  0.88178157004284874  0.89164793591040548  0.90125025168334016  0.91110139435403359
  0.92154010839816936  0.93226330002566982  0.94355096752884682  0.95606848937877853
  0.96720335846823524  0.97816481077547701  0.98879889432571466  1.00000000000000000
 -0.00242389418358543  0.00903044676678745  0.01964460135672370  0.03034910637523064
  0.04120968466405611  0.05202470360464599  0.06272652685798671  0.07304173091843007
  0.08317509868478395  0.09304331498369679  0.10305246264992073  0.11272042377150762
  0.12304140293933540  0.13322859819251121  0.14281937510510914  0.15197425101320072
  0.16103494023962253  0.17059260375517254  0.18085527575722396  0.19080962454064443
  0.20076059586991718  0.21095190481541415  0.22136851776511091  0.23182202319375178
  0.24216015933539511  0.25284888608691186  0.26399619639104976  0.27489799479122323
  0.28554679423205337  0.29617775533389301  0.30723312271796149  0.31826491853847494
  0.32892624856277458  0.33985074649114810  0.35082139965909548  0.36184189949827456
  0.37282685012832861  0.38388765252896556  0.39481903853959266  0.40557686274372468
  0.41634606441580085  0.42669292645392320  0.43715614107365047  0.44801841688876548
  0.45863365582298998  0.46880561126175652  0.47905740652658463  0.48966383849492034
  0.50043086264393377  0.51121073614176260  0.52208941805627507  0.53346017191410311
  0.54446196369966138  0.55482116557065220  0.56509399777576841  0.57511816209251176
  0.58507250044601922  0.59476911342441430  0.60447884726599088  0.61439038256154455
  0.62456869246032687  0.63497008284476653  0.64541927752738570  0.65594170426696097
  0.66663645432412477  0.67737856644587136  0.68802776949048239  0.69854888919271263
  0.70933054632646175  0.72021918731988277  0.73085611657069183  0.74127404068033875
  0.75178785964550465  0.76252160946997682  0.77276410164261278  0.78257369106001407
  0.79234940891131322  0.80230366102257467  0.81234523959864247  0.82248148730649662
  0.83274111815531771  0.84332597908236528  0.85418428159185344  0.86525887818620917
  0.87638148920970238  0.88770706185258252  0.89935051168811353  0.91140553512546674
  0.92305432025439405  0.93443714044871384  0.94537840348314439  0.95623383614773516
  0.96680092195478773  0.97736660717417301  0.98842739806260271  1.00000000000000000
  0.06521871722899233  0.14308271777636333  0.17040084937786065  0.18568108726782034
  0.19872866994603433  0.21078894023686862  0.22209987639336123  0.23268780436842657
  0.24271992533689279  0.25211220762949071  0.26070877590980757  0.26875863338817041
  0.27632636264092003  0.28385670828761345  0.29160551606347124  0.29896088874715199
  0.30589866505997826  0.31258040931510228  0.31908591611564036  0.32541080026968178
  0.33151707754257970  0.33749794042107739  0.34339143705119857  0.34928063499252671
  0.35515612835862265  0.36094786516740246  0.36659364314320414  0.37210276952286780
  0.37753254550454340  0.38289200984494509  0.38824933697793257  0.39344388700399924
  0.39865862885185704  0.40401447699303489  0.40943071035762457  0.41487873865738634
  0.42024163728882952  0.42548674970158162  0.43064697248048628  0.43578089267477577
  0.44093063002829075  0.44616140427392731  0.45141851130527338  0.45662499281378621
  0.46161713986120279  0.46646840731512762  0.47129791011736549  0.47633638036249193
  0.48141419304097349  0.48630458160189177  0.49105255511537493  0.49582357419271184
  0.50069710171537252  0.50569356135355825  0.51075088433821147  0.51577382394694871
  0.52071265801706168  0.52559828254955554  0.53047120196242814  0.53539527940880483
  0.54039809544954676  0.54545553658030821  0.55052980872035395  0.55562415260102482
  0.56073073048361743  0.56607487073441376  0.57169849126685879  0.57711160235899450
  0.58259597410670516  0.58836058989981199  0.59422779534597692  0.60011165520415499
  0.60589024577347061  0.61149724610311917  0.61710067138074931  0.62300659854964335
  0.62925264120777213  0.63568175260373050  0.64216720255957072  0.64868346850277081
  0.65535877545076049  0.66210586872414501  0.66916653526733405  0.67737947416068489
  0.68583321335213887  0.69488398257203043  0.70419871628993236  0.71395259046151582
  0.72446159190949189  0.73592040379238377  0.74861941037580293  0.76321946770718041
  0.78055835954946473  0.80329312041858014  0.84239801818386018  1.00000000000000000
 -0.03194982400151212  0.16012763756658416  0.20336270510800250  0.22982838014978968
  0.24903597567097172  0.26425048981844351  0.27716644183341016  0.28877790209127430
  0.29931973117484861  0.30868722579999786  0.31719422938838815  0.32504855023621293
  0.33251681678810946  0.33959467965108142  0.34641531046112045  0.35302284474672990
  0.35920908745388952  0.36503215185919685  0.37062869900699086  0.37608384280955404
  0.38132762608328880  0.38647668584079081  0.39166336445559990  0.39671517310259391
  0.40145454522776874  0.40601270022449276  0.41039602904925288  0.41466604347994701
  0.41894953111062699  0.42340376524895196  0.42783512919971839  0.43220589646999641
  0.43643881372025295  0.44052186003314819  0.44454466913269963  0.44855336925346123
  0.45257886526277169  0.45658276628279149  0.46054633153289237  0.46466392574132082
  0.46878718979444356  0.47294359463731833  0.47705217558007629  0.48100223557108945
  0.48483787495800890  0.48865586712088127  0.49253221884405718  0.49647329523576517
  0.50039158319948018  0.50424496300263022  0.50809469115322803  0.51194113953694365
  0.51580979324544296  0.51962618461719146  0.52334642510126450  0.52706798233219398
  0.53083082447958396  0.53462897256166209  0.53845582737947018  0.54236486559004982
  0.54638680118336747  0.55050009066203831  0.55462574290025357  0.55869428197654802
  0.56276721900600102  0.56702578498526623  0.57141679121963851  0.57580609413752271
  0.58028463518063700  0.58496897258373015  0.58986816071643777  0.59498759602999474
  0.60010852619690735  0.60537842377360407  0.61076303371307095  0.61619655935294493
  0.62171565985856847  0.62737118901460009  0.63317420192907470  0.63905402780269394
  0.64522197964881212  0.65177250713759272  0.65876746310416190  0.66629918076877637
  0.67408067608471733  0.68212898119106513  0.69070274830754463  0.70001672921441294
  0.71017530614382551  0.72146243345084338  0.73442204176559489  0.74943922244825723
  0.76822661481906351  0.79504137313877488  0.83950312341898758  1.00000000000000000
   8.8383462365456733E-010  -1.0000000000000000     
 T T T T T T T T T T T T T T T T T T T T T T T T T T T T T T T T T T T T T T T T T T T T T T T T T T T T T T T T T T T T T T T T F F F F F F F F F F F F F F F F F F F F F F F F F F F F F F F F F F F F F F F F F F F F F F F F F F F F F F F F F F F F F F F F
  <DiscreteSampler_grid>
  grouped_processes
  1 # 1 for a reference and 2 for a running grid.
  10 # Attribute 'min_bin_probing_points' of the grid.
  1 # Attribute 'grid_mode' of the grid. 1=='default',2=='initialization'
  0.0000000000000000 # Attribute 'small_contrib_threshold' of the grid.
  0.5000000000000000 # Attribute 'damping_power' of the grid.
 # binID   n_entries weight   weight_sqr   abs_weight
    10   10   2.531764044189110E+003   2.730584955796002E+007   2.531764044189110E+003
  </DiscreteSampler_grid>
