  0.00003178639652278  0.00003940516731017  0.00004617514356078  0.00004803569936582
  0.00004986493709780  0.00005279827584486  0.00005580134873143  0.00005902150782962
  0.00006226679561614  0.00006554935827539  0.00006900711116307  0.00007243456873003
  0.00007558953627998  0.00007910451509276  0.00008340913804924  0.00008814747516751
  0.00009295851234912  0.00009826542444770  0.00010451427249948  0.00011122488552016
  0.00011789827561808  0.00012472801084171  0.00013199719820578  0.00013969028932230
  0.00014745582880178  0.00015513468707202  0.00016301328396447  0.00017120307163166
  0.00018001405040571  0.00018909918316783  0.00019785579727373  0.00020673524532843
  0.00021608650311739  0.00022597288173188  0.00023622033484954  0.00024695075002945
  0.00025790310984413  0.00026968012831965  0.00028298432526112  0.00029789038325365
  0.00031379222224506  0.00033030298912342  0.00034733525561102  0.00036460957654105
  0.00038240907329719  0.00040058198851914  0.00041944648329042  0.00043897385547499
  0.00045956148841940  0.00048075156567138  0.00050200389657318  0.00052413550068158
  0.00054584571460621  0.00056638882453146  0.00058887960552350  0.00061192644770781
  0.00063541168746109  0.00066175369317240  0.00068917737779676  0.00071690221523433
  0.00074606945490733  0.00077851747138359  0.00081149457355454  0.00084715138117419
  0.00088554413405442  0.00092634527291127  0.00097001279844708  0.00101615832437433
  0.00106578844780068  0.00111918784816397  0.00117544343910193  0.00123706054101909
  0.00130299325902113  0.00137222633987855  0.00145078023664138  0.00153436900257883
  0.00162231169641552  0.00171599661069069  0.00181920843781548  0.00193432644062457
  0.00206235217669508  0.00220853219721045  0.00238701547402322  0.00260250579521327
  0.00284733213136759  0.00313675765050558  0.00349507597277706  0.00396649283961284
  0.00462348704930104  0.00551945359015689  0.00693058164990771  0.00935690326021804
  0.01646167860912103  0.10417577536068262  0.51493341146207761  1.00000000000000000
  0.00106627831878282  0.00231784639036977  0.00302870191613932  0.00338903847775567
  0.00364998218142759  0.00382725922774975  0.00398091290328079  0.00412153317149945
  0.00424254170640137  0.00436995179572703  0.00449955489299210  0.00462624170879295
  0.00478442927754473  0.00496402273316992  0.00512509192789812  0.00526843392948053
  0.00540362529068826  0.00552803560880434  0.00564880678022237  0.00575930541894113
  0.00586508337588161  0.00596801597162430  0.00606620447338817  0.00615953967134516
  0.00626797595342325  0.00638900246778958  0.00650798588040109  0.00661844813543700
  0.00672553807107891  0.00683179124225092  0.00693951509178257  0.00704937239544510
  0.00715965259787612  0.00727858969595083  0.00740219832257286  0.00752424595873897
  0.00763858649820659  0.00775138566166700  0.00786386631381810  0.00797972589767315
  0.00809370183040698  0.00822202190761024  0.00835876329525827  0.00850506646396749
  0.00865891210405831  0.00881409727573974  0.00896719567514447  0.00912199367103760
  0.00927263334511782  0.00942541809312471  0.00957107427251125  0.00972558233453527
  0.00990089710892535  0.01008527590849244  0.01028233306775526  0.01048269443359912
  0.01068453814789374  0.01088703383037280  0.01109156665652310  0.01129532345566810
  0.01150869985603632  0.01173471555908641  0.01197027009143245  0.01221027766929134
  0.01245951455043005  0.01271802880185346  0.01298561489629601  0.01327010980767073
  0.01357758126611840  0.01390881651844473  0.01425175086388551  0.01460166249735180
  0.01497783916699604  0.01539405692374953  0.01583575800720457  0.01632775216972440
  0.01686910181787601  0.01744148078191483  0.01806583945886804  0.01872892235113174
  0.01950633965492208  0.02036009216295567  0.02134667514067514  0.02245590743507154
  0.02379216165185796  0.02527408786840940  0.02694429725024999  0.02888404030721582
  0.03132144553876823  0.03432769848530280  0.03811954098398750  0.04397696312409852
  0.05332554882207174  0.07460443588186567  0.67475520823690716  1.00000000000000000
  0.00155316411801110  0.00280388413524121  0.00313122438495530  0.00339832570631276
  0.00366263287032422  0.00391959359398122  0.00417259060234127  0.00442657014532157
  0.00465525271085443  0.00487489686596716  0.00509259026853218  0.00530938020694023
  0.00552107922268566  0.00574893927460668  0.00598527209323642  0.00622866597202777
  0.00647172397777086  0.00669333873579914  0.00685561825404794  0.00696048492806975
  0.00709320532193926  0.00725079383622358  0.00741131428264970  0.00757006626249126
  0.00772606650696243  0.00787599846749944  0.00802291716849547  0.00817635967904601
  0.00833225984917158  0.00849822107251146  0.00866688040588643  0.00883502311345791
  0.00900447105509867  0.00917306137261319  0.00934236349643720  0.00951655451566620
  0.00969780151360776  0.00988850034329036  0.01008546811879325  0.01028545399069510
  0.01049846061758090  0.01072744457509461  0.01095306724448038  0.01117810937219354
  0.01140252141754484  0.01162980875574901  0.01186478837300636  0.01210617603418399
  0.01234746554127134  0.01258456237020718  0.01282154899705111  0.01306874315703672
  0.01333040982742725  0.01360575708752040  0.01388445004612161  0.01417762310830136
  0.01448743110729596  0.01480447952114281  0.01513653327167772  0.01547828780171519
  0.01583361649633743  0.01619061237402324  0.01655692364167153  0.01694457273424882
  0.01735661232383879  0.01778097184098216  0.01822435290973891  0.01869499114303976
  0.01918843266332908  0.01971603277619445  0.02027946268940443  0.02086488605906986
  0.02146810219315660  0.02209526319934118  0.02276114541631578  0.02348880597412302
  0.02429029821936242  0.02512778271648314  0.02601433455263883  0.02694569530810334
  0.02791171132384156  0.02901551574409255  0.03028150894729629  0.03177228305112314
  0.03334534446991934  0.03495264388572499  0.03671861088275351  0.03886781893423883
  0.04147629310948159  0.04443679149047056  0.04823674109880894  0.05333047603173267
  0.06110501580899307  0.07492413981706245  0.60363515249301747  1.00000000000000000
 -0.00188921547466985  0.00733995612781540  0.01377214984561416  0.02036330853631872
  0.02736933222330895  0.03413652040308141  0.04159184476038454  0.05011202465536635
  0.05924769168283672  0.06920921538243259  0.07965334769145202  0.08929559399283904
  0.09840430274288033  0.10747243650213401  0.11695576508199143  0.12694360484128420
  0.13708656233357849  0.14788060203665171  0.15974516006700282  0.17177147953647914
  0.18273615020777775  0.19325935550930376  0.20392628097926016  0.21524739560219841
  0.22660764624726193  0.23805162470456262  0.24940554755744154  0.26118700913549153
  0.27293849228030043  0.28481249529868874  0.29724239753023535  0.31018326493294679
  0.32211873412026293  0.33318476498065375  0.34429535151024537  0.35533208878263167
  0.36596472555107801  0.37663927834173594  0.38747137625731864  0.39859463664831696
  0.40960547883028459  0.42034276520493680  0.43112902334616598  0.44217191862586985
  0.45292735411156199  0.46351663283895428  0.47393476264867840  0.48497539162268050
  0.49613528120465716  0.50791896342266174  0.51973052899271766  0.53046511612873082
  0.54087898721440386  0.55096703373937916  0.56175539875585345  0.57272396304970630
  0.58408447557816900  0.59594956672999921  0.60726504319786290  0.61806374383115104
  0.62888476877475141  0.64024527655528807  0.65103482305177252  0.66085117153809003
  0.67058357117109879  0.68118227912245988  0.69254677609049875  0.70344075265274764
  0.71438293308069412  0.72601754496062754  0.73840685937834249  0.75094994123265424
  0.76408567603022826  0.77626546446525180  0.78789843303671636  0.79885568400253726
  0.80976352925752437  0.82072558679317220  0.83162780984514673  0.84268615623756915
  0.85356620825036100  0.86396182843339953  0.87410855236430030  0.88456756679846504
  0.89570600674364664  0.90691640904037518  0.91777905877829624  0.92787637236990328
  0.93757194182586401  0.94677172920101915  0.95551296304190425  0.96412953212010744
  0.97269165007182889  0.98164016519940578  0.99055000441604557  1.00000000000000000
 -0.00235948360727770  0.00924372372536177  0.02019694330420561  0.03091404325963914
  0.04202209744730821  0.05235641720490794  0.06296647762649382  0.07334797232032460
  0.08431707452870871  0.09458195771767337  0.10481548276550810  0.11470821958123112
  0.12500861335732033  0.13494499662722367  0.14495279325413712  0.15428069353824034
  0.16363845641922545  0.17312919843256400  0.18318405838546384  0.19371776097349203
  0.20434200571363520  0.21479610409816471  0.22494591256022559  0.23474170062404578
  0.24442945688882733  0.25435351378050597  0.26477274572831022  0.27549933840132135
  0.28638501030754976  0.29686850530511022  0.30701526242308641  0.31708005797623118
  0.32710437980797619  0.33717924866323873  0.34747812028208563  0.35818935453971634
  0.36919115516312051  0.38032972577437968  0.39146683554203976  0.40212031790933261
  0.41224741017168348  0.42239071055904404  0.43179360538142558  0.44013943135459360
  0.44821959985213539  0.45674829061363237  0.46702941009618315  0.47795951151698818
  0.48913941058066845  0.50056964786793523  0.51204542157690058  0.52337410032050335
  0.53446296283045025  0.54528956313777921  0.55577112021948971  0.56670037458427081
  0.57782765101186251  0.58806564030328445  0.59801927296698143  0.60837123984026009
  0.61985865098768600  0.63096677099741660  0.64163445647282302  0.65282148351323877
  0.66386714572464856  0.67457302220938009  0.68496789385377577  0.69598958866426730
  0.70703317187966563  0.71799759114408546  0.72905285530309161  0.74047469129918209
  0.75184139717884702  0.76291482191674298  0.77374944254541134  0.78485914008297175
  0.79609982757189091  0.80744469203190705  0.81866562032367773  0.82954588877525159
  0.84016175439477137  0.85051995521544954  0.86072865085591788  0.87051898125204763
  0.88049413325463266  0.89061642929911355  0.90157955338478324  0.91342453604711282
  0.92465609069969446  0.93480128583187594  0.94508769681788551  0.95544535065690506
  0.96607950754042449  0.97672256070080310  0.98817877137386789  1.00000000000000000
 -0.00270368732325768  0.00952433370582910  0.02086476388331903  0.03158086656150885
  0.04248949395380067  0.05351544037886382  0.06457211210355082  0.07556799343074229
  0.08636564147083563  0.09732192889360945  0.10850465654129907  0.11977790758984239
  0.13081913923861674  0.14157505213162813  0.15244251623608820  0.16361489736387894
  0.17565904869029170  0.18835126957645737  0.20082202368656032  0.21257707754457750
  0.22342466272275668  0.23365217411112457  0.24383355369278650  0.25380514549176691
  0.26371635580007169  0.27354753357950901  0.28364201841074510  0.29410626466495265
  0.30437225966912218  0.31438631015301904  0.32391209735227694  0.33334769824657556
  0.34405931046082427  0.35580481702523398  0.36770951924837858  0.37907477341332951
  0.38986446742577491  0.40063401123820408  0.41167696692310624  0.42324947697509946
  0.43496677483189172  0.44622238858896274  0.45687105223389651  0.46703364462656388
  0.47702247406012854  0.48692887945513724  0.49682321696413384  0.50736933457151301
  0.51850271183443397  0.52783010086796700  0.53646866605745780  0.54516754865834471
  0.55485011990440680  0.56564187397543408  0.57514990985169745  0.58421061924211937
  0.59366121531082561  0.60372419080279360  0.61408430031621741  0.62442675252097424
  0.63444332606463760  0.64426746876518248  0.65437386578805556  0.66498084958953296
  0.67585168173974886  0.68636195465704541  0.69678853517080575  0.70697230086647411
  0.71734953736516394  0.72776147676760128  0.73865910228442222  0.74940887762825004
  0.75933410704416182  0.76887744801594460  0.77822776743443745  0.78797941666939586
  0.79761856096315342  0.80749127617127414  0.81789515181703143  0.83024758047172575
  0.84138779839621980  0.85255400008231186  0.86366206369265752  0.87540890004575478
  0.88687728499479657  0.89803768053489319  0.90785643528450655  0.91762042095503804
  0.92738999778049414  0.93741734712952196  0.94703045285596998  0.95604639858710871
  0.96685775806429297  0.97800904806087408  0.98927957658478560  1.00000000000000000
  0.01753360005804578  0.01848322048719375  0.01909685706478139  0.01955147923973330
  0.01993237232061690  0.02032563868981994  0.02065037269916522  0.02109451463526787
  0.02159720545807296  0.02206900062690460  0.02252282040758922  0.02296550703430583
  0.02340461241931898  0.02384144277975812  0.02426776122812679  0.02468123990337289
  0.02509057770472822  0.02550135307720596  0.02591654488895594  0.02633406711934705
  0.02676217672495837  0.02719616409566864  0.02763960126719551  0.02807663949482258
  0.02853852114448637  0.02900797915743150  0.02948436393651281  0.02996838468362620
  0.03045759157638266  0.03094716806403147  0.03143835334170741  0.03193734923552079
  0.03244314871017825  0.03296996603019490  0.03350779963758994  0.03409467220986708
  0.03468425008407370  0.03528048163134889  0.03586390622981057  0.03644312690351845
  0.03701883702095247  0.03760024324062793  0.03820272729571406  0.03882170546416586
  0.03945270119647337  0.04008976696068896  0.04073581149949925  0.04140815312642407
  0.04212752454367160  0.04291175330608523  0.04373348722832459  0.04456130460623819
  0.04541311694735731  0.04629942717740148  0.04720640248578685  0.04814818917344290
  0.04912758892213069  0.05012183353159879  0.05110231994840232  0.05206881769946425
  0.05305634987111343  0.05409366324090618  0.05516223481304949  0.05624847845404501
  0.05737827903651412  0.05856061533748494  0.05980440375327554  0.06104692728192757
  0.06235863583179673  0.06373851797539037  0.06516599055990861  0.06665320525055832
  0.06820993498463443  0.06984201480185188  0.07154197781045128  0.07325079671020729
  0.07496554208724636  0.07674778447437335  0.07852083169848487  0.08041422384336418
  0.08246391762791504  0.08488812773327598  0.08786721445773811  0.09117669207982111
  0.09462034368929473  0.09833266097734887  0.10228492673145244  0.10635884780852861
  0.11070731986545801  0.11555349108434904  0.12146190812048151  0.13136590623803290
  0.14840982455848564  0.17150254473759297  0.69102197866337323  1.00000000000000000
 -0.00331711760692375  0.01381201393706654  0.02679761719451986  0.03915543827187758
  0.05161856496592128  0.06464921493038485  0.07724237446818269  0.08835233954087543
  0.09971296979020350  0.11098288609416512  0.12263085170742266  0.13429992099066651
  0.14578542087090246  0.15694058410193740  0.16836750698291642  0.18027589010005776
  0.19188314633159007  0.20252234968320407  0.21230309779267870  0.22199985071655598
  0.23177161281201578  0.24208540362936146  0.25244032425941076  0.26317700481263590
  0.27381039521442657  0.28416117063914859  0.29408215527393999  0.30335336789504469
  0.31107159190997641  0.31884100463792431  0.32659033463714815  0.33522418764519085
  0.34533279601341871  0.35588837830529696  0.36595797763496407  0.37589828786295310
  0.38561683052774098  0.39474007855753190  0.40325908567568164  0.41193892916676672
  0.42135163505459794  0.43182171685596832  0.44229785027725382  0.45213571197025104
  0.46213550179048596  0.47187338051716748  0.48190881559088028  0.49202097005114276
  0.50264973258002088  0.51331135963132213  0.52375364256459400  0.53481511156321093
  0.54529337391082722  0.55547183625972596  0.56510041412207634  0.57435447145626539
  0.58323051150034488  0.59126933452282071  0.59885909362473211  0.60656658153258747
  0.61460369220696354  0.62290436610741795  0.63178720581010084  0.64088784447762859
  0.64962820638815877  0.65818936299197683  0.66740809742955809  0.67784838396456504
  0.68900431344413726  0.70045402652507205  0.71129057630775805  0.72106886827125927
  0.73051277895248978  0.73995766801254104  0.74964596280246432  0.75961630797301827
  0.76980856077659188  0.78112642910015684  0.79177512669703010  0.80227704035065384
  0.81279512112897900  0.82405331008799076  0.83563124370073405  0.84781611856732730
  0.86010450960660789  0.87262457030692253  0.88431736442524378  0.89702765186004563
  0.90984310126704271  0.92375476768892140  0.93664428546617318  0.95058373627815707
  0.96297356713503279  0.97515864227907456  0.98700740450641644  1.00000000000000000
  0.08902395772720362  0.16391590696494748  0.19994927977954252  0.22167051550891614
  0.24033897713062022  0.25655356045008171  0.27083364755765160  0.28296526579062559
  0.29321711364296299  0.30256958920556876  0.31162006217902405  0.32034297182540972
  0.32854785415844162  0.33633757591279462  0.34422736965263606  0.35151284980216213
  0.35911310199948626  0.36681770781682616  0.37488652371782638  0.38187801678856603
  0.38868714075896876  0.39536241506580111  0.40161449818194117  0.40781874354080672
  0.41368603667415482  0.41916655441833628  0.42433954146614439  0.42938493851905762
  0.43450997597559554  0.43972315166379244  0.44491081145075062  0.44996482903378310
  0.45485971550998583  0.45963948178291603  0.46435598872581957  0.46913697435631802
  0.47396080559139114  0.47849142751742818  0.48293851750262423  0.48713091813760051
  0.49158599841968686  0.49616149559498846  0.50066096652481917  0.50496141494024249
  0.50913596494464686  0.51326580059115312  0.51741123285079482  0.52155220035088123
  0.52565070540014769  0.52975800461766065  0.53376926939458358  0.53767490850435351
  0.54151385697143717  0.54538250488240891  0.54935848569149082  0.55345761887854494
  0.55758981550428022  0.56143182554418947  0.56501767735896391  0.56878250458857738
  0.57264249975995474  0.57682819156996623  0.58130333906571352  0.58569315223398155
  0.59015570981391208  0.59469046604577613  0.59921919706161542  0.60368705018777635
  0.60806509909614603  0.61259869643676546  0.61719493259710101  0.62196439587166508
  0.62702047100300151  0.63237772605966369  0.63761090483211391  0.64327139090890029
  0.64902502418159413  0.65495233055912316  0.66087306971686299  0.66693319147909869
  0.67336693453430263  0.68019484507886641  0.68724671253915770  0.69432466730122200
  0.70145553661209958  0.70885252322855341  0.71657123797126532  0.72459071200783209
  0.73304452310725821  0.74268809686022441  0.75405779817817398  0.76822138813478114
  0.78569120418583627  0.80791076033825171  0.84419431431012204  1.00000000000000000
 -0.03196445412495694  0.16010836642647483  0.20532801956738933  0.23170038363151657
  0.24990819863359454  0.26471748352256891  0.27765345716543649  0.28908008204938340
  0.29942435804492479  0.30897090399420279  0.31750609131218960  0.32512824243266286
  0.33209611842174563  0.33878234462327445  0.34546878732432201  0.35221382258205236
  0.35878589449759551  0.36491303945332715  0.37081794581876298  0.37673673897052173
  0.38275370869645775  0.38867810552447857  0.39429965664182537  0.39963703553359470
  0.40488160899991482  0.41012738231576129  0.41508009987455002  0.41963781768783515
  0.42396709120228682  0.42833351039473361  0.43291553083204609  0.43742697795269264
  0.44152003887768415  0.44536713908700060  0.44908287711513972  0.45267353397831323
  0.45627080313795482  0.46020668121264957  0.46430023992321096  0.46827185643891894
  0.47229090947776803  0.47631818664193060  0.48027161207895469  0.48416641134957500
  0.48793083674611587  0.49165381516366102  0.49535663538434210  0.49919238613912947
  0.50314480977588483  0.50714037467204354  0.51088547706324750  0.51453946463325595
  0.51813624218852883  0.52154353736154435  0.52495015014326818  0.52853703295863064
  0.53215321844537011  0.53580523945500791  0.53939970735702236  0.54324470571489281
  0.54734291420059489  0.55155977843721793  0.55573895385085104  0.55980918053368101
  0.56388415908926626  0.56810214730280784  0.57248497238719342  0.57702095580755375
  0.58175123746194701  0.58675969667190275  0.59212556654434323  0.59778477977456479
  0.60318541098701361  0.60828589389045518  0.61326344829648227  0.61810965879132984
  0.62352182314106597  0.62894215648567353  0.63466619537011115  0.64074650741394334
  0.64720913043555106  0.65368775314251404  0.66010112201109894  0.66686842134660540
  0.67454435172292271  0.68302381163560000  0.69208761158186771  0.70158184508665622
  0.71166013853919219  0.72268651106309645  0.73533858714406630  0.74985234380079568
  0.76880691626946474  0.79587069723772097  0.84206645106023148  1.00000000000000000
   1.1374161847830440E-009  -1.0000000000000000     
 F F F F F F F F F F F F F F F F F F F F F F F F F F F F F F F F F F F F F F F F F F F F F F F F F F F F F F F F F F F F F F F F F F F F F F F F F F F F F F F F F F F F F F F F F F F F F F F F F F F F F F F F F F F F F F F F F F F F F F F F F F F F F F F F
  <DiscreteSampler_grid>
  grouped_processes
  1 # 1 for a reference and 2 for a running grid.
  10 # Attribute 'min_bin_probing_points' of the grid.
  1 # Attribute 'grid_mode' of the grid. 1=='default',2=='initialization'
  0.0000000000000000 # Attribute 'small_contrib_threshold' of the grid.
  0.5000000000000000 # Attribute 'damping_power' of the grid.
 # binID   n_entries weight   weight_sqr   abs_weight
    10   10   4.233149948968838E+003   1.583112290324617E+008   4.233149948968838E+003
    16   10   4.233149948968837E+003   1.583112290324617E+008   4.233149948968837E+003
  </DiscreteSampler_grid>
