  0.00097163966925632  0.00127594999688680  0.00184290375058473  0.00239023116233937
  0.00288774208094477  0.00332887484336250  0.00374688412488442  0.00414248644492116
  0.00452207855830033  0.00489715733847414  0.00526108497329428  0.00561735976193727
  0.00596359528577276  0.00629203333299153  0.00659591350155038  0.00684611913449510
  0.00696776296766083  0.00713380155832256  0.00730273663618110  0.00746964848586425
  0.00764057941618552  0.00782854281321528  0.00805196420078721  0.00827223949297085
  0.00849387884824035  0.00871855782224714  0.00894618911158572  0.00917454329578557
  0.00940132082369175  0.00962665576918948  0.00984974694963361  0.01006988876965781
  0.01029123848022436  0.01051598423690240  0.01074223545635825  0.01097468748541498
  0.01120910472244213  0.01144517166732021  0.01168328111694593  0.01192182849052483
  0.01216269163325106  0.01240654439671164  0.01265532737765970  0.01290464546400449
  0.01315652671459104  0.01341478411119439  0.01367706838292806  0.01393481282073812
  0.01420687721864160  0.01448042244251939  0.01476877358830053  0.01506806270247830
  0.01537547808744456  0.01569098355117796  0.01600909305270818  0.01634091744939579
  0.01668148089198196  0.01703261220797049  0.01739512902251347  0.01776813250278668
  0.01815813935993469  0.01856349004802731  0.01898190803984887  0.01941478936667690
  0.01985748301369025  0.02031361372255732  0.02079782861492962  0.02130189228917317
  0.02183006236763325  0.02237207688416717  0.02293593883678775  0.02353618007828080
  0.02418775554410124  0.02489184640563838  0.02564657252127501  0.02645413932867739
  0.02738057594589260  0.02840351757227591  0.02949540496705621  0.03066960356639946
  0.03196777177970828  0.03336565482377065  0.03487555449627269  0.03653816945001809
  0.03850586610540206  0.04076604349091603  0.04329121112253392  0.04625881373336514
  0.04985521558236250  0.05417138741575336  0.06018756143936327  0.06875377756087839
  0.08182334634784662  0.10572722264172359  0.82233090091282890  1.00000000000000000
 -0.00207279117669055  0.00828515529151689  0.01745443617544187  0.02711240114130154
  0.03734532194089437  0.04782183792560728  0.05837894252113379  0.06896544543488645
  0.07999213869028177  0.09133925730218484  0.10261486618661218  0.11336544813172021
  0.12351508973624774  0.13309973378300199  0.14250857938776146  0.15234827963846376
  0.16221057912068773  0.17179488495546597  0.18121332568304466  0.19106892928864597
  0.20177181693958290  0.21227509974064346  0.22201628141116647  0.23166677064654501
  0.24152314013628542  0.25198391936490167  0.26240960352336107  0.27270026972513434
  0.28344846163103160  0.29432730694548664  0.30531460339435057  0.31638193809129783
  0.32667210648903711  0.33699680693431500  0.34731261085410897  0.35814807230117862
  0.36920296454827939  0.38031629646659160  0.39112032842251226  0.40178680222892071
  0.41249661941577365  0.42350574169855765  0.43445682728816387  0.44525590023866723
  0.45624474059507547  0.46724187620255958  0.47829302781764726  0.48920758549885135
  0.50017236063344284  0.51114176063698291  0.52203611460464538  0.53280188502681691
  0.54382430920318492  0.55489428645384575  0.56623381617231661  0.57705986001182652
  0.58772042494904497  0.59824013056250591  0.60874916272318713  0.61953694648018953
  0.63024849852877807  0.64101220683529914  0.65150460161381896  0.66212788776101383
  0.67273709633190593  0.68330946873694953  0.69411928269683187  0.70493587271583125
  0.71581064380610404  0.72668313959880027  0.73658954806242105  0.74648307508815670
  0.75639332177030438  0.76599978349978970  0.77533884365981742  0.78486043097101399
  0.79497882943548681  0.80590760520394511  0.81708114230634865  0.82808230237337610
  0.83875254366889695  0.84925057998163722  0.85984132999627361  0.87095889151568617
  0.88243824194457288  0.89382324094033827  0.90512157810038785  0.91623998946543972
  0.92730047051865561  0.93803855640214528  0.94836616654861627  0.95852388214745343
  0.96856336100583029  0.97881574345815081  0.98925366056708741  1.00000000000000000
  0.05177205868255779  0.06137351983980639  0.07270501310579981  0.08278992872722707
  0.09128461679463866  0.09906406970350549  0.10651170689474289  0.11360092104281552
  0.12055169913081193  0.12742455292171764  0.13425780413551291  0.14111479988293293
  0.14764975742207964  0.15414204942299156  0.16034609658817303  0.16639271209683279
  0.17234874729879313  0.17829200778668122  0.18418659377904187  0.18989337704288387
  0.19533610750133898  0.20061416103110602  0.20581464318183865  0.21098641745563274
  0.21618131075430594  0.22151665072141194  0.22680021721014584  0.23192905216667598
  0.23696857698251700  0.24198375814756692  0.24700075642107636  0.25220112133700123
  0.25747307014629311  0.26278463608541963  0.26813668446965683  0.27346433867980141
  0.27881434627758916  0.28425236157387224  0.28975627979906338  0.29509601797205348
  0.30035123453795259  0.30559805956133107  0.31090608283456550  0.31614498697428256
  0.32129382763700515  0.32638417656932395  0.33154020727316857  0.33690679482938274
  0.34236315667443473  0.34776904082975596  0.35322334919057152  0.35883836236997690
  0.36452124724319968  0.37011522877711572  0.37562859500750650  0.38117328054004512
  0.38696411271513603  0.39296108992459200  0.39889455950894487  0.40484886233707595
  0.41088866877411490  0.41692660743440485  0.42294191224464978  0.42900447303626632
  0.43509718241945972  0.44146360412995334  0.44777349261430843  0.45403934501888538
  0.46084481126364907  0.46815615706808211  0.47568689764111305  0.48329049849195183
  0.49093248560164493  0.49873342987279484  0.50676479826410747  0.51508522710540772
  0.52356585826704194  0.53228786016198337  0.54120332163841878  0.55048225401461792
  0.56022530090815670  0.57060771214867945  0.58139500135867495  0.59256593726201900
  0.60421917141987125  0.61615745321192184  0.62789613621692031  0.64016669738584997
  0.65359077177935254  0.66921013870389323  0.68726703029912017  0.70778202478490415
  0.73214003115482251  0.76319819371376485  0.81099072341046352  1.00000000000000000
 -0.02297247359863188  0.13793906474031284  0.18148265863451848  0.20861192805523454
  0.22897837339082586  0.24576755822116714  0.25953775884699276  0.27114878500051731
  0.28198230487303372  0.29215680212115741  0.30146728218251645  0.31004058753324515
  0.31816535833087572  0.32597036420656633  0.33341092819085177  0.34024013660209218
  0.34659574752824490  0.35269863225427273  0.35861436892445275  0.36436170014823960
  0.37006370031165053  0.37558433152930881  0.38080565835765601  0.38583027314271323
  0.39091684885134054  0.39587514233948129  0.40066878028916242  0.40543602474303542
  0.41018159666521975  0.41484711720499895  0.41928091766862047  0.42346910010599009
  0.42755593528135266  0.43159658442029575  0.43569403845671328  0.43990845899946590
  0.44420091589348071  0.44852977013531808  0.45282832942257162  0.45704615719583602
  0.46142546062082485  0.46580267072646409  0.47020342068595422  0.47460653587658813
  0.47891551005831506  0.48345551741781745  0.48803302593198711  0.49254562685431486
  0.49702973197855471  0.50151924233354828  0.50604595255480767  0.51059696282997491
  0.51510667285526945  0.51955540209154050  0.52394625170224873  0.52833786281174488
  0.53279441466615118  0.53735821657907268  0.54202140358840989  0.54674025359922451
  0.55147990103344291  0.55624069146525301  0.56078755361659649  0.56537962189431545
  0.56997936724616027  0.57457639117384940  0.57933021171411214  0.58423758978242790
  0.58931600660699213  0.59451137683381061  0.59970822021048698  0.60502581091339236
  0.61052102422271937  0.61620141349787172  0.62205232791029530  0.62807563401899280
  0.63413121719817389  0.64027562482414335  0.64650852027215344  0.65285772784879159
  0.65930534267355967  0.66592612439144383  0.67302830648004630  0.68053593079290076
  0.68850830231701932  0.69721755246262807  0.70658827128365087  0.71696822257353721
  0.72805855284271881  0.74061873405526768  0.75504228383396133  0.77186417417703668
  0.79278783129199781  0.81952133854196307  0.86082039669418875  1.00000000000000000
   1.0795590909601002E-006  -1.0000000000000000     
 F T T F T T T T T T T T F T T F F F F F F F F F F F F F F F F F
  <DiscreteSampler_grid>
  grouped_processes
  1 # 1 for a reference and 2 for a running grid.
  10 # Attribute 'min_bin_probing_points' of the grid.
  1 # Attribute 'grid_mode' of the grid. 1=='default',2=='initialization'
  0.0000000000000000 # Attribute 'small_contrib_threshold' of the grid.
  0.5000000000000000 # Attribute 'damping_power' of the grid.
 # binID   n_entries weight   weight_sqr   abs_weight
    10   10   1.854547737913986E+008   4.324192496214606E+016   1.854547737913986E+008
    16   10   1.854547737913986E+008   4.324192496214605E+016   1.854547737913986E+008
  </DiscreteSampler_grid>
