  0.00073069685520552  0.00168826387631920  0.00212698870626869  0.00251601094682635
  0.00282509812845473  0.00298118900883839  0.00309721416491998  0.00323333485135031
  0.00337912964115630  0.00353404086528319  0.00366488090613138  0.00377373587473455
  0.00388166398358762  0.00399338119130709  0.00409636435339861  0.00418444894551591
  0.00426648007170807  0.00435078077032006  0.00442720476854126  0.00449358509815404
  0.00456202839904455  0.00463492082566793  0.00470761756972146  0.00477905605075883
  0.00486255912528681  0.00496690782733795  0.00508395371359420  0.00519634012985842
  0.00530492692717410  0.00541651812106364  0.00551817154836640  0.00560412382289874
  0.00568220562992247  0.00575907137775569  0.00583902936150705  0.00594042397783037
  0.00606143743131093  0.00617648711387793  0.00628976774765427  0.00639114820344808
  0.00648153641319294  0.00658601514527604  0.00669276584975861  0.00680055650920355
  0.00691819651431564  0.00704636220938620  0.00717943865274713  0.00731232052136805
  0.00744147657425046  0.00756818378291029  0.00769464384790594  0.00782536910436654
  0.00796696669397477  0.00811747387981931  0.00827143982784827  0.00842810910173606
  0.00858824235542579  0.00875345440389624  0.00892406591866560  0.00909749529530595
  0.00927377978693051  0.00944898059634117  0.00962824432823639  0.00981547751747762
  0.01001341958898910  0.01022678528125021  0.01045454585906239  0.01069207755819037
  0.01093944499637148  0.01119638614044006  0.01146542706858696  0.01174775810035923
  0.01205458540652825  0.01239279688443742  0.01274069037364551  0.01309237502499902
  0.01345562512162272  0.01384276508066710  0.01426092335874545  0.01471165237964833
  0.01520909368026519  0.01575701196478655  0.01636016036537017  0.01705595367843958
  0.01783269269884125  0.01869937349926505  0.01967925019561064  0.02083419564748533
  0.02226452153311918  0.02412393969454386  0.02663887524071152  0.02975011064962129
  0.03425710223848791  0.04241250032958930  0.06201433699138040  1.00000000000000000
  0.00025086929704484  0.00030726242793061  0.00035049726586391  0.00039801865617472
  0.00044578051907357  0.00048369979801485  0.00051955839271763  0.00055107287355684
  0.00058043687316985  0.00060766367348530  0.00063382206520297  0.00066522968625312
  0.00069933165667413  0.00073463937440350  0.00077140795086942  0.00080574764411233
  0.00083857867461075  0.00087070135172653  0.00090389719935157  0.00093772313844877
  0.00097056461004238  0.00100426909803221  0.00103813564982541  0.00107142557530700
  0.00110549207413688  0.00114123519656923  0.00117785804829586  0.00121531691326130
  0.00125489065506622  0.00129451075407338  0.00133374697774729  0.00137076358252146
  0.00140618354576026  0.00143907738366784  0.00147231097121731  0.00150587345520752
  0.00154084881824404  0.00157786785241620  0.00161664771006203  0.00165637509960781
  0.00169673384266503  0.00173776946292508  0.00178156366504403  0.00182946048393925
  0.00187906165465121  0.00193155932797320  0.00198129348272620  0.00202987553493063
  0.00207817874724288  0.00212667412367096  0.00217416103415043  0.00222383780935258
  0.00227945244438633  0.00233900107836308  0.00239946522937660  0.00246264100348621
  0.00252706758711624  0.00259501591761734  0.00265838185240937  0.00273005842648290
  0.00280368436548649  0.00287881417485603  0.00296024343007903  0.00304641237031987
  0.00313657331585985  0.00323053766848118  0.00333813137826184  0.00345517454297950
  0.00357401708000769  0.00369656727859638  0.00382629981011264  0.00396062775506624
  0.00410506572887739  0.00425377141765682  0.00441549378849995  0.00458864533325862
  0.00477093837660193  0.00498217609710040  0.00522046217692944  0.00548310797639525
  0.00577044092163502  0.00608526223246904  0.00643724547743398  0.00684535572035915
  0.00730997333503635  0.00781685264193567  0.00841630169382671  0.00915271538549258
  0.01003552252048771  0.01108694355183771  0.01242811621767143  0.01427294161026465
  0.01694486253340201  0.02185072444332078  0.70499750958418472  1.00000000000000000
  0.00232307625877164  0.00253620363207740  0.00274674032172511  0.00292301983214716
  0.00309714008864373  0.00326699053558525  0.00345048088224369  0.00362954465976269
  0.00379140202340609  0.00393610158426705  0.00408707591296281  0.00424011627928873
  0.00437769343845589  0.00450351483695287  0.00463430078562807  0.00477955591083123
  0.00492167115443733  0.00506652382205998  0.00522684220764317  0.00539179037314603
  0.00554861046771056  0.00570050532728530  0.00584862694198677  0.00600327692064296
  0.00616690156474960  0.00634255727080743  0.00652102472168976  0.00668248209271449
  0.00682040816013526  0.00695109243696920  0.00708541158956575  0.00723378060399629
  0.00738310188804138  0.00753316972200832  0.00768230507906006  0.00783208489053526
  0.00798919257783596  0.00815699325566135  0.00833198992575233  0.00850861984997491
  0.00868554484531244  0.00885952503149835  0.00903324494958134  0.00920800796952814
  0.00939309686363070  0.00960108465802144  0.00981061747139119  0.01002288812188706
  0.01023666531466856  0.01045931162041856  0.01068679205574884  0.01091733187268012
  0.01115351266985045  0.01139668247004848  0.01166142712332555  0.01194147510885364
  0.01221815113238169  0.01250192718836087  0.01279396549357445  0.01308195707843430
  0.01337586273557542  0.01367344237902773  0.01397576368416332  0.01429196755478418
  0.01462222777760498  0.01498381185775730  0.01536314598963242  0.01576313250668803
  0.01618167886630336  0.01661136074295234  0.01706406368007141  0.01754612525710290
  0.01805575215809252  0.01854317732752882  0.01904204402245775  0.01957818769625488
  0.02013654123968451  0.02073007497402547  0.02138994164208046  0.02212041354295079
  0.02288609241196524  0.02366162232637450  0.02450745972716907  0.02545345656143751
  0.02653528457773424  0.02780485455511458  0.02926956139667622  0.03087204414566348
  0.03260312235685590  0.03457081562723601  0.03716325056999421  0.04031242851087055
  0.04454709296670824  0.05098458592041626  0.06381498418014261  1.00000000000000000
 -0.00230259361388033  0.00957766110646079  0.01912959969982840  0.02893814824308017
  0.03833084090948793  0.04833831586180545  0.05819301925590623  0.06786814617944562
  0.07743873154838571  0.08630371711551174  0.09508701927614314  0.10475729471956768
  0.11507099658405051  0.12545295316706487  0.13584289358176760  0.14638507586225993
  0.15684688633015639  0.16736524233548097  0.17800531010148063  0.18867479241174959
  0.19903992348915334  0.20909831389177763  0.21916141510105486  0.22959230467867026
  0.24031881754310588  0.25106794883136835  0.26159600241259823  0.27190571557315768
  0.28210023862273870  0.29250186261619066  0.30326554151759794  0.31416716176259812
  0.32464144576084925  0.33535053008347765  0.34640419968422775  0.35761473788516424
  0.36852518907065984  0.37902870001741501  0.38914419098083153  0.39890231337658616
  0.40883264601299785  0.41919970157719960  0.43011897950573230  0.44145401361314590
  0.45284547594254115  0.46435133355478564  0.47619396681747311  0.48843543735749761
  0.50038776391817852  0.51205047912934654  0.52342125545348317  0.53433022320553869
  0.54487029914058382  0.55451338104466164  0.56448583605935843  0.57443291434186583
  0.58435797189835925  0.59426056026434271  0.60459245171331366  0.61587126872407105
  0.62696710007106826  0.63722895730847218  0.64722407818348493  0.65683644271658848
  0.66628200795751413  0.67571288417993436  0.68530176403950915  0.69527288969429935
  0.70575058986286199  0.71652031839008534  0.72757821086247421  0.73895013375783647
  0.75041442683682869  0.76170502507229754  0.77288047135269533  0.78392133969063649
  0.79511952883026515  0.80697299385158383  0.81898045653988472  0.83155488998236704
  0.84236868083917360  0.85214982846097820  0.86176196502504554  0.87179982278953227
  0.88192525593435733  0.89171249006841236  0.90195349032008898  0.91234705885908740
  0.92302421816882729  0.93418852470477742  0.94529682225371925  0.95622437133721239
  0.96641860923087952  0.97659482595612968  0.98702150614129647  1.00000000000000000
  0.01650920789314334  0.02260569389299091  0.02450562595857946  0.02578088390808385
  0.02684578906722894  0.02782405685004147  0.02868767873519341  0.02947619830524170
  0.03019559271670219  0.03088086706936708  0.03155425812994534  0.03221627171698959
  0.03285529547641623  0.03347934625489807  0.03410765080559335  0.03473731450346535
  0.03536654137214653  0.03598896473438855  0.03662333717735703  0.03725954105298632
  0.03791192921340988  0.03856899851278232  0.03921469477558463  0.03984721316954095
  0.04047416096027183  0.04111156744890455  0.04176440013591955  0.04241558759949605
  0.04305120746821617  0.04368487755519521  0.04434425408256206  0.04503270202413205
  0.04573108293159221  0.04642799186371750  0.04710891938227268  0.04777370978537532
  0.04849098687576934  0.04923536273158229  0.04999474267934658  0.05076719624867188
  0.05153369828466454  0.05230162558409790  0.05305862683758709  0.05381039758169676
  0.05457072956040743  0.05533990664408429  0.05612377066409272  0.05690144836756600
  0.05767420603593550  0.05845998338511646  0.05926322878629166  0.06008680450900637
  0.06093955588873889  0.06182184161547535  0.06275720312880531  0.06372116483394119
  0.06467834568313574  0.06564300917265894  0.06664850080171221  0.06768431545682460
  0.06872208836525334  0.06980820356773332  0.07094964102013190  0.07204733774547453
  0.07310563049571349  0.07416319414693721  0.07525703055157312  0.07642126137140917
  0.07765444276655130  0.07895439029837049  0.08029862586959122  0.08164103308236376
  0.08303224669801118  0.08452667457439784  0.08614115465656384  0.08780880887459022
  0.08950784346927605  0.09129526768629710  0.09321474640129210  0.09526532889382695
  0.09740389670858714  0.09963803379160008  0.10199789027011925  0.10482582537247667
  0.10800037664691689  0.11123981815463156  0.11456150641588907  0.11803553070839709
  0.12245653236314344  0.12750968872061028  0.13282352282161611  0.13922709269518255
  0.14928901173477324  0.16621009077424376  0.22830572075147149  1.00000000000000000
 -0.00241735097475804  0.00950077364514911  0.02110566792331998  0.03315699204285752
  0.04583543141432681  0.05799992619795889  0.07017633794687912  0.08241645688936436
  0.09431105961444146  0.10585639036654093  0.11687965513668587  0.12736579014968663
  0.13805664321090050  0.14958705062835878  0.16195714688705001  0.17436760738428736
  0.18558583120656058  0.19573271436454481  0.20570132806131727  0.21599376968561823
  0.22736153555793207  0.23893741022568168  0.25041185817067513  0.26133871457944674
  0.27210638415514016  0.28264179263542794  0.29299975672219547  0.30261950752134237
  0.31275302461815468  0.32315352560155608  0.33335403569280592  0.34265421945701680
  0.35220394046006598  0.36244685423073431  0.37303199340530602  0.38346701012607215
  0.39357742884567082  0.40310151251694415  0.41287404199654953  0.42162453211200646
  0.42999851390557009  0.43851107170454307  0.44789123801295100  0.45786749821995210
  0.46859637936495213  0.47924024784980274  0.48938955098068765  0.49908689319860877
  0.50871107907337443  0.51843518149561796  0.52824288494864258  0.53818143174900956
  0.54759114779644780  0.55653268697660241  0.56539990710828947  0.57429279395524258
  0.58316967866127922  0.59237442082434766  0.60199642641722617  0.61240253440904491
  0.62358197318303688  0.63463656688629932  0.64539922370625091  0.65640775050675115
  0.66746757492104125  0.67896899031557079  0.68986489800451323  0.69990929445600836
  0.71016750458442301  0.72052996933404412  0.73064577393172470  0.74035186913539019
  0.74916037081120623  0.75993480983319006  0.77062638023181163  0.78088213350845648
  0.79209642213810361  0.80386462132944181  0.81621715506602122  0.82820470626907672
  0.83971899984848575  0.85085928212607331  0.86162874467173611  0.87280671338002014
  0.88404398958458219  0.89459070923359363  0.90495686243216766  0.91612194243500578
  0.92807840080380011  0.93912163239804169  0.94888380389890914  0.95827533459154268
  0.96789268556504593  0.97840615119542573  0.98946635496505841  1.00000000000000000
  0.01401455828720434  0.01665492286851765  0.01785508661215192  0.01889218007337858
  0.01983219609397835  0.02069491636765643  0.02164317881622516  0.02261795440939388
  0.02352010587687294  0.02436310116260972  0.02518428830189254  0.02602495701994074
  0.02687777767604296  0.02771513370483960  0.02852623568888437  0.02930694375577514
  0.03008204226279611  0.03087307818552413  0.03166358084060178  0.03244224422835764
  0.03322040656075615  0.03400568463485933  0.03480125057973465  0.03560523332926609
  0.03640846826811103  0.03721059819894911  0.03800818994053053  0.03879427246942286
  0.03956087448354658  0.04033336611517632  0.04114931729450133  0.04200321058644760
  0.04286558969561316  0.04369568594258577  0.04452704795554892  0.04535088975998525
  0.04618584707944694  0.04697847783156808  0.04777514216596136  0.04857892374448699
  0.04934482667701112  0.05009633480107289  0.05088412863427338  0.05167855771294910
  0.05251563923981808  0.05343607788300350  0.05429070022173513  0.05518161261011320
  0.05609143997572549  0.05694560093292871  0.05772820250050457  0.05843785960792886
  0.05913711639781647  0.05986845742113113  0.06062270181347300  0.06141018772471796
  0.06218292496820279  0.06307423014324962  0.06395334054290905  0.06478499151895183
  0.06560337262217113  0.06643680973627343  0.06737406066053615  0.06845076364513585
  0.06954462035301681  0.07062960156317991  0.07165038343614950  0.07269660060212634
  0.07376674606519464  0.07482108763133588  0.07589202502614978  0.07700202056735844
  0.07830387607195088  0.07938075071937067  0.08033116739723077  0.08130241203079570
  0.08242748534350208  0.08380505179263861  0.08544101371519346  0.08709534489445041
  0.08859232549849093  0.09024222154217658  0.09225595751075974  0.09476187606631765
  0.09665762523481691  0.09863347590201121  0.10100120736096428  0.10312602985386100
  0.10528333730683816  0.10769936295076293  0.10978046545318444  0.11187681763851047
  0.11542364976406883  0.12170323145979287  0.57928990927261270  1.00000000000000000
 -0.00227821777441237  0.00800859285983069  0.01759348604788461  0.02630181358751673
  0.03471701411310688  0.04349381950058066  0.05259513393933491  0.06189838962254197
  0.07095378883098649  0.07992005624179567  0.08872969936732485  0.09775155198734684
  0.10647190491338293  0.11509495749754800  0.12392030015493358  0.13261238212862911
  0.14143565423867613  0.15041520320887386  0.15977927107467069  0.16939927024528503
  0.17989889757562780  0.19071673253981863  0.20150995780664085  0.21208364999148013
  0.22259156405691621  0.23280735064038566  0.24291100580826910  0.25265093100239072
  0.26181467495083194  0.27125765574160138  0.28130748294934638  0.29183566127083871
  0.30213467736784383  0.31270137054102781  0.32398933561197213  0.33565932639514301
  0.34801964601328533  0.36134853510847526  0.37607897847674204  0.38909174161370463
  0.40179728539508297  0.41494744719260690  0.42875269890375117  0.44279080349495570
  0.45639743464419497  0.47042522304456763  0.48381440908501877  0.49750035737043941
  0.51091550178250589  0.52386464737652505  0.53706950807447151  0.55025174447097402
  0.56369897373771038  0.57730169428354006  0.59142789573466159  0.60582472020147893
  0.62001921515729363  0.63396558947816339  0.64722654207745134  0.65953604181025161
  0.67075474788296119  0.68141024172075271  0.69280085198319741  0.70380143871490508
  0.71450082224789679  0.72451053346901884  0.73509281732816045  0.74608967671553661
  0.75666487917693370  0.76722847139723760  0.77755274420152198  0.78764667954552847
  0.79728141820426024  0.80722006585931616  0.81742232370685475  0.82664315896753082
  0.83508423815724775  0.84354656558887398  0.85251697194454223  0.86161765882789654
  0.87070614844359484  0.88004714953939034  0.88899138948047418  0.89726607075282994
  0.90517663709048302  0.91320020073303287  0.92133477805590003  0.92959499774178334
  0.93834406452844954  0.94691785419889674  0.95517364389549109  0.96312561910633565
  0.97161280121165161  0.98032060936846321  0.98995190898017027  1.00000000000000000
  0.09148998360554345  0.25624279083043250  0.29928251526413790  0.32880927297024820
  0.35370142127609822  0.37331311086395291  0.38896758145350857  0.40118209176251529
  0.41149314799746234  0.42119405949568706  0.43030859941448840  0.43842352779576693
  0.44574437542694095  0.45284509868105483  0.45972665830112996  0.46603574894585426
  0.47143136899726257  0.47646755583862432  0.48120449110466446  0.48601148159624630
  0.49103745107191271  0.49591874765447724  0.50028194093841927  0.50474723170236968
  0.50895172609885564  0.51339393739082673  0.51837879043105595  0.52356898722194378
  0.52865965766037071  0.53357344638743598  0.53820367615503484  0.54270012662770473
  0.54701127939361194  0.55129303584558131  0.55568774464054926  0.56003681083117285
  0.56414358531192255  0.56796144776321811  0.57163903499659718  0.57528538800672036
  0.57890488065421997  0.58251074231169564  0.58606022032730354  0.58955929759386672
  0.59312036716913008  0.59669397489124743  0.60023622999669202  0.60382699194789213
  0.60745803612250471  0.61115452703367823  0.61481154322207354  0.61838963746216602
  0.62187523244156928  0.62532114855862508  0.62882237381148431  0.63226216753728703
  0.63555307245741377  0.63881503371091963  0.64209437586895257  0.64552131015319347
  0.64905845237390036  0.65268851888818336  0.65630127822348605  0.66006202332023933
  0.66389652018193579  0.66765044197637458  0.67132658544528745  0.67502492728535701
  0.67879051537243784  0.68254692103083736  0.68629282141387982  0.69020285261398251
  0.69427820804997675  0.69848700836944877  0.70264745498837033  0.70675610504281250
  0.71103128242467506  0.71549765704113810  0.72020616798750825  0.72510297886508690
  0.73004046985117654  0.73503709184666022  0.74014283796655700  0.74544409353636742
  0.75097420131843162  0.75682702106420130  0.76321248390679286  0.77019257344904291
  0.77771740061005357  0.78575816466771575  0.79453246999277194  0.80487514036286345
  0.81811238749500181  0.83557310182703348  0.86639787117519629  1.00000000000000000
 -0.03683989764379096  0.16746211943151679  0.21059748491218794  0.23643123656723319
  0.25545444466790729  0.27039882566238216  0.28374068591011636  0.29572279272544522
  0.30631306748238274  0.31593846126468184  0.32517065732326655  0.33344466799119243
  0.34060306654772532  0.34691719684408590  0.35285305143549667  0.35877685386724484
  0.36471209590659881  0.37075994936282819  0.37663169052441819  0.38210681594461521
  0.38730175725490557  0.39232161511552877  0.39722867564007464  0.40199896843526411
  0.40659824694384028  0.41093067798875932  0.41500798539095668  0.41912941156759276
  0.42352190367768955  0.42778752047336782  0.43175337832405836  0.43551767595425428
  0.43908297225468818  0.44267196553207433  0.44632576853844347  0.44999014360559231
  0.45375021390592357  0.45767107478424213  0.46162553469435630  0.46563278251834567
  0.46959441343957309  0.47339303911092545  0.47714022862065475  0.48086291183790708
  0.48460952509521060  0.48829712710714990  0.49195255169885055  0.49552891229180096
  0.49916807530901747  0.50279136868156404  0.50666183962168521  0.51044187283876696
  0.51419632680626448  0.51805810062328983  0.52211651493171940  0.52632241496726540
  0.53046608678553153  0.53445922928538547  0.53833649911294146  0.54210735481141270
  0.54577418000917943  0.54948839318726894  0.55344871224498504  0.55753299409353119
  0.56183792130544485  0.56621435754882121  0.57072638864275782  0.57501663515122681
  0.57922323047566548  0.58345015847941617  0.58768356526817522  0.59208361745905136
  0.59677561785077526  0.60174238976309713  0.60666197022516621  0.61165377452130354
  0.61671631182374875  0.62195392464126642  0.62776169684406036  0.63400492413605603
  0.64007759312594958  0.64650911463554450  0.65325986932048852  0.66068555947545615
  0.66846790719552107  0.67620415770869680  0.68428980111284021  0.69242094663267917
  0.70186434398837960  0.71257534071206741  0.72554103955394300  0.74083715372198145
  0.75930851359273932  0.78365998774300016  0.82798396123703399  1.00000000000000000
   1.3401545472047573E-010  -1.0000000000000000     
 F F F F F F F F F F F F F F F F F F F F F F F F F F F F F F F F F F F F F F F F F F F F F F F F F F F F F F F F F F F F F F F F F F F F F F F F F F F F F F F F F F F F F F F F F F F F F F F F F F F F F F F F F F F F F F F F F F F F F F F F F F F F F F F F
  <DiscreteSampler_grid>
  grouped_processes
  1 # 1 for a reference and 2 for a running grid.
  10 # Attribute 'min_bin_probing_points' of the grid.
  1 # Attribute 'grid_mode' of the grid. 1=='default',2=='initialization'
  0.0000000000000000 # Attribute 'small_contrib_threshold' of the grid.
  0.5000000000000000 # Attribute 'damping_power' of the grid.
 # binID   n_entries weight   weight_sqr   abs_weight
    10   10   1.255536580027808E+002   1.026851706744527E+005   1.255536580027808E+002
    16   10   1.255536580027809E+002   1.026851706744528E+005   1.255536580027809E+002
    22   10   1.255536580027809E+002   1.026851706744528E+005   1.255536580027809E+002
    28   10   1.255536580027809E+002   1.026851706744529E+005   1.255536580027809E+002
  </DiscreteSampler_grid>
