  0.01440773266784930  0.01493790502151864  0.01536975443425715  0.01577534189854773
  0.01614245614178402  0.01648167458973634  0.01680429523327547  0.01712568443665036
  0.01744844060992828  0.01776005146704282  0.01806149825312791  0.01835119388020842
  0.01863325676374976  0.01891441253104398  0.01919544887482294  0.01948138023733532
  0.01976201742841386  0.02003432639176556  0.02029826101817931  0.02055625441615436
  0.02081920377747583  0.02109510754243099  0.02137993187001724  0.02166856551877300
  0.02195898218356834  0.02224742169350141  0.02253008461918402  0.02282140780842608
  0.02310340512749416  0.02339151465255271  0.02367488152672743  0.02395673391495806
  0.02423882228303984  0.02452250131442358  0.02480720983482092  0.02509010891643847
  0.02537391205257506  0.02566897453435921  0.02598238430492638  0.02631055483757208
  0.02664446769793551  0.02697128298179053  0.02729770625629849  0.02761980147390234
  0.02793190044234097  0.02824759925541394  0.02858615631370862  0.02896209726569789
  0.02937148583863467  0.02979438582774452  0.03020827528919609  0.03061567789769786
  0.03101314020449707  0.03145899439848547  0.03192937530918409  0.03241757348637980
  0.03291987417565497  0.03342760950222887  0.03395256528171085  0.03445152694476878
  0.03496194095709983  0.03548596892851101  0.03603167828502692  0.03662865752285568
  0.03724568807715956  0.03787689032048686  0.03857935399464887  0.03934558342697333
  0.04017897680644792  0.04111922632736014  0.04208830084978950  0.04303031224319051
  0.04400423307296625  0.04499757424250662  0.04603593260457699  0.04717440023275679
  0.04844349213527383  0.04985836360157468  0.05132465516752382  0.05289354051288236
  0.05448164361178144  0.05605709336157996  0.05761913662780667  0.05930581262816646
  0.06123481092679574  0.06345210830861317  0.06607405673918811  0.06922292712262679
  0.07298028516544740  0.07745971313573910  0.08272090855555039  0.08988742806792994
  0.10216960230359487  0.12288111701114476  0.63552727816916355  1.00000000000000000
  0.00026428840910112  0.00034038267476913  0.00040392072096065  0.00045355565757587
  0.00049483636306422  0.00053602097010431  0.00057815693789334  0.00061947523676863
  0.00065664174401790  0.00069111217595788  0.00072545343921608  0.00076258498184677
  0.00080130607566820  0.00084112869958231  0.00088134467265417  0.00092334125164473
  0.00096377069437961  0.00100093374453866  0.00103692764614602  0.00107455522985296
  0.00111553343969079  0.00115946634562940  0.00120501018805891  0.00125136628344478
  0.00129835737816539  0.00134696998321162  0.00139840881094014  0.00145000204017803
  0.00149743141560376  0.00154387308581029  0.00159106523125897  0.00164041499033266
  0.00169178162809131  0.00174258954750954  0.00179364596271887  0.00184702142804187
  0.00190235776392059  0.00195998462011026  0.00202146552928645  0.00208560699635330
  0.00215110466469780  0.00221817657393236  0.00228800462158451  0.00236017162918997
  0.00243476822796426  0.00251197694093686  0.00259038759042759  0.00267179019931430
  0.00276327508984410  0.00285917278801502  0.00295806407490277  0.00305883272028154
  0.00316181379775798  0.00326526903807015  0.00337428924443548  0.00348829998538110
  0.00360508088432023  0.00373121919261706  0.00387344790655638  0.00403026158995668
  0.00419076167126799  0.00435697088887675  0.00453318053830706  0.00471652406011680
  0.00492654755623337  0.00515915424557475  0.00540327614227810  0.00565819221833946
  0.00592394181347457  0.00619988093400292  0.00647855273485099  0.00677299727198651
  0.00710475016357653  0.00749205633340860  0.00793567471733220  0.00840525057416600
  0.00887355708938798  0.00939903742949344  0.00999604965791491  0.01066534534676318
  0.01137349420311855  0.01215724408781524  0.01308624456976989  0.01421509719487210
  0.01561889346647025  0.01754901404653906  0.01982628400669947  0.02265984022232794
  0.02588202295869856  0.02961733899496593  0.03540521209040765  0.04680447688111257
  0.05783915432740035  0.14907551644203265  0.42684709346503552  1.00000000000000000
  0.00449428539294135  0.00603065337079038  0.00688272769899546  0.00751563133247117
  0.00807243994339313  0.00858717275680155  0.00904747011952074  0.00947075310507667
  0.00987713171146008  0.01027417397122458  0.01066156546736435  0.01103355536987893
  0.01138944584699523  0.01173357974647251  0.01210049083301340  0.01246792136029368
  0.01281703524317973  0.01314158928933074  0.01346606676065566  0.01378834582571440
  0.01410794482687164  0.01442523578354314  0.01475750403831637  0.01512027757053885
  0.01548386662737058  0.01584073129122226  0.01619679964475471  0.01655797844166918
  0.01690996587377216  0.01726198599385355  0.01762163786983625  0.01799328627966758
  0.01837656673149530  0.01876247905721688  0.01915106043944347  0.01954493519299626
  0.01993591780046807  0.02033380090704250  0.02073225214526835  0.02113469305609487
  0.02154146354932390  0.02195444543260522  0.02238389169559419  0.02282835119805785
  0.02329298527416296  0.02376291754859709  0.02424249438736999  0.02475883767232611
  0.02528381619658500  0.02581181659612813  0.02633672696233345  0.02685679702807286
  0.02737191173981884  0.02788130098494694  0.02841680948422585  0.02896497704884980
  0.02954123782999045  0.03010372720785316  0.03066969228132681  0.03125298999119227
  0.03188374478581001  0.03256462097856099  0.03327448690672984  0.03402943214164176
  0.03481459572965278  0.03559251781591363  0.03643364243207003  0.03732932712339495
  0.03835413129933561  0.03947438375735964  0.04060144639462009  0.04172642297299454
  0.04283984827511978  0.04397823069527525  0.04520167223556560  0.04650167725555632
  0.04783264726306165  0.04912860746407353  0.05040813523429830  0.05178643609115738
  0.05336993987165183  0.05517953696312355  0.05718644789832826  0.05942886454881633
  0.06185909718460846  0.06453446599487500  0.06769560621754121  0.07083796009066459
  0.07328929937229305  0.07656088593726229  0.08026278633163006  0.08432228313532616
  0.09068681603260254  0.09767581705908411  0.10674512439214565  1.00000000000000000
 -0.01098518391012562  0.05388746372431562  0.09122935703584878  0.12244982402942675
  0.14330096198418713  0.16240176204359213  0.18024752096076882  0.19689103909922046
  0.21276381856742810  0.22805739547603984  0.24207888226233534  0.25438871833269266
  0.26578504804278147  0.27651522010158125  0.28631809588027368  0.29577156358274637
  0.30517689829821548  0.31472398248956002  0.32396903914949349  0.33263232746947125
  0.34103114645633165  0.34920638590432918  0.35696510682855076  0.36436027294529200
  0.37157937370728833  0.37860092821992863  0.38556528843243887  0.39262121301684366
  0.39928172837953457  0.40538938850843459  0.41173187992723592  0.41787454518917039
  0.42381168900541666  0.42968390606033507  0.43531912558909647  0.44062614871912714
  0.44557670035086461  0.45045284691877091  0.45528164393798781  0.46005078039256991
  0.46493883014379289  0.46989590428471034  0.47483426856177297  0.47973042499154050
  0.48464235093722247  0.48957992914500947  0.49476205213883745  0.50000684580019117
  0.50520315074734268  0.51031213567688705  0.51546554111030907  0.52041720272569403
  0.52508882450122085  0.52965641678268260  0.53424296923275949  0.53887023528525335
  0.54345360492588801  0.54794252745322491  0.55233798391163491  0.55667256770557816
  0.56112111232663164  0.56583452641054621  0.57078183953593942  0.57561150668567374
  0.58038939974296877  0.58531293556963016  0.59059838529507713  0.59617782281165399
  0.60179223642684121  0.60741446938742227  0.61298520351054608  0.61875085367995408
  0.62463909122157579  0.63059511516828293  0.63661919733366246  0.64292631384410714
  0.64965300845314899  0.65680616913895051  0.66393230345202192  0.67128713030561526
  0.67879038678865777  0.68640986116449165  0.69425384737271179  0.70257367395148607
  0.71179915497733726  0.72205457006973850  0.73337989922415470  0.74605017939789053
  0.76019398308480568  0.77509727741724976  0.79014439205774900  0.80777620297391806
  0.83050989251812102  0.86064360499221082  0.90792011942117623  1.00000000000000000
 -0.00185173554543198  0.00759120813361199  0.01582557103993295  0.02495458303236619
  0.03447502822002309  0.04427476281668935  0.05609847718626634  0.06824003363500360
  0.08181668553719507  0.09341980844203088  0.10442283894188886  0.11470274296157666
  0.12494536562957462  0.13512772881149360  0.14567025685511803  0.15694125191712130
  0.16766292266479363  0.17846547106921729  0.18935577992768851  0.19965462425530342
  0.21048151579814284  0.22103319154471412  0.23223425716247734  0.24368582191305971
  0.25547972423071541  0.26753766074921193  0.27856383121045003  0.28902717028269759
  0.29871130003308621  0.30924815826197777  0.31973924609134746  0.33089403622521019
  0.34136904209110347  0.35228280837578851  0.36279626685301619  0.37379523082197436
  0.38465192131426246  0.39550909254659361  0.40626453486868919  0.41685882020044340
  0.42809198035736795  0.43979926743876341  0.45124667520946216  0.46286597196732110
  0.47437962534543343  0.48587507846884043  0.49709054331276964  0.50758740181828155
  0.51747870725146439  0.52711482562999967  0.53701357230897750  0.54764146022086868
  0.55822564916959427  0.56820889449613665  0.57773893528883136  0.58750010139515163
  0.59779266256009833  0.60789648571992949  0.61783646680718673  0.62751794223325008
  0.63721043831534685  0.64716006082740052  0.65726029031395550  0.66741806347145238
  0.67784358990074800  0.68831650604838823  0.69900482803664121  0.70884224751934810
  0.71900405928841393  0.72912538502755764  0.73948166624245759  0.75062245441921027
  0.76217705868310737  0.77254907660040051  0.78185796550946030  0.79149066733544260
  0.80161009532166483  0.81189413083630213  0.82165062641588049  0.83097400008657119
  0.84068716200777838  0.85082086831097348  0.86095028770967441  0.87127061892992386
  0.88208472727226284  0.89324927061195325  0.90457149483280419  0.91553643716471644
  0.92668136915312938  0.93748208749004525  0.94804028372085769  0.95847804222720057
  0.96866867180337024  0.97928279286050646  0.98991194040112007  1.00000000000000000
 -0.00272475681536953  0.01081461178649657  0.02260997342657807  0.03379623379162477
  0.04410660039263432  0.05408379105819570  0.06434986826755011  0.07481972609669847
  0.08511842308504085  0.09525131770772277  0.10564747247280114  0.11645870798391866
  0.12764541486166586  0.13887768802662045  0.15012623804706857  0.16134419564912700
  0.17199809882148340  0.18217074880593165  0.19226770020118644  0.20233233241823367
  0.21231801348746460  0.22236562584255284  0.23317147616255784  0.24437980300463852
  0.25552993836011140  0.26646249207107237  0.27725402888167294  0.28793548993100149
  0.29798175856406528  0.30733064415066308  0.31660956258998840  0.32570563873472641
  0.33490857044138833  0.34378749747135268  0.35309733253190956  0.36349161014435483
  0.37402864439885275  0.38414611976770019  0.39442714745797935  0.40480510200399911
  0.41566633369582284  0.42674179364945758  0.43748519148812753  0.44823266344316243
  0.45952412880760390  0.47149442887940807  0.48257020677072515  0.49317045023846190
  0.50332811848386050  0.51394152857445685  0.52501706678634852  0.53589472796623783
  0.54648758800984465  0.55658795534122218  0.56659097502907851  0.57737111029431021
  0.58763267548273734  0.59800686722354623  0.60858696220049757  0.61934934981233281
  0.63054714753982832  0.64204074365784625  0.65347554999912527  0.66450975201479434
  0.67491868548707556  0.68518422280779900  0.69537086593417008  0.70621151434734064
  0.71732851273678877  0.72879417366024868  0.73963533068090537  0.75025494748964849
  0.76060613180146597  0.77082788638733701  0.78102569185696480  0.79121038815610079
  0.80181584388939109  0.81230084798306212  0.82323146447882434  0.83376054648551923
  0.84425040243888527  0.85380413676352984  0.86373787562394011  0.87423575446618018
  0.88566594770145946  0.89696922091882847  0.90802286762346518  0.91899268514123189
  0.92943782023477017  0.93945413574871472  0.94919078894020603  0.95872934005360044
  0.96761661154586576  0.97718318088743183  0.98808703750924731  1.00000000000000000
  0.05864650861624950  0.06211990774591252  0.06569472133014111  0.06913146278567837
  0.07194218550296977  0.07441017954304600  0.07675217531841286  0.07894735099912717
  0.08103265388880238  0.08296164094512290  0.08479364040194456  0.08659128835742486
  0.08836266179393996  0.09003266601488452  0.09169501855612061  0.09331337361703390
  0.09494668670231524  0.09655811724194643  0.09812477611987688  0.09967930019184520
  0.10121970931916452  0.10272599269010910  0.10416715437840465  0.10560322217697771
  0.10702751806819637  0.10842126071771473  0.10980047005724136  0.11118701414961413
  0.11258086757908527  0.11398382224358070  0.11541975268683133  0.11687975434229625
  0.11833027071890635  0.11974836206788508  0.12117913767974808  0.12262196326634761
  0.12407106640337869  0.12552760409661326  0.12699563827104265  0.12847486400566271
  0.12995013821356802  0.13144184501636746  0.13295465353977112  0.13448872418747057
  0.13604201249081993  0.13763107739443517  0.13923170315290012  0.14074233254628596
  0.14222508478663060  0.14359838123376095  0.14490492834292104  0.14641956787948468
  0.14809004720690602  0.14974875216100222  0.15154621996389009  0.15332783279586082
  0.15517242692047090  0.15704821668335875  0.15902446778299165  0.16100243622602023
  0.16288935373410848  0.16472599688115822  0.16651130785401366  0.16826046556299104
  0.17005534730658867  0.17207521834882472  0.17411900254689286  0.17622115698172533
  0.17846052258487760  0.18079016856142779  0.18335369875675023  0.18592898776551384
  0.18862274108554364  0.19126871563360623  0.19396742851294424  0.19694242282983765
  0.19960123453204379  0.20250104594652124  0.20518264940839576  0.20789632825248583
  0.21102208531670488  0.21430483680462806  0.21823983280392853  0.22224402903903098
  0.22616786917860540  0.23129394868900977  0.23696058148281743  0.24284568791713637
  0.25013849450599041  0.26039059847539231  0.27367283731700692  0.28413582948598881
  0.29769662370607158  0.31961943825545536  0.92512282094266307  1.00000000000000000
 -0.00202381319507058  0.00897429470190412  0.01912698289618176  0.03000017753256909
  0.04123720040522955  0.05241781202316736  0.06394165414350708  0.07638259531226252
  0.08878601922473417  0.10088131253965894  0.11259371545730609  0.12377608725833181
  0.13453116157496517  0.14566576372914941  0.15695964038591609  0.16807743766337047
  0.17907396150438037  0.19023822907733695  0.20125520705377581  0.21205342148036474
  0.22284540101888134  0.23362498343188168  0.24431418386104256  0.25499459672246838
  0.26591587205467948  0.27703343378730977  0.28780802917174253  0.29831996906400032
  0.30897509558136566  0.31969339482648940  0.33026286312376968  0.34001806408533036
  0.34895594437270355  0.35730761564090563  0.36559966585036124  0.37455957370653709
  0.38360211336253991  0.39241991671180138  0.40118046717131034  0.41031524348952014
  0.41925107566640768  0.42798082000402082  0.43682050921724824  0.44553405977346383
  0.45459599492300734  0.46382564186637182  0.47262656796244451  0.48156757783478799
  0.49068850966994987  0.50054360684842458  0.51069615911989175  0.52079122241315723
  0.53066078929837623  0.54025523747297111  0.54970643847857970  0.55925832793462305
  0.56917699281841838  0.57927871156778232  0.58905073105332251  0.59826428465647907
  0.60794898340313641  0.61823805042529056  0.62865758656019244  0.63847478960734949
  0.64823429589132031  0.65812530373135725  0.66823351950876586  0.67819165830438366
  0.68735767636452683  0.69645365695290340  0.70531025161793914  0.71461086225096970
  0.72442773726010556  0.73531415122523935  0.74635806903497104  0.75848726795176535
  0.77095755626590656  0.78256088412358471  0.79356799829612645  0.80446085630869535
  0.81600422035135223  0.82797012720721619  0.84026553811383253  0.85268803220627676
  0.86484572616027566  0.87673780563918602  0.88829415073401519  0.89943844429961584
  0.91048926592670620  0.92188022436481598  0.93375486992190548  0.94608462899072754
  0.95830840937113415  0.97095554283378349  0.98424543261049757  1.00000000000000000
  0.10481473373972724  0.20143783084699743  0.23151294559444421  0.25369665727158114
  0.27257234311493694  0.29065187274706084  0.30615257392073281  0.31943468289700033
  0.33162074273607239  0.34264551682170702  0.35304798321463193  0.36307184191135078
  0.37182382974249700  0.38012057451291981  0.38838949098827480  0.39682887989022941
  0.40511020373509193  0.41324055777107999  0.42086812089544812  0.42802192630256614
  0.43525350042068772  0.44222014629623163  0.44880322072183576  0.45503421108514253
  0.46140967753670281  0.46709976172699363  0.47265004726039261  0.47771594104872894
  0.48261467546026676  0.48744908773281570  0.49219984975358611  0.49696901397473969
  0.50182136868757721  0.50664605447565603  0.51121643665609617  0.51568357327503989
  0.52000239739416521  0.52422169339415103  0.52833009731990566  0.53247459558715104
  0.53672115760947914  0.54094672229230423  0.54514810388719481  0.54922877513876756
  0.55322638174026784  0.55717431297831110  0.56114810604254772  0.56532137827213236
  0.56969506731761321  0.57400334374621298  0.57824430640117264  0.58252243738028231
  0.58690975714577354  0.59138911036948583  0.59595853528378950  0.60057767287944142
  0.60497382382325615  0.60903251562933902  0.61310882575752024  0.61714164393839033
  0.62111185292630489  0.62508435948693863  0.62913362674965689  0.63322941884084838
  0.63734102292333994  0.64152346542484751  0.64593646542105909  0.65038264997004314
  0.65477330018307733  0.65916560775516275  0.66346943327669294  0.66778871177248578
  0.67224605060659681  0.67685333130347480  0.68165708131671188  0.68664973204928637
  0.69191361909537563  0.69717374140038035  0.70238440788120637  0.70770919464303039
  0.71311648943631745  0.71879982380152829  0.72478702082600643  0.73082176456562609
  0.73720622057971208  0.74405575372387178  0.75169282631317658  0.75918500231254038
  0.76720137677968159  0.77592820814592156  0.78620847667208049  0.79771813308935002
  0.81150223471564709  0.83013662787449760  0.86331229889598504  1.00000000000000000
 -0.03136842565865063  0.15428544240083011  0.19883642467843093  0.22565659292248444
  0.24488330387832605  0.26068275464377277  0.27425433108967606  0.28591745426612697
  0.29611109300033200  0.30553041930379538  0.31442565246202997  0.32281358578679303
  0.33073418491163703  0.33810186093328265  0.34504544715333219  0.35166605422127534
  0.35770837882904616  0.36336960733290780  0.36912135504170213  0.37476501990724942
  0.38006456493629986  0.38517283360399562  0.39002797998744893  0.39478658069615497
  0.39956717836890693  0.40432469100725715  0.40884579140149624  0.41318800096374603
  0.41754320483351820  0.42198402079797259  0.42633959581503883  0.43050051252500676
  0.43456000897544311  0.43859365037535536  0.44253168644430135  0.44645917154995107
  0.45042845779290441  0.45453937590365623  0.45889580847899630  0.46330767381264254
  0.46748406876981180  0.47147131098864797  0.47535996035961164  0.47919552839656226
  0.48308638009638361  0.48684228968075555  0.49042767357384454  0.49380835164348802
  0.49715830993800997  0.50067118765242746  0.50458677297159771  0.50862332341643557
  0.51271066450510849  0.51690941191705853  0.52120848399107744  0.52551583473092578
  0.52971919260490719  0.53388409350126764  0.53821447247326892  0.54241777035950900
  0.54645065054682818  0.55055701927915068  0.55475555678013899  0.55908030993485014
  0.56381504357033962  0.56862289895260998  0.57329790313013751  0.57786566366000836
  0.58235080790192184  0.58681503281343750  0.59155216135048005  0.59630342684907001
  0.60116803306173394  0.60597722524153486  0.61117013797980591  0.61620162382890431
  0.62139902242359635  0.62693488105238415  0.63278880792776981  0.63907787345258715
  0.64544423638667858  0.65213543929218620  0.65897250541146912  0.66640523160743703
  0.67456219403651418  0.68309661241405917  0.69198152086109110  0.70143467747934896
  0.71194905446035928  0.72360631896885030  0.73650745273015328  0.75146780937350544
  0.77067776064606008  0.79778132316768491  0.84166981554023834  1.00000000000000000
   4.0419974595205512E-011  -1.0000000000000000     
 T T T T T T T T T T T T T T T T T T T T T T T T T T T T T T T T T T T T T T T T T T T T T T T T T T T T T T T T T T T T T T T T F F F F F F F F F F F F F F F F F F F F F F F F F F F F F F F F F F F F F F F F F F F F F F F F F F F F F F F F F F F F F F F F
  <DiscreteSampler_grid>
  grouped_processes
  1 # 1 for a reference and 2 for a running grid.
  10 # Attribute 'min_bin_probing_points' of the grid.
  1 # Attribute 'grid_mode' of the grid. 1=='default',2=='initialization'
  0.0000000000000000 # Attribute 'small_contrib_threshold' of the grid.
  0.5000000000000000 # Attribute 'damping_power' of the grid.
 # binID   n_entries weight   weight_sqr   abs_weight
    10   10   1.978321355108921E+001   1.096154038692137E+003   1.978321355108921E+001
    16   10   1.978321355108921E+001   1.096154038692136E+003   1.978321355108921E+001
    22   10   1.978321355108921E+001   1.096154038692136E+003   1.978321355108921E+001
    28   10   1.978321355108921E+001   1.096154038692136E+003   1.978321355108921E+001
  </DiscreteSampler_grid>
