  0.01409652302075188  0.01452584275309419  0.01476953618116025  0.01494746678928705
  0.01509957658751482  0.01523323623773861  0.01535403002132874  0.01546645501583613
  0.01557291271072694  0.01569073303006504  0.01581511722090311  0.01593611969254054
  0.01605332055090693  0.01616854895297281  0.01628177278126578  0.01639181424849650
  0.01649918012830101  0.01660421116925649  0.01670872053169092  0.01681230812869221
  0.01691379032976464  0.01701818845891655  0.01712545864513784  0.01723384565597386
  0.01734394842236197  0.01745757262525200  0.01757460214554167  0.01769143494699580
  0.01780504717076824  0.01791129667458606  0.01801410912788765  0.01811941853954618
  0.01822630828753584  0.01833349334615956  0.01844137173559881  0.01855280384417864
  0.01867056330566225  0.01879236989760421  0.01891639628452024  0.01903887870393232
  0.01916941860978272  0.01930378978297478  0.01943966056518706  0.01957594866909596
  0.01971207460698710  0.01984933186316520  0.01999000527300767  0.02013570553538736
  0.02028472359108395  0.02043519026794132  0.02058864827833494  0.02074655270710808
  0.02090569986394139  0.02105694606076516  0.02120217726902330  0.02135505893919232
  0.02150845321485279  0.02166943832966205  0.02184245762162352  0.02201957961071541
  0.02219280105778283  0.02236842130540348  0.02255332733099558  0.02274650120314241
  0.02294353447657570  0.02314164463042085  0.02334439123037806  0.02355278341706478
  0.02378178302969546  0.02400284873756387  0.02423523578302111  0.02450290177196169
  0.02480443049221961  0.02512358701367667  0.02545239890013191  0.02580053385570560
  0.02616628276608554  0.02654544547852983  0.02693727055120867  0.02736141064197947
  0.02781252533661191  0.02827991155912974  0.02877870144019217  0.02935263911970067
  0.03003467536823055  0.03082374856813221  0.03169379836588403  0.03272688302431155
  0.03405191623610236  0.03562662228187654  0.03766823872126148  0.04060638167839137
  0.04596903393600835  0.06191642290296515  0.67174424548681644  1.00000000000000000
  0.05774168321741026  0.05854843766631238  0.05923798233272596  0.05991659100009877
  0.06051600273863309  0.06101519776578778  0.06149208752580449  0.06187622584908312
  0.06213840711567409  0.06245422898851528  0.06275711006209557  0.06305051342213423
  0.06334247907989106  0.06363187539828388  0.06392400578927117  0.06422561020897620
  0.06453843880634104  0.06486704171373842  0.06521768934031824  0.06555562684475291
  0.06587016816093061  0.06617797177905130  0.06648183999975754  0.06678009910591480
  0.06707773722959298  0.06737760386921658  0.06768772042179247  0.06800643138982755
  0.06832215055774776  0.06863635745124848  0.06895759623084340  0.06928947628754857
  0.06963640336364792  0.07000055466722208  0.07038023649400371  0.07077560858110239
  0.07118382972105143  0.07159959920241694  0.07203225799852435  0.07249474927804728
  0.07297235273374057  0.07345897349464092  0.07394587399164847  0.07448209789025374
  0.07493681697890102  0.07537117413826259  0.07581956289289062  0.07629259543352335
  0.07678195834778366  0.07728008218614429  0.07777964514097269  0.07828409037401783
  0.07879801881982876  0.07931122835018742  0.07983290989341130  0.08036791386997777
  0.08092411680739658  0.08149777066320327  0.08209328570101372  0.08270030916568140
  0.08332153527876437  0.08397262428462743  0.08466416234694028  0.08539211155530467
  0.08615205445451976  0.08696387276594986  0.08781976510425636  0.08867210295521628
  0.08952877729467244  0.09040307229871637  0.09129437712315294  0.09227957282201944
  0.09334507112722984  0.09445362093057888  0.09561079276859968  0.09687267316439738
  0.09821058374280961  0.09961503819728643  0.10115551374279858  0.10287231437191699
  0.10470775199041119  0.10645826232408780  0.10818738438875092  0.11014337507731925
  0.11234137342564249  0.11458874172109684  0.11706628043078512  0.12005835996857747
  0.12381653808670635  0.12841585765473029  0.13438220576965915  0.14214476652394939
  0.15702321359113658  0.18650221232918532  0.61912903887337811  1.00000000000000000
 -0.01292834714583342  0.05790992221086478  0.08680736580648291  0.11448430694465127
  0.13711915879598810  0.15546028159270575  0.17194456469174618  0.18766116164997204
  0.20153712491543554  0.21363280926717243  0.22467983551568235  0.23619989187474422
  0.24690624803802647  0.25659224486173765  0.26644952626966373  0.27608769572741615
  0.28507011752054451  0.29382188180477670  0.30248674143790866  0.31122963322875230
  0.31967151257067106  0.32742676106394430  0.33500481574608476  0.34221027710967039
  0.34919926752615860  0.35657061099196558  0.36350552217605658  0.37014109187286720
  0.37673049241680384  0.38314998711606912  0.38936060412195611  0.39545842764800621
  0.40149770575570015  0.40744178477756610  0.41348091947399762  0.41947539935730338
  0.42526460786430104  0.43085694858598561  0.43637623454320879  0.44205492529415624
  0.44805985165338602  0.45429001268848668  0.46054079154415567  0.46660056249374271
  0.47222860477453416  0.47720561532708633  0.48187021880336994  0.48665479879795331
  0.49159853766714878  0.49672272069455181  0.50186278487648850  0.50681945632312664
  0.51155210241630178  0.51628511862839044  0.52096199798104381  0.52626915625001502
  0.53187050973105621  0.53747821861649336  0.54299062316344193  0.54837288646145188
  0.55388757624530571  0.55971977925881589  0.56584089196602727  0.57207275781120503
  0.57854425870448611  0.58521086320169691  0.59172732890850188  0.59830333496408983
  0.60496748054972715  0.61175018720104113  0.61868670355938149  0.62552727918446005
  0.63239235269671579  0.63963368311882607  0.64726388190442374  0.65514049204756519
  0.66320723230370326  0.67151144268188756  0.68005940588266911  0.68888707880699052
  0.69777148450694870  0.70694515936637436  0.71748730846818387  0.72776217172975355
  0.73822432699038820  0.74921658280918479  0.76081249653156147  0.77604046265301763
  0.79254937501691591  0.80917327088956481  0.82633764495645645  0.84483588472652094
  0.86471970813833321  0.89017888268889966  0.93180618327073206  1.00000000000000000
 -0.00303847752972050  0.01029665549786058  0.02203135527869904  0.03340789863471642
  0.04471763072487394  0.05574597936634079  0.06636742504145075  0.07683350256398688
  0.08757894111602761  0.09858846526270557  0.10941777074348437  0.11985724183831581
  0.13005979050539157  0.14023243566635241  0.15054193707768915  0.16110141246960225
  0.17189767773469852  0.18259586157324234  0.19319183916712027  0.20393531472151671
  0.21488306091091885  0.22585726564756367  0.23617229212469507  0.24585764059886528
  0.25508232257318625  0.26409549788609060  0.27328619666126397  0.28254484018203663
  0.29180866527384997  0.30108161925987037  0.31009763398072954  0.32000825053310916
  0.33006849902088581  0.33955915852545254  0.34951779807216005  0.35954101902177704
  0.37000153725114515  0.38017997625147343  0.39060891401719355  0.40130374720164158
  0.41261027597595440  0.42402639462951014  0.43543152334085583  0.44624788871942567
  0.45645701808783024  0.46687135024208426  0.47720711686173889  0.48809320544343671
  0.49881624623523840  0.51033639828386745  0.52165991970799619  0.53295515385382264
  0.54455051244934949  0.55640562117560144  0.56837957633166558  0.58016171434265440
  0.59153184598912822  0.60290222840492858  0.61458309249683341  0.62620038609467010
  0.63772105723737038  0.64945077442673782  0.66115758289410287  0.67217370610850846
  0.68244290129453467  0.69249485964817614  0.70277208172437877  0.71291826491988353
  0.72263097345709248  0.73244908037927137  0.74305674280444323  0.75402128493523890
  0.76505488118592857  0.77629637268179608  0.78796736221555019  0.80036002261231209
  0.81330303174306240  0.82597332913362387  0.83742857999798948  0.84758189045486876
  0.85706914539426382  0.86643999845028419  0.87612233530213590  0.88482104951862717
  0.89318735736945121  0.90195280311240100  0.91050389304755219  0.91901944131644608
  0.92741459025308159  0.93568821478235553  0.94555494588727251  0.95670291077499048
  0.96791460344573232  0.97911497792706703  0.98948850391611687  1.00000000000000000
 -0.01061777491400994  0.04378888858702655  0.07538784515216732  0.10683754481909885
  0.13098413580194737  0.15019428115998359  0.16767106917256960  0.18393102741075212
  0.19882649620013923  0.21405928407673236  0.22957712441012418  0.24315596668123693
  0.25523848925825898  0.26673903246769176  0.27764816018034283  0.28843548533083840
  0.29914384185701876  0.30955556540091905  0.31946662753359556  0.32884003827842501
  0.33756883982670199  0.34559138991850091  0.35313461339098368  0.36033924927715705
  0.36726875474158371  0.37399326651616865  0.38059795953850317  0.38719738885894700
  0.39370529040915458  0.39998707551374629  0.40603444449737575  0.41207880007139630
  0.41785415720118851  0.42337860234258679  0.42885697977862591  0.43433372176421270
  0.43969237458067434  0.44495104752776449  0.45021437703291639  0.45550650618801614
  0.46080514107555931  0.46593969472058661  0.47089305577303125  0.47562000473555716
  0.48024222138010880  0.48490494734928719  0.48957491317642460  0.49411154571242938
  0.49861318705532143  0.50329999990369967  0.50820484532746946  0.51302484280155569
  0.51776560136412819  0.52295317246818318  0.52865137163820763  0.53441734615262526
  0.53999997598206373  0.54553136334156438  0.55122448601911256  0.55702424344811219
  0.56271684141218903  0.56836209469076115  0.57399118664920812  0.57964140955428645
  0.58541645969380607  0.59138764400732236  0.59749346999092012  0.60364498433038183
  0.60999720200664775  0.61643899281718484  0.62308848528454996  0.63014576739415251
  0.63747864396991449  0.64475919231288370  0.65207814752843507  0.65983191103608452
  0.66784278528909025  0.67630027533410397  0.68519068089388946  0.69455073768546305
  0.70445207220072326  0.71496166044171761  0.72592410103623950  0.73712310086121746
  0.74894234421902128  0.76197954718047134  0.77603046029272449  0.79075669042636931
  0.80668362496608403  0.82369659381007132  0.84223078164643905  0.86222033113556118
  0.88929486447832196  0.92427821025027479  0.96231736873459051  1.00000000000000000
 -0.00234356025156252  0.00863519725698308  0.01870366360780099  0.02948174411667811
  0.04050257112322959  0.05213858293237911  0.06323628332966387  0.07284957356321665
  0.08271859758893167  0.09209692400795393  0.10144486037338682  0.11039168493103260
  0.11985023168185444  0.12990735149962399  0.13962993828409354  0.14881331282108992
  0.15886467163283827  0.16986761576374548  0.18159054537905303  0.19322078746864668
  0.20432088513332175  0.21447400528930438  0.22409538160406062  0.23423445215729433
  0.24458306157130602  0.25463051164477912  0.26438177972853177  0.27416711739098698
  0.28395765011063995  0.29371018657193326  0.30342660649392833  0.31316051336965378
  0.32358938801641490  0.33526586731790020  0.34734345740464612  0.35885477251570519
  0.37036469033309383  0.38159878538655201  0.39294170156382746  0.40411792292789622
  0.41475527402231105  0.42422388688636348  0.43354925183002618  0.44273843569549287
  0.45169200948324240  0.46064056973064682  0.46919668821302579  0.47770253578474509
  0.48788139092077232  0.49929569105158872  0.51075985642518373  0.52227302291733757
  0.53379683964082048  0.54507332711331558  0.55626400964678524  0.56752466600506124
  0.57885846842967870  0.59032165512428725  0.60192739087864677  0.61357970215657309
  0.62499679146329434  0.63629098697400299  0.64780016712964406  0.65908290265847358
  0.67056892967695714  0.68243369480778593  0.69466224909005547  0.70630216237984722
  0.71730400385021997  0.72743949342035641  0.73770136962894839  0.74819290557208540
  0.75866762108988428  0.76874815344329839  0.77972183438891374  0.79130566521028789
  0.80254680014920188  0.81337306634233553  0.82390423625135234  0.83409159154527668
  0.84430033239748548  0.85471277692530900  0.86576722761783342  0.87668238911935215
  0.88648516161768220  0.89635459773478676  0.90657299177479411  0.91810935934902949
  0.92923913943579650  0.93962983383584864  0.94935974340490148  0.95970298181769675
  0.97120298688663909  0.98131509739586242  0.99105457846738443  1.00000000000000000
 -0.03855681781848906  0.16894719262361832  0.21520188120942801  0.24118263609456683
  0.25988006960508286  0.27486687550235972  0.28783248440492182  0.29928270570981030
  0.30943161226574784  0.31839542489522904  0.32637481974792037  0.33374320449966888
  0.34073815257325152  0.34752644979734265  0.35394912489843494  0.36007835351508904
  0.36600957520687843  0.37153591317627677  0.37672496628277324  0.38178831863769797
  0.38687685933208599  0.39181582963858419  0.39656969213875692  0.40123302987212200
  0.40582006939648729  0.41040157082700485  0.41497565446194329  0.41953997746722893
  0.42421920340439373  0.42898297747373104  0.43365232677725352  0.43808735037321772
  0.44225279688787239  0.44625500737137369  0.45011165274915033  0.45390472646819902
  0.45777012623038910  0.46164437219882964  0.46541663863843186  0.46911162640429832
  0.47287110957629463  0.47669382456846848  0.48058304892552528  0.48438230546791039
  0.48813392613520667  0.49172677327562286  0.49527848564867039  0.49872734773832378
  0.50194512819170956  0.50528763518159769  0.50864476392203495  0.51207877614180453
  0.51546927387118646  0.51881037601517432  0.52206427886996720  0.52530467355675214
  0.52878536889816108  0.53237498618372636  0.53596241669764488  0.53941151218599792
  0.54278644554962119  0.54624198177009931  0.54994607853959165  0.55361760149171280
  0.55697901242403125  0.56032852471140537  0.56395418671283204  0.56809244198730402
  0.57237758171578135  0.57662941389492717  0.58103923811010594  0.58565660349982618
  0.59060367827487814  0.59598221133101636  0.60151438941035829  0.60695122013112390
  0.61232905179679131  0.61777329939476056  0.62351842580621253  0.62951006198426218
  0.63566699740345967  0.64197419397807987  0.64847730537903414  0.65531063820931457
  0.66265418986151514  0.67052730971073138  0.67894840035835080  0.68836564349065466
  0.69916304986682420  0.71131717855280352  0.72496198919776100  0.74054367592870740
  0.75897317163522671  0.78309814700140612  0.82719834516186497  1.00000000000000000
 -0.00255583196315095  0.00952684170446440  0.02087477419469792  0.03161549128967606
  0.04249870875197898  0.05392967758107289  0.06528866671491428  0.07605402691741460
  0.08696183455282822  0.09823624558974657  0.10895034078383872  0.11917419979381742
  0.12906143286706562  0.13890091545068517  0.14801567003953653  0.15648766527539010
  0.16538487358263090  0.17484615956523869  0.18364676845235633  0.19212443373624222
  0.20080004757659875  0.21022783184789626  0.22092794963758061  0.23233884090684684
  0.24356820099925461  0.25405147187027105  0.26384965499712093  0.27348648968539052
  0.28296053319466230  0.29216187694632312  0.30135151551783695  0.31157337801002599
  0.32292911981277389  0.33493224842220026  0.34715252495953708  0.35916825610095388
  0.37076035287779147  0.38192665453370223  0.39295171226611669  0.40424424055035246
  0.41568286436516300  0.42676199462989328  0.43772843301166886  0.44948844801708054
  0.46125997974411370  0.47283951030768040  0.48472368902347124  0.49635669225858647
  0.50755197477895753  0.51831331255597080  0.52883290382636672  0.53949807390120219
  0.55020169039743128  0.56159071938912908  0.57347528436096484  0.58496707941506443
  0.59606153023684860  0.60699747823271222  0.61743505680983968  0.62749569327629928
  0.63673498863782163  0.64689064615059644  0.65776610173050221  0.66898007119893410
  0.67989458694395821  0.69066821067347872  0.70156700913057002  0.71251155996521409
  0.72342210811851659  0.73421994617955832  0.74469218562816297  0.75494407708167466
  0.76529395730991612  0.77597357806266420  0.78682965894825341  0.79768996212371435
  0.80855084751559758  0.81965904772244325  0.83099435025032886  0.84212064979886336
  0.85287551708999765  0.86329861040109690  0.87335273549968873  0.88300713409955633
  0.89261411933440427  0.90244977104917090  0.91249520426603026  0.92256533205346980
  0.93245066084373585  0.94262990912095235  0.95295094732394581  0.96255028965931755
  0.97137603572224873  0.98071776997590421  0.99046503431877075  1.00000000000000000
  0.03428443345337392  0.39866484417547948  0.46702817310451245  0.50086817139521467
  0.52411088015601015  0.54119646303326951  0.55512581710253328  0.56769443603072622
  0.57853116052856368  0.58751041896525702  0.59575483390305439  0.60366386123538607
  0.61149674211924676  0.61901520297960622  0.62607840071912579  0.63252343807716827
  0.63852016756750052  0.64400171807253026  0.64904190092349978  0.65372328397579860
  0.65818647286515508  0.66245010508350854  0.66653555137620246  0.67042587443369628
  0.67409436969805414  0.67761900244405149  0.68100062229451974  0.68424667029580799
  0.68741548038674749  0.69046157912442530  0.69338141552807375  0.69623047307070418
  0.69906770142241048  0.70196320387418176  0.70485770591822083  0.70769960339574967
  0.71050435512054955  0.71328168991630192  0.71603505672212664  0.71877596794511200
  0.72152581623914336  0.72429590020015167  0.72701555226733883  0.72972007006639295
  0.73246278641111762  0.73521006088394714  0.73793006924957238  0.74060082961828377
  0.74323737933212664  0.74582915387001192  0.74836565119896314  0.75084913687357768
  0.75325914135469829  0.75563563890780217  0.75805038758830401  0.76044572945550903
  0.76280736516097392  0.76517324799648578  0.76757946563207502  0.77004581253637849
  0.77255832029752669  0.77507233766117978  0.77757868842134026  0.78007908322521113
  0.78254743379385905  0.78496630564232062  0.78737064312293426  0.78982426511701675
  0.79236377694390836  0.79497868131492710  0.79758766662910197  0.80018732524338620
  0.80280789852336831  0.80550860445367334  0.80826005875115958  0.81099428629603754
  0.81393142277235664  0.81714414310360584  0.82040724810188637  0.82369052786159647
  0.82705541629383394  0.83053840736061524  0.83422642668561187  0.83822439287084249
  0.84245050344787442  0.84645735001150357  0.85070655498659498  0.85509733040159164
  0.85983879656512041  0.86489946786301120  0.87064140349532815  0.87734200441153820
  0.88520872896651648  0.89592262990296256  0.91799325796284903  1.00000000000000000
 -0.04012838286289017  0.17185910375792715  0.21665186146606175  0.24205712132120139
  0.26073903578469682  0.27546226893086212  0.28822581504822059  0.29967493553795882
  0.31016517444132474  0.31975790215542654  0.32848303977744986  0.33650908540944080
  0.34407759728708126  0.35118384151418952  0.35766432077431726  0.36340180959120105
  0.36911576917877137  0.37471401518851355  0.38023738139343821  0.38559676428144302
  0.39097728540123328  0.39617879910938497  0.40154545332807706  0.40638406523208093
  0.41092130414991024  0.41548972764772463  0.42003314118808593  0.42450318205674403
  0.42892092872640430  0.43327765247534700  0.43766474868398536  0.44196339317723760
  0.44616768997325512  0.45024959460039526  0.45426292147923636  0.45815677238082253
  0.46196327712678115  0.46577000108763289  0.46958758388734906  0.47339429312618808
  0.47719632849549248  0.48094633578701274  0.48462872552503994  0.48828578215912427
  0.49196740640691194  0.49565724499114255  0.49920080290151481  0.50254680253461947
  0.50591738533117581  0.50941336258064029  0.51284542404658828  0.51629865955632093
  0.51988850141179221  0.52357926064533777  0.52719889073944137  0.53068788052993077
  0.53412923115681077  0.53767311615850766  0.54121140042427984  0.54460662903330681
  0.54799419984018494  0.55149772233761274  0.55505281307647691  0.55859521284687552
  0.56231523316187448  0.56645621046618244  0.57070786034160503  0.57493180535243571
  0.57918565140015410  0.58363697425813044  0.58840082411300820  0.59340735292058056
  0.59852299214323967  0.60372971658309738  0.60910434197946184  0.61467929923553555
  0.62044443882197964  0.62631600570729784  0.63235644114426814  0.63859612511168140
  0.64490113688041684  0.65103691461809032  0.65721113366770811  0.66388924282993156
  0.67137040130015091  0.67966778921628968  0.68839829822691145  0.69694150903030594
  0.70647758934801019  0.71744761861492223  0.72911155259490357  0.74165735432335322
  0.75863925962277257  0.78228592655486240  0.82276578854785265  1.00000000000000000
   2.2526207394910152E-017  -1.0000000000000000     
 F F F F F F F F F F F F F F F F F F F F F F F F F F F F F F F F F F F F F F F F F F F F F F F F F F F F F F F F F F F F F F F F F F F F F F F F F F F F F F F F F F F F F F F F F F F F F F F F F F F F F F F F F F F F F F F F F F F F F F F F F F F F F F F F
  <DiscreteSampler_grid>
  grouped_processes
  1 # 1 for a reference and 2 for a running grid.
  10 # Attribute 'min_bin_probing_points' of the grid.
  1 # Attribute 'grid_mode' of the grid. 1=='default',2=='initialization'
  0.0000000000000000 # Attribute 'small_contrib_threshold' of the grid.
  0.5000000000000000 # Attribute 'damping_power' of the grid.
 # binID   n_entries weight   weight_sqr   abs_weight
    10   10   1.617797593865968E-005   2.567768092603940E-009   1.617797593865968E-005
    16   10   1.617797593865968E-005   2.567768092603940E-009   1.617797593865968E-005
    22   10   1.617797593865969E-005   2.567768092603941E-009   1.617797593865969E-005
    28   10   1.617797593865969E-005   2.567768092603941E-009   1.617797593865969E-005
  </DiscreteSampler_grid>
