  0.01421972256842790  0.01449222366182397  0.01467794459955893  0.01481163626480323
  0.01492337574644126  0.01504042495779968  0.01514950567247530  0.01525308946823493
  0.01535123687713450  0.01544701552347383  0.01553090844931548  0.01561153629464223
  0.01568808230930350  0.01576209718614266  0.01583623144190074  0.01591097962418231
  0.01598582042996831  0.01606009249344735  0.01613518184390895  0.01620981466902021
  0.01628466076647874  0.01636148574298939  0.01644055464010261  0.01652134121440673
  0.01660322185824063  0.01668592482791410  0.01676920920169390  0.01685047362885586
  0.01692965805578270  0.01701023996024549  0.01708665096485670  0.01717017555775976
  0.01725634388191409  0.01734563100366020  0.01743726900292140  0.01753141316596253
  0.01762869371622817  0.01773137009992956  0.01784029671687569  0.01795312370715143
  0.01806861990763862  0.01818432480248096  0.01830154357106817  0.01842108646827124
  0.01854122976231003  0.01866071262039047  0.01878013648466733  0.01890307020615632
  0.01903540223817351  0.01917662956701900  0.01932123575289658  0.01946692368303804
  0.01961453092482460  0.01976438476925568  0.01991881031735408  0.02008364328519891
  0.02025891456760905  0.02043884389746689  0.02062414214016103  0.02081497680278099
  0.02102365915453104  0.02124248531979689  0.02146784775712898  0.02170136509443043
  0.02195086288859538  0.02221938459742407  0.02250952974307855  0.02281258364135375
  0.02312284963750205  0.02345228598175935  0.02380809833157124  0.02418275582178477
  0.02460945564590811  0.02505538481014140  0.02553354920367651  0.02604866061711840
  0.02658680786292415  0.02715721804288928  0.02779956799273314  0.02850624284805867
  0.02930546724002596  0.03020594149558407  0.03121569308061168  0.03235575125705507
  0.03372526666863343  0.03527942178096630  0.03710252087105900  0.03930932335894727
  0.04215627953427602  0.04567822299959619  0.05019044901023380  0.05611039738045406
  0.06571740326987807  0.08837951493296363  0.61022468484133130  1.00000000000000000
  0.01448890449607183  0.01464389849084667  0.01478033343773597  0.01491912128123036
  0.01503405906070775  0.01513669430850759  0.01523906301745922  0.01533329526176513
  0.01541926824396477  0.01550122089616711  0.01558177564080688  0.01566274141013601
  0.01574232571598097  0.01582105000236196  0.01589855591496901  0.01597580443237982
  0.01605327846288834  0.01613080610614837  0.01621052716180418  0.01629525982702259
  0.01638412188977538  0.01647167346792338  0.01655934937164613  0.01664734252608784
  0.01673660114655811  0.01682810368740658  0.01692271345805551  0.01701963002423523
  0.01711608738655319  0.01721132375797437  0.01731054806876953  0.01741251357576157
  0.01751669144750436  0.01762319477049468  0.01773197031621994  0.01784364688732562
  0.01795705079191668  0.01807860345221143  0.01820383011996452  0.01832823167080972
  0.01845523506796809  0.01858442055542825  0.01871707911902404  0.01885657572655699
  0.01900652658246870  0.01916051240348798  0.01932085271410109  0.01947834188996293
  0.01963331026613997  0.01978840137120772  0.01994862263264462  0.02011507902831292
  0.02029581991887783  0.02048719900352428  0.02068368451293449  0.02088855933524715
  0.02110319425391383  0.02132597723110444  0.02155755077714765  0.02179610158633251
  0.02204436010206341  0.02230187375159035  0.02256898309955523  0.02284914198983548
  0.02314186880649752  0.02345845049982513  0.02378087216179051  0.02410887819734264
  0.02446572951222908  0.02485669448957798  0.02528084726085905  0.02574354009101730
  0.02623844171811361  0.02675852769072487  0.02731230833249480  0.02790467046917552
  0.02854624512131591  0.02925320006452329  0.03003948045465540  0.03091248348170112
  0.03184393132405015  0.03281935300762039  0.03386547966613275  0.03510437983964913
  0.03655636668757351  0.03827374821471149  0.04024012276886086  0.04245113750782675
  0.04508343163190401  0.04828905366036450  0.05250829775184064  0.05794863974308785
  0.06590626454846631  0.07936066088035590  0.11206525166428283  1.00000000000000000
 -0.00455690408530325  0.01518481336495099  0.03006068518307198  0.03994746518108609
  0.04858150064038378  0.05712921857390206  0.06636062170301049  0.07629497753220404
  0.08592846472259286  0.09467747307346853  0.10298172720128212  0.11155204485639346
  0.12041634857121844  0.13014349408284276  0.13951614523083369  0.14833998867176576
  0.15757650633899650  0.16715108242686219  0.17605165949871565  0.18475862634554022
  0.19430965671145700  0.20414349431442924  0.21402921611780720  0.22476400078770697
  0.23585458217371622  0.24623535764171445  0.25619351802447937  0.26609403289585681
  0.27641101742220653  0.28667774603158630  0.29660471793562265  0.30603001683593162
  0.31495787641551165  0.32365610800291761  0.33240223921639606  0.34112443035173523
  0.35035238859685641  0.35939410663471388  0.36879408074172820  0.37842279753375430
  0.38843571642753805  0.39863569757103645  0.40748993465388816  0.41560340915521443
  0.42390178636965870  0.43212630635657368  0.44029663157708543  0.44920071716772508
  0.45860473260515477  0.46786963709482721  0.47701530558621019  0.48622168302907293
  0.49565204088399062  0.50555564674791265  0.51584240723635322  0.52595516166586986
  0.53641459863281205  0.54588563268985457  0.55550957893219199  0.56495336936363916
  0.57468595345601181  0.58475495128699007  0.59500350489931464  0.60535213307204239
  0.61567391651761660  0.62592916988420855  0.63627984838450424  0.64656631912416340
  0.65706184085996389  0.66808216377221574  0.67943856567869176  0.69041969080785837
  0.70063501196924727  0.71060178710495470  0.72096415791079771  0.73190095544608869
  0.74291473554555720  0.75346033622934483  0.76454304297406905  0.77611315953389770
  0.78791324786994621  0.80016410020617124  0.81297568531860909  0.82625746457838245
  0.83998927907721210  0.85415847554409019  0.86876195393716682  0.88352095676847542
  0.89820226964949201  0.91264921154648082  0.92689803665505144  0.94127884671089512
  0.95598887787101705  0.97080411711280845  0.98561030751804324  1.00000000000000000
 -0.00315215244428013  0.01099642301667152  0.02269269317986938  0.03381319478337351
  0.04390120053825238  0.05367203731865784  0.06346041839261150  0.07328125079733848
  0.08302166901235911  0.09297006303441935  0.10236346081782799  0.11237810103137100
  0.12242560183758439  0.13247399015540159  0.14279124973894433  0.15378476729489127
  0.16531924317381319  0.17621349760318517  0.18674679025740912  0.19725521173491545
  0.20805997041334645  0.21910004293013327  0.23044686101487780  0.24130352740436761
  0.25233767195459056  0.26371764621208349  0.27489828041016956  0.28581559409736218
  0.29611521520691109  0.30654690718333855  0.31680496081127058  0.32642420171553244
  0.33590223918279466  0.34574228785638839  0.35614120820605349  0.36643883840896901
  0.37634217460694852  0.38647219280387002  0.39695623126325880  0.40779166342039774
  0.41882779285209759  0.43043223634087174  0.44158656070931662  0.45265400412894802
  0.46380620392232458  0.47515847599603750  0.48584814049745206  0.49663607601135146
  0.50724968023588157  0.51782789607670843  0.52834265694995308  0.53890217697262233
  0.54908910452404613  0.55892497826748966  0.56896953681960916  0.57906499667422817
  0.58882443038727594  0.59887400291162496  0.61004714358207834  0.62189149172054703
  0.63265045287673416  0.64316639870613201  0.65386351465882186  0.66478636456316942
  0.67615754064391365  0.68738029858382466  0.69835441872328330  0.70910858898951701
  0.71978378271956633  0.73023429957060015  0.74041723569906637  0.75044021895183277
  0.76048718347515643  0.77034520880626023  0.78027390322483636  0.79044477078451769
  0.80095410871500250  0.81135479670712018  0.82148874646643943  0.83158634705801959
  0.84199574323879223  0.85254324558405992  0.86333483038081249  0.87371157080597861
  0.88445320914500269  0.89540741509036104  0.90631566668607488  0.91664302361515970
  0.92715484564569384  0.93728224345042388  0.94757968575439300  0.95726065743985445
  0.96784861846536330  0.97845295201834903  0.98940733445542828  1.00000000000000000
 -0.00335308869860005  0.01328654362670315  0.02689363889279017  0.03948535050738430
  0.05172933015642609  0.06409816336489980  0.07618308738959187  0.08935461040067849
  0.10187893033920323  0.11409270623577819  0.12579458505522670  0.13722453222124584
  0.14807065607154890  0.15840382108691786  0.16884110352031539  0.17916770797451625
  0.18967666828618288  0.20030415519271172  0.21158611993052015  0.22313830013757038
  0.23459237360628421  0.24577005123571943  0.25644719559181633  0.26676901624438237
  0.27707020056245607  0.28738738481589760  0.29741731149685835  0.30726233146686649
  0.31665220918242998  0.32622428960917904  0.33572407213941119  0.34566550948955493
  0.35536010289318182  0.36469420579804579  0.37418706177389843  0.38346078367887704
  0.39239074909264698  0.40095137967925354  0.40929566482460233  0.41753909373572856
  0.42601691254546803  0.43469315681232695  0.44359705977045005  0.45258796440577581
  0.46148249646942890  0.47029710240713346  0.47931645828200603  0.48868820341007974
  0.49830592249078803  0.50791850279701278  0.51743079668774361  0.52695618853170612
  0.53674509649626967  0.54683225192371732  0.55683687086113620  0.56629120453782833
  0.57532434669832522  0.58462861049423132  0.59423643453692732  0.60385622752578094
  0.61315353059940847  0.62228624527078436  0.63183385290948624  0.64199569252725641
  0.65241080448168831  0.66299443774795996  0.67330322050179991  0.68303751319590633
  0.69302202330989005  0.70251047321698812  0.71353330944228976  0.72519518503451397
  0.73731524169026952  0.74960745706010079  0.76133290769763506  0.77262866501071492
  0.78387392874383466  0.79513262409100960  0.80607451486228598  0.81674963958192626
  0.82736936760426083  0.83814620451087429  0.84956769810274058  0.86156424690861788
  0.87332101756847014  0.88377151304023982  0.89370482793300943  0.90411208262002440
  0.91475132315085994  0.92541971622718455  0.93550477296724377  0.94804353783732975
  0.96149377392232493  0.97459708471704898  0.98778549445782216  1.00000000000000000
 -0.00270980581283741  0.01051868904897144  0.02048708411017793  0.03050853946067442
  0.04041589717629480  0.05103562567448928  0.06221227838717963  0.07358585469098215
  0.08441234314725042  0.09658147457106010  0.10790070058155907  0.11949259011550827
  0.13031937321733189  0.14176136837475053  0.15276499582318512  0.16314734495181166
  0.17316026190617984  0.18304389547502559  0.19286629295513780  0.20233151327359211
  0.21257048299160952  0.22367112705564313  0.23497547584910672  0.24536093894133851
  0.25584126695978088  0.26646743341319412  0.27680448915475059  0.28734261715609866
  0.29870556946533211  0.31029779524124013  0.32142718357772060  0.33205174452940533
  0.34219378199098560  0.35206413514593521  0.36199227600285255  0.37199060326167377
  0.38206211174097710  0.39252915972361474  0.40357065770305861  0.41488227928050830
  0.42621939754820248  0.43735040033459022  0.44839345216558968  0.45892071116183297
  0.46883170869679053  0.47859401732763868  0.48850959147303363  0.49876038117554533
  0.50857089606545725  0.51853601427964124  0.52931141589482400  0.54084619096685349
  0.55245744383434681  0.56381218616196715  0.57470696705367552  0.58531478626350730
  0.59580557593853689  0.60625048470899101  0.61681610878564164  0.62760943497882926
  0.63859840454452432  0.64959594620088534  0.66049723103972247  0.67127259150139551
  0.68191323915494129  0.69240432540982555  0.70262066470128937  0.71266071059382941
  0.72276357513121958  0.73320942273049294  0.74385944490252554  0.75454454416124539
  0.76531258029457072  0.77636148139626182  0.78732467873803136  0.79833844879152382
  0.80935425001930072  0.81966073026688491  0.82999845952862839  0.84043235669324201
  0.85050552193876849  0.86045034838992729  0.87065650860213450  0.88116574775279799
  0.89146136680380395  0.90105971940762375  0.91071229052436231  0.92066870992709593
  0.93058854714625117  0.94035735965633127  0.95019165728874211  0.95994788071066750
  0.96965226479363287  0.97966967098941304  0.98963719386411286  1.00000000000000000
 -0.00433879603459498  0.01688434713475400  0.03457671864790434  0.05340519699653423
  0.07063831200254463  0.08585719023906219  0.09965773871932183  0.11265462442445670
  0.12579507716324606  0.13849092473335370  0.15081472651390065  0.16279644437939800
  0.17539094249072112  0.18807093574944456  0.19960521287824556  0.21115700200397042
  0.22326305191612039  0.23516949492679773  0.24691765827521148  0.25700102657568130
  0.26638233433330427  0.27595130428954978  0.28526248293953382  0.29424510919186936
  0.30303271626745432  0.31207922587372466  0.32162051381211354  0.33110155022966081
  0.34041321914364198  0.34965585773984476  0.35881851058364739  0.36800092988063093
  0.37704858900198640  0.38606236869250421  0.39510602339172379  0.40410527980744082
  0.41289861333557881  0.42161534581926052  0.43027424848150592  0.43896629930769981
  0.44771610391932176  0.45640991098965633  0.46531647167207046  0.47447858783784702
  0.48357185045564532  0.49261354503865723  0.50155592019082607  0.51048024166452277
  0.51913500042922167  0.52721882075546855  0.53527591059538959  0.54367932810550612
  0.55187528958535903  0.55970648382094501  0.56744943027721939  0.57525138756580130
  0.58317935456854164  0.59147782729465681  0.60016718076775522  0.60889796653176398
  0.61746667851352066  0.62597234004210567  0.63461196654958019  0.64335859958091746
  0.65203058268610004  0.66049661087733291  0.66894238154209051  0.67746547647322619
  0.68608007225433598  0.69482001658776582  0.70382507150355633  0.71293390771141452
  0.72226688219814084  0.73191605856215747  0.74172755770607601  0.75168913916400293
  0.76184954332763966  0.77245075340123881  0.78363356629882430  0.79493040468236476
  0.80580588464293768  0.81607671751780375  0.82635947357800343  0.83697679434698691
  0.84774907993658466  0.85862482912846549  0.87052695331193797  0.88241133084090961
  0.89498397101804417  0.90847732333326525  0.92249860426307806  0.93660067573261374
  0.95094731650506814  0.96592810416066432  0.98209339153170838  1.00000000000000000
 -0.00243982586643389  0.00918855809549110  0.01977728834885356  0.03080239589756856
  0.04161538011317530  0.05245079089796591  0.06270129452409992  0.07274499650301532
  0.08230515987003811  0.09320688943959531  0.10397725877766656  0.11529422048614210
  0.12621494579904766  0.13716613476636905  0.14821033668731820  0.15999972813741151
  0.17148100952537332  0.18226162065604781  0.19270820573704064  0.20246479117718003
  0.21226792694872831  0.22183304107327123  0.23163963628700474  0.24210364248400731
  0.25303306939994258  0.26434953435522263  0.27429447304628529  0.28281048868522191
  0.29248013430001829  0.30210257207509711  0.31191094794173857  0.32147387882420708
  0.33128470684976469  0.34167123506752145  0.35283348977566414  0.36342090321478188
  0.37459051546263084  0.38589918315433025  0.39689600653171109  0.40797773333739912
  0.41906133816137414  0.43014584803305911  0.44038405483290549  0.45018631669390713
  0.45988687533546035  0.46997481966430871  0.48011213609051412  0.49005016206772412
  0.50017155782509570  0.51059140162805150  0.52149006560064803  0.53190278434451099
  0.54227662618848960  0.55297283684149923  0.56338301932580381  0.57354418806185536
  0.58377610954789894  0.59451689911305505  0.60535236702478679  0.61540555930829921
  0.62509893223086266  0.63513288712095406  0.64567507574688709  0.65671053244481326
  0.66800024445451855  0.67968101981157503  0.69102642612749632  0.70181900399079689
  0.71292570513828113  0.72524941652666763  0.73636288585333187  0.74698919938771458
  0.75768440909350132  0.76840315019484884  0.77864344565116328  0.78838143470619271
  0.79813858760530310  0.80806286708499908  0.81811648885985433  0.82776213772336360
  0.83762962880678760  0.84788777113357283  0.85842224599611461  0.86915373508120253
  0.88004382758749056  0.89066465458747257  0.90121389136809837  0.91172626239941745
  0.92264526322940221  0.93392463601544951  0.94485945098613955  0.95522030774026701
  0.96629524147187662  0.97785694092348552  0.98909411927947388  1.00000000000000000
  0.08484015516777932  0.11943026944340289  0.19533126562341926  0.23378387273933943
  0.25703814306912265  0.27458749190766479  0.28969627667527920  0.30318156338762048
  0.31537636267794461  0.32726295845354669  0.33861163335915340  0.34832505037717931
  0.35733335514664710  0.36525045787369548  0.37293200124621884  0.38030877823765352
  0.38701856986880023  0.39345237924013587  0.39974476064427755  0.40585347860942139
  0.41158470586364310  0.41714692346929116  0.42264923031241602  0.42819281795960579
  0.43351907942640233  0.43862165283993776  0.44348829751601859  0.44835494384228197
  0.45309650688679859  0.45766572618717699  0.46219619481937901  0.46662402686808530
  0.47089021340929915  0.47533045832534965  0.47988250368988294  0.48440419319918010
  0.48888755868447942  0.49323353785099638  0.49741731943249512  0.50156128721411786
  0.50575579947692317  0.51011501355480937  0.51452459920059446  0.51900295100956861
  0.52345279908957909  0.52778495775511669  0.53193091231759937  0.53584280079927471
  0.53973399126411958  0.54395010746258521  0.54848309153025177  0.55314486077179814
  0.55777271400766015  0.56221129796691272  0.56643627791575513  0.57070571474581999
  0.57503144710934473  0.57941182098348587  0.58375903784130700  0.58787141527947062
  0.59184939230505840  0.59595754471552442  0.60012379980471797  0.60449769790508778
  0.60891401517717880  0.61328884651206761  0.61766381758629896  0.62206865336438055
  0.62654010559037787  0.63106884425550658  0.63562159201421864  0.64018583904633086
  0.64479369208476089  0.64955048207296762  0.65446782025585959  0.65942646325034771
  0.66440096827286632  0.66942282840319245  0.67460369617597982  0.67996205637285234
  0.68548608417488965  0.69121740988756941  0.69705070208015318  0.70312716898860128
  0.70957234661077162  0.71661673954506999  0.72412335670207417  0.73193856945702729
  0.74045734515147377  0.74941187441148593  0.75957136394573499  0.77173186458275289
  0.78667411106178042  0.80546722486901479  0.84088164603532445  1.00000000000000000
 -0.03741190439557798  0.16919232582959146  0.21339817673871092  0.23851475209296347
  0.25708952339917890  0.27227479729122106  0.28511678955403241  0.29633936639699004
  0.30611739111413178  0.31486943345943641  0.32302363733176809  0.33086830040048093
  0.33858163291953447  0.34584251384541465  0.35272840905937081  0.35905929195309710
  0.36508662291066107  0.37103688113329625  0.37666127755261530  0.38199562763296774
  0.38724117312627471  0.39250744752320105  0.39763796662792311  0.40248699503275165
  0.40706705723459097  0.41162215410701286  0.41622128604054043  0.42079675243497172
  0.42526187973298968  0.42958024505731152  0.43379767861263463  0.43790251472325598
  0.44198479177986871  0.44603787656350219  0.45009899411355841  0.45411545914593315
  0.45801310347808888  0.46183365905901291  0.46586385067165309  0.46987182679998674
  0.47377607289447926  0.47761400554339312  0.48135882800720148  0.48507237675347409
  0.48875686635928994  0.49240414412399552  0.49595688195892562  0.49953091023267754
  0.50316526640022097  0.50674705207087689  0.51028350113894949  0.51385922363413750
  0.51752555322661209  0.52129289649179966  0.52504805880751482  0.52871150745774675
  0.53237059726848723  0.53606989703829733  0.53987711800150862  0.54386148667113288
  0.54784684021064034  0.55174263363279097  0.55561071344709911  0.55952701834798402
  0.56360855122034070  0.56796481821865485  0.57249659175610823  0.57686900091670745
  0.58151395198425804  0.58621435059756433  0.59105651609817489  0.59593257540408873
  0.60074267536853454  0.60541529742795619  0.61007893575360983  0.61483288307038186
  0.61972854650193931  0.62483094829984320  0.63038286910561636  0.63646006525580434
  0.64290803055331336  0.64951942871268487  0.65615158450479860  0.66285237216666970
  0.66965532551046136  0.67677512493022529  0.68452302904538187  0.69288998262088530
  0.70190714495276596  0.71270780462776140  0.72456362987477263  0.73872831727382915
  0.75724974973377290  0.78316681707630520  0.82585999148419742  1.00000000000000000
   2.8133541589622425E-012  -1.0000000000000000     
 T T T T T T T T T T T T T T T T T T T T T T T T T T T T T T T T T T T T T T T T T T T T T T T T T T T T T T T T T T T T T T T T F F F F F F F F F F F F F F F F F F F F F F F F F F F F F F F F F F F F F F F F F F F F F F F F F F F F F F F F F F F F F F F F
  <DiscreteSampler_grid>
  grouped_processes
  1 # 1 for a reference and 2 for a running grid.
  10 # Attribute 'min_bin_probing_points' of the grid.
  1 # Attribute 'grid_mode' of the grid. 1=='default',2=='initialization'
  0.0000000000000000 # Attribute 'small_contrib_threshold' of the grid.
  0.5000000000000000 # Attribute 'damping_power' of the grid.
 # binID   n_entries weight   weight_sqr   abs_weight
    10   10   2.518442760296306E+000   5.779381847981576E+001   2.518442760296306E+000
    16   10   2.518442760296305E+000   5.779381847981572E+001   2.518442760296305E+000
  </DiscreteSampler_grid>
