  0.01457081045707924  0.01503221390329011  0.01553323760670778  0.01588547775527463
  0.01623918270978821  0.01656302693799504  0.01686845690589958  0.01717160014833388
  0.01746294242115016  0.01773696561321255  0.01799703124955836  0.01824368946907313
  0.01848768648807878  0.01874196734307316  0.01900917691007131  0.01928533257436454
  0.01955955810888531  0.01983145962510827  0.02009623262620508  0.02035495446653873
  0.02061621628525949  0.02087758966773971  0.02113882282108497  0.02140076229457277
  0.02165836679220475  0.02191372615246640  0.02217463416374148  0.02244186668766453
  0.02271603994418058  0.02300414840718027  0.02330457816897367  0.02360577927917943
  0.02389659328676952  0.02417836872820046  0.02446136963837165  0.02475519964994896
  0.02504868154448307  0.02532537550213001  0.02561000970029885  0.02590074799617988
  0.02619273805041370  0.02649804398420297  0.02681178169049324  0.02713364707057780
  0.02746355127189556  0.02780352875598822  0.02813937784320879  0.02847779650446920
  0.02882113768982054  0.02917198511235128  0.02952844388161117  0.02989728847722077
  0.03028683256823619  0.03069301665598577  0.03110221997393090  0.03152773658714906
  0.03196386595112690  0.03240074063478057  0.03286270510232979  0.03337090764587747
  0.03388787897273123  0.03439084660113007  0.03490961691955788  0.03546375569056293
  0.03606087888026107  0.03671637878830810  0.03743461274422330  0.03819147253640191
  0.03895517062273617  0.03973606416774851  0.04055088734275906  0.04138667933375952
  0.04222586011501980  0.04310482043844888  0.04404429176588957  0.04511049818207202
  0.04631855881018616  0.04763307713257271  0.04903907665114452  0.05053219397519581
  0.05210628402393145  0.05374726494278664  0.05550912978555135  0.05739338452985530
  0.05940588754475854  0.06151922738833562  0.06396622392878448  0.06680644739002804
  0.07018184045553330  0.07414874841587964  0.07881000558365969  0.08466816790675957
  0.09259378864937305  0.10445079186263780  0.13124071166314488  1.00000000000000000
  0.00025025471600064  0.00033632852669298  0.00039196674632281  0.00043922375923317
  0.00048160499456966  0.00052502510636528  0.00056766309784005  0.00060901749885648
  0.00065082327241495  0.00069291649654513  0.00073309672123286  0.00077244185364083
  0.00081224278671007  0.00085236269447720  0.00089264711679575  0.00093232614612619
  0.00097241752919923  0.00101348060732512  0.00105574187552540  0.00110124400084420
  0.00114697769904247  0.00119257571877064  0.00123883747790943  0.00128596352380182
  0.00133022172233691  0.00137170163367862  0.00141208883708264  0.00145299665315186
  0.00149363957138362  0.00153414643657536  0.00157541104756309  0.00161957155675998
  0.00166621573413847  0.00171300562497498  0.00175983824031107  0.00181082755677505
  0.00186814581411515  0.00192811619774942  0.00198703929306679  0.00204367725868952
  0.00209983679256068  0.00215555406503823  0.00221275309207391  0.00227575121804579
  0.00234033650510603  0.00240810008668571  0.00247857533521459  0.00255230635216452
  0.00262590767981565  0.00269787907509917  0.00276962186305223  0.00284463546900373
  0.00292668217953166  0.00301631254418866  0.00311122366889067  0.00320895199395472
  0.00330930505476331  0.00341365564747079  0.00352006327346412  0.00363563634882265
  0.00375943811815918  0.00390522785480581  0.00405015989057193  0.00419984750603955
  0.00435964770678754  0.00452995325088793  0.00471499451899430  0.00491548551744570
  0.00512860798223417  0.00535786284382067  0.00560906362889281  0.00587755762786339
  0.00618202215743097  0.00650287081144088  0.00685039436374803  0.00726134722663541
  0.00762795195738928  0.00801815621176101  0.00841059532045571  0.00882505693459243
  0.00929533379211848  0.00983857048535805  0.01054805990519385  0.01130241866004634
  0.01212373327286115  0.01308547262811375  0.01431876004988266  0.01572246690322039
  0.01726288377625293  0.01918706073440367  0.02207268190020639  0.02589908496035824
  0.03039570444741557  0.03783726620391191  0.05951901951551995  1.00000000000000000
  0.00249255279672338  0.00414171734483989  0.00545730569806856  0.00645023029042557
  0.00716590980785291  0.00771363767547199  0.00822956827163256  0.00873833140427287
  0.00922911578691180  0.00969981784392112  0.01015592348145487  0.01058045314459461
  0.01098127023453531  0.01135635578722400  0.01172069763037945  0.01207914160029062
  0.01243616013459677  0.01278676329890575  0.01313857643415914  0.01348697502340379
  0.01383327818067354  0.01417360050594540  0.01450389215114901  0.01483406661779540
  0.01516153483347710  0.01548737473712191  0.01581843417012525  0.01616599908762846
  0.01653875851455935  0.01693473883815520  0.01734059443325324  0.01773959825936586
  0.01813787148681084  0.01853411877540878  0.01894034846377473  0.01935045244113286
  0.01975844987327290  0.02015778382550080  0.02056133278806821  0.02097291452060350
  0.02138719562644103  0.02179174225509319  0.02220389924564366  0.02262954764305656
  0.02306208250461182  0.02349436078995402  0.02393193994885015  0.02437616994609751
  0.02482831052015644  0.02528590751207620  0.02574935408544983  0.02622316828229868
  0.02671950133716699  0.02722754551650267  0.02773336900283830  0.02824882159835056
  0.02878772747698833  0.02936538836959398  0.02998304954668370  0.03062456420955344
  0.03127639549545862  0.03193109048509127  0.03259625532236048  0.03326558656441613
  0.03395298732174754  0.03466419890645606  0.03538671468543202  0.03609465243618915
  0.03680144569205475  0.03755123706426496  0.03833476436589371  0.03917281641236854
  0.04003851956591453  0.04095069276525373  0.04193461557522613  0.04298334344486981
  0.04407517892933020  0.04527451171903930  0.04661286134349314  0.04808430453358484
  0.04953133367561402  0.05088141084764121  0.05240231056464640  0.05438042388470374
  0.05683463861252738  0.05952334569649443  0.06240636722164409  0.06521571828788562
  0.06902651397032500  0.07345067310679108  0.07780293540166981  0.08237366879290606
  0.08862411592697690  0.09778506993774763  0.11444666164226322  1.00000000000000000
 -0.01466514356452184  0.08116440902179400  0.13352860167457137  0.16791004632892897
  0.19072987489453616  0.20830067970556285  0.22350716699473624  0.23683056929772503
  0.24959259862832064  0.26127346930395551  0.27295520599089007  0.28358270192625779
  0.29332342436089115  0.30209883152335759  0.31047464664683461  0.31872534350143883
  0.32651855721323841  0.33382493994989582  0.34073785201986961  0.34752235406654403
  0.35424446858551434  0.36103915334566389  0.36774469308055951  0.37413549732486712
  0.38031931627704407  0.38610734994283530  0.39192622166118940  0.39761540305262555
  0.40335929464380010  0.40927735784397890  0.41519501615367327  0.42095071563032355
  0.42652700926613829  0.43197022226134002  0.43716088731650210  0.44208281661371512
  0.44686637838035353  0.45194561954502732  0.45675687530925146  0.46174198967276886
  0.46655102352130917  0.47147339630148999  0.47632967173514118  0.48118449118173307
  0.48606302267677404  0.49082645555912380  0.49557070659408331  0.50039911515672308
  0.50546671712030933  0.51058003729881751  0.51558888300130568  0.52064261792964217
  0.52571814586816834  0.53082043164722437  0.53591579613520779  0.54087769697057952
  0.54589081689219521  0.55109646222853115  0.55631659686742863  0.56169085208567437
  0.56715834649770480  0.57251395139116101  0.57773400932400498  0.58291025553164966
  0.58836061035731679  0.59430953865494096  0.60037585412331007  0.60640532173939210
  0.61238576116073484  0.61854690590764316  0.62489512330504726  0.63141172206129970
  0.63844426745659333  0.64542324379890648  0.65271097208276674  0.66015140658335703
  0.66748860233254514  0.67473165853246508  0.68197876691709836  0.68956519682432793
  0.69771083536195411  0.70638327838357395  0.71591841561894098  0.72507365113237388
  0.73503731669783168  0.74713803590445649  0.75971227322266688  0.77476338881120632
  0.78990175659180906  0.80605763844657807  0.82357593794030215  0.84495513388316623
  0.87014981053876672  0.89946720606390096  0.93820330798209972  1.00000000000000000
 -0.00201241147343404  0.00859140511407135  0.01709189984954143  0.02584189758817723
  0.03525166952842871  0.04437854164155430  0.05342863935794901  0.06269545150336514
  0.07268669320574030  0.08301787633343616  0.09321303466831596  0.10308263057828494
  0.11360543618168679  0.12449177014439616  0.13622398836964872  0.14765442813583296
  0.15820093948662861  0.16869686465998610  0.17941627999704482  0.19056896815951535
  0.20197387574958869  0.21314399056698299  0.22407431316877766  0.23536565473474677
  0.24685915019568369  0.25838542125316999  0.26999971188964478  0.28197089905623268
  0.29387181678501262  0.30532937901543838  0.31625921235929122  0.32719443522920955
  0.33860240328175545  0.34969353259253466  0.36037095987150825  0.37047745636869056
  0.38089832641451588  0.39167817036470642  0.40245575932348371  0.41300622517237190
  0.42309345086263728  0.43293517476737181  0.44271648524324791  0.45278765571400259
  0.46291766416397451  0.47368218336037010  0.48464194429455970  0.49558159061373147
  0.50620257670784763  0.51629326144154597  0.52662846114570849  0.53720841834520439
  0.54805788676928580  0.55877610070364481  0.56970170373571571  0.58090025099663989
  0.59288361529311351  0.60529738040254855  0.61806984941537069  0.62924192596266637
  0.63814457866986640  0.64739886894918086  0.65666735940270249  0.66546202071434879
  0.67378275628391460  0.68254438301724318  0.69333327499676922  0.70515511989138668
  0.71577606523107518  0.72560722272116407  0.73656329858553848  0.74695252776367482
  0.75740714073342330  0.76805051257754453  0.77875433229680524  0.78876905192405633
  0.79882948989991664  0.80910611015112466  0.81925479046888283  0.82915874353892050
  0.83969397190477979  0.85120514021586757  0.86235675512662380  0.87346462273436121
  0.88456626313237363  0.89527233597395606  0.90561636763427444  0.91607072077405893
  0.92638493236487340  0.93710855019645534  0.94767906275209568  0.95807451744057237
  0.96794047764648761  0.97768006993965573  0.98874533499395290  1.00000000000000000
 -0.00230445008306174  0.00942009397543644  0.01911377470822800  0.02966476217369542
  0.04003007691521492  0.05000996552130970  0.06014662400326902  0.07025656681890895
  0.08084945446634105  0.09171096750025441  0.10303246185812126  0.11467001779497751
  0.12598869520213199  0.13845892313379787  0.15008280466190305  0.16123240024875965
  0.17126759890722726  0.18166526218219342  0.19139180912273893  0.20054672464141429
  0.20926778194906440  0.21864856560332802  0.22943788517273814  0.23957350914662567
  0.24948169830610228  0.26019567955722561  0.27154884696402543  0.28200618246212711
  0.29248688525456396  0.30421622595492714  0.31540507783225041  0.32597892640098197
  0.33650964663412780  0.34702258909111522  0.35711728676423299  0.36656652341459350
  0.37591309566577252  0.38577161813938088  0.39591258643246624  0.40562547040517355
  0.41543041256900126  0.42541782864162936  0.43583746624127545  0.44624544709321845
  0.45676389953688884  0.46791324477872870  0.47925757916341688  0.49029886184585308
  0.50103730488744302  0.51198375898606485  0.52275227525838330  0.53365469643915686
  0.54470938074195452  0.55563483676126690  0.56670049834239811  0.57828029342103315
  0.59026010795294326  0.60228360686955895  0.61351524725325013  0.62428910257247427
  0.63513403492689047  0.64644020964861926  0.65784492407236328  0.66834747511051695
  0.67830438431350637  0.68841005806148059  0.69908445371552896  0.70999986042480523
  0.72041645454263570  0.73078462156748958  0.74184556600592189  0.75299590890665125
  0.76360089270225895  0.77417121858637328  0.78498701103183144  0.79550064981778124
  0.80537102648859127  0.81576380894273082  0.82689796800638959  0.83784443950492371
  0.84828905444277003  0.85922633820993854  0.87123919899702862  0.88339644421854469
  0.89461709417275015  0.90469587007877594  0.91419461093554844  0.92368645119272286
  0.93320271755605100  0.94279605333983152  0.95254412786865139  0.96236381055658915
  0.97172745329918986  0.98083164897969510  0.99058751386940203  1.00000000000000000
  0.05917987518671911  0.06328117058458532  0.06694987887415019  0.06982331473561924
  0.07226399540953173  0.07453638981164261  0.07671328867099692  0.07883864453159994
  0.08092522059992199  0.08286363102114874  0.08460054279013529  0.08620131440573346
  0.08779280610576611  0.08938656953952430  0.09096974449413285  0.09250871253833863
  0.09402576234061556  0.09552886134768243  0.09701332218324209  0.09848270384824993
  0.09990678817061026  0.10135045025593650  0.10280537544923553  0.10425264495884147
  0.10564010515341755  0.10696554773717487  0.10826786494056666  0.10954220939154537
  0.11079524119043897  0.11206215625674404  0.11337439299931257  0.11468982233702170
  0.11595831978383130  0.11719391909250157  0.11843781910441950  0.11969777870781080
  0.12102142310170474  0.12239001816877287  0.12372127101301984  0.12503008662082110
  0.12639422948482346  0.12775640049905865  0.12912067749525441  0.13047090216570337
  0.13185952312136684  0.13324856873890326  0.13463826018171191  0.13611743793233289
  0.13761861440172107  0.13912763243005774  0.14057681819423370  0.14206771474056432
  0.14353689160833638  0.14495668626125682  0.14643298929324067  0.14803555903524848
  0.14969623235960358  0.15137594696950996  0.15309582233382929  0.15486890833603625
  0.15665475631492987  0.15845207259838254  0.16025081609292810  0.16199598799300755
  0.16374611971253011  0.16560587880818770  0.16758644894373617  0.16971843117283913
  0.17199191031999672  0.17434505518434182  0.17687341265660741  0.17927257630534521
  0.18154174908353865  0.18395955561728125  0.18655459311913480  0.18926629532722397
  0.19208819100468705  0.19506261848246342  0.19831249456645927  0.20249852196992457
  0.20672314575976530  0.21084404716725774  0.21476843609534707  0.21839175091367441
  0.22166452832188044  0.22452552483351593  0.22755809749107370  0.23159954257849685
  0.23783328521938968  0.24686631464343395  0.25626685993830761  0.26824461188447113
  0.28455661469015991  0.30915702823658547  0.96567440496044732  1.00000000000000000
 -0.00195727825284498  0.00764759593627077  0.01662936159126421  0.02546578887863569
  0.03441067820834187  0.04354775346132334  0.05273663556303312  0.06164944383624350
  0.07051347043356937  0.07934661298867413  0.08908587347073935  0.09977709638335114
  0.11010234393505682  0.11990544186747486  0.12933417045787987  0.13857772652193912
  0.14823799439170857  0.15839058829662572  0.16899365963897769  0.17993403272772229
  0.19105605266945402  0.20169865982730700  0.21177784900016897  0.22116650314238342
  0.23052297199239233  0.24052129201208886  0.25128415003286336  0.26255976630865130
  0.27363408170271253  0.28475303463013024  0.29599179756966570  0.30711822908893671
  0.31767349850337828  0.32822801087077347  0.33878879710779070  0.34901517530806975
  0.35941665692220670  0.36940640833112287  0.37950519428239893  0.39050046659172938
  0.40329271719959237  0.41764108169704628  0.42978072085587743  0.44138326251940457
  0.45296847823266490  0.46588845214500280  0.47921606213927298  0.49247415624238539
  0.50483886863891148  0.51721220202153328  0.52911890760286950  0.54096437972758826
  0.55229736408960273  0.56363334301356716  0.57511882479959553  0.58762121382107924
  0.60180212019181933  0.61494189007239575  0.62738131827417742  0.63921423698923407
  0.65056283019982164  0.66126331935854243  0.67167544970424964  0.68176058333538159
  0.69200306155976077  0.70290990223699867  0.71488197536503340  0.72678457233042149
  0.73760617198900580  0.74810092369526648  0.75905278125370057  0.77015946871292285
  0.78076361728141686  0.79114054570393599  0.80238975006571744  0.81378748175700844
  0.82425642232605756  0.83454299651546338  0.84515011461395906  0.85556961810009280
  0.86508419653005042  0.87466769756883267  0.88449541238737994  0.89484974478579038
  0.90478264811352027  0.91495537131969384  0.92373144721302236  0.93210532312919481
  0.94030366872124815  0.94823482941274750  0.95636484448109538  0.96468125609556687
  0.97267569048636326  0.98065662974130530  0.99006795882433507  1.00000000000000000
  0.09376535762496996  0.18085487321362689  0.22667542876045635  0.25690933560969004
  0.28065162310028424  0.29891779217012293  0.31332385386174144  0.32604001805642469
  0.33789700377920290  0.34865393804554357  0.35851357059569489  0.36750081231021753
  0.37661417481681236  0.38491192328467361  0.39331086223239536  0.40068496605659476
  0.40771888987934490  0.41446353487442439  0.42139248800754447  0.42797341601074279
  0.43466412985437985  0.44102685527850083  0.44711213357070217  0.45304420870584078
  0.45862418677197980  0.46386357515086130  0.46881774881806909  0.47366774925773775
  0.47837900393533217  0.48305782351093607  0.48783569442775349  0.49272902963364423
  0.49764343806564204  0.50236794254566319  0.50690434786722183  0.51126968218735247
  0.51553909477380422  0.51995007720306496  0.52462867813162539  0.52936938237115216
  0.53389301403972655  0.53826174720739650  0.54276590684374715  0.54755940462681718
  0.55248536735619913  0.55734503522157075  0.56204535306576553  0.56670158818761773
  0.57138813193267124  0.57603270986017996  0.58054712492296390  0.58479797745805817
  0.58872227389893672  0.59249278597234956  0.59629799743528900  0.60028914505025466
  0.60432692126909893  0.60813712727960922  0.61182492365889318  0.61550504150719543
  0.61929435414962575  0.62321277854061852  0.62722150280956435  0.63125614169455457
  0.63524503936924970  0.63922055524250887  0.64315738906844999  0.64715599244429045
  0.65123259915146647  0.65537967082672832  0.65961510530531531  0.66396012906133073
  0.66828467769013034  0.67271797050764759  0.67717803060804060  0.68174371736555595
  0.68669788299128298  0.69219427334807959  0.69788779571357484  0.70344272526463525
  0.70907545694758245  0.71492540095156376  0.72108064402706717  0.72765136727281388
  0.73471887270401215  0.74247775335711319  0.75046804185868299  0.75866967257584483
  0.76719103574550074  0.77584419938586346  0.78594269360088242  0.79678563432837934
  0.81035336660978630  0.82883270971449785  0.86253231643503270  1.00000000000000000
 -0.03240356056189956  0.16068100711818381  0.20349243852815385  0.22930961771347408
  0.24896165027778991  0.26360775918979773  0.27605288813619028  0.28675226003147447
  0.29623459656787593  0.30460873994098131  0.31259290791402661  0.32036263131893905
  0.32796960406561820  0.33533130616296852  0.34207954114132172  0.34841430743997803
  0.35470789463198871  0.36086518701620024  0.36666299580197237  0.37207310619685052
  0.37740765860312092  0.38283481587934942  0.38840835838119042  0.39392299343231940
  0.39935128904874406  0.40475691886511983  0.41002907522528176  0.41533571881245857
  0.42011396252083272  0.42455810581687486  0.42881332242031250  0.43295419326442752
  0.43710811051779291  0.44133615080149763  0.44560040813116941  0.44986278607814195
  0.45408218610154133  0.45824594819401526  0.46225215998876740  0.46624427969879317
  0.47018309812297127  0.47414463468451673  0.47816635616134040  0.48227730484267217
  0.48631820939281384  0.49027038712713322  0.49424716617359465  0.49815997252953104
  0.50190854367559257  0.50554364916674088  0.50918054108525035  0.51291964376482402
  0.51674872147034978  0.52059381095432233  0.52438977097796491  0.52808618021269838
  0.53173539894868460  0.53546314697481234  0.53935115544013845  0.54346335311918403
  0.54771121946803980  0.55186805275528161  0.55602588071991987  0.56020280876214457
  0.56446344722420094  0.56849852793037670  0.57248860343748709  0.57637424335957499
  0.58033439084731153  0.58436385788554246  0.58900714549472832  0.59371582661829925
  0.59875954856021019  0.60382596325588023  0.60900297476616827  0.61437220943158366
  0.61988291014814689  0.62581380782072071  0.63225124287119550  0.63907540689560516
  0.64613713658697092  0.65329607070350115  0.66058428892224719  0.66809546352221516
  0.67600475424682172  0.68442690417825014  0.69343586813247338  0.70299202540853689
  0.71310895450205436  0.72459616737183918  0.73816097940095138  0.75376818900391862
  0.77205004818509970  0.79727150286621129  0.84227131071979089  1.00000000000000000
   3.9742877896069594E-011  -1.0000000000000000     
 T T T T T T T T T T T T T T T T T T T T T T T T T T T T T T T T T T T T T T T T T T T T T T T T T T T T T T T T T T T T T T T T F F F F F F F F F F F F F F F F F F F F F F F F F F F F F F F F F F F F F F F F F F F F F F F F F F F F F F F F F F F F F F F F
  <DiscreteSampler_grid>
  grouped_processes
  1 # 1 for a reference and 2 for a running grid.
  10 # Attribute 'min_bin_probing_points' of the grid.
  1 # Attribute 'grid_mode' of the grid. 1=='default',2=='initialization'
  0.0000000000000000 # Attribute 'small_contrib_threshold' of the grid.
  0.5000000000000000 # Attribute 'damping_power' of the grid.
 # binID   n_entries weight   weight_sqr   abs_weight
    10   10   2.235149820865751E+001   2.196649434430824E+003   2.235149820865751E+001
    16   10   2.235149820865751E+001   2.196649434430824E+003   2.235149820865751E+001
    22   10   2.235149820865751E+001   2.196649434430824E+003   2.235149820865751E+001
    28   10   2.235149820865751E+001   2.196649434430824E+003   2.235149820865751E+001
  </DiscreteSampler_grid>
