  0.01409830662970623  0.01460205118092243  0.01511729287526936  0.01542197162819928
  0.01565754037573523  0.01591977202869282  0.01615895564955641  0.01637589360790425
  0.01658696861234749  0.01678597588117939  0.01697565732901111  0.01718074199582048
  0.01739278100743088  0.01759662616789318  0.01779240324756118  0.01798117990230551
  0.01816546863308123  0.01834883628517987  0.01853259049505730  0.01872019387103853
  0.01891116241090011  0.01910131924010888  0.01929206242295514  0.01947951286891707
  0.01966869056525014  0.01986234118580700  0.02006332045537465  0.02026822365779951
  0.02046654452954245  0.02066206258118600  0.02086058628935742  0.02106845113373148
  0.02128201418598196  0.02150207012411404  0.02172186270798520  0.02193788298824853
  0.02215565230767193  0.02237629826166281  0.02260096464513041  0.02282732798546700
  0.02305574909358244  0.02328462077244974  0.02351509933125991  0.02375213145460166
  0.02399584689125792  0.02424743424906358  0.02450183316034619  0.02475486602585961
  0.02501039808418127  0.02526662664758588  0.02552234901949862  0.02577789197854531
  0.02603221743105896  0.02629507586895326  0.02658554217286870  0.02688844553293605
  0.02718445196926935  0.02748100310354636  0.02779451133533397  0.02812218641224032
  0.02847707333206786  0.02883285564134727  0.02919482172959357  0.02956637566488891
  0.02995790282695520  0.03036779591826713  0.03078790113664947  0.03123269136948340
  0.03171269886116428  0.03221757006606804  0.03273571054322193  0.03326180117881469
  0.03379175463354266  0.03433796269886794  0.03495133070750973  0.03563824785718287
  0.03638506283988127  0.03721727589486525  0.03812911699822970  0.03910827570890506
  0.04015338301533981  0.04126935373753648  0.04253104486951129  0.04396645798873303
  0.04559023409408015  0.04737591717021395  0.04943799962403519  0.05175808158726562
  0.05434442127665188  0.05763027890510711  0.06211944728899132  0.06823920860978451
  0.07898432240014663  0.10528307367586795  0.56233639398359581  1.00000000000000000
  0.05777366550356682  0.06214493771252250  0.06417394270143369  0.06642441075902290
  0.06850165830911818  0.07054542334169994  0.07258178396218153  0.07461532181853324
  0.07642598777488857  0.07811348386357940  0.07977583726967519  0.08144869239660879
  0.08307692274430688  0.08477948847610514  0.08651079066293058  0.08820544674063617
  0.08984009803365310  0.09143561280220727  0.09302946879814358  0.09465295499961746
  0.09631267933646598  0.09797790653610391  0.09964726837220161  0.10134504398944261
  0.10299968753522007  0.10458945134318148  0.10617604698259873  0.10778651781568242
  0.10938903879379805  0.11093267246540896  0.11248190368966121  0.11406795314022224
  0.11564361909724634  0.11725041755572761  0.11886579143167501  0.12039581466341044
  0.12197948331892670  0.12355946395370150  0.12526754821930716  0.12700378709883883
  0.12874972140455598  0.13046831908579032  0.13218690219573628  0.13395357676710065
  0.13579168599583216  0.13767708675115820  0.13952019114829711  0.14130659056888509
  0.14304220002544241  0.14475851865844125  0.14642812761368851  0.14805573366402566
  0.14969374513817046  0.15137236394211306  0.15310869575083910  0.15500320458081027
  0.15701377890954951  0.15888620492185701  0.16067900889108705  0.16251107811478913
  0.16441399579066052  0.16630989637523941  0.16820200206372637  0.17010943176472515
  0.17207090809190598  0.17417597099013316  0.17654209280558636  0.17902139593596020
  0.18149248401184270  0.18395664232711517  0.18645681485811744  0.18911540936581700
  0.19216464157211297  0.19562881905167881  0.19869065451217399  0.20201936817774391
  0.20518987361061608  0.20834576911761754  0.21179695541486318  0.21565732881658101
  0.21998976111697130  0.22468585186944448  0.22937339263441545  0.23331681348586131
  0.23780982789409699  0.24327046930282126  0.25013187491226746  0.25857993811535168
  0.26934009710638973  0.28073594636417226  0.29344713643322945  0.30709691335266770
  0.32272329452884835  0.37037440675098121  0.87187004609578822  1.00000000000000000
  0.00017014669569468  0.00039113101202951  0.00050219707673290  0.00059137131046383
  0.00066470199847933  0.00072991544773452  0.00078988475631423  0.00084903837334643
  0.00090889468553165  0.00096827729814403  0.00102589929494590  0.00108324567120121
  0.00114070301324158  0.00119796767429055  0.00125479173910786  0.00131252074214694
  0.00137321834379681  0.00143602507795121  0.00149813491695358  0.00156667259573321
  0.00163812232283873  0.00171220108819540  0.00178854601230658  0.00186566766039620
  0.00194483723796757  0.00202436822906165  0.00210544345533865  0.00218959238035741
  0.00228052383528120  0.00237643185131738  0.00247358033018872  0.00257340737253999
  0.00267888389620479  0.00279237052556382  0.00291077631714042  0.00303261714928772
  0.00315886650786897  0.00328763816756483  0.00341878980378879  0.00355775557303282
  0.00370813513482997  0.00387018814189975  0.00404602053027212  0.00423164406286542
  0.00442903430910521  0.00464913117732077  0.00489806692231147  0.00516140171446252
  0.00543346676866560  0.00571499053384975  0.00601314973777891  0.00630936584976498
  0.00662750823734310  0.00693253166908687  0.00725690266233938  0.00760407034319187
  0.00798296879644304  0.00839439137712682  0.00884833655496988  0.00934218452913896
  0.00987285486938052  0.01043211461466331  0.01104172841465777  0.01170697916479873
  0.01244293397789325  0.01322721398373341  0.01406502589902242  0.01498477737443960
  0.01594884777220852  0.01693943175703426  0.01795154167688339  0.01903825665577870
  0.02023565623358932  0.02155230563087645  0.02293394763161969  0.02439405642492611
  0.02602867122081780  0.02782699072462470  0.02974864764467807  0.03190953915677067
  0.03458320804838412  0.03746357416984424  0.04027974809486396  0.04329014207619476
  0.04656148695288815  0.05015069280911302  0.05448470680780185  0.06011553543302010
  0.06713578975369305  0.07459700981289567  0.08370277012940032  0.09763910007046801
  0.12166636588446501  0.31380859199741312  0.65245839234645897  1.00000000000000000
 -0.01263180325959693  0.06099160962564792  0.10866917878075846  0.15015432649065266
  0.18001420843666321  0.20367454610253261  0.22299659448324449  0.23902679178787858
  0.25288109143380433  0.26583020241575239  0.27815009271106012  0.29026541290259783
  0.30146688128990351  0.31158703724615283  0.32094366631737214  0.32981301622447895
  0.33881905175051991  0.34786525871773710  0.35686935945608927  0.36553893436372709
  0.37356299659380354  0.38080893214670930  0.38737421778319253  0.39354357168193116
  0.39963084905327811  0.40580670028760818  0.41200846698721544  0.41809628468296733
  0.42405710903971700  0.42971384702829518  0.43520422890089033  0.44040987195166331
  0.44540166943242787  0.45021618461471352  0.45509884175809567  0.46014116147016820
  0.46534571635932642  0.47046608325211697  0.47546693774054166  0.48042917314636546
  0.48542400101414446  0.49038430947771666  0.49526712480941121  0.50007993350715207
  0.50470768859429027  0.50917490442717150  0.51368618612668271  0.51822388453660917
  0.52274931372620870  0.52713399755727697  0.53150931938302581  0.53601176003888673
  0.54062789692403557  0.54532375972327729  0.54991387500773858  0.55440750602292144
  0.55899078881507491  0.56387485206020693  0.56906179153512204  0.57419141639865701
  0.57911382077543161  0.58409365366656529  0.58930494645407094  0.59473230326902771
  0.60039459042198240  0.60615801263323121  0.61204591944133313  0.61783205450852874
  0.62338910979294504  0.62899115271829198  0.63499753330642084  0.64149611937602902
  0.64836238088114473  0.65537455809358902  0.66233049395214894  0.66944587248431053
  0.67657174597989311  0.68392170066052982  0.69174399672181697  0.69983118134609512
  0.70825262441377368  0.71723382054696738  0.72639053309406743  0.73664081764869616
  0.74747582588485040  0.75922578871874402  0.77204484323997224  0.78582467759521435
  0.80064865978673116  0.81672678244973540  0.83489848762013497  0.85565815424827574
  0.87671116520130221  0.90284397758013757  0.94147098681695240  1.00000000000000000
 -0.00252825688676975  0.01015057065900087  0.02101791791509051  0.03178808731446484
  0.04262915041228485  0.05383194811939262  0.06494102946028776  0.07538538211930278
  0.08529614489079002  0.09548389773692914  0.10594556242191105  0.11689714658726419
  0.12841281342588109  0.13974986260242458  0.15077881401724419  0.16143842954106727
  0.17230255708010606  0.18353570218449797  0.19440833807597219  0.20517433424599299
  0.21626345066090799  0.22793752073640419  0.23964503886877742  0.25109932401725821
  0.26259889611285769  0.27414486002269334  0.28567738108947816  0.29680663093219778
  0.30738216541025798  0.31774427444477765  0.32804325653323041  0.33839280502711888
  0.34912414584403190  0.36019704046718709  0.37136665249240502  0.38241911900975656
  0.39313427137672941  0.40355403991868044  0.41385174518081058  0.42409010369214012
  0.43455248252983847  0.44516201658647558  0.45545215094867814  0.46546759111495845
  0.47572704895287715  0.48637579788453045  0.49687055484667741  0.50682795944623948
  0.51644014936118621  0.52612768163950607  0.53627891563512653  0.54724463541429280
  0.55862033704286351  0.56974522613257106  0.58062454360051263  0.59161953120588473
  0.60273698865342973  0.61369482661738595  0.62457822372521377  0.63535151301473525
  0.64577684009217795  0.65610592645396493  0.66653635600540029  0.67702598569364159
  0.68726882125339916  0.69666702706981076  0.70583259285979982  0.71520117581772602
  0.72473106847763757  0.73404268087179492  0.74308080038600866  0.75256583581629954
  0.76291424605683822  0.77396067526819601  0.78526203813974749  0.79620388438881573
  0.80672726571351616  0.81652469344612821  0.82623495053392593  0.83621379839212495
  0.84627731193948030  0.85640202829009771  0.86642211345045239  0.87670612606508835
  0.88737947459080413  0.89799787282966326  0.90874587383492400  0.91894142799141243
  0.92865632297964928  0.93825953982886401  0.94825984153005349  0.95741561485561399
  0.96672140691570962  0.97591658359685096  0.98566319244101785  1.00000000000000000
 -0.01313048874312582  0.06835526531423597  0.11450593888705918  0.14979369602461562
  0.17796384584617755  0.19997737790970349  0.21805627750490372  0.23346000616195658
  0.24696456610891365  0.25929231194016950  0.27117526733229524  0.28221630290007826
  0.29271895190205433  0.30231502746764183  0.31111841570848986  0.31887237614887876
  0.32613242147803850  0.33327283981512112  0.34040949414760302  0.34740216064653318
  0.35413651457953960  0.36048757744730953  0.36692411497999466  0.37328903970695615
  0.37946259419691963  0.38545127326135753  0.39127507789310695  0.39686215774093658
  0.40219875012713369  0.40743563928887383  0.41261499164731552  0.41754581817329023
  0.42223284486925416  0.42689383293621369  0.43160941721866841  0.43634550374775483
  0.44106943768124124  0.44570250213256318  0.45017525061339286  0.45466487965780178
  0.45923719451090061  0.46390632168457419  0.46854269888748634  0.47312604147281162
  0.47762967712626964  0.48206976487727615  0.48656750878729588  0.49118556861478546
  0.49570320387395395  0.50013971064233098  0.50453254663020808  0.50879445435602066
  0.51307384126776268  0.51757189455329378  0.52213669798839824  0.52668829550901197
  0.53120778563760085  0.53579014768987265  0.54017062131060212  0.54479068506162087
  0.54962791418600809  0.55433116967746188  0.55907442483737613  0.56399920033068007
  0.56912598490225519  0.57442130177147332  0.57985159495817951  0.58519521431825416
  0.59069779670781764  0.59654343795183684  0.60245238166365223  0.60833247064518947
  0.61433377313702631  0.62080222360661341  0.62743168224535562  0.63399861763114373
  0.64071645082624507  0.64765464628307390  0.65463780812179984  0.66167648527634648
  0.66911373860545864  0.67731686564361870  0.68594375415057773  0.69457676803387536
  0.70360398347609621  0.71326365736500952  0.72409252337700247  0.73622543265074103
  0.74972830300078575  0.76497177439197861  0.78281127664084305  0.80376768291777312
  0.83036152477758607  0.86744779483291468  0.92062404250381569  1.00000000000000000
 -0.00235040502077031  0.00961148186476848  0.01931701132238977  0.02950693506374406
  0.03966024320045766  0.05046788347524810  0.06136693462435218  0.07162101483297119
  0.08198272754639041  0.09235005747903555  0.10287497910754635  0.11322195895283015
  0.12326484879510040  0.13332508778455121  0.14386533967401743  0.15469417786763368
  0.16586174929412043  0.17732090474108358  0.18933612889008464  0.20146732317230875
  0.21343875267695075  0.22471715993364133  0.23542716080981568  0.24552056688251042
  0.25521217337092544  0.26505527171621190  0.27540054528839780  0.28599900232523029
  0.29675630118688962  0.30702509788315280  0.31767448827606437  0.32921934096336425
  0.34089956987507575  0.35233817957220515  0.36375041152324594  0.37555227747235459
  0.38661509691217100  0.39698650347821390  0.40720306641085269  0.41796710651903446
  0.42903188497482242  0.43936648626756014  0.44870794199340092  0.45829947737271570
  0.46833965352972029  0.47853857332113647  0.48836662064174891  0.49828247458412217
  0.50914364986336325  0.52076086749621553  0.53157108345653614  0.54169597526814717
  0.55173078036633250  0.56196636831453362  0.57259712962120202  0.58316427449440711
  0.59436086204615279  0.60569847314129466  0.61589346707703796  0.62532894778888792
  0.63432620440290688  0.64346446197102392  0.65267346803356652  0.66188966557062501
  0.67142124322988461  0.68185021116152300  0.69299925353936487  0.70425406837565330
  0.71491374122748175  0.72481778501564376  0.73435395987572216  0.74410102178503335
  0.75440003966891189  0.76522176428291921  0.77646260834892289  0.78793096474779989
  0.79923723421822268  0.80986573271777706  0.81991147828555133  0.82984012305713750
  0.83975928337978389  0.84994867551591180  0.86017781131210080  0.87021152925344269
  0.88064189020142869  0.89078934261762799  0.90094511748425110  0.91143248155345202
  0.92275622614650277  0.93514353518881865  0.94743835757995121  0.95859981408524786
  0.96893698569434394  0.97911211727451419  0.98958255276102680  1.00000000000000000
 -0.00204658428968986  0.00827009890596020  0.01857364541489532  0.02867361072479254
  0.03912742064053682  0.04978799039741487  0.06008876556203745  0.06995345850861368
  0.07910715130839575  0.08926705603592716  0.10006932062599988  0.11047694055546188
  0.12051861418753460  0.13091045626996287  0.14199634682388002  0.15348964230168566
  0.16459274771686747  0.17524641910108585  0.18592632414296517  0.19667927606465010
  0.20712147274981804  0.21737461977918074  0.22724538854903759  0.23691913667984377
  0.24632689319317003  0.25602361694777187  0.26633423032578235  0.27662394352346392
  0.28663381961618639  0.29676202030760324  0.30690245364008706  0.31666048309518552
  0.32586208531260580  0.33541351026525440  0.34602168778993869  0.35712814496422934
  0.36790442808414853  0.37807257397012728  0.38805180493946112  0.39791921154055843
  0.40832825480339102  0.41928711686756442  0.43020372030947646  0.44101371108363130
  0.45171841783987288  0.46337431902013565  0.47500134276539130  0.48575142672472454
  0.49583046629393540  0.50563949361442917  0.51562022989116374  0.52577618973801499
  0.53636876317030446  0.54745331350611459  0.55845422249359900  0.56880675783351742
  0.57868007711568714  0.58854746404176816  0.59866945921798720  0.60897660418016542
  0.61945207611054509  0.63046833022724147  0.64190167846405999  0.65305978012160260
  0.66379178827860974  0.67474670555045801  0.68584449615103749  0.69662510440784908
  0.70696357745405392  0.71688621469030744  0.72715621419428633  0.73796436853616210
  0.74888888446220325  0.75963381033658628  0.77038222544613100  0.78128810727728260
  0.79231606920344755  0.80359041027071099  0.81492333137683670  0.82613640505288433
  0.83762292032039265  0.84902545907516713  0.86021081989277837  0.87068843451695843
  0.88075935345828893  0.89091743528547440  0.90113361356230626  0.91150566657736598
  0.92243594181695587  0.93396957233172673  0.94572996578938984  0.95710776169194600
  0.96848740165885872  0.97969404381403058  0.99005937003347078  1.00000000000000000
  0.10336535098859392  0.22802059656044898  0.27165547486869746  0.29985233721494303
  0.32250543430277795  0.34075446326418951  0.35664654353515068  0.37095982093409241
  0.38434678608092376  0.39716838011454808  0.40875900905546891  0.41878722342548030
  0.42801028757534559  0.43674774491791868  0.44492456359781929  0.45235209215260586
  0.45951153602721545  0.46659805088324169  0.47354380833443754  0.48025627714919006
  0.48664913593461739  0.49287686314294871  0.49897298182616207  0.50492234111430623
  0.51069114010661976  0.51629543383795951  0.52155348517203903  0.52621504866706004
  0.53084977825993873  0.53529989969737013  0.54001886673347999  0.54453313918448831
  0.54909852907818635  0.55360498071487541  0.55833340789709451  0.56325139492006515
  0.56810280900589583  0.57279067495486502  0.57734927497412003  0.58181482518705652
  0.58621364753228367  0.59047952592363639  0.59477188230636380  0.59920324396563929
  0.60360887718800504  0.60786884046885292  0.61184118443077073  0.61567983680725991
  0.61936389960525340  0.62314264005651221  0.62689674858147804  0.63055475257485327
  0.63418809035328216  0.63784215520537813  0.64155677762134422  0.64534175943685246
  0.64915615984611008  0.65288520893747426  0.65660290496531315  0.66035495430696234
  0.66406084053347791  0.66790200638427777  0.67182053003348430  0.67574938606426571
  0.67973628064358504  0.68363305170792354  0.68748112098242420  0.69140290662562642
  0.69544313808336677  0.69956799576083450  0.70371177778410454  0.70784335477788618
  0.71203640650539168  0.71640581391850688  0.72089705822932493  0.72545104195668231
  0.72991418109033290  0.73427903392078175  0.73867184725837065  0.74308568988930435
  0.74746354703521611  0.75210609285166896  0.75720015604786284  0.76270863036790837
  0.76834957047406738  0.77396980793625980  0.77976809075003717  0.78601808522130112
  0.79303836510909187  0.80125396047043751  0.81044733129678181  0.82080157146248522
  0.83280013394384078  0.84903845130699374  0.87794621101856785  1.00000000000000000
 -0.03668763493633141  0.16924666719964523  0.21448122297543468  0.23970357972224701
  0.25847339784727436  0.27330957073824252  0.28608597704556443  0.29692254009901620
  0.30640083678943814  0.31514434117016998  0.32338848783390417  0.33112374999146515
  0.33831537641817622  0.34490394372231442  0.35111612902904932  0.35704262140612414
  0.36267559941754041  0.36824648137553406  0.37382338809750265  0.37947871084433077
  0.38508342792495348  0.39045695838297728  0.39560979271452407  0.40055173048317211
  0.40519178659372318  0.40959192399203437  0.41389240880047018  0.41820270519016123
  0.42265853484339144  0.42715786661147198  0.43148758088673961  0.43561488857824165
  0.43958331240105197  0.44359169447766694  0.44761929616172447  0.45161501937908743
  0.45552836874144875  0.45936332282977632  0.46327453389516876  0.46732518655970862
  0.47137967359084976  0.47523881712838406  0.47897386450042406  0.48277441044421887
  0.48684625622018740  0.49100820536529111  0.49510581299680162  0.49940793838445230
  0.50316944335879121  0.50685514229197581  0.51069718458822566  0.51460341975326362
  0.51855395255895842  0.52246090903934850  0.52629709920132450  0.53016409425504751
  0.53412813838225703  0.53809040341893344  0.54188800091091460  0.54543355703484053
  0.54885593732606108  0.55246685270825058  0.55616118655987967  0.55997889308755000
  0.56388952283167393  0.56813076853892375  0.57261502924700070  0.57724383471792629
  0.58198528691424467  0.58683382516102689  0.59173038907191566  0.59646279997181062
  0.60104540651211336  0.60558503419384491  0.61014975325014453  0.61491042646035921
  0.62005993126984538  0.62531781107006124  0.63071846034623402  0.63643317944382738
  0.64237315213317170  0.64869368248211701  0.65534643775356582  0.66227278426934721
  0.66974609581713451  0.67751151594110615  0.68556473803665940  0.69416670165092764
  0.70373891603494176  0.71476106815255025  0.72748504994292129  0.74211502815276620
  0.75991123978447217  0.78438055454267197  0.83152172130834989  1.00000000000000000
   1.6250266160821078E-013  -1.0000000000000000     
 T T T T T T T T T T T T T T T T T T T T T T T T T T T T T T T T T T T T T T T T T T T T T T T T T T T T T T T T T T T T T T T T F F F F F F F F F F F F F F F F F F F F F F F F F F F F F F F F F F F F F F F F F F F F F F F F F F F F F F F F F F F F F F F F
  <DiscreteSampler_grid>
  grouped_processes
  1 # 1 for a reference and 2 for a running grid.
  10 # Attribute 'min_bin_probing_points' of the grid.
  1 # Attribute 'grid_mode' of the grid. 1=='default',2=='initialization'
  0.0000000000000000 # Attribute 'small_contrib_threshold' of the grid.
  0.5000000000000000 # Attribute 'damping_power' of the grid.
 # binID   n_entries weight   weight_sqr   abs_weight
    10   10   8.452975221890852E-002   2.405258676209040E-002   8.452975221890852E-002
    16   10   8.452975221890852E-002   2.405258676209040E-002   8.452975221890852E-002
    22   10   8.452975221890853E-002   2.405258676209041E-002   8.452975221890853E-002
    28   10   8.452975221890853E-002   2.405258676209041E-002   8.452975221890853E-002
  </DiscreteSampler_grid>
