  0.01418888241341546  0.01462230323745466  0.01494796190608261  0.01526865873417007
  0.01554427753250390  0.01576947041978198  0.01598642065486506  0.01621437043743422
  0.01644923209881927  0.01667461474891534  0.01688685519896790  0.01708961478232902
  0.01728613367882420  0.01748874855935716  0.01767785031368635  0.01786055374304577
  0.01804628093021167  0.01822947448820419  0.01841603684610415  0.01860254631765615
  0.01878654433450560  0.01897290657479099  0.01916121804218284  0.01934786578642718
  0.01953313929624954  0.01972533850917293  0.01993060017690753  0.02013100923372753
  0.02032478262885774  0.02051380173522383  0.02070079372279450  0.02089535523307372
  0.02111098908414999  0.02133709554021331  0.02157412973604944  0.02181565560588943
  0.02206435587400904  0.02232053929259992  0.02257224162234115  0.02281114494887917
  0.02305414390492159  0.02329203571725858  0.02353858451384059  0.02378714798341217
  0.02403447100309434  0.02428379762879534  0.02453541118139910  0.02479219834752295
  0.02506121983440416  0.02534608617910979  0.02564975662296587  0.02596081183891537
  0.02628766657149729  0.02661763050775468  0.02694084322946070  0.02727179191518470
  0.02759671702987403  0.02790807878532138  0.02821663600354376  0.02853605464580646
  0.02887233144589194  0.02922457158205295  0.02959753359698660  0.02999188349600282
  0.03042846869630921  0.03084226147870037  0.03127634100705428  0.03179763144853968
  0.03236764529955410  0.03294634089088640  0.03355781838537817  0.03419201374245365
  0.03482936477398881  0.03540059729196238  0.03611545273228034  0.03679213839608724
  0.03758129918354257  0.03836843741820199  0.03923601013197881  0.04018077194779329
  0.04123014903395305  0.04227743762738442  0.04348874684073058  0.04484275277588189
  0.04635305716250439  0.04810615923465320  0.04978239858386595  0.05141726047471548
  0.05353254637817053  0.05597996867558756  0.05963278871189740  0.06503338922397529
  0.07279482403301682  0.08526087007342315  0.11387279206376678  1.00000000000000000
  0.01403857330837839  0.01473651696806212  0.01525539140374342  0.01563650161335457
  0.01598033376890945  0.01632348872113364  0.01666486472792132  0.01698373852706525
  0.01727710637000169  0.01755682238095877  0.01783703391644592  0.01812402670602613
  0.01840049753794709  0.01866056499804517  0.01890447766443899  0.01914047108538123
  0.01936693317182891  0.01959543062043609  0.01982015751336964  0.02005070270099372
  0.02028420276685417  0.02051077107300512  0.02073045979395804  0.02095361145133471
  0.02119073729379263  0.02143616864504580  0.02168312687082036  0.02192336090139239
  0.02215599686565071  0.02238937953415201  0.02263006021907838  0.02287549280326198
  0.02312765638822381  0.02337617332945608  0.02362414540651099  0.02391521092867700
  0.02422408856541632  0.02451769194489978  0.02478881765619327  0.02505661817780089
  0.02532769517552110  0.02560189426689060  0.02587849444093746  0.02616773798015253
  0.02647922074118483  0.02679515640805814  0.02711560614717926  0.02746145542253034
  0.02780520563071509  0.02815019291548397  0.02852209067344354  0.02890534749033001
  0.02929632489349585  0.02968859819860956  0.03008746037046593  0.03050917836444159
  0.03089027725668238  0.03128988587827774  0.03172228094873595  0.03217218956259772
  0.03264189013327449  0.03312641808861296  0.03361082805048463  0.03410617838198797
  0.03462565011064252  0.03518071964859232  0.03579311822475097  0.03641357708884647
  0.03702179026797216  0.03771244599516783  0.03846465636314212  0.03923424774421054
  0.03997034396678779  0.04058992245175478  0.04118049920362826  0.04187526474565775
  0.04276835140201251  0.04368785644143409  0.04449401143208954  0.04535161886550097
  0.04638171977453577  0.04755856687378340  0.04889881658147008  0.05057914262792417
  0.05241527401400651  0.05442273630267369  0.05659140775260903  0.05909572665176878
  0.06219723240131169  0.06581080624178491  0.07187653126159098  0.07912856281067222
  0.09192823443550203  0.12260992239071693  0.46819442656311738  1.00000000000000000
 -0.00987897312268422  0.04372470881454010  0.05646734207094837  0.07052343216364335
  0.08631954286447113  0.10058880539336047  0.11637618750378088  0.12870874987609426
  0.13990774845333592  0.15346009762075236  0.16506198465376684  0.17597972956450691
  0.18697199213518134  0.19952617618166027  0.21237813267119107  0.22268244936216267
  0.23179942990498709  0.24072902232480528  0.25035849701180035  0.26002320817685248
  0.26999529808609640  0.28016988333757070  0.28981790339927260  0.29901863507021431
  0.30694193579413631  0.31405729618252048  0.32149778563529757  0.32928858417698348
  0.33703171316217378  0.34529957543852996  0.35329653338104533  0.36042019034357481
  0.36723244956703766  0.37433775849909506  0.38201068353656109  0.38989616316720022
  0.39833041457740487  0.40641369696207125  0.41433342243227761  0.42188147316428126
  0.42885706372769111  0.43515170323276814  0.44081878849222689  0.44610509380833391
  0.45156447437092567  0.45729585096638803  0.46238746948068749  0.46718527796241871
  0.47209138795058803  0.47732138741051339  0.48295857623279986  0.48919162022868240
  0.49642195283819063  0.50402591492861448  0.51082817575255013  0.51732583395670773
  0.52377761817963664  0.53034027811630580  0.53683998465605309  0.54396961234616681
  0.55085185177086249  0.55777665964218925  0.56486847852813815  0.57226313852276367
  0.57973374606325379  0.58722030478704357  0.59497256412093091  0.60250817761979436
  0.60985716548045132  0.61736217855974163  0.62560336353630430  0.63369252500054185
  0.64116095218866953  0.64782267380367675  0.65411700144839746  0.66075055639788227
  0.66818206075729414  0.67646279754440664  0.68535365923364011  0.69446852994079200
  0.70334455438040855  0.71239370619813902  0.72322958909391910  0.73436097316308246
  0.74658009278322723  0.75933663995200662  0.77404019265743917  0.78963382121776249
  0.80696458831484830  0.82590455038147792  0.84664315536857815  0.86780400056521778
  0.89161855031587456  0.91736352822402223  0.95171164606227132  1.00000000000000000
 -0.00156905304884082  0.00687743205689564  0.01411132475384752  0.02235541843040036
  0.03210016135645244  0.04174707496557138  0.04979136861823932  0.05812054249714819
  0.06856562858210245  0.08059982724415120  0.09303671169731728  0.10491986770375601
  0.11542834103342209  0.12530412255282250  0.13523236010000042  0.14523818464148819
  0.15566200983387674  0.16642388338708924  0.17773937624142366  0.18888847067509734
  0.19902271300077914  0.20904614093516796  0.21955048101252944  0.23037298500152581
  0.24084995955353652  0.25077523928238971  0.26084899581811560  0.27101983402065044
  0.28113244306163460  0.29172463651552583  0.30149125107086278  0.31073377454977241
  0.31960341387717917  0.32829569978484641  0.33717547724855923  0.34667225723276535
  0.35715560226696563  0.36864581925887180  0.38010109681253107  0.39157519746276676
  0.40261982027281923  0.41358013221392964  0.42403201358930653  0.43390269294266676
  0.44362896178062966  0.45370444251143488  0.46381662587842137  0.47252707779910036
  0.48069622146321056  0.48884427470601799  0.49698781083913807  0.50625968571210211
  0.51637879612863402  0.52705933810383754  0.53849157115401280  0.54867881067112612
  0.55827994625365762  0.56824407567957735  0.57789472804571052  0.58809977722775086
  0.59820384588902498  0.60800083391993709  0.61820118920728828  0.62879025668847166
  0.64042016046076022  0.65191896790136750  0.66323848880118363  0.67405906777120017
  0.68399372360137600  0.69496928239916234  0.70738911641028079  0.72056630090114548
  0.73384124101029469  0.74697110142558865  0.76156577408296933  0.77403532878387660
  0.78565015708342689  0.79740140527434000  0.80925682003048716  0.82069379708626100
  0.83126024519265274  0.84179608367930603  0.85295238870520806  0.86407782606756445
  0.87476090056921874  0.88505341663161874  0.89616422909340387  0.90857419791770166
  0.92073318781069380  0.93198522097296277  0.94276207969031145  0.95370353742141611
  0.96548505751504710  0.97749490903007963  0.98879750919062659  1.00000000000000000
 -0.00630435379325554  0.03428190547066920  0.05792066952357108  0.08210272267241300
  0.10425447043741763  0.12650756870398580  0.14644823256348896  0.16335560632148255
  0.17701100955256138  0.18952811553308271  0.20208444171001982  0.21350271965406362
  0.22413125874503440  0.23512405759369462  0.24718675407873927  0.25763219329944304
  0.26838188564063337  0.27827053575963334  0.28811057032934573  0.29749802511404660
  0.30700486568253810  0.31592091990879279  0.32458507165567230  0.33247126900094875
  0.33919759744135164  0.34568543954548714  0.35269240966336962  0.36074257292483475
  0.36972846113489483  0.37760391057460591  0.38384612539904872  0.39007977666969695
  0.39612638402183459  0.40248282864865503  0.40870136830669557  0.41484186249751909
  0.42092061286563198  0.42688762656215395  0.43282778180445852  0.43935272147550697
  0.44667950975178689  0.45421830123654516  0.46121891669290482  0.46844693403220622
  0.47562584674785680  0.48253091773879042  0.48962373640734808  0.49715666870926128
  0.50403300971343012  0.51073633218432113  0.51745126425572741  0.52394130647620918
  0.53054749584789651  0.53790751967099215  0.54527789712732633  0.55238018834108660
  0.55938291634551229  0.56648264072007304  0.57363236431977349  0.58101968597280362
  0.58849076159504998  0.59610658241701975  0.60352522002995090  0.61040656456233244
  0.61751928543040446  0.62484472357608012  0.63209361962148236  0.63921623079662893
  0.64636753415538917  0.65310494030361432  0.65994564946001188  0.66698819753647520
  0.67455672762542762  0.68167920565627738  0.68861860066348080  0.69609469472927576
  0.70406859583807857  0.71218577162624808  0.72113151753291116  0.73012908739988180
  0.73903666428052195  0.74812036674668547  0.75727453132497513  0.76561486870594297
  0.77569998940585072  0.78858740049425258  0.80184721527572234  0.81466277390548547
  0.82801265136701341  0.84091163482156372  0.85479662946832102  0.87393149463479070
  0.89937813614909612  0.92773117697026186  0.96029017121812932  1.00000000000000000
 -0.00141271571368711  0.00648642462148015  0.01390678597697155  0.02151449894839725
  0.03010204386877017  0.04000135561545994  0.05045810131760792  0.06067766712410370
  0.07063373222629080  0.08052874993828157  0.09223811252138320  0.10531700210073719
  0.11839342679086944  0.13069415045685373  0.14176171998170134  0.15202104469024447
  0.16209282887493318  0.17285406820835295  0.18398397634230446  0.19492278233686294
  0.20571983185393125  0.21633069081847286  0.22792048900780695  0.23966337535727189
  0.25052247399962463  0.26047675529107422  0.27002285179968410  0.27987134298716176
  0.28998888849900523  0.30066863381195413  0.31318533601784382  0.32739216367953800
  0.34215056477784234  0.35351310613785836  0.36422303137239515  0.37513404943203632
  0.38614678745450870  0.39700973523053756  0.40724765186645484  0.41736105827211323
  0.42745486216888812  0.43736906294897421  0.44713919006104180  0.45774928605900672
  0.46977598574844559  0.48106147391327275  0.49179851534660035  0.50299969036259962
  0.51475291343103746  0.52675111557548671  0.53915282948029253  0.55200190169649821
  0.56485142878770356  0.57694268527042347  0.58870101147050102  0.59935648691671595
  0.60847140713819836  0.61656052925202076  0.62505626686403992  0.63359543231420790
  0.64257498886487641  0.65127052356974535  0.65895324954813839  0.66633746405624861
  0.67550671148948238  0.68601134424189392  0.69661258064732057  0.70635645068735775
  0.71555992089440201  0.72474351420052585  0.73430148423579045  0.74323299394363385
  0.75206014979120539  0.76082336550467999  0.76957481437074271  0.77843226697177259
  0.78742548590281469  0.79692234110184335  0.80700486959787554  0.81842558766335616
  0.83034708126965495  0.84227288528213606  0.85407352340699805  0.86544562906885458
  0.87670039232052066  0.88795182245231852  0.89953496648380649  0.91165684625069687
  0.92343448837928443  0.93436386215755440  0.94500778166121435  0.95537755050434525
  0.96638936177149914  0.97794898714083656  0.98904359683648746  1.00000000000000000
 -0.02579464753473547  0.13873265865409756  0.19590592974688381  0.22605235699511200
  0.24905180722253284  0.26499781264623617  0.27890378771833774  0.29191152978445989
  0.30415462195757520  0.31421803611648830  0.32201051383430207  0.32957352495302400
  0.33739573902400011  0.34447422881217077  0.35078564580290650  0.35697091735260328
  0.36294294983543385  0.36851093533492640  0.37398308240804540  0.37976176370474157
  0.38560592896133250  0.39117391819607827  0.39641191834435252  0.40155163674163713
  0.40693332199237314  0.41226396999767473  0.41755669300380832  0.42278445006736975
  0.42760309632999849  0.43226533173263731  0.43675863175091728  0.44116240304977211
  0.44563638247998338  0.45026639671250557  0.45494979900380705  0.45926147334911521
  0.46260120076928923  0.46601010110780416  0.46922635039926502  0.47259991611406188
  0.47631434785910448  0.48018762454260494  0.48390073331424716  0.48748395317920290
  0.49091968733542957  0.49433682857202393  0.49798423176216966  0.50182953293432486
  0.50588539039966929  0.50998537982937242  0.51391623264074748  0.51769643964110124
  0.52117689503675801  0.52473148717053641  0.52851314257653192  0.53227670526163728
  0.53607788066540807  0.53990400900889424  0.54384769657870857  0.54786502284831062
  0.55193918754484927  0.55614583875267098  0.56015041776469821  0.56417835900614122
  0.56828560771442016  0.57248750680285032  0.57702130477649349  0.58175782037396095
  0.58606847416230334  0.58993575959247069  0.59357309526129376  0.59726098992685150
  0.60149373689704122  0.60627286246576884  0.61144512561327224  0.61655133441308474
  0.62189277047106684  0.62727488085205774  0.63319882763688839  0.63871015300697220
  0.64442587348334046  0.65061520363350678  0.65776275656798866  0.66625275464473244
  0.67486787219339184  0.68316429222234065  0.69146500013443912  0.70001951520799033
  0.70944104064037639  0.72031063576989973  0.73559576312178010  0.75646515722281582
  0.77976470225379557  0.80907202439469506  0.86516371617690269  1.00000000000000000
 -0.00232967786644813  0.00963605280154621  0.01995632630633925  0.03097907931550342
  0.04232215005824780  0.05401842173442700  0.06634596697688196  0.07868911312602016
  0.09022052486277421  0.10218471050905298  0.11476272470180499  0.12749953004146161
  0.14001920662178780  0.15168615812133390  0.16291591875099537  0.17451891598893582
  0.18452661140236742  0.19370350085132179  0.20242096227671905  0.21164977021429876
  0.22087414761631233  0.23095552542364353  0.24103505783817331  0.25099865570002616
  0.26164488862847141  0.27221022427606634  0.28193116146365371  0.29077430016161265
  0.29969639075190241  0.30944964665448565  0.32008961276632747  0.33051485701877625
  0.34028916488889754  0.35048379810991814  0.36048397210058203  0.37065623712058204
  0.38170163928874024  0.39206631322491731  0.40208378524666893  0.41193130839080916
  0.42216705490016476  0.43312425285259437  0.44337870874178081  0.45261504367212024
  0.46126621989265204  0.47001171832791816  0.47915418636832019  0.48912442854355764
  0.49899230655422239  0.50911788576659012  0.51939062685886528  0.53020552516665365
  0.54068550779683366  0.55064303652911162  0.56001673536123098  0.56981995402067720
  0.58155795850562253  0.59351831301910296  0.60470553201740740  0.61558694759135546
  0.62654711800028118  0.63716107830218116  0.64801472386787295  0.65952661797469470
  0.67096939876393669  0.68342066953447189  0.69489447631685097  0.70730477886215437
  0.71955049079265465  0.73178733603480028  0.74335293480911746  0.75410145103007298
  0.76541001500076467  0.77641572180653173  0.78657479621845905  0.79657715526374429
  0.80655804863782599  0.81717575733574099  0.82826269273360309  0.83965197990796281
  0.85095129426507532  0.86277455050567065  0.87496291319402075  0.88727643242149545
  0.89862500020325942  0.90861728166816069  0.91830090748499227  0.92871258424960956
  0.93961321853983204  0.95056896568513427  0.96035907507891860  0.96855395115845822
  0.97670505734681567  0.98421227119764576  0.99174744531115644  1.00000000000000000
  0.08847784754069762  0.32799163228166311  0.38175276942931019  0.41545616253436640
  0.44454251843439263  0.46773187404630501  0.48833063772782215  0.50592973954111287
  0.51984163476912248  0.53141490708992545  0.54227777480468220  0.55335615426829110
  0.56368172865153510  0.57241397747623612  0.58023562484486835  0.58736028732888657
  0.59412616287812325  0.60104281792857217  0.60737980958115523  0.61284326251068211
  0.61761724814607211  0.62219510578909487  0.62672164297446942  0.63113961293938303
  0.63577342745641963  0.64090967128138243  0.64600242716751499  0.65092747245137594
  0.65545716171065782  0.65998045104900249  0.66440954325725898  0.66858188351125303
  0.67214402859787981  0.67527970923174230  0.67841137034666077  0.68150757336141532
  0.68466889368973383  0.68783623626661350  0.69099813510100916  0.69410361312346269
  0.69702005888351271  0.70003643181509290  0.70305545074988407  0.70592215405241099
  0.70879430168246760  0.71172671353236694  0.71475913769946997  0.71794625198748796
  0.72098325639735350  0.72393906490917226  0.72662131061975521  0.72935498020379819
  0.73230265569048503  0.73535042274701190  0.73860011104649792  0.74179632238551574
  0.74476343129881295  0.74775160686848718  0.75080080340944855  0.75375205945204871
  0.75648909377693463  0.75916498322357528  0.76209052639288577  0.76510913088147481
  0.76809064492402956  0.77125633856558373  0.77432559218157715  0.77738210711452771
  0.78037864846732896  0.78327773645908827  0.78601169990836428  0.78851478392254948
  0.79088792061546831  0.79326596115681880  0.79575072719341111  0.79842770646663785
  0.80130038932654324  0.80422806627414756  0.80725878723066957  0.81042295290177147
  0.81368121423809925  0.81709420442118763  0.82043244148767347  0.82385838087677410
  0.82736648853174544  0.83107725280597389  0.83529190354253458  0.84010358897514270
  0.84523905931266907  0.85067163507590482  0.85730418517826612  0.86572718510968527
  0.87607231708770361  0.88923845373757260  0.91162473622721851  1.00000000000000000
 -0.03085572579714941  0.15731965607936405  0.20439812590031781  0.23021918961263904
  0.24811622230175720  0.26332606384686352  0.27743048662436026  0.28964901136383614
  0.29955580406081078  0.30816067965132904  0.31669438213825252  0.32472872313154361
  0.33197368855456150  0.33813522998668155  0.34409551607282618  0.35057089502912375
  0.35631779493490501  0.36146871078448733  0.36605583292299865  0.37067850909482553
  0.37533507818947998  0.38046614401433093  0.38576160413240157  0.39090147020739952
  0.39558769635543367  0.39999449987560393  0.40433308508984167  0.40858714011566905
  0.41299146693075028  0.41744333253779364  0.42186167879126507  0.42606224636202666
  0.43017655724820025  0.43421269673917878  0.43804897027494832  0.44191495805957531
  0.44610277011210608  0.45020141380079370  0.45411370681386104  0.45784237980706233
  0.46167637291313957  0.46552607039721733  0.46953774229763101  0.47356015112525551
  0.47755654493715766  0.48173935236813203  0.48628723680881442  0.49102268000915078
  0.49574275015256836  0.50059791806211906  0.50538204228641381  0.50997880109431859
  0.51425344468969902  0.51828349975975851  0.52236192355294397  0.52631263777790793
  0.53009256440512498  0.53398247113771158  0.53805368574954116  0.54226753361178104
  0.54640076213042843  0.55047358817840608  0.55453151574315029  0.55843741702440375
  0.56269359313429479  0.56696565839599566  0.57138874302528075  0.57612293493534705
  0.58105577187791990  0.58636690223537680  0.59195080885839146  0.59763677318105846
  0.60330315813238145  0.60898548305643785  0.61495636812377985  0.62078016031925631
  0.62649576243252980  0.63224061115350727  0.63814148864333298  0.64454343187826935
  0.65124237590832224  0.65795150645660527  0.66477147027265526  0.67227608261303295
  0.68026610335083937  0.68862782345659290  0.69767978860043078  0.70775015977861422
  0.71899362631597952  0.73169194882383692  0.74642937303769996  0.76271407665794522
  0.78054515911739664  0.80603074543679265  0.84591804486379885  1.00000000000000000
   2.9966648133971612E-015  -1.0000000000000000     
 T T T T T T T T T T T T T T T T T T T T T T T T T T T T T T T T T T T T T T T T T T T T T T T T T T T T T T T T T T T T T T T T F F F F F F F F F F F F F F F F F F F F F F F F F F F F F F F F F F F F F F F F F F F F F F F F F F F F F F F F F F F F F F F F
  <DiscreteSampler_grid>
  grouped_processes
  1 # 1 for a reference and 2 for a running grid.
  10 # Attribute 'min_bin_probing_points' of the grid.
  1 # Attribute 'grid_mode' of the grid. 1=='default',2=='initialization'
  0.0000000000000000 # Attribute 'small_contrib_threshold' of the grid.
  0.5000000000000000 # Attribute 'damping_power' of the grid.
 # binID   n_entries weight   weight_sqr   abs_weight
    10   10   3.890582354552589E-002   1.321945866901537E-002   3.890582354552589E-002
    16   10   3.890582354552589E-002   1.321945866901538E-002   3.890582354552589E-002
  </DiscreteSampler_grid>
