 -0.00000132121475335  0.00001022240131645  0.00001738947832646  0.00002289884874935
  0.00002848697107085  0.00003389239271605  0.00003927331641177  0.00004459741148899
  0.00004989219723832  0.00005520923317807  0.00006059198198409  0.00006604412582178
  0.00007154604696940  0.00007715047656321  0.00008284149124068  0.00008871091397430
  0.00009475741522637  0.00010095269353981  0.00010729982913494  0.00011378241195212
  0.00012025839591883  0.00012686265253852  0.00013359467089809  0.00014045761432811
  0.00014754302803789  0.00015482164201546  0.00016222232671253  0.00016972451417020
  0.00017735140575560  0.00018507621279545  0.00019285882852663  0.00020085146487650
  0.00020921659227633  0.00021781701703849  0.00022675200264790  0.00023605751169923
  0.00024565030271761  0.00025593241852066  0.00026648246602842  0.00027754230978044
  0.00028910867041452  0.00030106410968756  0.00031348559922955  0.00032653407015553
  0.00034009378385111  0.00035410030109525  0.00036862860259483  0.00038372032469586
  0.00039952543773890  0.00041617002723366  0.00043348109816342  0.00045161273079351
  0.00047060479684534  0.00049041878374375  0.00051149775896149  0.00053401256613392
  0.00055823464574884  0.00058425609322138  0.00061142578908278  0.00063984423154659
  0.00067000229481766  0.00070209645464486  0.00073659135338145  0.00077310814633891
  0.00081145487749637  0.00085350934176394  0.00089789010054474  0.00094531897798238
  0.00099584125545971  0.00105084404742186  0.00111057104073555  0.00117588266216883
  0.00124806116451455  0.00132775635768739  0.00141792034760664  0.00151741849636943
  0.00162590002071340  0.00175061580078407  0.00188763770464281  0.00204320993919349
  0.00222054751741140  0.00241981505388346  0.00263987683576968  0.00288974845512014
  0.00318522337100837  0.00356027537108792  0.00406438035800918  0.00466668880325611
  0.00534616311977005  0.00621438408896209  0.00748046606115779  0.00917769163862213
  0.01142554541409699  0.01602163265822626  0.11365249985690665  1.00000000000000000
 -0.00255502440852331  0.00996241166331669  0.02041188874176509  0.03108095210761337
  0.04172303709931717  0.05251727168225800  0.06331535187718787  0.07424993927437819
  0.08517243654662685  0.09596101416675200  0.10656199064638121  0.11708342290476038
  0.12759494041494271  0.13804458792315324  0.14853392400394391  0.15900392986603107
  0.16945987027640150  0.17999844092460496  0.19074878528363681  0.20153822587691805
  0.21225462467218620  0.22284162276629302  0.23347389489490675  0.24409591498925792
  0.25473924651277680  0.26540764942148393  0.27581997586667728  0.28616956855543563
  0.29652982040356940  0.30712708613950163  0.31753688098505506  0.32783144481322596
  0.33811476375420157  0.34843250298352890  0.35886527084184278  0.36929064510252296
  0.37987850520378380  0.39051144666970988  0.40100635635711412  0.41153222583382948
  0.42211935483727731  0.43270931256220813  0.44308128061152574  0.45335524440520353
  0.46364020891919860  0.47406510157213844  0.48442840978545376  0.49486029784138741
  0.50525609666178650  0.51584377318195895  0.52632426380432129  0.53664706599430023
  0.54706334707449544  0.55737548537524773  0.56774379690019217  0.57815328132266974
  0.58886485656621501  0.59987465831978082  0.61071090684097551  0.62144276174238333
  0.63218071157820188  0.64272241673739960  0.65319242245509801  0.66370717010041447
  0.67439741235998363  0.68523018124714730  0.69582144203850016  0.70630160086505989
  0.71674135871320421  0.72719600804957052  0.73740349105973446  0.74761939685654877
  0.75799073446576670  0.76834391658204482  0.77869150808330301  0.78890503893833952
  0.79952717323381528  0.81026062288103895  0.82083244426636270  0.83148954402069752
  0.84211629377753860  0.85273845748226829  0.86326267702563486  0.87373128317838478
  0.88441336977913576  0.89520058588488316  0.90602363195224744  0.91677463903226630
  0.92720161199950568  0.93763627786341019  0.94811952746610961  0.95857336827061046
  0.96886523921880763  0.97913512758773624  0.98953983633896447  1.00000000000000000
 -0.00389460900748470  0.02614021289434905  0.04803973296039764  0.06630239949549382
  0.08262907061050516  0.09770263323516723  0.11187731747877729  0.12535559435666430
  0.13836854722555372  0.15088345806719106  0.16291555860458320  0.17478784289854563
  0.18642957932228513  0.19757598759952399  0.20830368097889723  0.21889989567174650
  0.22937876807062560  0.23944098882076661  0.24935161688667207  0.25916892084746807
  0.26885366843861425  0.27830656763683831  0.28768241078167134  0.29709074868550067
  0.30642338364607319  0.31553773827457582  0.32446033741314789  0.33330132454722522
  0.34205366040598206  0.35077750115922174  0.35951100243533801  0.36819464151272141
  0.37682892540509916  0.38532446604286080  0.39376580524846888  0.40217842613787147
  0.41062225473655950  0.41903291535758574  0.42731233329639967  0.43551897682938845
  0.44375804779046124  0.45206527867898122  0.46035036027528187  0.46853639411823778
  0.47665884327245062  0.48473615815440907  0.49273392894548085  0.50067441853854078
  0.50855890721243946  0.51640784182889465  0.52427900718452036  0.53228451552853351
  0.54015810915978624  0.54789204823424931  0.55561498627119599  0.56338466663299913
  0.57120973499918770  0.57901905798591180  0.58684872374121355  0.59471678238443648
  0.60258819472171821  0.61059846166464216  0.61870046585966010  0.62668915841929707
  0.63461463620999092  0.64263735924019683  0.65074359590684505  0.65883718855553952
  0.66693673818775112  0.67505183991239026  0.68320800721303498  0.69171217057008472
  0.70041719957245285  0.70918136351660477  0.71796877067673182  0.72688122196459160
  0.73599256481243125  0.74531160433540755  0.75470076424630583  0.76413727865020353
  0.77372744841086816  0.78337665184968464  0.79311783112374845  0.80294820569587377
  0.81298337155568345  0.82355257155264805  0.83437372297430346  0.84580231511095827
  0.85745967661982314  0.86970703372825864  0.88251126364091315  0.89663441545850331
  0.91271912367671681  0.93177891822463454  0.95780221047897807  1.00000000000000000
 -0.01857121547367386  0.10660635810215799  0.14194250575146877  0.16374447627282407
  0.18132143094551106  0.19634795291332549  0.20973640345153127  0.22202547798452979
  0.23340091016392217  0.24400729613985622  0.25401321232832313  0.26347902647580473
  0.27259052296624436  0.28130144748582303  0.28980315889095781  0.29801204671916004
  0.30602275927732620  0.31381530829659515  0.32131998772219245  0.32881398165585490
  0.33598939392904842  0.34292295704606174  0.34970439015185673  0.35633613679740161
  0.36285945752514132  0.36933950353878736  0.37576593651582363  0.38210607027043747
  0.38839692824928801  0.39466531785674042  0.40084622343279230  0.40692629349514076
  0.41296298834730116  0.41888369128589836  0.42475708238478083  0.43059178015245342
  0.43635769783275291  0.44200584514248931  0.44758514349720230  0.45313726059156378
  0.45866045244074827  0.46417245210012265  0.46970720416555356  0.47526014612084205
  0.48080747581696159  0.48635035884280864  0.49188896726742554  0.49746060234706863
  0.50303999187768933  0.50870474667190779  0.51434818709239005  0.52000881459230819
  0.52569161521991115  0.53139766381087217  0.53711249003616901  0.54287648981411596
  0.54870989629452172  0.55458129419636637  0.56046226679318900  0.56632910705065687
  0.57215910652452895  0.57799057802996712  0.58384159162947957  0.58976204731311754
  0.59573468368923732  0.60169990059260581  0.60780352612497957  0.61404583238198307
  0.62042611195852426  0.62694271822901992  0.63355721910061313  0.64015923813913844
  0.64674913035841819  0.65341515257934191  0.66017791285939453  0.66709254854269828
  0.67419584758147055  0.68148696403538500  0.68895631120534906  0.69658697986913387
  0.70435069940519435  0.71231069900332744  0.72056707315013313  0.72911565025665048
  0.73805413765159977  0.74734542611015187  0.75714315222716722  0.76768374251894345
  0.77895872900269303  0.79113778463274143  0.80437048286761281  0.81913852982771018
  0.83627700525390347  0.85784130521396751  0.89333876967689529  1.00000000000000000
   3.4295877565456950E-003  -1.0000000000000000     
 F F F F F F F F F F F F F F F F F F F F F F F F F F F F F F F F
