  0.00020735141272423  0.00026977364010633  0.00030347487305873  0.00033082836108593
  0.00035402192814860  0.00037528492332144  0.00039503045206864  0.00041387198311216
  0.00043186229291526  0.00044890054122972  0.00046530942911655  0.00048130206014086
  0.00049646573330180  0.00051114042569835  0.00052599592893561  0.00054106568216786
  0.00055620996442555  0.00057119466923943  0.00058600941449943  0.00060082604463473
  0.00061565245351041  0.00063040783197669  0.00064514633678071  0.00065973072499511
  0.00067537926516696  0.00069200958407253  0.00070787809823029  0.00072402703619151
  0.00074076107483826  0.00075788629181717  0.00077548388652995  0.00079331960541726
  0.00081147392732240  0.00082985739224430  0.00084841911384137  0.00086706656803527
  0.00088565628300026  0.00090426841244241  0.00092316627080208  0.00094262584045945
  0.00096291813761982  0.00098400719055150  0.00100562645107072  0.00102771587634757
  0.00105023723199979  0.00107309005737685  0.00109639351522729  0.00112039488808339
  0.00114549514427181  0.00117164707576712  0.00119838786641992  0.00122555072630762
  0.00125302126372431  0.00128144156921829  0.00131040059755992  0.00134063147311696
  0.00137210218582564  0.00140500498410548  0.00143921832994049  0.00147481076364506
  0.00151124640023552  0.00154804863288732  0.00158513998776760  0.00162376926863302
  0.00166598834785068  0.00171179163864228  0.00175972822459991  0.00180924855637140
  0.00186049977941500  0.00191438318752441  0.00197219877288007  0.00203631806021055
  0.00210604107709150  0.00217968423564347  0.00225901336035174  0.00234496974683320
  0.00243650964346482  0.00253423306432613  0.00263945124271989  0.00275705966038350
  0.00289007342400200  0.00303950847689412  0.00320349928278064  0.00338128442890635
  0.00357770934414197  0.00380623960313158  0.00408221613332727  0.00441881432281311
  0.00483035585484976  0.00534079444207756  0.00598234492001617  0.00682866142658705
  0.00811936260168374  0.01125045316345623  0.15936207472242614  1.00000000000000000
  0.00025698497658053  0.00047642039749608  0.00066718369067500  0.00072675048118378
  0.00081184438646999  0.00088274661340617  0.00096035085569154  0.00103750149316383
  0.00111774222929905  0.00120567157009525  0.00129176297662449  0.00137028089753698
  0.00144975469929532  0.00153389549913935  0.00161960190256473  0.00170205835192181
  0.00178144211859588  0.00186516827345181  0.00195339793236576  0.00204195956875494
  0.00212875809161979  0.00221633320759922  0.00230719175665302  0.00239769084147973
  0.00248589942015764  0.00257283615300490  0.00266000659379763  0.00274902366048965
  0.00283933725429044  0.00293056056723394  0.00302478790289951  0.00312312187611558
  0.00322314564576470  0.00332074735231804  0.00341638863279715  0.00351209298036511
  0.00360902138205115  0.00370475074499372  0.00380234082057903  0.00390214804901864
  0.00400386261570884  0.00410818017494042  0.00421405440830797  0.00432098314497116
  0.00442978508659925  0.00454361793338160  0.00466513123109626  0.00478460481614171
  0.00491160852528216  0.00504531686786493  0.00517829510627215  0.00531840838192305
  0.00546434186005415  0.00561569778983427  0.00577173910400394  0.00593275538768033
  0.00609928758927885  0.00627331499878489  0.00645381764813067  0.00664050250013245
  0.00684362352977939  0.00704318835922831  0.00725463140648048  0.00747268647016121
  0.00769725486193856  0.00793346096801851  0.00818104077195024  0.00843754840848963
  0.00870577865503057  0.00899333541822548  0.00930461439930561  0.00963960666225737
  0.00999892398844751  0.01038349853484391  0.01079399229951921  0.01123463669605701
  0.01170919094295987  0.01221973923239998  0.01277234044999838  0.01337055330124287
  0.01402340852910964  0.01474254098842765  0.01555152912504711  0.01645768898269642
  0.01744037842683897  0.01854362163754140  0.01983591171973317  0.02145092729843273
  0.02343046166653095  0.02590504775744024  0.02917126479288165  0.03387356179593960
  0.04031453201325128  0.06478885212975810  0.23440311664682156  1.00000000000000000
  0.00201859732620351  0.00241234876732744  0.00273331627592644  0.00309056060860988
  0.00339906613740261  0.00369337899997276  0.00399820924960257  0.00428827822554982
  0.00455944474759234  0.00481836870924832  0.00506696230835494  0.00530577402659808
  0.00554676053401782  0.00579510769082208  0.00604455663990452  0.00629262866333549
  0.00655335058484967  0.00676694574944041  0.00694388501511800  0.00714908249440203
  0.00735762890025015  0.00756183278611257  0.00776956707586151  0.00799421164221528
  0.00822432262162643  0.00844928226598071  0.00866860910931335  0.00888434624292689
  0.00910406120051235  0.00933490487686306  0.00957554951486556  0.00981763201168871
  0.01005415130414141  0.01028211684341068  0.01050854853387203  0.01074372331788147
  0.01098602023974906  0.01123269667273810  0.01148495734961443  0.01174007164807789
  0.01199953353817818  0.01226132174690495  0.01252286756451126  0.01278987770428023
  0.01306442952438595  0.01333908799374792  0.01361406393170599  0.01389441769580167
  0.01417880740053020  0.01446876367267944  0.01476419530791314  0.01507275414953168
  0.01538743320828698  0.01571687834059117  0.01605468330872473  0.01638648975465459
  0.01670973449115390  0.01704188690860076  0.01739155832106834  0.01775557930485860
  0.01813130220397221  0.01850599671126483  0.01889049648466249  0.01931014822345246
  0.01973459913178564  0.02018228633949672  0.02061494655637348  0.02107762537601912
  0.02154992859669270  0.02206037199070151  0.02257964503460349  0.02310899696907720
  0.02366360847083055  0.02426977926975759  0.02493153473046476  0.02561614009062973
  0.02634004906191502  0.02709331321194093  0.02790227893373757  0.02879130196305757
  0.02979181874035732  0.03087079839649646  0.03197613687971837  0.03315172755839123
  0.03445710096371696  0.03589780776449021  0.03752639929709356  0.03953086159810297
  0.04195694390011732  0.04468467730459774  0.04784851778982137  0.05208998475413699
  0.05849904912424370  0.08762663621895637  0.63730027749232376  1.00000000000000000
 -0.00237977334996272  0.00904381241972651  0.02017099923086922  0.03136196131920746
  0.04247752509328211  0.05297483541742042  0.06351963455104150  0.07340460931890137
  0.08438889170184520  0.09518950009265797  0.10551474661250503  0.11577538961062389
  0.12623478381180353  0.13696707201420508  0.14817229064149054  0.15909885183191896
  0.16993951383486722  0.18059591430165375  0.19143397737990633  0.20241884846573005
  0.21326603283430065  0.22394005368818129  0.23435432493015831  0.24448148373595260
  0.25487043449665026  0.26540737189876229  0.27581607673251290  0.28608790561839403
  0.29604047302984132  0.30628322934722940  0.31615100188854045  0.32627334046854917
  0.33635665586361696  0.34613976081256626  0.35591450758016324  0.36620791470910247
  0.37658826344243651  0.38724803988414164  0.39788079046701214  0.40858028104499733
  0.41894133051373023  0.42961427242586453  0.44031122762659269  0.45109506808705974
  0.46194891782632502  0.47303342365405093  0.48414102489591415  0.49484882891833132
  0.50548341003909369  0.51622072558311671  0.52696376748417506  0.53763937392347094
  0.54825841896125627  0.55876965817135660  0.56908764219572094  0.57950925999916025
  0.59034395908073156  0.60145665374468826  0.61198860894525209  0.62228762816768191
  0.63297543932709288  0.64383265651974819  0.65447469799885372  0.66507987511358246
  0.67592869930887389  0.68683266911328367  0.69732148770978475  0.70764639819336739
  0.71789420178467045  0.72839094590733922  0.73919825795355498  0.75028904343713698
  0.76141807293516295  0.77237409461158069  0.78306041264554394  0.79367550775236295
  0.80419151321581850  0.81451580183067274  0.82473543634730162  0.83486389836498165
  0.84513224651126717  0.85561172831044274  0.86636473827634097  0.87764257281343028
  0.88875950446617713  0.89861371864637796  0.90793781961319431  0.91781194927736676
  0.92792163521854465  0.93785211778463118  0.94764094462518822  0.95721875811707224
  0.96835420120611471  0.97966101252556259  0.98953354351662137  1.00000000000000000
  0.05721148990855765  0.06233215736167091  0.06524925338754316  0.06781636879117231
  0.07003820156575294  0.07208452022207269  0.07400691425583622  0.07581398654443036
  0.07752086900225275  0.07914959985180399  0.08073119998411708  0.08227406384020322
  0.08375224067627232  0.08519131858218086  0.08660053601065733  0.08798281306737021
  0.08934027902339717  0.09069283915033122  0.09202630134234240  0.09336652834390234
  0.09471284150705925  0.09604729715887141  0.09736695892682509  0.09868197230888880
  0.09999742251022359  0.10131942601101863  0.10264822609142983  0.10396894740187397
  0.10526919264254583  0.10654893144811685  0.10781911756689558  0.10910948083516805
  0.11043525787481642  0.11179195912034091  0.11312998566738947  0.11445895564107079
  0.11581510026208605  0.11716831542099970  0.11852053581752091  0.11983284635074452
  0.12114124154363146  0.12244723934094043  0.12383367787340220  0.12526523568084097
  0.12675303283338346  0.12827873544933255  0.12979971814660632  0.13129183068015246
  0.13278711299169016  0.13429089466353772  0.13585187842427185  0.13746875513337295
  0.13912704764356806  0.14084515658113944  0.14259664853393650  0.14429626163637521
  0.14598729734390825  0.14777117704786413  0.14961656142072338  0.15145482289085771
  0.15324684109511977  0.15498679407908378  0.15677278786372909  0.15867984544389507
  0.16070171431229271  0.16274979019223715  0.16482629340586055  0.16701488001421089
  0.16937840842960347  0.17193706827684002  0.17462883618988034  0.17728962727582839
  0.17986865599242666  0.18235762051443485  0.18502026532309881  0.18803620016512765
  0.19131131865537884  0.19508437707044440  0.19891940745116629  0.20277162289581216
  0.20663683582658177  0.21054522364094758  0.21422991763511440  0.21785848079838382
  0.22186065696014401  0.22669641895827608  0.23281790221198828  0.24104659662423555
  0.25077328384213193  0.26236870631297199  0.26853494007454054  0.27565620103737576
  0.28467456839278538  0.29798971279605069  0.87927493092623032  1.00000000000000000
 -0.00146989213134196  0.00574222171729932  0.01347780270900868  0.02111414154143353
  0.02885827299223915  0.03671694454423569  0.04461363197055766  0.05255374481501621
  0.06062953359879492  0.06883853878730853  0.07717228570405651  0.08554756909007362
  0.09389745359976036  0.10216835056377996  0.11027161117233435  0.11827537468121910
  0.12635164168398838  0.13460483076805058  0.14291329136162104  0.15118024349383241
  0.15957217791155484  0.16805970440920331  0.17661604580814469  0.18538341935816752
  0.19433369899579780  0.20369756523772323  0.21346093233238081  0.22327992708256114
  0.23323060849212413  0.24362687595218477  0.25454543509839089  0.26572241983990874
  0.27703735498447074  0.28875131693258138  0.30120300289962687  0.31452524913559915
  0.32859055172046037  0.34335645830837885  0.35896572836761270  0.37524224380944221
  0.39161671963328953  0.40811055626835063  0.42531064943788394  0.44386423494033017
  0.46282129984670134  0.48018159591972825  0.49570988880079636  0.51040521614364032
  0.52580483266851119  0.54215612476060160  0.55870534593186916  0.57707192545558605
  0.59539446620126846  0.61198059369607127  0.62795601493037290  0.64264795716360401
  0.65690915627827562  0.67086737956919762  0.68432406263227286  0.69736988886887608
  0.70988163981040520  0.72195552552330911  0.73324925220832082  0.74400026717978840
  0.75410994189794878  0.76384327370030114  0.77306129664627032  0.78222349566826421
  0.79105534113257669  0.79940540356201473  0.80773023501308672  0.81572860919652534
  0.82381502520305205  0.83163045330397567  0.83946726918751846  0.84713097561938477
  0.85480534619324633  0.86284501634941901  0.87092077256150835  0.87894479798147229
  0.88695949245113226  0.89497185223818787  0.90259752107218272  0.90993345280563087
  0.91736194847599961  0.92478718466506149  0.93229301060745196  0.93973192369160341
  0.94731012316862262  0.95493046060408648  0.96238848005248889  0.96975979621966391
  0.97691751578576269  0.98444546941152988  0.99227712499809062  1.00000000000000000
  0.05283698589444658  0.05496692289637758  0.05657880579872199  0.05787302382584417
  0.05906080985620487  0.06018197276394400  0.06125026068135149  0.06230448726601109
  0.06338664481819067  0.06447541393031489  0.06555288279633877  0.06661602946307532
  0.06766457643754140  0.06869983692139350  0.06972798920204692  0.07075128173344031
  0.07176695690298987  0.07278734395278563  0.07379682406626471  0.07479286872570773
  0.07578647662980051  0.07677954677121875  0.07777441195844401  0.07877216587801092
  0.07976512411920637  0.08077433967409896  0.08180813849446747  0.08286695568844438
  0.08393592171704820  0.08499821701959875  0.08604912115057210  0.08708034372559775
  0.08810266755823119  0.08914024453612128  0.09018593748317978  0.09124582113568475
  0.09231732303421447  0.09339632614075845  0.09449422218793230  0.09561636649833052
  0.09674696953253298  0.09786979554442576  0.09899827900534272  0.10014034445814567
  0.10130778907357553  0.10243608272121631  0.10356649169016748  0.10473604610582234
  0.10593312296618264  0.10710677222556628  0.10823478745700439  0.10937959139685539
  0.11057019546221852  0.11177323930298534  0.11304270879770666  0.11430325963022044
  0.11562964974849775  0.11690339424069217  0.11814873579836538  0.11941991597261652
  0.12071155431581232  0.12198901944010515  0.12329746702242123  0.12471164171938789
  0.12626631606739688  0.12782135268405731  0.12928320899479656  0.13067066193596977
  0.13199608760995998  0.13335681709133990  0.13476848368548747  0.13641419535036559
  0.13818192419323047  0.14016791581973290  0.14212594932079750  0.14399063643036977
  0.14590604291601936  0.14798639031902155  0.14998401725897237  0.15191641772434142
  0.15388523491600592  0.15605897294483084  0.15861842822033287  0.16116297297599874
  0.16310333661006543  0.16518976582625677  0.16761666607109502  0.17040505235193343
  0.17320847761939925  0.17705677063799599  0.18080269796493556  0.18271025962154083
  0.18544464922240411  0.18857963504938879  0.19230146301921949  1.00000000000000000
 -0.00181530570079340  0.00749394236726631  0.01769286101027692  0.02733320882708688
  0.03734123539591533  0.04795154514216421  0.05871481391056475  0.06929973625207034
  0.07946710185557324  0.08969905903480899  0.09986072065932645  0.11037328204661767
  0.12102553882851634  0.13235262631055075  0.14397510675669153  0.15511018864265882
  0.16579275988853295  0.17613369760837919  0.18668042754662625  0.19730002466515831
  0.20793303902285548  0.21844071944426463  0.22896835684112926  0.23941245169230468
  0.24933387874428797  0.25836873857761816  0.26729726428293427  0.27652408320173111
  0.28626007439643086  0.29599271007146483  0.30568598212169085  0.31539543604564740
  0.32628345690420135  0.33772737410767045  0.34957709325623265  0.36165982529166618
  0.37355555077287655  0.38522558258395884  0.39668106835921796  0.40778527651539470
  0.41897655186712135  0.42992954004096168  0.44089013733265614  0.45177979946541230
  0.46316173851540576  0.47478346617273787  0.48620898471041130  0.49745603794366722
  0.50852105907306733  0.51968476368613625  0.53083141381816779  0.54163389872575296
  0.55237300349225882  0.56376606067851487  0.57569917344060240  0.58731908202628702
  0.59852278957305638  0.60996608090035753  0.62132458790079181  0.63255259230572258
  0.64333360991764377  0.65437484344174346  0.66488171918284222  0.67533443581874286
  0.68566388037332926  0.69602020829823030  0.70655556786323070  0.71736231034143694
  0.72782902569346541  0.73818704315658967  0.74838893776907545  0.75894754167502587
  0.76932704609946678  0.77949716641946831  0.78936033736207623  0.79928204515294676
  0.80934683882784797  0.81961478938530818  0.82996704169906499  0.84011498251108607
  0.85014934899235339  0.86020810514029389  0.87056748764810454  0.88109170874958787
  0.89156316557975568  0.90167707728709445  0.91190711647658684  0.92159671241768881
  0.93130873202165476  0.94097576935888860  0.95018504640139545  0.95941248439635918
  0.96967028600702954  0.97898172491241131  0.98986219658052976  1.00000000000000000
  0.12494069431331967  0.19375041425275799  0.22555812626863070  0.24728280617334758
  0.26430033840437434  0.27866515319533003  0.29116630484487832  0.30267214774215134
  0.31318814890605962  0.32320309782347895  0.33225909517477714  0.34065982108020371
  0.34853144359854044  0.35591845908738767  0.36294045251907636  0.36972647952883136
  0.37617193490839290  0.38215756054625422  0.38806293805125841  0.39379338338418718
  0.39935609179921627  0.40480233359988971  0.41018680775078670  0.41550570806112663
  0.42064367935545549  0.42557025806018922  0.43046418131697595  0.43543471029690012
  0.44035413038726851  0.44508817658847366  0.44959781466689586  0.45396981798405661
  0.45826262942682938  0.46250533563153101  0.46674115613539346  0.47103994739646438
  0.47537687313841004  0.47966988046209347  0.48384179958131107  0.48798934447596221
  0.49216590803212884  0.49619680621704454  0.50017066002523058  0.50432844635389273
  0.50852846734642898  0.51268774626177427  0.51680638484364627  0.52086409078627627
  0.52491190592029557  0.52900530587111827  0.53312841451284743  0.53727601525743540
  0.54143711003465711  0.54557456680346117  0.54971694462362430  0.55391354216116950
  0.55813796306392949  0.56233397776892391  0.56648815814473952  0.57065873288485769
  0.57485692695024926  0.57909040547190516  0.58348206250121193  0.58802659502751842
  0.59267113376750447  0.59732390892383913  0.60199222057154445  0.60670647795748001
  0.61142118923239108  0.61613650096999839  0.62086847203167594  0.62563453866618324
  0.63043967509297438  0.63528722425192108  0.64036890792363610  0.64554759389907024
  0.65070132724297824  0.65593321191029430  0.66130984693185213  0.66692456665819455
  0.67281082663790148  0.67890984774320673  0.68510650762143421  0.69158404838359555
  0.69852983818642278  0.70585275929448776  0.71352451622121127  0.72170906047461691
  0.73070413168170389  0.74079309220815903  0.75186108744283309  0.76427841367847849
  0.77951241086585676  0.80030627947836952  0.83676844154215124  1.00000000000000000
 -0.04081165174042347  0.17690884236799531  0.22183460530597154  0.24610272147632431
  0.26372861896234701  0.27790820486622358  0.29001193530837083  0.30078867125939840
  0.31075066291147674  0.31996026674281697  0.32851659092079843  0.33638173045808378
  0.34350077787106592  0.35008548640603154  0.35634135085493812  0.36241398982846973
  0.36833412950047262  0.37406754395079700  0.37962808389302333  0.38495081383772195
  0.39000282643453515  0.39498350025671702  0.39995609299854301  0.40487662864806145
  0.40963046869254333  0.41422149467281466  0.41866767606320066  0.42296252162160891
  0.42716268866001639  0.43142812250183227  0.43575759258875424  0.43980771986084921
  0.44367727202771545  0.44740975038620412  0.45099737889415864  0.45449005985644658
  0.45801799664479131  0.46161838453653775  0.46533587621983236  0.46907644510772500
  0.47275637818953192  0.47633500509827609  0.47990558921528964  0.48355460830979807
  0.48725194210641565  0.49087289687053831  0.49447707050899725  0.49792226703976422
  0.50135990093051575  0.50497969185683667  0.50852770134019687  0.51212688934326944
  0.51572043246132893  0.51935850509457426  0.52292473811637630  0.52658360638878066
  0.53026680107228619  0.53411711150732222  0.53798002562475500  0.54187450927318004
  0.54578025754935000  0.54968666259152676  0.55366280044422134  0.55768125643225608
  0.56181367008240013  0.56599265801584697  0.57028059383201302  0.57455232714304871
  0.57872785635506430  0.58315286267511224  0.58767976800639432  0.59226330001336347
  0.59703057096889389  0.60189312983143228  0.60677694116523651  0.61166683901309682
  0.61660440065672339  0.62172547360166042  0.62704890251179557  0.63253421387585784
  0.63820349770109053  0.64411453215587011  0.65032098208579370  0.65684346974482288
  0.66370682813390358  0.67113753135559984  0.67934824604876964  0.68836980682832305
  0.69842095674535287  0.70956180159522253  0.72175271771275862  0.73593874565852813
  0.75351110697835388  0.77774527255503978  0.82208071149043282  1.00000000000000000
   3.3580673278526882E-010  -1.0000000000000000     
 T T T T T T T T T T T T T T T T T T T T T T T T T T T T T T T T T T T T T T T T T T T T T T T T T T T T T T T T T T T T T T T T F F F F F F F F F F F F F F F F F F F F F F F F F F F F F F F F F F F F F F F F F F F F F F F F F F F F F F F F F F F F F F F F
  <DiscreteSampler_grid>
  grouped_processes
  1 # 1 for a reference and 2 for a running grid.
  10 # Attribute 'min_bin_probing_points' of the grid.
  1 # Attribute 'grid_mode' of the grid. 1=='default',2=='initialization'
  0.0000000000000000 # Attribute 'small_contrib_threshold' of the grid.
  0.5000000000000000 # Attribute 'damping_power' of the grid.
 # binID   n_entries weight   weight_sqr   abs_weight
    10   10   2.252612982810836E+003   2.056909361420218E+007   2.252612982810836E+003
    16   10   2.252612982810836E+003   2.056909361420218E+007   2.252612982810836E+003
    22   10   2.252612982810836E+003   2.056909361420218E+007   2.252612982810836E+003
    28   10   2.252612982810835E+003   2.056909361420217E+007   2.252612982810835E+003
  </DiscreteSampler_grid>
