  0.05297018210512296  0.05420431843414293  0.05483221113478231  0.05550015309255549
  0.05614981174532378  0.05677445152095241  0.05739074461161232  0.05798547854522309
  0.05855718651254378  0.05915358465055179  0.05973829098784270  0.06032697388676553
  0.06090296609272370  0.06147628466638998  0.06207087170366653  0.06266960647422701
  0.06326900446334591  0.06387401378487260  0.06448814066042051  0.06510632398565469
  0.06572263061503884  0.06633887888147619  0.06695752732784288  0.06759108027786397
  0.06822129156021782  0.06884781375379853  0.06947174423303239  0.07010205032671112
  0.07072959202976319  0.07134629931823611  0.07196734143018069  0.07261512313063609
  0.07329016948589788  0.07398660082522307  0.07469237439291812  0.07541414726248068
  0.07614800357948300  0.07685621835948318  0.07760818510726704  0.07841499809517778
  0.07923963198041414  0.08004221412445200  0.08084899820768919  0.08168509519904259
  0.08253645794143763  0.08342831050548574  0.08433275095729048  0.08520801549245792
  0.08610242505256430  0.08698657695830961  0.08788213714338089  0.08884509369852052
  0.08994059097641829  0.09109947318192345  0.09230332591975121  0.09345757657663352
  0.09460822602568261  0.09570919364776923  0.09679581729645591  0.09790688826408055
  0.09901960657808716  0.10013724629291205  0.10135085245961374  0.10261480668134015
  0.10397153944800194  0.10541133220618923  0.10698973890759692  0.10866029105460814
  0.11058705195930726  0.11250199987334061  0.11451437851262851  0.11653746666711594
  0.11855625813534032  0.12059651575289874  0.12269015503173303  0.12496239141519926
  0.12745283083524941  0.12996470694894668  0.13241851966946283  0.13504726305550968
  0.13797994109756909  0.14103332919060302  0.14415632633924083  0.14757202630402014
  0.15131505826162692  0.15544905240809997  0.16048501300100773  0.16601957362912609
  0.17176689085367211  0.17842786034405447  0.18661750689659004  0.19711215872269713
  0.21355307802118445  0.36605917661669918  0.81353145962942763  1.00000000000000000
  0.00026747200418431  0.00035632113802762  0.00042232441474336  0.00048190683412287
  0.00053211483315461  0.00058311299248251  0.00063364995934395  0.00068680819188182
  0.00073931902398805  0.00078765888910423  0.00083463574698507  0.00088339393439241
  0.00093453206151260  0.00098731924215002  0.00104099280876176  0.00109438150507734
  0.00114760910106881  0.00120461461145856  0.00126416696345097  0.00132345634214553
  0.00138076125118257  0.00143775173976644  0.00149738700458369  0.00155964682694013
  0.00162393278151436  0.00168964542970273  0.00175567864852348  0.00182471794422218
  0.00189829812815168  0.00197542952118508  0.00205711843171751  0.00214162242114121
  0.00222588538595884  0.00231060292666702  0.00239759400419473  0.00248698379898451
  0.00257801541232241  0.00267146218066740  0.00276756561879986  0.00286862467777675
  0.00297570049948013  0.00308895080351643  0.00320493248995275  0.00332476660907845
  0.00344972953584032  0.00357550228439642  0.00370782063380247  0.00384380962028847
  0.00398852053189915  0.00413753135939372  0.00428999787577466  0.00444820588458702
  0.00461461389230948  0.00479069222691394  0.00497727948373572  0.00517637688198844
  0.00538840756788928  0.00561641473529953  0.00585495820594502  0.00611130262133203
  0.00639444753817073  0.00668923702533033  0.00700244397623220  0.00732763740647528
  0.00766642396039680  0.00802318350207823  0.00840004557486206  0.00879518242985785
  0.00922228952411373  0.00967434036332571  0.01014549616872275  0.01064730853788786
  0.01120643106479650  0.01182693752194846  0.01248624384994781  0.01318720739720920
  0.01396085829547000  0.01480494846907755  0.01572221357447356  0.01674693605295509
  0.01787667075162294  0.01911079387889572  0.02042811921351383  0.02184030904299137
  0.02348720709739720  0.02532256470158466  0.02729307183222916  0.02949344048555234
  0.03215595745512791  0.03538929673123693  0.03987945942280521  0.04611766983396437
  0.05445183518091615  0.07052708688817158  0.58588512210301436  1.00000000000000000
  0.00020990224690699  0.00029458706100849  0.00036588235083167  0.00041112060766939
  0.00046139263504950  0.00051287996486956  0.00056637486948552  0.00062245310250884
  0.00067900738604532  0.00073297122432369  0.00078751814722484  0.00084197075996387
  0.00089700285025793  0.00095124794504194  0.00100544127118683  0.00106197804873040
  0.00112148191283047  0.00118512580614923  0.00125170955548906  0.00131763274441628
  0.00138164152842053  0.00144598785424782  0.00151067507707448  0.00157773179850678
  0.00164636759711366  0.00171660735608937  0.00178870561624120  0.00186338563523954
  0.00194093706996193  0.00202083071329870  0.00210475680987821  0.00218914978147575
  0.00227412766679314  0.00236169572968366  0.00245317928344344  0.00255000610030737
  0.00264595856426279  0.00274044278750549  0.00283802576998955  0.00294087520117501
  0.00305028966692350  0.00316006963671191  0.00327040642088739  0.00338335871138713
  0.00349926786635117  0.00362136432027627  0.00375145195203448  0.00389097739680313
  0.00403993343245523  0.00419599382420111  0.00435343989252075  0.00451765980670586
  0.00469339328270444  0.00487967904000891  0.00507844343865032  0.00528617303506748
  0.00549987810182046  0.00572313622239838  0.00595873747897865  0.00621353278458743
  0.00648627607715448  0.00677565420922619  0.00708121740535525  0.00741608920512335
  0.00778254918344408  0.00817871809189544  0.00862327068948789  0.00907993604677803
  0.00956786303202185  0.01008659312593908  0.01063684626427994  0.01121558160520690
  0.01183616656131723  0.01250880203345587  0.01325897873964315  0.01400469258675202
  0.01480606070510096  0.01567547061181834  0.01656706939816315  0.01752214898638052
  0.01861478190806440  0.01988043809826215  0.02136098711331989  0.02299456500297350
  0.02480496743795462  0.02684958359003163  0.02926377917229940  0.03226000913936813
  0.03575500973503049  0.03980485962050449  0.04479614840720068  0.04972360405917896
  0.05477952037895668  0.06212416570328885  0.07623558536831350  1.00000000000000000
 -0.00829230652204070  0.04245858349903783  0.07729002778797418  0.10806454178568226
  0.13392514460790886  0.15619441248283805  0.17632069616961965  0.19417833588342917
  0.21021073366257423  0.22518946427659176  0.23882348030870551  0.25102497017414527
  0.26206892192161879  0.27236967784125049  0.28219740079373590  0.29161159651177360
  0.30069746768820782  0.30951917983365879  0.31804537559278478  0.32630591881468385
  0.33424801468896997  0.34180586753449377  0.34914653022223835  0.35629185810487468
  0.36307992238128911  0.36986917593788166  0.37668297472870016  0.38354519527756969
  0.39013559790239266  0.39662338984614687  0.40290540093657096  0.40903280249066448
  0.41493743872932709  0.42041780795400457  0.42566423420833605  0.43085921643906505
  0.43604417564486803  0.44137960554020178  0.44693309341846599  0.45250328602791429
  0.45803939951081468  0.46345876639735983  0.46879955748458702  0.47410445367156362
  0.47922820532033861  0.48442993939252371  0.48973626635983641  0.49521320077009379
  0.50067357698428316  0.50608636842949151  0.51155818205096715  0.51685194282801705
  0.52230841597270428  0.52780464801299987  0.53338775701578922  0.53899870492920343
  0.54459742537414546  0.55021846873480551  0.55589787130385337  0.56162221613179697
  0.56745317933438755  0.57347114036860725  0.57942183029668015  0.58532991121543687
  0.59109920862416321  0.59712218974192011  0.60318026341679010  0.60974720821283701
  0.61656460941171698  0.62350707903129210  0.63066162614665644  0.63785807182497190
  0.64511170529778772  0.65277269190661880  0.66055215683549706  0.66834952898597466
  0.67591171187247034  0.68386940290180587  0.69215079984444861  0.70065488389968233
  0.70993923058916286  0.72024409804043121  0.73166202874301800  0.74356718942472033
  0.75541674654544311  0.76801799627329892  0.78138386464676068  0.79593628421473150
  0.81177982869717957  0.82980261947623968  0.84912296360138995  0.87054893841103009
  0.89561235621187441  0.92472286521151581  0.95987112410282283  1.00000000000000000
 -0.00215927734380772  0.00890011669946647  0.01784249268437075  0.02766466158643916
  0.03750698875655463  0.04782362757490754  0.05817733736112742  0.06919070002564275
  0.08024254926491158  0.09095390570499301  0.10167563502035340  0.11270521508816528
  0.12430888136421027  0.13550383022192086  0.14654735003957781  0.15761932514807364
  0.16904930458932624  0.18023719089835946  0.19105144721945386  0.20193539692581219
  0.21264260837891397  0.22367225638980046  0.23443883255087097  0.24549238164488074
  0.25592609316143095  0.26627693208989456  0.27684778356560552  0.28792701526293096
  0.29886060127906933  0.30927770572055002  0.31978751550910139  0.32935183924646499
  0.33924609963115721  0.34967837209769720  0.36038745483974943  0.37079117751420115
  0.38126773149063720  0.39194961316911608  0.40193344027832512  0.41166651319120434
  0.42200586255597400  0.43279374182626212  0.44329224897646846  0.45359065211859911
  0.46393977329704744  0.47392857427415924  0.48400854126789550  0.49418905415670089
  0.50475100570963338  0.51519150175154171  0.52587367737385249  0.53644624104880045
  0.54688671597475069  0.55687514157823226  0.56698078149343523  0.57741105269752779
  0.58824190743184690  0.59942189605496188  0.61056643354097051  0.62143354879229262
  0.63180544695709318  0.64218038163785152  0.65250864982032852  0.66282162454359494
  0.67253631391397672  0.68222671881932806  0.69211683369736521  0.70240426033722547
  0.71303813490633994  0.72373973042071071  0.73426388554082189  0.74482731829357618
  0.75561182121337778  0.76676585666116015  0.77787858416553557  0.78844745704568864
  0.79875243755304925  0.80922930201398791  0.82028373035288760  0.83143375734636560
  0.84248136103432814  0.85371021649538026  0.86443625753545561  0.87459057030830234
  0.88449516900422498  0.89490601941705705  0.90561741107646576  0.91668045920800068
  0.92719622696274862  0.93751434512012044  0.94800117194643219  0.95858655126182946
  0.96917032649435364  0.97901654500613788  0.98977847205807834  1.00000000000000000
 -0.00232988407826373  0.00936705537044350  0.01919300968766722  0.02934380564416611
  0.03930893101271094  0.04938249614830993  0.05995985464899732  0.07052438897812074
  0.08107296725318376  0.09146604855865735  0.10270226638238400  0.11425799309665806
  0.12578614949530209  0.13664840492415828  0.14764207849897279  0.15914786542917653
  0.17045041676875244  0.18115627371609672  0.19150422472916562  0.20201542097069763
  0.21264008467084880  0.22320134111459522  0.23391847870420124  0.24521094656682058
  0.25658387886351219  0.26772312512850133  0.27896032287820022  0.28998630200996295
  0.30073101326400559  0.31117713961639160  0.32140466159247399  0.33131820714507731
  0.34091452039022280  0.35050538053104208  0.36017831700117836  0.36997647660119742
  0.37990122051928976  0.38998473981013149  0.39989221824456889  0.40975488222696888
  0.41989585057806561  0.43011554612045094  0.44012446498704971  0.45042555458147593
  0.46123836785112177  0.47192094870780765  0.48261021240300761  0.49250454093715496
  0.50299276920849390  0.51324392978816513  0.52287273996805561  0.53272037232410563
  0.54243370420420334  0.55322139740437815  0.56314942712083249  0.57284611534136998
  0.58258158335635213  0.59241795806861020  0.60210101049433840  0.61162201736750177
  0.62117464070839201  0.63116440784498173  0.64148836105920870  0.65223624822540993
  0.66304655829254600  0.67338089175361193  0.68319682007635540  0.69314962529471513
  0.70330626796019591  0.71351835504221983  0.72383194624323677  0.73530000142139273
  0.74767187618557129  0.75923362755868218  0.77069427630413712  0.78249635682072849
  0.79441763682286926  0.80497699031157777  0.81555886724404603  0.82622572610669764
  0.83665757971363242  0.84726807173202912  0.85845085841710878  0.87019990085670240
  0.88184513712331036  0.89368319183499967  0.90460076625658925  0.91526113042928170
  0.92530761221747837  0.93543407796734246  0.94535156729887859  0.95616659161976703
  0.96733240223344463  0.97871397029463447  0.98945568062714084  1.00000000000000000
  0.05952266289574162  0.06012418234511470  0.06080936122048399  0.06152464239412613
  0.06226678928946212  0.06337912654417657  0.06461668672922816  0.06574783006889706
  0.06684703059081330  0.06796115151601323  0.06907238784552527  0.07018446521976619
  0.07130491882880509  0.07243201068558054  0.07357604403585244  0.07471411798293480
  0.07584925593398548  0.07698801217536433  0.07814568327738598  0.07931729206572713
  0.08048108028343430  0.08165216877706331  0.08281224106600918  0.08394442243001914
  0.08506370995208920  0.08622332089845802  0.08740196492131770  0.08860772741488583
  0.08983408984927803  0.09106952824446571  0.09230995154053835  0.09353665092953770
  0.09474075395932892  0.09596890892140059  0.09720866719371538  0.09851157643612507
  0.09983075350499286  0.10113220558930298  0.10241716401754346  0.10369046494970663
  0.10501429185187645  0.10639455972087206  0.10777649016755779  0.10916318696412754
  0.11057261530658501  0.11200818723798725  0.11346459670081319  0.11498958851629862
  0.11652515891779654  0.11803796285431292  0.11955491304588059  0.12107837729000187
  0.12262104033551882  0.12426313995285798  0.12598402730733624  0.12780713595801924
  0.12969347294582473  0.13160632820727480  0.13352781812000084  0.13545004310032613
  0.13737440092754094  0.13920025229897587  0.14115112727745821  0.14320146975915921
  0.14525718535177259  0.14754250781088060  0.14986991661459373  0.15230526113536896
  0.15473370590682636  0.15731044139198136  0.15997675818070634  0.16282377541061063
  0.16572519554436563  0.16872715409316519  0.17209449974357285  0.17566806359127760
  0.17939515012708901  0.18299319110151360  0.18671560352942165  0.19090474674965857
  0.19555839046132364  0.20062344070496507  0.20640733686268778  0.21247458819506970
  0.21834667947566219  0.22431075992109745  0.23071328023419543  0.23861950455449055
  0.24777639606632532  0.25907068212862433  0.27318412039149564  0.29278250203344947
  0.31910604689330963  0.37603570906425005  0.91129404177677131  1.00000000000000000
 -0.00233709331927589  0.00829589006632766  0.01715264920329552  0.02602135241210956
  0.03493887322923912  0.04394924413928449  0.05289881599835192  0.06175861481084475
  0.07109121573729810  0.08047118098545455  0.08980235035917225  0.09937206474056177
  0.10944553669288888  0.11991814068147476  0.13014578274702021  0.14009592957324413
  0.15023319694412177  0.16073943283109959  0.17098377360027006  0.18081251359830494
  0.19059834564118031  0.20039483999484814  0.21004090080419305  0.21950458799987818
  0.22890731742370329  0.23846225580590741  0.24809940254921178  0.25790465320777906
  0.26788493230852578  0.27808884894050040  0.28856205427269810  0.30040713544457681
  0.31281802033616968  0.32499481515013595  0.33681806911502626  0.34854132130763049
  0.36059916006558446  0.37253359709483702  0.38488557397538004  0.39792842913946375
  0.41118333870532892  0.42424407738494907  0.43668935968987083  0.44829359474259622
  0.45934806222217683  0.47075427191345953  0.48225866101289999  0.49364574920384874
  0.50483286595476062  0.51610609355943138  0.52814856242112829  0.54051065273897902
  0.55328161101163187  0.56608130098364984  0.57903322959676584  0.59194728296185462
  0.60454798689817602  0.61700718459283699  0.62905521636764805  0.64058246574968447
  0.65188203799705136  0.66352112410542918  0.67534992342343791  0.68746517476963787
  0.69936652553745604  0.71066782988571320  0.72155193852453714  0.73229432170120523
  0.74282983746515785  0.75285348236163996  0.76231907635381968  0.77200768225758432
  0.78228527731092634  0.79217110207611752  0.80135103284993836  0.81032652602367017
  0.82000804177020681  0.82934716058506963  0.83847710108407236  0.84751299557894333
  0.85706023086716610  0.86673986379091239  0.87642572848357336  0.88607179817301862
  0.89549916111908667  0.90492265138323147  0.91417911294641530  0.92327694099576152
  0.93214079578126929  0.94142289452250527  0.95082511082002852  0.96029108411419906
  0.96949451474533122  0.97895031139727096  0.98923672349850145  1.00000000000000000
  0.14409593736366241  0.17824666537589182  0.19236886463751784  0.20613802800665151
  0.21692863898957032  0.22569153413701551  0.23468582678172395  0.24387327755841895
  0.25191297086803749  0.26044471536004693  0.26823130872883300  0.27506701909674036
  0.28142205198710896  0.28822021334232711  0.29571864324194824  0.30279961372097608
  0.30898066966860122  0.31486834612667380  0.32085715819871663  0.32732144769446248
  0.33398494805041784  0.34080330964302730  0.34759922464386633  0.35391441023117659
  0.36003728285334091  0.36612577884316272  0.37209525208468175  0.37767293481459990
  0.38311691866993464  0.38858345652518700  0.39395212488649528  0.39918088961288029
  0.40429641312286130  0.40936392431202562  0.41452794986940511  0.41970033786987254
  0.42474243155648150  0.42986909343427393  0.43485779093294163  0.43980494935256775
  0.44452256432038578  0.44918232213375558  0.45371336679214591  0.45838054457327360
  0.46299303227344774  0.46771375568668844  0.47233801501598072  0.47697017535057962
  0.48166146513847108  0.48644984491314158  0.49139607623925780  0.49638331718008732
  0.50144706830752983  0.50666332019387295  0.51160918415988288  0.51651297503456228
  0.52142093032067416  0.52632170291988312  0.53135423980179752  0.53634422007389426
  0.54152804645061892  0.54698175327635334  0.55252225604484217  0.55796026811213695
  0.56328836105339630  0.56873338388889849  0.57446020734402570  0.58038169237182990
  0.58652525103126663  0.59275290282726423  0.59886054265868904  0.60493311633685154
  0.61093972789559536  0.61688503696346475  0.62285927244984096  0.62903163082800140
  0.63548290733763590  0.64192036658172758  0.64819955153916620  0.65442804355161921
  0.66094785022288371  0.66818075319342318  0.67573724376171518  0.68349037250891109
  0.69146607946602123  0.69974094662260122  0.70855069300543150  0.71789482441742092
  0.72800656143215370  0.73906989910682552  0.75169365979895475  0.76613206504815545
  0.78368437392353385  0.80650061761713410  0.84516910971251757  1.00000000000000000
 -0.03188717773591772  0.15884518736746964  0.20449738482091012  0.23220144437321405
  0.25067200245885157  0.26579003554709596  0.27877247274241884  0.29013076214764688
  0.30010699587865147  0.30935399184087181  0.31797277300374338  0.32615775109146483
  0.33375588978283655  0.34064809853498279  0.34711572284495140  0.35353662236072192
  0.35990774373183199  0.36605128808410736  0.37184511080206500  0.37746172132857442
  0.38299325582730287  0.38842156101826036  0.39363335463712334  0.39855799121687119
  0.40304820414988618  0.40759175801009345  0.41215278338638534  0.41671173634514780
  0.42115160511262256  0.42553541717590221  0.42990804419376222  0.43425351965515679
  0.43847151656015904  0.44256408586322649  0.44658581413649434  0.45049069074521014
  0.45433818225226341  0.45811679049596704  0.46196861485646123  0.46585867860579566
  0.46967026154859526  0.47345333289587216  0.47730788836467331  0.48123406345235148
  0.48506680606589681  0.48899660263051581  0.49271804597442492  0.49652367166956091
  0.50034056883365519  0.50421031064638988  0.50795695024759158  0.51169450787613546
  0.51545509783249044  0.51935169449499241  0.52340079052592636  0.52748862022791088
  0.53156974137200486  0.53562547245533398  0.53964882847678652  0.54375073753666259
  0.54798942999167033  0.55228851209884067  0.55672944976920180  0.56105176110762112
  0.56525844163931271  0.56942690460438417  0.57366487261637622  0.57808477714462592
  0.58270808202829993  0.58735548691793316  0.59203897433951824  0.59664664982241755
  0.60136682740059499  0.60612461313483945  0.61099786458491812  0.61612391229334085
  0.62138764431906435  0.62705680435794320  0.63299027258182294  0.63895072845531542
  0.64514538526463583  0.65162702629452141  0.65827983510002674  0.66524428112618494
  0.67294436277710601  0.68146649149011707  0.69038521440969725  0.69962305537982838
  0.70955262135341157  0.72091306329643856  0.73410809888480755  0.74958614571256532
  0.76920158542926620  0.79621983835294097  0.84090965045463684  1.00000000000000000
   2.6887948086987675E-011  -1.0000000000000000     
 T T T T T T T T T T T T T T T T T T T T T T T T T T T T T T T T T T T T T T T T T T T T T T T T T T T T T T T T T T T T T T T T F F F F F F F F F F F F F F F F F F F F F F F F F F F F F F F F F F F F F F F F F F F F F F F F F F F F F F F F F F F F F F F F
  <DiscreteSampler_grid>
  grouped_processes
  1 # 1 for a reference and 2 for a running grid.
  10 # Attribute 'min_bin_probing_points' of the grid.
  1 # Attribute 'grid_mode' of the grid. 1=='default',2=='initialization'
  0.0000000000000000 # Attribute 'small_contrib_threshold' of the grid.
  0.5000000000000000 # Attribute 'damping_power' of the grid.
 # binID   n_entries weight   weight_sqr   abs_weight
    10   10   1.673432619750506E+001   1.109940098087721E+003   1.673432619750506E+001
    16   10   1.673432619750526E+001   1.109940098087752E+003   1.673432619750526E+001
  </DiscreteSampler_grid>
