  0.00024630185973137  0.00033626341576709  0.00039552939115871  0.00044306906296721
  0.00048504028132514  0.00052400936751405  0.00056311882478417  0.00060221222859305
  0.00064246951768036  0.00068246733838402  0.00072218742529557  0.00076094040112198
  0.00079890561567413  0.00083608992468163  0.00087318341880587  0.00091062091772116
  0.00094854049422739  0.00098733875604699  0.00102723456713279  0.00106850380394123
  0.00111196120834984  0.00115723135838002  0.00120199271352506  0.00124511335593453
  0.00128797076948514  0.00133218618791641  0.00137689346073279  0.00142186404736339
  0.00146627287400095  0.00151150050951916  0.00155781038434323  0.00160633758102423
  0.00165637340682915  0.00170812100016467  0.00175944305165564  0.00181043950538707
  0.00186363464752803  0.00191694143741197  0.00197171217094776  0.00202822080526554
  0.00208501647801159  0.00214197374205351  0.00219970881032083  0.00225958793147176
  0.00232211829239863  0.00238626743073548  0.00245182445117896  0.00251869738646854
  0.00258479694208920  0.00265201623603854  0.00272385843627890  0.00279774823237412
  0.00287451768711276  0.00295639782813207  0.00304315569554057  0.00313162333069971
  0.00322153037151635  0.00331376098557121  0.00340829216486774  0.00350464738934515
  0.00360180007895391  0.00370380225279666  0.00381327732192843  0.00393064144620100
  0.00405259166843648  0.00417693670230196  0.00430465568707238  0.00443996776908485
  0.00458431443173099  0.00473523322292123  0.00489637185988436  0.00507600344850800
  0.00526450869987917  0.00546023543367103  0.00567079897178317  0.00589997707124001
  0.00614948582335606  0.00641624489726294  0.00669990440532919  0.00700132871365414
  0.00733715882472215  0.00772140742492694  0.00814142592983636  0.00860461696854399
  0.00913871973576018  0.00975522316171195  0.01051917781173283  0.01141803465977847
  0.01251534661575423  0.01392028594193071  0.01573490013437890  0.01811133006810243
  0.02155586049957198  0.02836259271942061  0.04687315143506414  1.00000000000000000
  0.00025498695404532  0.00032241265577674  0.00037143070911892  0.00040342167722107
  0.00042743039331006  0.00045468688138164  0.00048322347226827  0.00051153726537123
  0.00053974335380599  0.00056925037572008  0.00060057284249255  0.00063320280212042
  0.00066724817811309  0.00070219178637528  0.00073829290845958  0.00077461368295174
  0.00081440558713866  0.00085539724764797  0.00089522996869339  0.00093319236899465
  0.00097053564088160  0.00100685394882954  0.00104322167210790  0.00107999790817557
  0.00111776084572477  0.00115543348846892  0.00119336007895986  0.00123164557816933
  0.00127105200662183  0.00131199042978899  0.00135537865964781  0.00139935681732931
  0.00144318459581498  0.00148885410299398  0.00153811317492730  0.00158993637367291
  0.00164373860683514  0.00169972583488226  0.00175737534670968  0.00181707432628915
  0.00187788675835753  0.00193777907128716  0.00199790634521058  0.00205875298876841
  0.00212002555753149  0.00218323708565234  0.00224957659295495  0.00231876261587349
  0.00239058595939331  0.00246621647536994  0.00254611422559269  0.00262862437048896
  0.00271103432299806  0.00279394799337073  0.00287671238751969  0.00296178697496221
  0.00305057569570112  0.00314244335299200  0.00323785415910685  0.00333856847050982
  0.00344237585486446  0.00355320251209791  0.00367320616010464  0.00380309399660966
  0.00393681195923505  0.00407438882801901  0.00421967140614457  0.00436891344064252
  0.00452873775032350  0.00470284378348572  0.00488592021371452  0.00508504684016482
  0.00529977812850407  0.00552684908079057  0.00577574650708526  0.00604180537052563
  0.00634712457148151  0.00669792250669247  0.00709793811662220  0.00752530326147982
  0.00798142990442681  0.00847763139005532  0.00903590867721455  0.00966988144759269
  0.01037108614431676  0.01119206819455624  0.01218693885209657  0.01341038075887442
  0.01495910210425267  0.01704802167643776  0.02000353096984506  0.02427824119347607
  0.03158743825799480  0.05154188619781208  0.43456925423312198  1.00000000000000000
  0.00353668320429075  0.00386638813384101  0.00415832036707544  0.00444017489871913
  0.00471057407380759  0.00496963500077571  0.00524124504445204  0.00551921617496950
  0.00579297377297387  0.00605705219588212  0.00631017612884474  0.00655263530738447
  0.00675856130784807  0.00694821950987618  0.00714895188233384  0.00735219868129322
  0.00755762457772151  0.00775307819453222  0.00794060502182728  0.00813237060524943
  0.00832990580772158  0.00852278510484407  0.00871203736473941  0.00889968486423935
  0.00909151834485973  0.00929047298421560  0.00949151821060774  0.00969302332664455
  0.00989245808561404  0.01009543144181821  0.01030065840262381  0.01052003473948302
  0.01074590088834208  0.01096973232196370  0.01119593837876641  0.01142758030860879
  0.01166474893564257  0.01190331401450755  0.01214607707415999  0.01239448736245716
  0.01264933082342506  0.01290779490748649  0.01317289658824084  0.01343019233982818
  0.01368428832910531  0.01394299067995277  0.01421044572285642  0.01448137916382426
  0.01475604718799844  0.01503577898517485  0.01532691374835597  0.01563496365281749
  0.01595444370158181  0.01627365820573366  0.01660209138129423  0.01694497287384520
  0.01729808783389324  0.01765499987321869  0.01801196837292799  0.01838417715121100
  0.01877811334471921  0.01919244276113843  0.01962243719657542  0.02006640918078893
  0.02053212229401351  0.02101853433581189  0.02152826021418206  0.02206158436036499
  0.02261255633262552  0.02316891269278292  0.02372400312442864  0.02429589054163471
  0.02489518957135733  0.02552051813048401  0.02619136611855033  0.02691717515345981
  0.02768115355117230  0.02847837118265229  0.02935321592445165  0.03035990284829707
  0.03150461496956618  0.03272196360319424  0.03395984767453886  0.03526755995764300
  0.03667806904849968  0.03821261756319206  0.04001585179356938  0.04223239852877352
  0.04483055853507357  0.04802874772007304  0.05175052350525038  0.05632176911846309
  0.06241868589567057  0.07211198803288534  0.53106718761926497  1.00000000000000000
 -0.00225410578022259  0.00897396849806023  0.01867152168882772  0.02892040054718717
  0.03906685343109902  0.04893597807254828  0.05898542332892313  0.06898992777305084
  0.07928927065664552  0.08911539206951473  0.09976479008850334  0.11047056289047061
  0.12171639820001620  0.13221575686282053  0.14486470896600018  0.15562393324780197
  0.16766293417381606  0.17977816403491376  0.19130828621692841  0.20245721141542025
  0.21316740914121360  0.22365338121427905  0.23440526941918940  0.24519165890369937
  0.25608809359117590  0.26683253501271653  0.27771602253338251  0.28860163776889897
  0.29919971164009401  0.30950245095678586  0.31978388487809700  0.32987088138377435
  0.33998708880642309  0.35031560581354698  0.36094550699005934  0.37173875804311218
  0.38242941243456502  0.39291198415132100  0.40323142033385412  0.41339037696226760
  0.42354550276682956  0.43357551148471918  0.44375052358574574  0.45419030760635859
  0.46476568119897088  0.47518786282114334  0.48550491992490025  0.49591855859248324
  0.50622209902300896  0.51648164579858225  0.52671095518373479  0.53690787704496190
  0.54724653469990625  0.55787588582090641  0.56885762464554590  0.58008398298894481
  0.59162123197875394  0.60323025470088076  0.61441953997480847  0.62528482852333955
  0.63589866886443380  0.64618149516403278  0.65623481309957821  0.66613945671339481
  0.67580795955903716  0.68554654140028670  0.69566668880935589  0.70609377770091064
  0.71657051702173713  0.72689848027909787  0.73736540812627471  0.74803933635572539
  0.75907437284573587  0.77005371262219069  0.78103072144216024  0.79183685297513196
  0.80255965864293199  0.81322794688432531  0.82380227442590714  0.83416044438425530
  0.84426425528194537  0.85442394651328357  0.86453190439204353  0.87458563028828218
  0.88448177448544907  0.89461246210857226  0.90538615094086616  0.91624344994140683
  0.92742513755746780  0.93798703416543550  0.94834638167221397  0.95889126690610071
  0.96965024894015550  0.97995123621708013  0.99000606620673004  1.00000000000000000
  0.05797110863748418  0.06254324062473766  0.06569380376901716  0.06835400398601953
  0.07061922599542113  0.07268780563720739  0.07461761817532496  0.07643334198927625
  0.07817327866887526  0.07986852803843000  0.08148964837397032  0.08305919148716276
  0.08446056094630434  0.08585085035705636  0.08726591488376842  0.08867760944424984
  0.09007109224861047  0.09141032579938821  0.09270578209745556  0.09399373953213053
  0.09530910828643285  0.09664460879545909  0.09796740073014946  0.09925545584011822
  0.10051861089948472  0.10176669779825710  0.10299420209998322  0.10420341179681139
  0.10541378940072366  0.10664797248953180  0.10792027157688874  0.10922503597688704
  0.11053023350181108  0.11182345776402483  0.11310077798613999  0.11434290398947833
  0.11555705527331685  0.11675503533783227  0.11796253075036627  0.11920028296678567
  0.12047208703940139  0.12178747667074402  0.12310150691769514  0.12440718059308289
  0.12572488984578556  0.12705974905874773  0.12839169403489656  0.12975435975421251
  0.13114011030006439  0.13253541667349222  0.13390553539502270  0.13526538234359037
  0.13666937158848200  0.13810118656947873  0.13958934208008564  0.14096355035343874
  0.14237315543271598  0.14377482014716034  0.14535949254505212  0.14706351426676223
  0.14881389301703288  0.15051842776251706  0.15224571645634677  0.15407156835073463
  0.15601654129661707  0.15805034748463392  0.16010504793325234  0.16212465533472842
  0.16414757555856252  0.16627370458650323  0.16858003784166392  0.17107718549338746
  0.17345842562569327  0.17597712032722443  0.17882150724966880  0.18165041867480444
  0.18447825176691715  0.18725703538997485  0.19018542915629993  0.19309405320112358
  0.19590730368033146  0.19887603324285250  0.20212202503586638  0.20600338876646915
  0.21037015285816663  0.21510158179019609  0.21950255624089871  0.22481051063578977
  0.23070073625099907  0.23796776258658889  0.24596193349698214  0.25533609896080073
  0.26855173938076382  0.29040261522816846  0.37954764831237808  1.00000000000000000
 -0.00211754055040048  0.00865453472772578  0.01804770100983179  0.02843080847305229
  0.03871411764468569  0.04858613785826944  0.05871397132872774  0.06938588708997288
  0.08036009279477652  0.09123386308288166  0.10178529971982737  0.11233662845420685
  0.12298358066213870  0.13380272125525369  0.14459989633647746  0.15518697593616448
  0.16546178285555482  0.17572778493785265  0.18616095779075570  0.19662108754207563
  0.20704425029924556  0.21771121312166700  0.22836219216865780  0.23863429148649437
  0.24866043742745933  0.25892188179047604  0.26935213795796931  0.27961320689915964
  0.28970415275769057  0.30015591085657550  0.31091816937251665  0.32155074139862627
  0.33244577032339506  0.34372226906984710  0.35508838255224323  0.36609331535719086
  0.37704097501843020  0.38856575482335615  0.39923070479535533  0.40935553428033211
  0.41981658378102388  0.43085574716451069  0.44190292181985252  0.45296333527469129
  0.46468450468834427  0.47654456689433428  0.48741570982436022  0.49756057571713169
  0.50774559615045545  0.51798977684277570  0.52844316554289006  0.53898250318723451
  0.55019950604919998  0.56170553944864199  0.57364115385721293  0.58532251661091383
  0.59677625169811543  0.60795911247459056  0.61906399277203139  0.63021079277667591
  0.64143447051775948  0.65248418435918221  0.66352730172590180  0.67469442355589648
  0.68615196849890359  0.69704085387592796  0.70762163246613363  0.71835035072830955
  0.72926648243847580  0.74007478707387753  0.75111667550911820  0.76243122768412164
  0.77326442577805699  0.78341758477202439  0.79351719240679419  0.80442409870839482
  0.81471387095369519  0.82478665194696354  0.83434378236461859  0.84389444156570947
  0.85348028277574439  0.86318736630731929  0.87294088147181836  0.88289487015916135
  0.89280308811964570  0.90275637748552584  0.91256711114469635  0.92206779754769863
  0.93149695025786383  0.94091062012457205  0.95090721000635170  0.96105955482572203
  0.97105997640662289  0.98085716416969815  0.99042248615238737  1.00000000000000000
  0.05284823262369787  0.05539535293080872  0.05743903773325473  0.05911551283726219
  0.06062537362958906  0.06203236940901221  0.06345780713309239  0.06488930242711929
  0.06626199717191746  0.06762232399161341  0.06896102422005546  0.07023823799390023
  0.07146900236700732  0.07268051027995166  0.07390273091284710  0.07515731370506544
  0.07641118490945351  0.07765136782801789  0.07885247196494344  0.08002672094946035
  0.08121527722700678  0.08238935725166645  0.08355673182738703  0.08474372700353465
  0.08591204012778890  0.08705416452036435  0.08817057561355457  0.08928092039790242
  0.09043523620038231  0.09167711259848942  0.09280918455298762  0.09394817452588923
  0.09510065665593649  0.09627163090256495  0.09744820431865306  0.09859454835907445
  0.09970763061584000  0.10084350589297675  0.10200087186162349  0.10314022442362528
  0.10430289884340288  0.10544505755520305  0.10658962693842508  0.10779110214593285
  0.10898119068990982  0.11009493008956465  0.11120728534990451  0.11238976942061885
  0.11363549141213565  0.11492423932431163  0.11633754132053592  0.11778494371486287
  0.11919334166806513  0.12050958932848997  0.12182827422131881  0.12318257195843750
  0.12453792949506466  0.12595880877779170  0.12733328182477680  0.12862505760609788
  0.12990597011708829  0.13122890197304313  0.13255561615904926  0.13376677314148303
  0.13510702894524468  0.13641846262257257  0.13761802510968835  0.13893308024050008
  0.14029566965623538  0.14180150173836314  0.14357000627276728  0.14562756875476451
  0.14793678777355274  0.15022919538783883  0.15216853667274211  0.15371529510012658
  0.15513476338965768  0.15654903780333523  0.15794056930455336  0.15923958340538474
  0.16034373475806774  0.16153269566740167  0.16278733200867662  0.16418633915825823
  0.16589830310290751  0.16779751690651101  0.16964497844966014  0.17182934977125255
  0.17428901365496918  0.17763030579208622  0.18116529377096652  0.18539079471209222
  0.19259575365552947  0.19867050329673713  0.64332771107678788  1.00000000000000000
 -0.00244882864681393  0.00887486769329679  0.01986312597108574  0.03067505496025559
  0.04137379869321628  0.05195956583869667  0.06255484481595613  0.07301690203347379
  0.08315427385791409  0.09285651496497589  0.10258444239933079  0.11258312255806825
  0.12309845940662628  0.13369735367211466  0.14481168904850397  0.15643148788880662
  0.16801965267581059  0.17919552783044354  0.19002059812549721  0.20066257984165556
  0.21129995801604745  0.22203647730839271  0.23296058194212074  0.24416447412594641
  0.25516596951174614  0.26583812625657194  0.27619173828079774  0.28649717679441800
  0.29662546553777513  0.30667125773579934  0.31706157392855799  0.32780368006398924
  0.33846460777230808  0.34901919908998391  0.35981584794311883  0.37089256291489908
  0.38186278701543319  0.39248259037341271  0.40259440822356474  0.41236020612297214
  0.42197325087374821  0.43175422004688230  0.44172211583809368  0.45159911746929832
  0.46164428565272198  0.47147888585741132  0.48135803386462589  0.49154635241579892
  0.50217070209622650  0.51314650118740968  0.52393187343193870  0.53454588551683357
  0.54514843791831991  0.55596988816336834  0.56711576549544762  0.57809952294450073
  0.58882424556508817  0.59925315545607316  0.60979776118566487  0.62033398527264461
  0.63074956051729247  0.64127358027921078  0.65201002743574910  0.66263622608031059
  0.67315073595459041  0.68368523941945680  0.69476115436278574  0.70592837819946908
  0.71697659708991479  0.72750696880281263  0.73772049813522378  0.74807651103914030
  0.75873275564971654  0.76920389823956281  0.77939298500231646  0.78964839611482718
  0.80028591829949969  0.81111665271350675  0.82212721681961620  0.83308486449688024
  0.84373183935878848  0.85410775151210949  0.86462601318967913  0.87528134257422696
  0.88565343138547536  0.89608346793398419  0.90635568782676967  0.91676643247615308
  0.92717987369052346  0.93756511331538894  0.94809192925408481  0.95843364655831176
  0.96862304508266051  0.97895346923042714  0.98934693547808383  1.00000000000000000
  0.07513454817532772  0.16639042856666528  0.18738658734760033  0.20295864607619493
  0.21624439680223279  0.22751193105458661  0.23798584389674149  0.24785522220650213
  0.25680853507929163  0.26522725791647211  0.27358771847110219  0.28189803876161712
  0.29014380889280889  0.29756812007661926  0.30460122891284441  0.31125848722859217
  0.31749880451208334  0.32353924695201280  0.32932404298573303  0.33492744978271638
  0.34027607607854043  0.34569774327982072  0.35102025452108487  0.35621243689847559
  0.36136345789627994  0.36640232104383597  0.37145100357638428  0.37646109771965885
  0.38146672227365674  0.38637375730265716  0.39103854810321753  0.39565258767780065
  0.40041579443554570  0.40534361345555564  0.41035905196666217  0.41533119617318193
  0.42017481592851774  0.42488438877880685  0.42953653211047577  0.43419784558955965
  0.43877268788855711  0.44323146342950914  0.44772154237073902  0.45229930104350585
  0.45692423778519686  0.46150943365423630  0.46600989304836793  0.47045023683155496
  0.47493988304618362  0.47949826526365330  0.48408219308158290  0.48870675565921251
  0.49326251788480580  0.49776129928357621  0.50226235128525820  0.50687193668115949
  0.51151408189497949  0.51606406405678595  0.52057568990000513  0.52515972371924369
  0.52975454543401990  0.53427246316169330  0.53871264218795401  0.54328226329981133
  0.54799523825327356  0.55283268183873813  0.55773880866477965  0.56281228549481999
  0.56808990909029145  0.57341119279863539  0.57871828829959682  0.58408991789861098
  0.58958892546441588  0.59518657711949341  0.60086191765880870  0.60653303718741580
  0.61222157678560329  0.61794462062571465  0.62386046867012557  0.63019448393056055
  0.63695020424456672  0.64399148147893037  0.65151791530374803  0.65938868540125950
  0.66746014612726390  0.67615403732117629  0.68516047060363949  0.69474552062902539
  0.70515422957776075  0.71659571019805934  0.72926073948491188  0.74373526452988636
  0.76105442953258873  0.78362219949410994  0.82285745977971858  1.00000000000000000
 -0.03820960499465145  0.17106469272512984  0.21454524774375663  0.23888467688673762
  0.25676096159136974  0.27142565984486106  0.28408376815322300  0.29541293465705665
  0.30566184801159663  0.31520896094384188  0.32401606697622298  0.33197002908583617
  0.33926320517264169  0.34609298076964573  0.35263931264130810  0.35887831854539110
  0.36484493566179610  0.37045900637188406  0.37574218657524905  0.38080016436996522
  0.38576586938572188  0.39071799758696657  0.39564702204916319  0.40056002015904507
  0.40543093749976583  0.41016145517641928  0.41479733272301955  0.41932562516114541
  0.42370635876677515  0.42792715042925616  0.43205430954400104  0.43612181850694137
  0.44010486428145179  0.44412500109737435  0.44817190237496124  0.45227404285940759
  0.45642300826277238  0.46061877173438454  0.46468204342274894  0.46862405541288299
  0.47247658307011764  0.47634015952489694  0.48011011522697561  0.48388386352541862
  0.48760952113225481  0.49127441606903177  0.49493340148576259  0.49868093101811534
  0.50245592412015516  0.50641113665628046  0.51036966041213616  0.51434436555039076
  0.51825242005849703  0.52210708693317864  0.52598090799052133  0.52981642679233809
  0.53360129800813993  0.53738671253999171  0.54118789447476134  0.54499509575078475
  0.54878420003893802  0.55258203822815599  0.55645003443568408  0.56039829625978788
  0.56439114497072218  0.56835265580514938  0.57228252042337369  0.57633076224339774
  0.58050074397776974  0.58480306989507924  0.58921072512509998  0.59371178772667099
  0.59822648412513446  0.60284951188306235  0.60777624705668054  0.61301223473920785
  0.61836929026243226  0.62385112802376652  0.62938728023579493  0.63507487494999348
  0.64086678330661229  0.64699237205174864  0.65353547162633918  0.66031225880390287
  0.66753797232983103  0.67503471828395345  0.68291927361504368  0.69138608674650637
  0.70086075494295186  0.71150618868659854  0.72408062589780109  0.73851344497576765
  0.75735690783805898  0.78291413220796358  0.82753364171577726  1.00000000000000000
   3.0856543419749482E-009  -1.0000000000000000     
 F F F F F F F F F F F F F F F F F F F F F F F F F F F F F F F F F F F F F F F F F F F F F F F F F F F F F F F F F F F F F F F F F F F F F F F F F F F F F F F F F F F F F F F F F F F F F F F F F F F F F F F F F F F F F F F F F F F F F F F F F F F F F F F F
  <DiscreteSampler_grid>
  grouped_processes
  1 # 1 for a reference and 2 for a running grid.
  10 # Attribute 'min_bin_probing_points' of the grid.
  1 # Attribute 'grid_mode' of the grid. 1=='default',2=='initialization'
  0.0000000000000000 # Attribute 'small_contrib_threshold' of the grid.
  0.5000000000000000 # Attribute 'damping_power' of the grid.
 # binID   n_entries weight   weight_sqr   abs_weight
    10   10   2.961019411802181E+004   4.562571691720276E+009   2.961019411802181E+004
    16   10   2.961019411802180E+004   4.562571691720270E+009   2.961019411802180E+004
    22   10   2.961019411802180E+004   4.562571691720271E+009   2.961019411802180E+004
    28   10   2.961019411802179E+004   4.562571691720270E+009   2.961019411802179E+004
  </DiscreteSampler_grid>
