  0.00177736108862707  0.00221642563472710  0.00252886185831956  0.00278788533518359
  0.00299421713882645  0.00318388614996315  0.00334699786209352  0.00350572923453837
  0.00365529890031014  0.00378980125576901  0.00391584557142372  0.00402736843833269
  0.00413235512543076  0.00421690313731385  0.00430767671229879  0.00440391501919313
  0.00450238317666313  0.00459330882429693  0.00468079286681578  0.00476462624773115
  0.00484855205562614  0.00494037151083866  0.00503686452626920  0.00513056155119337
  0.00522201663990920  0.00532140638766243  0.00542328551169916  0.00552711753984219
  0.00562610887386601  0.00572352351762013  0.00581785596042486  0.00591438249115378
  0.00601399872860027  0.00611997457045693  0.00623017952638498  0.00634266478677664
  0.00645845132020671  0.00657286980879756  0.00667758858619283  0.00677375917005794
  0.00686507055795004  0.00695228585230087  0.00703874552705294  0.00712855554421831
  0.00722435115907714  0.00731899392186186  0.00741322119295836  0.00751081363083641
  0.00760479963080947  0.00771235565173979  0.00784344368388752  0.00798119895459405
  0.00812042747309654  0.00825907655443623  0.00840079384840538  0.00854692540455864
  0.00869344089209316  0.00884235511551903  0.00899724459591211  0.00916168926403154
  0.00933472654677032  0.00951419087435239  0.00969316026768146  0.00987022993618148
  0.01005115766593620  0.01024254461926962  0.01043981686487878  0.01064240483792612
  0.01084612441892414  0.01105405246781184  0.01127539906564427  0.01150830593635334
  0.01175848451310298  0.01203020165351849  0.01232150756067413  0.01262811601399168
  0.01295271384270480  0.01329801810249784  0.01366488317568707  0.01407193972411335
  0.01451346835290920  0.01499651122615036  0.01551862095942323  0.01611518316105951
  0.01679078452249777  0.01755271498881560  0.01841642645809463  0.01939444921195342
  0.02060838114139345  0.02227254535248815  0.02451083881022327  0.02771618042869445
  0.03350491513793051  0.05022167994588102  0.63034591140985718  1.00000000000000000
  0.00229088583911690  0.00246736097652643  0.00260218649470445  0.00266649471628010
  0.00272821954336319  0.00278906793569135  0.00285245826565229  0.00291854590650545
  0.00297341046885106  0.00306423876236521  0.00317761469937375  0.00327166230516338
  0.00336445261043809  0.00345834079739224  0.00354780064281584  0.00363160747509838
  0.00370966839895885  0.00377957025155360  0.00386085409189298  0.00393677243371620
  0.00401107291498837  0.00408871907393911  0.00417209555172870  0.00425867086883769
  0.00433612049534291  0.00441704023016735  0.00449979268474951  0.00458313382167797
  0.00466680224286775  0.00474855988326565  0.00482784658713743  0.00490346928453687
  0.00497518363923093  0.00504602966407827  0.00511856922439740  0.00519915862648161
  0.00528299027115424  0.00536359448528307  0.00544621398443516  0.00553009679843929
  0.00561708085270399  0.00570623165292334  0.00579549271228881  0.00587898134675516
  0.00596295261430048  0.00605807359450611  0.00615861812008717  0.00626156758231403
  0.00636870764732209  0.00648060162295581  0.00659956950872522  0.00671710248840085
  0.00683498552220819  0.00695351166887282  0.00707353186859038  0.00719753175095549
  0.00732440430262104  0.00743902188195918  0.00755286854293502  0.00767379410953744
  0.00780435974214588  0.00793590638135950  0.00807543293226606  0.00822195134855876
  0.00838419411461318  0.00855304829139971  0.00872035968548780  0.00889048982409127
  0.00907896403043761  0.00928198181004968  0.00950379930828228  0.00974448033204072
  0.01000905285817686  0.01030180145603891  0.01062000997811087  0.01094374079570930
  0.01128844634361984  0.01166484318997675  0.01208263288880609  0.01253562224750926
  0.01301659281481224  0.01354406933737781  0.01413546989411472  0.01482843233396578
  0.01563285809664970  0.01654967276996098  0.01763924896232220  0.01896395913455781
  0.02059476504351948  0.02262062149611604  0.02532409304262112  0.02916906611799790
  0.03608340407573170  0.04928721278548870  0.14769628664024720  1.00000000000000000
  0.00349847906203255  0.00354587865479228  0.00357973035069770  0.00361369432518133
  0.00364941944019516  0.00368491514974980  0.00372089592271607  0.00375998731572695
  0.00379575486625477  0.00383061644736765  0.00386202738642048  0.00389302125244378
  0.00393073075752022  0.00397020708542953  0.00400867020801599  0.00404222778385066
  0.00408009195753356  0.00412633171009466  0.00417641740557200  0.00422179487827466
  0.00426664687754524  0.00431348114521216  0.00436171603103503  0.00441126780014550
  0.00446069215631234  0.00450839716363861  0.00455342399779568  0.00460199976953463
  0.00465662576836631  0.00470911036453831  0.00475788465845844  0.00481130413978727
  0.00486966582287844  0.00493996014710450  0.00502080960703005  0.00509462769238907
  0.00517111487337387  0.00525271305798136  0.00533527286687584  0.00542497455055918
  0.00552481190429078  0.00562291159043830  0.00572986264614968  0.00584168348086299
  0.00595266677279321  0.00606570860470946  0.00617999164486496  0.00629171177188595
  0.00640637477703920  0.00652789514961819  0.00665258259214980  0.00677620234911597
  0.00690213956869763  0.00704291203900388  0.00719719467151114  0.00735935790489433
  0.00753180192505208  0.00771633775864910  0.00790727082908966  0.00810196175360069
  0.00830119959195084  0.00850942743714534  0.00872868403261948  0.00895736612763018
  0.00919733001527638  0.00945239804035244  0.00971952623815828  0.01001187016293340
  0.01032657247500526  0.01065263934553910  0.01099753345788318  0.01137326053368240
  0.01177697408818679  0.01222755221459506  0.01272629860909158  0.01326534244645968
  0.01385416392210414  0.01451021886159902  0.01524020193765255  0.01603283608236213
  0.01688603162886661  0.01783462313014381  0.01892013495632929  0.02016725181134054
  0.02161764779875569  0.02333367011506110  0.02539531992834572  0.02793088008983130
  0.03120980316743237  0.03578704510913022  0.04277778039370394  0.05251306267150263
  0.06161138080574178  0.22573073463418888  0.58142721459907776  1.00000000000000000
 -0.00201126212865912  0.00844129067632028  0.01801374977478590  0.02815175186891374
  0.03775246188108725  0.04765537650547129  0.05830842887244378  0.06911708913398727
  0.07962709740099758  0.08974896256375410  0.10008143386981179  0.11114779541015837
  0.12273416967250526  0.13351451467721204  0.14396483101822002  0.15348561689364132
  0.16325592448029547  0.17339322161850815  0.18472862775846022  0.19663968402560733
  0.20790975799079173  0.21878944194398905  0.22944099833226725  0.23963188972681274
  0.24953457277759317  0.25938335976811167  0.26955555574852991  0.28052430932282862
  0.29118229292053321  0.30136103222425242  0.31131353813201956  0.32180709624155385
  0.33258159874811560  0.34350941616191388  0.35424732383000695  0.36437323867722254
  0.37494436165118328  0.38539595151113476  0.39586907582887143  0.40640115129442095
  0.41716078056841488  0.42799200720809222  0.43949747565559605  0.45146678950871838
  0.46281610887392843  0.47306309756118148  0.48291227396894454  0.49322824811248178
  0.50391295638154887  0.51435070431196517  0.52448584721442471  0.53445475735564396
  0.54459059833893586  0.55484546188063799  0.56543505939535388  0.57592282084081270
  0.58693803354927265  0.59817934650601112  0.60940388392391887  0.62047330081801499
  0.63148939362511691  0.64246788932515397  0.65368200678716304  0.66551442176466435
  0.67752149569624642  0.68906976591457647  0.69999569266615003  0.71050506289691640
  0.72127618435924823  0.73197331188379211  0.74299231473525140  0.75440577440369294
  0.76628035271150041  0.77850515752602989  0.79070830571885842  0.80276808227507890
  0.81438861851910449  0.82503116698310253  0.83521961516921261  0.84524472501069603
  0.85530319087156670  0.86612743702455475  0.87735185722808351  0.88955299529230325
  0.89993963044984560  0.90824699453869595  0.91675471834404321  0.92545339916908842
  0.93426988764631891  0.94305901068298026  0.95166358571045484  0.96092182709994567
  0.97070730461130028  0.98037673766743538  0.98974854677743052  1.00000000000000000
  0.01625571514916604  0.02499254155486313  0.02878619454670588  0.03119216339329351
  0.03311576435532799  0.03472195890202351  0.03616714902627541  0.03750934981715549
  0.03877616738335325  0.03997965609171336  0.04111122541479562  0.04214427737796910
  0.04305586729984837  0.04391929819713666  0.04479607996774741  0.04565025939318239
  0.04649186095023530  0.04733084036310535  0.04817553425180802  0.04897700501013941
  0.04974326621536684  0.05050931923814730  0.05127943530654626  0.05207335306216498
  0.05287907431219564  0.05370873772230496  0.05451315417803044  0.05530540178640474
  0.05610636295571313  0.05690423904763221  0.05771233223009796  0.05855187169031581
  0.05941179561954319  0.06027312222061424  0.06112282071621115  0.06196788027849188
  0.06282414390472819  0.06369345459851364  0.06453449929889361  0.06541208176957536
  0.06628257624262636  0.06715800048964107  0.06803615944011494  0.06890794397269205
  0.06978540243885341  0.07071148645756248  0.07170986780063872  0.07277593612023976
  0.07384954968154078  0.07492241825806106  0.07602277220291104  0.07715363366789163
  0.07826042512150734  0.07931735631969643  0.08036811960427966  0.08149655444138018
  0.08269008374398286  0.08385810250856045  0.08500117867283166  0.08618777459225484
  0.08746130104471002  0.08886180661128028  0.09027014842853873  0.09161044082302794
  0.09291285608146381  0.09421351669998859  0.09561343279930946  0.09711845244879784
  0.09868437824662407  0.10022647810145305  0.10187468116650424  0.10347505698466500
  0.10518670129755235  0.10714230420845430  0.10916264022015335  0.11122431191761120
  0.11343729493389128  0.11579864163817792  0.11834757932332468  0.12109130528016801
  0.12400363587300250  0.12735522467281915  0.13086705003600821  0.13426325199591674
  0.13783516396008369  0.14170278468276887  0.14631508656773698  0.15197306697958615
  0.15768109069024885  0.16272489884056490  0.16723886384165340  0.17133678029721489
  0.17834333237962746  0.30036825279140239  0.70020561635810508  1.00000000000000000
 -0.00263039411665604  0.00969820714322671  0.02205784537341925  0.03346869962418430
  0.04456422474534753  0.05509056171779083  0.06505671490957826  0.07501790753074075
  0.08539000067383182  0.09480613013480590  0.10434621478166432  0.11432625840615804
  0.12506137174519835  0.13631182521741009  0.14748043524268842  0.15820681196482267
  0.16896892932019233  0.17964192550679900  0.19078657077260211  0.20227164570899317
  0.21350449603339020  0.22383247413792254  0.23421894055929540  0.24460307602238759
  0.25567505744804558  0.26717437349351364  0.27891817306252636  0.29109412018042413
  0.30286550280602342  0.31398468742282776  0.32417407843954615  0.33451359712555090
  0.34489842315085517  0.35486717029014270  0.36472200339656058  0.37498301442886173
  0.38631017910963894  0.39818101491022190  0.40909442901353776  0.41990768329142303
  0.43037210765650191  0.44043848937966562  0.45047707816775445  0.46103974895858418
  0.47247657474396099  0.48393169176525080  0.49515885381939923  0.50591399117733449
  0.51651589837299605  0.52733933883223671  0.53849036816323625  0.54967682549745744
  0.56056043297631419  0.57084867184835963  0.58095677703572290  0.59132893487437299
  0.60163544930023782  0.61172448492204423  0.62205666068617893  0.63316911793502217
  0.64492364686612136  0.65682116746909569  0.66851371910581092  0.67991793749325347
  0.69096520712251619  0.70161651264898328  0.71112722948053098  0.71936114906533788
  0.72818701996733926  0.73692777003146481  0.74558892817149092  0.75426826664740887
  0.76256640406950704  0.77121632874949175  0.78203806737458070  0.79312453892075419
  0.80359124598163778  0.81408710050476685  0.82462619087576461  0.83529111560047908
  0.84539470960297036  0.85507213551317229  0.86480701626495637  0.87451551584654807
  0.88484330384944199  0.89511539565673948  0.90596575966274384  0.91641681883940551
  0.92652371453773297  0.93763984811716372  0.94995914490303413  0.96041944272147572
  0.97043229356077954  0.98055341272167640  0.99067748832655200  1.00000000000000000
 -0.00025951283797285  0.00131990446332229  0.00209595695282830  0.00258113943269535
  0.00299166708117237  0.00337554353130970  0.00373815069190865  0.00409111634867366
  0.00443729576902755  0.00478145556002685  0.00511935300950827  0.00545574849642804
  0.00579445958502156  0.00613869305316380  0.00648344557522800  0.00683644332437137
  0.00719937303624679  0.00757462674628150  0.00795956048079650  0.00834481102006891
  0.00873338596627553  0.00913160923738756  0.00954174224137539  0.00996546910675900
  0.01039083402530803  0.01081307233198553  0.01122914491432318  0.01164358289809842
  0.01206544906783572  0.01249628403763984  0.01293682927283107  0.01338205021609201
  0.01382562387129345  0.01427142154489643  0.01474355379261077  0.01522835998416902
  0.01570061265356447  0.01619019774180703  0.01671689706574606  0.01727000849835636
  0.01781531280331660  0.01834093279852185  0.01885360860375656  0.01934572143039345
  0.01984373255097004  0.02035648337024514  0.02086790562898436  0.02141054987721887
  0.02196258694234805  0.02251274232347653  0.02308329759435001  0.02367941256644874
  0.02429448515995719  0.02492231536357018  0.02558600467605838  0.02626721006266898
  0.02693530419276561  0.02761724316199271  0.02831320621815438  0.02903347051456398
  0.02979114794924407  0.03057127288192429  0.03131089528857271  0.03201180257131650
  0.03266705914513911  0.03337192608007759  0.03411300067105206  0.03496585560309010
  0.03582480188463474  0.03660484689983554  0.03720488902448657  0.03778668949362614
  0.03835776876616879  0.03900495407198257  0.03970366916461755  0.04042606108548839
  0.04121098424325130  0.04210173882065831  0.04311681653642239  0.04420092677395580
  0.04520206492823720  0.04616217382908029  0.04706232243891733  0.04790025020140617
  0.04841986778031619  0.04890217954309271  0.04945333000995028  0.05004028470509927
  0.05086143559432681  0.05183476797939848  0.05304411079643039  0.05452711557913246
  0.05609858649575205  0.05743334200533830  0.58043953197577625  1.00000000000000000
 -0.00177163094583869  0.00678792687185124  0.01543516152935868  0.02359838226841462
  0.03159921961869635  0.03974859221976319  0.04835927805804618  0.05741297600552838
  0.06672448827975681  0.07597983042167078  0.08465219188672522  0.09294962227560574
  0.10127160660238774  0.10990177958033708  0.11879483353203001  0.12764187417639519
  0.13622943673076643  0.14473105942714812  0.15341281901095488  0.16209970532046616
  0.17067842767125024  0.17961061553344471  0.18934105953790253  0.19955846568077995
  0.20991382234567718  0.22056892050867047  0.23176139503739335  0.24333519808774817
  0.25467536965884613  0.26566729967368008  0.27650066137484136  0.28728750667030445
  0.29770892068200189  0.30824116529767087  0.31966109385086527  0.33135973067675606
  0.34275605757077482  0.35532467941652518  0.36917341052274749  0.38303411782686786
  0.39594697297949832  0.40888131172024378  0.42226251259944581  0.43649471601101475
  0.45177067357496459  0.46729229436588587  0.48323620195223616  0.49859042980999885
  0.51216063604166950  0.52474546703583902  0.53767179156720346  0.54993896969146749
  0.56111792466494537  0.57411775975098678  0.58846479007048946  0.60267451442911590
  0.61737472716791064  0.63252926314569424  0.64722022291114978  0.66108963647217789
  0.67416702294761510  0.68713546625017585  0.69998230995125477  0.71202355735216916
  0.72321993600841339  0.73381988115983876  0.74412939892931884  0.75411856673799338
  0.76374290431394809  0.77344831059670860  0.78326779139718072  0.79309340739429146
  0.80229889807240740  0.81116936387655358  0.82042970385575686  0.82998444361227486
  0.83933043043562039  0.84830623932532667  0.85695405515529577  0.86540777538548697
  0.87439271396389973  0.88356510664361387  0.89287415348169752  0.90202243057073972
  0.91052780216373719  0.91922334359859947  0.92825025231950398  0.93659865455649582
  0.94496204420342300  0.95300692040412915  0.96144406737751087  0.96953109385089320
  0.97747765996176716  0.98490209026417030  0.99236125731140079  1.00000000000000000
  0.03273097121551430  0.34383037135913852  0.40572518318038098  0.43499287888466776
  0.45563935950579759  0.47192405171105023  0.48522531917110590  0.49667589465835021
  0.50740781996275497  0.51723975759695884  0.52613435970948685  0.53438154629626489
  0.54218145695166020  0.54912499281116944  0.55532052193932790  0.56121615960615068
  0.56697859817070739  0.57245636301927516  0.57767481348790062  0.58256648692847335
  0.58715666304684522  0.59178070605837430  0.59634545347220302  0.60095599303299829
  0.60538167591267478  0.60952557818997022  0.61352700790785197  0.61743691562934622
  0.62123954995222019  0.62495744466236447  0.62860184378344497  0.63210870662445751
  0.63549721732530351  0.63880678350839715  0.64201789615995875  0.64521021817740187
  0.64841735358839214  0.65154292748400178  0.65461577299038731  0.65769766928514928
  0.66073023842468903  0.66382265073540969  0.66691157301184001  0.66989279955871661
  0.67282104265576748  0.67566709546982862  0.67858757558584570  0.68153535289000811
  0.68451733237256818  0.68753429686281076  0.69052893277196958  0.69346610760184701
  0.69638173524160829  0.69924232448447465  0.70206271432941503  0.70489799438227452
  0.70777648510672309  0.71070455731850524  0.71366250718198598  0.71661710641448539
  0.71955152575796422  0.72244943553352781  0.72535224645218765  0.72834186171270632
  0.73142682466042275  0.73440659061560420  0.73737365250662756  0.74028790060427530
  0.74318772182808746  0.74621360167026196  0.74943195872491886  0.75270420051361853
  0.75601860807750676  0.75940088326945587  0.76271923385746243  0.76599331970673645
  0.76928196595518872  0.77245109772989795  0.77572193627919583  0.77927841432503409
  0.78276559078228214  0.78612808954511093  0.78974821712313970  0.79370777447932139
  0.79789375735786860  0.80190823342224338  0.80625693464663761  0.81091223749739560
  0.81611254365784791  0.82192756734607497  0.82828428078582994  0.83566490878090194
  0.84499708338158952  0.85721221811682291  0.88063400318164942  1.00000000000000000
 -0.04157608592603484  0.17742159917870948  0.21942703888321552  0.24347402630169479
  0.26205896156796027  0.27730942395042912  0.28970490832631579  0.30003158766967936
  0.30921877431836697  0.31788538076515122  0.32593630740333701  0.33354007210093684
  0.34052631866207228  0.34723442956078027  0.35404697838359761  0.36066903843340403
  0.36690974382195840  0.37295098637078511  0.37887928346300787  0.38470048371616766
  0.39043403012777983  0.39602450726636029  0.40148995090156253  0.40683765717185721
  0.41201848035358690  0.41699292838462448  0.42163221365070275  0.42604284317032559
  0.43052156705109951  0.43496221364099713  0.43921831407472844  0.44332352935647013
  0.44737153701055271  0.45143821510414783  0.45552460480423740  0.45957056398579060
  0.46344175904256801  0.46705942958016178  0.47060652063361819  0.47429927989370019
  0.47821385902777452  0.48219194731388026  0.48582936425744994  0.48920801218423943
  0.49260001734865494  0.49595825352803197  0.49936120196056893  0.50285406743108785
  0.50647297187088436  0.51009403664234276  0.51387628365088101  0.51749869635625723
  0.52124380784167357  0.52515971647705617  0.52937448903723960  0.53363293509612275
  0.53784235149782322  0.54200877488978150  0.54615575394419558  0.55030830210094717
  0.55447341313394061  0.55859384088772390  0.56262831871068586  0.56664480303223519
  0.57072251269878260  0.57499154513663797  0.57945770577453215  0.58370970776345532
  0.58762149730576829  0.59150997583742482  0.59553093876563623  0.59962480061272572
  0.60362462413636930  0.60772262915070796  0.61211013472145892  0.61688994018891685
  0.62137374942005619  0.62568173135939631  0.63027600698064290  0.63537130971620182
  0.64056148141853808  0.64614106964093077  0.65317602770786209  0.66112854990608105
  0.66859727743910136  0.67639033199669230  0.68460987755777558  0.69338207767185978
  0.70258297134735359  0.71267383365182913  0.72459894266635627  0.73888489218478792
  0.75608645633903926  0.77853676983186437  0.82037050110359089  1.00000000000000000
   1.8025391383086886E-012  -1.0000000000000000     
 F F F F F F F F F F F F F F F F F F F F F F F F F F F F F F F F F F F F F F F F F F F F F F F F F F F F F F F F F F F F F F F F F F F F F F F F F F F F F F F F F F F F F F F F F F F F F F F F F F F F F F F F F F F F F F F F F F F F F F F F F F F F F F F F
  <DiscreteSampler_grid>
  grouped_processes
  1 # 1 for a reference and 2 for a running grid.
  10 # Attribute 'min_bin_probing_points' of the grid.
  1 # Attribute 'grid_mode' of the grid. 1=='default',2=='initialization'
  0.0000000000000000 # Attribute 'small_contrib_threshold' of the grid.
  0.5000000000000000 # Attribute 'damping_power' of the grid.
 # binID   n_entries weight   weight_sqr   abs_weight
    10   10   2.818813050377910E-001   5.331544918463427E-001   2.818813050377910E-001
    16   10   2.818813050377910E-001   5.331544918463427E-001   2.818813050377910E-001
    22   10   2.818813050377910E-001   5.331544918463427E-001   2.818813050377910E-001
    28   10   2.818813050377911E-001   5.331544918463427E-001   2.818813050377911E-001
  </DiscreteSampler_grid>
