 -0.00124796936072273  0.00329110602892277  0.00899461343635987  0.01536083003745385
  0.02186141367691531  0.02807387859333512  0.03411178368515802  0.03770841196982915
  0.04035279164121939  0.04398088765454669  0.04745318102611491  0.05091710651950711
  0.05440129857543123  0.05789312497802510  0.06158496784167401  0.06532759010348455
  0.06911606752210470  0.07302000716104466  0.07704837649362350  0.08110699725252773
  0.08535793640140346  0.08994127231046301  0.09454410724574024  0.09908497349854771
  0.10376244844855234  0.10847772035698389  0.11325130806312328  0.11822448210347644
  0.12350919676892805  0.12906637191578846  0.13468691800095178  0.14036117180455332
  0.14612113607858862  0.15190632313121086  0.15788268865310598  0.16418479618815709
  0.17067467817653106  0.17749267633426949  0.18472813542282310  0.19219130440775276
  0.19962366981080995  0.20724497130847264  0.21511516856549645  0.22360188736871819
  0.23280758365815893  0.24226567835042162  0.25232543164786914  0.26326463054135307
  0.27506194423228897  0.28757847042475643  0.30137238665383675  0.31704051653980836
  0.33514609292738096  0.35663226679828797  0.38374337385828777  0.43074009430123655
  0.53270809100803351  0.60663106135609146  0.64280967919815113  0.66906097605815862
  0.68940298765902297  0.70701051284888994  0.72269350673828292  0.73749729454726076
  0.75234824297627922  0.76625512666773921  0.77843051137865171  0.78972316704674550
  0.80041413757193591  0.81058996189413901  0.82031398856387294  0.82963534703373887
  0.83892324035999488  0.84813419529177436  0.85705251820137374  0.86592993910332650
  0.87450057102901779  0.88297612437585216  0.89133333691940808  0.89934360350001230
  0.90688044264883017  0.91428251060408416  0.92159107295864906  0.92869301780286773
  0.93544644470563298  0.94189874470345847  0.94817782372809867  0.95434078336634875
  0.96037565445443396  0.96623252811812010  0.97211862715342945  0.97779817580590889
  0.98337308163591497  0.98893503207950040  0.99447962835262138  1.00000000000000000
 -0.00218523039937590  0.00961397113600739  0.01981879360118462  0.02963220656097427
  0.03964350398891520  0.04997984101887902  0.06037210760800810  0.07070429776494844
  0.08060884828884056  0.09114026214637219  0.10183312623609722  0.11256155386255236
  0.12348221909455562  0.13485893604456375  0.14674264785619617  0.15881461617948980
  0.17073961484631811  0.18263898968853781  0.19386530914657429  0.20441624356083540
  0.21454786022344621  0.22453049027702587  0.23471971775369127  0.24509478858508760
  0.25591222967028604  0.26666970303146265  0.27737703063333247  0.28784007168172521
  0.29824781480142315  0.30859991445572693  0.31890202460749978  0.32931175987296618
  0.33980351266108544  0.35035926562625286  0.36098754368582003  0.37164242122334268
  0.38219094339699922  0.39275912407685798  0.40344033931861678  0.41404805900516517
  0.42430976452555780  0.43436372097403475  0.44476966072108065  0.45563279102007864
  0.46636523555492243  0.47679981142759248  0.48722321173227234  0.49765776199900846
  0.50805557334105811  0.51846842914398916  0.52908677627336798  0.53973480384733519
  0.54975681726075754  0.55957512822260458  0.56902733916531090  0.57823884168439788
  0.58743013235219410  0.59665631713328160  0.60620537703652910  0.61616590117561743
  0.62643263310197395  0.63708377095471491  0.64734124127101800  0.65813702205331570
  0.66877289680135932  0.67983529651225727  0.69093637171648181  0.70179673213975491
  0.71278875814708886  0.72377064274242087  0.73440007729100765  0.74497716261709124
  0.75600309156324652  0.76756687498310361  0.77877570246527950  0.78930379979048115
  0.79971056022075537  0.81034706782584953  0.82081877510989032  0.83108403582943213
  0.84126604965044272  0.85171003174881144  0.86190691506716588  0.87212940963798202
  0.88286021679716720  0.89365887919814690  0.90464715373509641  0.91561747715378738
  0.92564668407363571  0.93593212048236007  0.94611833305892445  0.95638384275925414
  0.96631306557881280  0.97636789567188009  0.98761237765444676  1.00000000000000000
  0.05200789970404360  0.05975416140942377  0.06836886110598936  0.07575756171313784
  0.08224592302383942  0.08812048291645780  0.09346760773454016  0.09895368038122478
  0.10421509787170623  0.10920478219770922  0.11408699404472751  0.11888008050115288
  0.12359871277966938  0.12816552118176378  0.13263218608027480  0.13704826510721910
  0.14136569138945115  0.14567462972342338  0.14996269331454110  0.15422206296435206
  0.15849863020484017  0.16277311249640375  0.16703772561252753  0.17131898125422293
  0.17565513303159627  0.18004678003199093  0.18438916271858460  0.18865878293267069
  0.19297954326125927  0.19726101287944248  0.20153479924160078  0.20594297584392307
  0.21033874587408299  0.21470134676093458  0.21901969120245121  0.22330636908711843
  0.22760887793154413  0.23189281651294014  0.23613100981167529  0.24038729124927982
  0.24469373998240107  0.24902770571724356  0.25340122998387626  0.25780116764869265
  0.26219668758405668  0.26660427992686503  0.27102182944027975  0.27553671727939838
  0.28000827276227336  0.28442961815538764  0.28892634416346819  0.29348607782030306
  0.29812950983646919  0.30282311844315024  0.30762393912930797  0.31265153991803823
  0.31789784739334503  0.32320125100176006  0.32848390398251881  0.33372013680744772
  0.33916851304400963  0.34471084520434198  0.35027454372317179  0.35584945860479805
  0.36148683862266623  0.36726219714506836  0.37334084271829354  0.37967930611733830
  0.38610732672967790  0.39254322657066504  0.39907786040691173  0.40583820823889788
  0.41270957359071853  0.41961745353159829  0.42662672190532436  0.43390833603944234
  0.44154718576826418  0.44940378005152243  0.45749694847506062  0.46596293831712199
  0.47482690471689742  0.48405736890404083  0.49366874528170657  0.50386530772186755
  0.51466451825425208  0.52593381629740121  0.53789066303614597  0.55165372515712463
  0.56668884514368556  0.58318800702995621  0.60167674151497774  0.62272505023876601
  0.64913097831182820  0.68353505428818229  0.74022021242400915  1.00000000000000000
 -0.03240734919359253  0.15714487120762852  0.19997111590552205  0.22635470291237464
  0.24591673739659342  0.26068460382912900  0.27364679809420178  0.28563812330704685
  0.29662804971623352  0.30621423193490765  0.31490434263423961  0.32280528273433912
  0.33002887342165221  0.33685697384940561  0.34331177849649619  0.34968765773090293
  0.35595361791753155  0.36197340765235020  0.36777457446108469  0.37331871920783455
  0.37894974957703143  0.38454465105290020  0.38997068202722479  0.39516654207968716
  0.40011844127196233  0.40497606485698651  0.40978168385613944  0.41453386849287083
  0.41923871771439608  0.42394504339841294  0.42864884580746299  0.43331796344585910
  0.43793003099782191  0.44247333883057094  0.44700775121849484  0.45157539666403568
  0.45621141672270560  0.46073567986169728  0.46514570411190009  0.46949313856843661
  0.47375397275597336  0.47796867879967186  0.48213303664660523  0.48624062930387246
  0.49034698253458281  0.49444141726590962  0.49850560038543723  0.50254464174400637
  0.50659842215913931  0.51071512634214300  0.51485470573468928  0.51898183888854799
  0.52320348168710706  0.52735291408809226  0.53153556786692280  0.53575195394859032
  0.54004428272904959  0.54435999069176388  0.54871901105655430  0.55308247667355770
  0.55746045058582960  0.56193993589055413  0.56633927389547933  0.57074474136851205
  0.57520055677734050  0.57964643115890047  0.58407250719836235  0.58851572064566005
  0.59302056458137542  0.59760195303246144  0.60228442226887280  0.60712799794059713
  0.61215595791556754  0.61731308902781490  0.62246674851993211  0.62756706321627520
  0.63270355389087363  0.63799856125537757  0.64351973031399512  0.64933139228157688
  0.65548127294610681  0.66199763541173950  0.66890189692723290  0.67606871855776729
  0.68351530374976821  0.69141608636810592  0.69993777031170479  0.70900112895519352
  0.71895463386797986  0.73008369682124619  0.74272038467420065  0.75773418954373450
  0.77620205468226755  0.80110748166121770  0.84296354579420851  1.00000000000000000
   2.8652545391724467E-008  -1.0000000000000000     
 F T T F T T T T T T T T F T T F F F F F F F F F F F F F F F F F
  <DiscreteSampler_grid>
  grouped_processes
  1 # 1 for a reference and 2 for a running grid.
  10 # Attribute 'min_bin_probing_points' of the grid.
  1 # Attribute 'grid_mode' of the grid. 1=='default',2=='initialization'
  0.0000000000000000 # Attribute 'small_contrib_threshold' of the grid.
  0.5000000000000000 # Attribute 'damping_power' of the grid.
 # binID   n_entries weight   weight_sqr   abs_weight
    10   10   2.492598649683715E+007   6.336424328971382E+014   2.492598649683715E+007
  </DiscreteSampler_grid>
