  0.05280153702533751  0.05362566510933841  0.05466630578431268  0.05547139168388886
  0.05627780108184053  0.05703326485709780  0.05776019653127621  0.05846730548795805
  0.05917079989932884  0.05981431653258130  0.06046163887206963  0.06112314901402775
  0.06179120908189879  0.06245771068569498  0.06310344059647670  0.06372650952350629
  0.06436102522552602  0.06499762502787472  0.06568755025219851  0.06638638701507928
  0.06707594783184079  0.06778104721372709  0.06851440079444608  0.06924768236497235
  0.07001318618685305  0.07080697566986566  0.07160134395821807  0.07239178097613420
  0.07316538388929410  0.07393427382017796  0.07471669980815293  0.07549033740163091
  0.07627678994027356  0.07705337589073580  0.07782878567549467  0.07860761030204451
  0.07936018630796225  0.08012950343671278  0.08091541325137747  0.08171897912753372
  0.08255758508519015  0.08343636314951317  0.08434108491165281  0.08525644703058723
  0.08617801308655355  0.08711382752073332  0.08804807574266067  0.08901389708789356
  0.08999011169089186  0.09092800884396865  0.09182059284999598  0.09275286594094187
  0.09372309862814303  0.09473879539460391  0.09580322210373818  0.09687529089758884
  0.09800613471649586  0.09919887242338510  0.10041348378745296  0.10166794366871554
  0.10297594695920714  0.10432555882918933  0.10572696672312036  0.10722469964615197
  0.10882376279835400  0.11047767370072496  0.11219607165852180  0.11387933617107013
  0.11550728693378884  0.11707558361928165  0.11880336253729237  0.12059006945179372
  0.12236228737892095  0.12424536015879753  0.12625056314777502  0.12837034599589697
  0.13074443845864944  0.13316393123568074  0.13588974953598298  0.13884072703071998
  0.14171491952543772  0.14441619987121757  0.14711721638613437  0.15015496701539910
  0.15403679763699993  0.15876310609156752  0.16377722259851207  0.16885921792876241
  0.17452372214367076  0.18173988588417916  0.19019595031955053  0.20020596487996770
  0.21600014244598095  0.24373302337259878  0.89343198757050102  1.00000000000000000
  0.00003443510341337  0.00003633540321692  0.00003869393401076  0.00004192213681927
  0.00004659860430630  0.00005242629269431  0.00005892488765391  0.00006539715079910
  0.00006987794327186  0.00007420138847344  0.00007851806724830  0.00008283251252664
  0.00008739719583196  0.00009198500432922  0.00009692672873620  0.00010207374241592
  0.00010747902286535  0.00011309894870858  0.00011902460099281  0.00012535575324499
  0.00013217591254153  0.00014043141192433  0.00014902287980464  0.00015806171734179
  0.00016762006259119  0.00017812008919861  0.00018875139209327  0.00019894270230667
  0.00020893801164168  0.00021875900169859  0.00022870914411110  0.00023907162805288
  0.00025062758287277  0.00026230135363895  0.00027397757042875  0.00028732382412857
  0.00030054638103959  0.00031693177090312  0.00033619361901324  0.00035607392237267
  0.00037626597777773  0.00039680880067761  0.00041734213272070  0.00043762622196787
  0.00045846141589637  0.00047975060584648  0.00050158658701286  0.00052420409151302
  0.00054704579499179  0.00057026998601959  0.00059883341400885  0.00062953683602075
  0.00066312699569855  0.00069766242090615  0.00073157540739907  0.00076604608892010
  0.00080172979959340  0.00083878330658576  0.00087927258155218  0.00091923622495322
  0.00096228274108206  0.00100779751783995  0.00105439644232538  0.00110595049025949
  0.00116206721273587  0.00122498369407150  0.00129261044437711  0.00136277565021380
  0.00143638684493243  0.00151306368218470  0.00159541753348832  0.00168500106056702
  0.00178019767143085  0.00188232225151617  0.00199127664006139  0.00211736179452271
  0.00225644315949953  0.00241198584811448  0.00258543311619212  0.00277760287890410
  0.00299824441182808  0.00324110723744213  0.00351360530283800  0.00381829505788185
  0.00416571264840827  0.00462427469659920  0.00517304094508927  0.00590744504063583
  0.00693078870812912  0.00827838573265651  0.00995831056953335  0.01252442491640663
  0.01722417555786505  0.03160133004573269  0.51512495459586471  1.00000000000000000
  0.00066093383764135  0.00103305608982986  0.00136623892702444  0.00160372418779508
  0.00176805930466992  0.00191617638541062  0.00207914095341570  0.00225598067989912
  0.00245472154959688  0.00265252125469083  0.00283653454329630  0.00301211737763400
  0.00318276100033646  0.00336935763048355  0.00355290476682243  0.00372622407919816
  0.00389435999838359  0.00405420354947384  0.00422389022385914  0.00439678981519039
  0.00457009556871083  0.00474322200776421  0.00491894445989350  0.00510725762244712
  0.00530388117520075  0.00550618802846319  0.00571431661099785  0.00591829357258021
  0.00616229257397761  0.00638189446504902  0.00660248047288837  0.00682042261568478
  0.00702913490646180  0.00724440670699197  0.00747230710955986  0.00770702085280857
  0.00794483366399605  0.00819054392750233  0.00844421843107684  0.00869248469123921
  0.00893560748639004  0.00917373214950417  0.00941903502207602  0.00967510995614678
  0.00996728476085321  0.01024885833952806  0.01052873380728417  0.01081301087323194
  0.01110772901145534  0.01140826252044854  0.01176390785865195  0.01213861570492642
  0.01250896090978030  0.01288267186346874  0.01326454072327531  0.01366950616637736
  0.01410125305107664  0.01454717718448187  0.01500774516310247  0.01547642694749078
  0.01595694005921354  0.01646427185675135  0.01700902619068113  0.01757660871378072
  0.01819396122920998  0.01878317220695692  0.01941672656954754  0.02007478020002746
  0.02077810523934180  0.02157196003806560  0.02239785954041352  0.02326468081711248
  0.02417307158784856  0.02514186761706539  0.02619925115552225  0.02732522609836186
  0.02851168683735921  0.02975382407765893  0.03106439106642198  0.03248836371499133
  0.03405631889844869  0.03571685165268532  0.03753697117730405  0.03956208088868628
  0.04204528876600537  0.04471456687597919  0.04802583468307906  0.05192557463811426
  0.05700821028326259  0.06369322667794360  0.07144828436387458  0.08051656113854126
  0.09420251434904503  0.12298446576951601  0.72715338612663238  1.00000000000000000
 -0.00554240324205312  0.02930538347117794  0.05912595308880596  0.08916583106272234
  0.11509202665491769  0.13844633589505675  0.15930332480221179  0.17804727987145227
  0.19497491086395538  0.21023096913691511  0.22420439363019304  0.23602503165739400
  0.24670817474211137  0.25629384090869534  0.26577788866058166  0.27502652862937055
  0.28392897701384284  0.29262836618311894  0.30089998966466397  0.30883367055003397
  0.31666166695241793  0.32437009489220092  0.33203301945613989  0.33959717473983658
  0.34721340226552971  0.35478176995307165  0.36239479175831057  0.37032915813273282
  0.37813751482949426  0.38570281013503094  0.39310926135873947  0.40026986329729275
  0.40722592399162999  0.41404841331410269  0.42046524847245570  0.42632699670777313
  0.43231458231054448  0.43809317401327197  0.44380958415951860  0.44935227908767106
  0.45496222894490518  0.46066616421424239  0.46659125768920728  0.47248267666485066
  0.47819729562091018  0.48371584036907594  0.48913097213354856  0.49450452835361436
  0.49974459706005026  0.50480817333912098  0.50989384227261014  0.51546426086089514
  0.52123150738977797  0.52711792074784825  0.53264613815710671  0.53833769448113933
  0.54422966278014395  0.55025437791131471  0.55600529207914984  0.56170729391622065
  0.56775224413664194  0.57407688491111253  0.58044110042488428  0.58698704368646482
  0.59362660902158570  0.60029620153960483  0.60717928101126306  0.61400576648860017
  0.62062528054937105  0.62735885690031534  0.63457286708610283  0.64221892633063482
  0.64994537669866881  0.65769218267378093  0.66558366512969647  0.67369153986268593
  0.68209131718778027  0.69056084264650608  0.69924246051824956  0.70861765000333088
  0.71910519738121581  0.73035700076371823  0.74171917680332844  0.75349610935613143
  0.76549160620499024  0.77740486467841563  0.78957697908201951  0.80350710440845419
  0.81915361730397596  0.83823475963386818  0.86012785194976804  0.88273445798563199
  0.90727293577400758  0.93602974537857320  0.96767266020479248  1.00000000000000000
 -0.00224828670236685  0.00871109319432386  0.01828418354587507  0.02828094632973683
  0.03858024953989198  0.04854989617822897  0.05816977480542299  0.06761151867055609
  0.07724561334391328  0.08720018684567128  0.09733065998003985  0.10777127161641120
  0.11880636073754253  0.13007367735380274  0.14179090457412935  0.15301550216986834
  0.16346630877400475  0.17359009749228776  0.18349771406626950  0.19320140876654829
  0.20279384371039555  0.21262693577143443  0.22357979575755796  0.23445166271213636
  0.24582217748024998  0.25635392066259910  0.26610172652195369  0.27579552915205591
  0.28532655866151529  0.29508406842384183  0.30510606969114645  0.31538751653000047
  0.32812745724965553  0.34004260455813234  0.35129440557423497  0.36218974780910917
  0.37284159066369355  0.38352820090287421  0.39410563079051708  0.40522365525322473
  0.41721185121200555  0.42964988383576086  0.44179636895792374  0.45318626167153475
  0.46436810164269371  0.47547867200726329  0.48687433793402030  0.49802086199066881
  0.50862118846063864  0.51908680831016685  0.52938892395718817  0.53960714957176625
  0.54967256426897304  0.55930906773654199  0.56877579343469920  0.57872109919800219
  0.58958198654586724  0.60061573553847580  0.61101975739511116  0.62153413954627657
  0.63293730480461063  0.64463308652113482  0.65538364971388141  0.66585697803907173
  0.67616239959255842  0.68684625602411598  0.69736825224195853  0.70810613003961209
  0.71898935917088125  0.72962641163543995  0.73981868666069550  0.75013225285999130
  0.76062356598920355  0.77069492319247157  0.77963609011015411  0.78839632872007781
  0.79701592239348795  0.80532404909928679  0.81356689569484109  0.82224944021133017
  0.83122656778060111  0.84123857987673911  0.85157572842832885  0.86242842311711609
  0.87374315100499156  0.88513514075543964  0.89684512362706958  0.90894553450624227
  0.92105700044637417  0.93341331239693659  0.94509065537574821  0.95647130072127506
  0.96792506001507106  0.97913308575788682  0.98969767957355614  1.00000000000000000
 -0.00248842458807265  0.00876947077645237  0.01849490521938209  0.02744047560214566
  0.03622617440148506  0.04469170318300979  0.05295220641865980  0.06167562673449418
  0.07081130460878723  0.08024206582792151  0.09021783336402324  0.10081994658593675
  0.11151553734606197  0.12229052331974556  0.13341980120842878  0.14443853504957710
  0.15665843612905897  0.16917566563994513  0.18145069549556997  0.19342668035567442
  0.20498856805466648  0.21629619426724694  0.22732450940527835  0.23828695199394809
  0.24900292610990449  0.25948667186861907  0.27038919105109444  0.28159831229609000
  0.29285748123965860  0.30363385288300787  0.31414114560845047  0.32463906192321507
  0.33510529220664631  0.34531076139059846  0.35519990267405605  0.36490126539800205
  0.37455927455805438  0.38394127094004449  0.39339063141499542  0.40328923965696317
  0.41341148065183803  0.42357849452494678  0.43341510299947228  0.44288366863943146
  0.45199947719292932  0.46139843538112529  0.47108438430279304  0.48101485629225194
  0.49109369804438924  0.50142427291884439  0.51233913296772626  0.52301251425369166
  0.53323723762474862  0.54326736412983645  0.55350973549802018  0.56427742667689562
  0.57540236863694405  0.58630457335022057  0.59716883341332572  0.60828177808850470
  0.62008895681665466  0.63270811883631939  0.64487826170500639  0.65644701579967435
  0.66786993713803133  0.67885767041123224  0.68965645167060374  0.69955982872626721
  0.70943967370797023  0.71937570206540791  0.72928306331991410  0.73921515339983224
  0.74966276191485348  0.76076091037948057  0.77171525018636200  0.78258395418001026
  0.79346476355481987  0.80457665347301943  0.81616792681242989  0.82767622994608991
  0.83905717746540398  0.85090225731848823  0.86357872266147029  0.87679394201859784
  0.88992165541601498  0.90221337296405180  0.91330623414657297  0.92387440985807001
  0.93436528673343910  0.94424325473827397  0.95393469888685634  0.96352435154197003
  0.97289451489312506  0.98214726130991004  0.99107682312081913  1.00000000000000000
 -0.00283780558756316  0.00897654629215214  0.01970799313078739  0.03019578239832839
  0.04113927611627984  0.05207345965805185  0.06322330911414735  0.07448758379768936
  0.08523454672884996  0.09575318678822654  0.10629362255774195  0.11700435720985876
  0.12774311023960261  0.13829315292310340  0.14910279019710596  0.15982713162842052
  0.16961293789490833  0.17863904570715478  0.18777228616844435  0.19703678346328699
  0.20601565271969599  0.21503059711233527  0.22414248715562479  0.23421368036901224
  0.24493537664334947  0.25574665768404309  0.26674441881161204  0.27816389720142887
  0.28940803544348748  0.30024491736423409  0.31084711526568426  0.32148532757238379
  0.33227354370711548  0.34329585362110954  0.35433150842289485  0.36541794945368244
  0.37652466373164278  0.38785747969376827  0.39904342837118345  0.40931651016538434
  0.41932390453197282  0.42926822967869083  0.43904628720303490  0.44870757815854967
  0.45885922518701888  0.47002761984797820  0.48111018228486396  0.49129429684782883
  0.50115388091016677  0.51079549625691156  0.52046099874580243  0.53000869000679696
  0.53960873680097732  0.54984421618666957  0.56098195451712285  0.57258165399115979
  0.58419390580072994  0.59551652440814029  0.60692756918382362  0.61834394366610335
  0.62931424472046038  0.64006568756878424  0.65106966827860357  0.66196489313390128
  0.67212994569975892  0.68201609665298046  0.69195616892203082  0.70172537439611671
  0.71126217646547396  0.72075631062091550  0.73040604028111267  0.74033525475370865
  0.75065332151481157  0.76148663206567058  0.77208277460549224  0.78185972975078144
  0.79150515043996139  0.80153817895682056  0.81208590603359843  0.82294308993508902
  0.83376292189085988  0.84445489528053541  0.85505457161390686  0.86590320927965725
  0.87702628298673369  0.88834826721418902  0.89977306193546058  0.91128990056106107
  0.92266711375405996  0.93362990557062842  0.94453936179697484  0.95551304703575479
  0.96678405100816378  0.97766316430770295  0.98888325001180077  1.00000000000000000
 -0.00239917983513922  0.01015113323605709  0.02042072299756794  0.03167526646077884
  0.04215340828621718  0.05265130929569337  0.06267434884294626  0.07431026210216644
  0.08531361301645446  0.09637564866533030  0.10663272005487748  0.11615493243440361
  0.12578491125079358  0.13564629257136623  0.14632507503846928  0.15578677632234111
  0.16531935744696544  0.17515853746660809  0.18506360693001880  0.19493816603096456
  0.20468069209322462  0.21508004989367641  0.22573413248468144  0.23587930398094689
  0.24589591873232197  0.25604040913836912  0.26657767284793210  0.27670872317738587
  0.28669650832934390  0.29677234346690173  0.30717118895868456  0.31729188500782329
  0.32713923062255640  0.33714154446567124  0.34800809622077511  0.35897207579926760
  0.37009134851631570  0.38130457791804234  0.39243808999670082  0.40281114205356144
  0.41319912231533668  0.42366701450078714  0.43481585095947733  0.44619545661322613
  0.45795874574450951  0.46886343273727737  0.47926515044271023  0.48931371337298329
  0.49931293727818832  0.50954854908220792  0.51998423243413272  0.53043229637859701
  0.54050742753280701  0.55033400616884898  0.56043737876553734  0.57099785430474803
  0.58187946748817998  0.59240143663985256  0.60238080201815558  0.61198143910365732
  0.62179137781140503  0.63187601040313135  0.64228551525137201  0.65299027424852796
  0.66391030539770968  0.67473322824175708  0.68487376178119141  0.69471712800319252
  0.70469806410140567  0.71523792963752175  0.72591694345404756  0.73639850747482061
  0.74646543065622417  0.75636932269383228  0.76653576493797093  0.77693723925217395
  0.78745819533634054  0.79808318760578834  0.80902005049312298  0.82028089197012366
  0.83161320486071866  0.84275420278476576  0.85349965401574890  0.86402275529884431
  0.87472585636248368  0.88611753936363991  0.89766565854450087  0.90989366861413568
  0.92142600032701494  0.93281077922943978  0.94365362421284582  0.95469747539524075
  0.96563736744830686  0.97623062339485733  0.98795933325244212  1.00000000000000000
  0.13280725598852253  0.14048895262384362  0.15347845540469471  0.16705073202590051
  0.17547734540620361  0.18353281495397533  0.19133052860440714  0.19789597774757967
  0.20488679918792108  0.21108199312098735  0.21718202284139071  0.22310742667776312
  0.22907787561257034  0.23599957141290848  0.24335361512910939  0.25035780290759696
  0.25697895364329815  0.26383006991252667  0.27071367794016493  0.27759419274401087
  0.28402542743882941  0.29043958123357388  0.29617593918521740  0.30209189725036339
  0.30801145864156138  0.31396171542843532  0.31984331455686654  0.32573656099547016
  0.33174063562439277  0.33775104917207532  0.34367382393668350  0.34925336797283107
  0.35477921798720813  0.36051195206398950  0.36628569219949358  0.37206667603221621
  0.37780187074784916  0.38340894688251903  0.38891781403290271  0.39442517010995948
  0.39995324392313442  0.40548271897098187  0.41105165868227106  0.41649845269352620
  0.42164429247802221  0.42695323890843406  0.43211656291938189  0.43745511588315633
  0.44290562008347556  0.44844517386140187  0.45397619756542745  0.45962422177331802
  0.46544850125988313  0.47161804510689204  0.47746731792802261  0.48318350255616516
  0.48894007202051948  0.49462210740584617  0.50032313581350529  0.50607739552701103
  0.51193769199665395  0.51803093085300489  0.52420966357998577  0.53008682901931758
  0.53597055081039835  0.54166673837879109  0.54762763402997627  0.55365996776866488
  0.55990052999513062  0.56619924778398256  0.57249537768265801  0.57866888758804180
  0.58500366415375704  0.59168434039034612  0.59825468234719592  0.60502091129793711
  0.61199698058420171  0.61909206087948421  0.62642081808484218  0.63404013298882200
  0.64185477727314799  0.64976389393841560  0.65786636242294694  0.66660337197777619
  0.67620651762530348  0.68641572225750380  0.69665503324090416  0.70732361267508548
  0.71866232554657483  0.73172205913525334  0.74734700382083130  0.76480095837102890
  0.78434905835200408  0.81022597452210465  0.85059902014764155  1.00000000000000000
 -0.02342144101874736  0.14218443521269319  0.18329296214352345  0.21027041004795505
  0.23063467164642623  0.24724610991719870  0.26129893036407881  0.27397748932339971
  0.28560341030896685  0.29636376214854021  0.30606886063187261  0.31488390742456518
  0.32281190253724396  0.33074903587655741  0.33865430682226760  0.34652816605012238
  0.35407900808238840  0.36087304409379178  0.36722230561330477  0.37341843191728419
  0.37912634848639909  0.38455815588304909  0.38982894979160843  0.39475523311723487
  0.39941963968656274  0.40395615867270762  0.40847425242242419  0.41286396574647771
  0.41722423480264675  0.42158659809590332  0.42588533500163378  0.43017925156512693
  0.43450563810443299  0.43873831172601607  0.44307222498499843  0.44739195572700952
  0.45176496130408716  0.45623421674141229  0.46070434633039026  0.46505622990704826
  0.46925165971696420  0.47334382784407142  0.47745576305489973  0.48166748806449605
  0.48591173354937212  0.49015021186826341  0.49430069116179065  0.49822375996555690
  0.50198149787718116  0.50573489563828145  0.50958131166811660  0.51365863126544942
  0.51761487913710735  0.52151893024991958  0.52553654296745422  0.52947660949056197
  0.53327487458343592  0.53706612560427991  0.54095089692963372  0.54505554723107541
  0.54941938011383684  0.55388662331792493  0.55829854871917806  0.56272683006576840
  0.56782480789688539  0.57294027899892297  0.57790002132435381  0.58284304234673634
  0.58776131281796196  0.59266573236047204  0.59768485710599195  0.60288679672041057
  0.60826130516477372  0.61386366070014875  0.61945698632478852  0.62506507024386626
  0.63092414049592971  0.63683804630011198  0.64309671599405993  0.64981424608740235
  0.65672586991654780  0.66370893433430023  0.67117596567298432  0.67923173844676543
  0.68781609704125568  0.69686080513279069  0.70630216311889382  0.71621052751519731
  0.72692738079055275  0.73922641412044465  0.75324513350233169  0.76900145393360253
  0.78892571759525576  0.81552109199124156  0.85849977623986284  1.00000000000000000
   5.8034462666127949E-011  -1.0000000000000000     
 F F F F F F F F F F F F F F F F F F F F F F F F F F F F F F F F F F F F F F F F F F F F F F F F F F F F F F F F F F F F F F F F F F F F F F F F F F F F F F F F F F F F F F F F F F F F F F F F F F F F F F F F F F F F F F F F F F F F F F F F F F F F F F F F
  <DiscreteSampler_grid>
  grouped_processes
  1 # 1 for a reference and 2 for a running grid.
  10 # Attribute 'min_bin_probing_points' of the grid.
  1 # Attribute 'grid_mode' of the grid. 1=='default',2=='initialization'
  0.0000000000000000 # Attribute 'small_contrib_threshold' of the grid.
  0.5000000000000000 # Attribute 'damping_power' of the grid.
 # binID   n_entries weight   weight_sqr   abs_weight
    10   10   2.687499381791745E+001   4.823111214168204E+003   2.687499381791745E+001
  </DiscreteSampler_grid>
