  0.01398144286091048  0.01492630868280059  0.01545342095067648  0.01585203447135424
  0.01619405849919342  0.01650816750992694  0.01681459278517313  0.01711039081139492
  0.01739204224490514  0.01766007708297086  0.01792503977426555  0.01818763729322011
  0.01845784718360832  0.01872611996480957  0.01898235873663936  0.01923637632365054
  0.01949573980180429  0.01975931307811436  0.02002498182558261  0.02028166012168373
  0.02052858989356737  0.02077235837776038  0.02102150714812670  0.02128414442758637
  0.02155041684386064  0.02181831855390201  0.02209268387948260  0.02236706829222987
  0.02265569449660349  0.02295014515515225  0.02324675597549416  0.02355045210340258
  0.02384275922096132  0.02413543798271145  0.02442331794452834  0.02471207652341457
  0.02500596700256388  0.02530173327984188  0.02559638983505790  0.02588928203261757
  0.02618360870318970  0.02648310681014032  0.02679226251785753  0.02711441446543831
  0.02743841817186229  0.02776406818657137  0.02809538020302361  0.02843843915254132
  0.02880036161662244  0.02917531972442291  0.02955668860231330  0.02997591685465344
  0.03043182699980698  0.03090345123661969  0.03137085745563217  0.03184167991944910
  0.03232357255517454  0.03281111561196687  0.03330900010727542  0.03381715215275970
  0.03433507927226603  0.03486095930309711  0.03539740695441706  0.03597437187999604
  0.03658897365131734  0.03720285326835458  0.03781853796849100  0.03844015017068265
  0.03909328456202720  0.03974851753157176  0.04049766825195589  0.04129478451572619
  0.04217176774584435  0.04311785165976988  0.04413463356298379  0.04512332976814056
  0.04615261662711182  0.04729041168043739  0.04858060992326159  0.05001758424107037
  0.05156410523303686  0.05323610082690539  0.05504429232387452  0.05710731616569974
  0.05925795508514260  0.06182760596280552  0.06457912109670930  0.06773264277290858
  0.07155926407860881  0.07594346726866194  0.08178014146794138  0.08895342992733951
  0.09841128092308994  0.11380148730331413  0.70273627780940540  1.00000000000000000
  0.00024575822018583  0.00034124248568719  0.00039172079633945  0.00043846991228150
  0.00048536817317133  0.00053084391766777  0.00057712450131956  0.00062062381791240
  0.00066269528808325  0.00070407531600998  0.00074765749113529  0.00079025432395065
  0.00083202651178403  0.00087438055092180  0.00091568841809725  0.00095534373475263
  0.00099458283309982  0.00103401562454993  0.00107394284560437  0.00111397127768710
  0.00115476640426740  0.00119610863968352  0.00123953247958207  0.00128424491227036
  0.00133007873517356  0.00137854481132528  0.00142847616537622  0.00147794088239407
  0.00152940089508881  0.00158188750299391  0.00163656553679917  0.00169045807889535
  0.00174517048102076  0.00180163631794194  0.00185857957548559  0.00191595196445872
  0.00197594944940682  0.00203824733547112  0.00210276004023226  0.00216907060054556
  0.00224108141228127  0.00231865625558047  0.00240035733137855  0.00249156046662877
  0.00258339316199990  0.00267681735300858  0.00277178270486983  0.00286913792316765
  0.00297162542693931  0.00308085838291958  0.00319985370128994  0.00332611107660893
  0.00345563187496756  0.00359157782688681  0.00373805259369850  0.00389341135078161
  0.00405356371060185  0.00422115651034685  0.00439713504763266  0.00458745788099325
  0.00479429795462750  0.00500871624879567  0.00522638750551411  0.00545956791689898
  0.00571029151534771  0.00597925909300812  0.00626026756724746  0.00655481346303484
  0.00686849097050800  0.00719920961354724  0.00755118212221804  0.00793830229615831
  0.00836157385505249  0.00882161359577030  0.00932687239507484  0.00990436113760959
  0.01051628617092129  0.01124321885659429  0.01205518062676954  0.01293431818677917
  0.01391735337213698  0.01493466428939948  0.01596083297570933  0.01708320154127477
  0.01843195738909711  0.01998718990823545  0.02174414887603439  0.02367647182711080
  0.02593163933454647  0.02900373840484975  0.03291669530044249  0.03717500015785420
  0.04233844637766259  0.05078736584566850  0.07170255237670184  1.00000000000000000
  0.00237673640837592  0.00402617440407984  0.00559902843003087  0.00659559363162607
  0.00723524682777176  0.00774995069855726  0.00827603702639367  0.00878721140391481
  0.00921302185639896  0.00959996613240511  0.00995732485905938  0.01030069441969751
  0.01064155543811545  0.01097974516227331  0.01130960235704847  0.01163572288198487
  0.01196583148281330  0.01229362927765114  0.01261409899431749  0.01292326228747544
  0.01322798312781280  0.01353915873206336  0.01385802846258716  0.01418850951734376
  0.01452374063579442  0.01485516254138284  0.01519979194584949  0.01555851383356247
  0.01592517463507349  0.01629923814115930  0.01668024196394466  0.01707306811496297
  0.01747066621927029  0.01786835999511121  0.01825873634743987  0.01864841942865660
  0.01903953821436662  0.01943450180976638  0.01984247575391919  0.02024153241546361
  0.02063961047601408  0.02104544919689687  0.02145863703729711  0.02189538810024850
  0.02234798512931357  0.02280839655894391  0.02327964811168597  0.02376202595169750
  0.02424597202944816  0.02473594105981266  0.02520519586280260  0.02568768184320161
  0.02618246393581357  0.02669121156137819  0.02720592074974668  0.02771642819749450
  0.02824023938810380  0.02879138728815418  0.02936828459154474  0.02997531895110647
  0.03062922307934046  0.03131117538735424  0.03201577570982680  0.03274969762940194
  0.03349328809666246  0.03426842216106894  0.03508432686111755  0.03589956397086847
  0.03670510903978382  0.03750744489519719  0.03834219220085964  0.03926506094202152
  0.04025932972825882  0.04126218744800527  0.04227251845215146  0.04332695556840706
  0.04450568208794146  0.04579619476399571  0.04732062897177099  0.04906180292200283
  0.05082281244825494  0.05259349243267469  0.05428135915400365  0.05606812197587094
  0.05808908682242726  0.06014504547906002  0.06233392569957904  0.06503577537360539
  0.06810282576994350  0.07190763215485876  0.07680518616102680  0.08237463923564339
  0.09033726856999859  0.10198965857156618  0.11869242663983409  1.00000000000000000
 -0.01193506145638523  0.06938870372869071  0.11650893558969895  0.15364843923816815
  0.18410360343749038  0.20898199388897337  0.22825856356377633  0.24558230311722315
  0.26119931431133603  0.27567002534572721  0.28876823409730284  0.30031443647223649
  0.31063995295107949  0.32035682968702506  0.32966181210371731  0.33858585886556292
  0.34705487108034161  0.35510351906068621  0.36295549976766434  0.37084617381870899
  0.37873294507146288  0.38621559640901948  0.39326939721815740  0.39991564338757002
  0.40627596001612432  0.41263101619172377  0.41904862413685212  0.42566611256694453
  0.43235725027227073  0.43871758047022624  0.44438517565768376  0.45013944979343934
  0.45575209167577979  0.46147555280913422  0.46698044829158403  0.47239690196578416
  0.47774290413087372  0.48301188147322982  0.48825900558504204  0.49349092363150221
  0.49865146813158762  0.50374944797347299  0.50890280019048473  0.51415501879597381
  0.51933135275722131  0.52416188140892828  0.52873580343200743  0.53320478415698358
  0.53775159453586141  0.54242629872479531  0.54716220530329041  0.55195696899625069
  0.55674388290288446  0.56149911948484943  0.56623427182742025  0.57091861243135289
  0.57563602416270743  0.58045747691867644  0.58543936424858223  0.59062993333984726
  0.59603478598210280  0.60157305943612993  0.60681610741698699  0.61189631755336760
  0.61697127085068870  0.62201813904180148  0.62702636925357758  0.63193286627083312
  0.63696100498941499  0.64196078361714226  0.64728881886798295  0.65319559928576609
  0.65936510623786804  0.66535603272331945  0.67124299493630846  0.67724574480471611
  0.68346620463161201  0.69018348183308120  0.69725122583266574  0.70443982608411049
  0.71189350299162046  0.71936392856556219  0.72727422479597581  0.73573367797657707
  0.74493233424248106  0.75466447677516046  0.76506188592384672  0.77649170200882456
  0.78901847269826253  0.80238602965621320  0.81714490699267706  0.83584809569775442
  0.85975902601553966  0.88883860492030276  0.92981413239543353  1.00000000000000000
 -0.00241120524211456  0.00923784997770799  0.01917799746582213  0.02942711689477676
  0.03961725272245172  0.05022958338985910  0.06077859710188473  0.07150310391803305
  0.08233509992562130  0.09254478429442774  0.10234133868641319  0.11205580854385114
  0.12215079394584426  0.13332282516425464  0.14498018457738310  0.15605561845101279
  0.16668403443881427  0.17735667614460848  0.18803023917293507  0.19847035926411305
  0.20893301371514833  0.21980933579450412  0.23050351175375802  0.24066261450556520
  0.25113474677717718  0.26274312299295516  0.27495430774976048  0.28739086600497443
  0.29965417590122839  0.31163672732030734  0.32311666002076650  0.33424244553189209
  0.34533012782761929  0.35595253463458160  0.36613232274393048  0.37648936803804506
  0.38712107353465458  0.39782443457151667  0.40874096552340428  0.41966016070687140
  0.43062002885520706  0.44173827546739514  0.45250695672761132  0.46310953429287077
  0.47319593098045520  0.48319519166350017  0.49338629562672337  0.50397822822289318
  0.51468686072625880  0.52525166565504899  0.53603234141048262  0.54667489048353746
  0.55738644767574841  0.56761592597497013  0.57743397029048216  0.58688880790873421
  0.59651391638389561  0.60680039731873359  0.61871201754853300  0.63014974261223222
  0.64052730234939703  0.65085319363344785  0.66096502207326913  0.67066652252888070
  0.67994935971776793  0.68943200535383542  0.69973648300350622  0.71012321026198577
  0.72030463068698769  0.73052074718276361  0.74074591263476786  0.75087792273468112
  0.76022442627215825  0.76979977245890130  0.77953965033401129  0.79009686731142226
  0.80044839048717265  0.81018030250201423  0.81971116195206728  0.82912120130373890
  0.83860659087791556  0.84811937999664011  0.85822728374341761  0.86932820934195798
  0.88064227538313355  0.89167785507320907  0.90251941874189678  0.91338900514669485
  0.92390812270642830  0.93429805022095036  0.94534630509628481  0.95654744915170031
  0.96697560479389555  0.97715129798607092  0.98813499163898122  1.00000000000000000
 -0.00278448330805148  0.01071421871480183  0.02190977414361472  0.03359501490363408
  0.04446814570132606  0.05480353522011285  0.06554560203737642  0.07654140921297185
  0.08727397922645004  0.09775264254769210  0.10806000266240856  0.11829465887619847
  0.12842899888962966  0.13866007376465148  0.14934628469056049  0.16023348383514757
  0.17076735795640394  0.18110784566385424  0.19155428329510940  0.20224461487777579
  0.21286526251479129  0.22292189638084642  0.23336713940492629  0.24396488832671773
  0.25514546697706175  0.26613730406390174  0.27693058974851403  0.28765380576664928
  0.29798034654429717  0.30854372430287841  0.31917013757258794  0.33038673698614346
  0.34173254051482427  0.35279987321254030  0.36499262943692184  0.37683476998286725
  0.38813650708047231  0.39879581226728900  0.40933572968838716  0.41949943055832506
  0.42928587366263116  0.43927634983826447  0.44941362249065014  0.45956280243066339
  0.46969855877731836  0.47987909269279266  0.48985415621274769  0.49993495495807105
  0.51032130572321932  0.52094996613703770  0.53091124999622374  0.54014831708099265
  0.54985961828859586  0.56044587930574619  0.57121296234763574  0.58198197372500104
  0.59269274839929842  0.60329409307420045  0.61357946805365871  0.62393608040092685
  0.63425757909246094  0.64458425401994235  0.65525197515927402  0.66563262744999119
  0.67565784933920936  0.68560409971287606  0.69669432277829624  0.70812471149451861
  0.71876359385612942  0.72929845330939580  0.73943687574797656  0.74915584742160679
  0.75882043020459200  0.76869796085621811  0.77989071257631093  0.79187738829955789
  0.80424635153639845  0.81599657671848369  0.82676615729096892  0.83712412387519619
  0.84692085227706093  0.85703748197228213  0.86712309407081800  0.87721991260491772
  0.88708337470270104  0.89726636241349733  0.90731852902684673  0.91737542511126491
  0.92742610357535393  0.93814079886445911  0.94886058313185162  0.95982696732460182
  0.97024475244341324  0.98034541118619789  0.99024656123910038  1.00000000000000000
  0.05861047770776289  0.06173059828246951  0.06502606612138308  0.06803722065383980
  0.07065802688470771  0.07309759555326935  0.07544018905143092  0.07766732099765387
  0.07973605233080157  0.08165452494482872  0.08348808478130389  0.08521843949819560
  0.08688908367910696  0.08852983929747363  0.09011971175949292  0.09166988429361057
  0.09320013819397267  0.09475598282593140  0.09631830584720381  0.09787440466101266
  0.09940769440566974  0.10092565437286757  0.10242082754805057  0.10391794409845101
  0.10540850371039323  0.10687225361860138  0.10831010497221190  0.10974691785420690
  0.11120361493832738  0.11264292181706639  0.11407164157109274  0.11550474140680438
  0.11693587357840615  0.11840984134542497  0.11984567413795710  0.12128661506137206
  0.12265646310151593  0.12404254895509775  0.12544601057793761  0.12687114928067023
  0.12833450072816696  0.12976799255324040  0.13119234620539760  0.13263054382274758
  0.13408876995388899  0.13558705420084291  0.13714854138437707  0.13882219637271825
  0.14059418351348771  0.14236710943313882  0.14405981908632678  0.14568048382060905
  0.14727074259752629  0.14889540705757429  0.15060176944607556  0.15239163767523814
  0.15416388309043377  0.15596330365104488  0.15784619703199704  0.15987314849902348
  0.16196867639038609  0.16417924163214054  0.16631564447089225  0.16880214577272296
  0.17122003502642621  0.17372456522567009  0.17629124326016102  0.17897167555756255
  0.18154646662987708  0.18398136782231275  0.18624177785418738  0.18861966953175782
  0.19128039247092954  0.19405223172751024  0.19684814578430729  0.19948163361848090
  0.20192376890882111  0.20439722136532171  0.20712439483399497  0.21041546529981073
  0.21424332579537619  0.21889841555078043  0.22320569567062373  0.22803311592331202
  0.23321177765890061  0.23850440541520079  0.24433670309621103  0.25160405005250358
  0.26028937685467285  0.27148528486701395  0.28632909999090728  0.30422438914694216
  0.32842315623884222  0.36757553254022768  0.93095189405347201  1.00000000000000000
 -0.00322985378282584  0.01311527672681665  0.02762929611316770  0.04255235037313004
  0.05751794466706489  0.07226984403128595  0.08596907342187000  0.09924257692992816
  0.11148109161729847  0.12352149100084886  0.13553604465501609  0.14745878549393776
  0.15919166894302339  0.17091731095768881  0.18255885949720257  0.19418346550586227
  0.20593818424548588  0.21746591661383807  0.22859052514574571  0.23933000739767704
  0.25002049736912746  0.26067212271420576  0.27089461347904109  0.28087673607564101
  0.29092903243128176  0.30101162924324343  0.31081973474543778  0.32018852529221992
  0.32932563604240822  0.33877915265795383  0.34840272222965679  0.35775670900324880
  0.36687120823003266  0.37601991557714598  0.38543439502346155  0.39493131619022864
  0.40403055401574378  0.41279539713533403  0.42143533439698722  0.42961100416378639
  0.43803242545061749  0.44666352079282412  0.45541377829560153  0.46375735657182138
  0.47231084028396186  0.48059501226103379  0.48889768702701231  0.49702386404399768
  0.50499150727608888  0.51277597359674143  0.52055763698632307  0.52869513434585791
  0.53703441406570840  0.54551632738426203  0.55425568718911622  0.56359326868786741
  0.57322266006665901  0.58318605855127970  0.59293019146815906  0.60275033736836026
  0.61245378522500438  0.62231335790135434  0.63160798213889313  0.64101489424716696
  0.65105809532807102  0.66126201213367886  0.67117272140467021  0.68077865037440566
  0.69042887897118410  0.70049036656651509  0.71082778861705009  0.72130225390375979
  0.73182197474442345  0.74247257062889260  0.75343150483202470  0.76489952481238321
  0.77643585973690743  0.78750973687227643  0.79880112634413447  0.81039502612696823
  0.82096659406951389  0.83105213643657772  0.84152663481232370  0.85263126746698914
  0.86423710003802068  0.87625394987879557  0.88899238329901975  0.90135956695596064
  0.91338469236707354  0.92537564772577230  0.93712395336755261  0.94896483528133879
  0.96085423710785745  0.97341298070753657  0.98669584324842208  1.00000000000000000
  0.11504060237114190  0.19506330410751091  0.24163542584572748  0.27202957783683412
  0.29311896108009616  0.31032682606330791  0.32587343790281875  0.33941805621837212
  0.34992900085125661  0.35964288698023728  0.36938732149986492  0.37897921064004164
  0.38857865146167986  0.39789307435660737  0.40639055231718507  0.41383323649805959
  0.42073554935924656  0.42759306582096801  0.43456012677681100  0.44135451755637317
  0.44758040920720021  0.45339236289441787  0.45880738786821595  0.46396960220292688
  0.46904574193765552  0.47401358647525982  0.47899798620561335  0.48408107332056893
  0.48934684185757832  0.49474028725167990  0.50002152323726801  0.50483592879409667
  0.50945182248315846  0.51399977844825173  0.51867212746273572  0.52351119248346523
  0.52829943300888704  0.53306718561244371  0.53773446663279612  0.54215381308900668
  0.54631178517292578  0.55039842862191624  0.55457189472607038  0.55862501686789467
  0.56271706669575183  0.56683412523044663  0.57089931305181063  0.57489204060730725
  0.57883868046045284  0.58281923305690309  0.58687858461329245  0.59098325566443544
  0.59511208284267247  0.59912056419666526  0.60279917790766702  0.60669494331430651
  0.61065758103344137  0.61467538216986317  0.61913849438077562  0.62375157443995877
  0.62825136635421286  0.63265994515910073  0.63678865775050009  0.64077604815397982
  0.64479287106407668  0.64899947383703449  0.65328382810126595  0.65762157993240811
  0.66196475072888294  0.66642932179487013  0.67097098323331872  0.67551496729301264
  0.68012321075664783  0.68485291208763355  0.68976258798351064  0.69473730005182255
  0.69962100485056267  0.70451757599481768  0.70954339581498804  0.71470155043308059
  0.72001226775056237  0.72546487286957884  0.73114887454061639  0.73717377129649586
  0.74336361473534796  0.75002281991377273  0.75767884126084273  0.76572470616833643
  0.77395906408140058  0.78280980471789219  0.79265088519327143  0.80423595455549191
  0.81814540197011087  0.83605440200660319  0.86876317154916827  1.00000000000000000
 -0.03271243860646317  0.15715036515678438  0.20011301367824202  0.22559797556599567
  0.24506299522838290  0.26118184682547779  0.27488625951719065  0.28698254523451322
  0.29793254012197867  0.30790105444639143  0.31704582456545399  0.32547586810331269
  0.33326113316091094  0.34049472820553478  0.34716863899423944  0.35359178918648948
  0.35961024097928046  0.36546434793868909  0.37122351457208097  0.37666955684940395
  0.38188350768763607  0.38699342129097369  0.39212258967849034  0.39742808127514145
  0.40284571615737375  0.40840206607381752  0.41372398218204748  0.41883626658819650
  0.42376824853632578  0.42837525011257882  0.43277555281862029  0.43706773749997085
  0.44118473815130244  0.44530632234372980  0.44967233881355534  0.45388767294637095
  0.45783868470860400  0.46168514895897289  0.46549046298679980  0.46925168313714261
  0.47282245890197339  0.47635643123776067  0.47993078530648131  0.48358067083945022
  0.48740838564817113  0.49115288503172921  0.49505585462081186  0.49910156007881873
  0.50306136636033372  0.50689820106972971  0.51063993788072315  0.51436768784392062
  0.51791921295815202  0.52155829500322448  0.52541627390759738  0.52933398978835378
  0.53336886250967364  0.53748074494282183  0.54158784556232598  0.54574237721163921
  0.55001536258873351  0.55432357292157486  0.55851675599783734  0.56268773193858956
  0.56715921571483352  0.57172836562330842  0.57632009096492254  0.58082929809358907
  0.58538011405767809  0.58998294979510491  0.59495841245678227  0.59991530185160480
  0.60494394748693214  0.60979402405596739  0.61484823580499326  0.62003469248730303
  0.62542427130152844  0.63092392094032745  0.63657746828865835  0.64255265953143881
  0.64896931660493540  0.65576891699845830  0.66268978449412441  0.66973095595464882
  0.67728309205112680  0.68568376495532402  0.69539100187772751  0.70584712522318982
  0.71633397084438322  0.72808520580466807  0.74260770912680452  0.75804018980080212
  0.77503442099134856  0.80049835367920497  0.84377512333170734  1.00000000000000000
   4.3492360754515660E-011  -1.0000000000000000     
 F F F F F F F F F F F F F F F F F F F F F F F F F F F F F F F F F F F F F F F F F F F F F F F F F F F F F F F F F F F F F F F F F F F F F F F F F F F F F F F F F F F F F F F F F F F F F F F F F F F F F F F F F F F F F F F F F F F F F F F F F F F F F F F F
  <DiscreteSampler_grid>
  grouped_processes
  1 # 1 for a reference and 2 for a running grid.
  10 # Attribute 'min_bin_probing_points' of the grid.
  1 # Attribute 'grid_mode' of the grid. 1=='default',2=='initialization'
  0.0000000000000000 # Attribute 'small_contrib_threshold' of the grid.
  0.5000000000000000 # Attribute 'damping_power' of the grid.
 # binID   n_entries weight   weight_sqr   abs_weight
    10   10   1.694982416978679E+002   2.470813549119578E+005   1.694982416978679E+002
    16   10   1.694982416978679E+002   2.470813549119577E+005   1.694982416978679E+002
    22   10   1.694982416978680E+002   2.470813549119580E+005   1.694982416978680E+002
    28   10   1.694982416978679E+002   2.470813549119580E+005   1.694982416978679E+002
  </DiscreteSampler_grid>
