  0.05316638430867231  0.05339598222245619  0.05372795907641235  0.05389512712377274
  0.05409487915891215  0.05430920297774469  0.05452378079379910  0.05473006828651036
  0.05492116274365516  0.05512228126239039  0.05532458830653984  0.05553042621817762
  0.05573956354388997  0.05594899713852558  0.05615767019352087  0.05636540743878708
  0.05656970584868263  0.05677064594300874  0.05697072868750950  0.05717128382228100
  0.05738045254520879  0.05759661986476988  0.05781775261018077  0.05803704314300894
  0.05825778966118010  0.05848127005361160  0.05870636431413542  0.05893535424070351
  0.05917265691785436  0.05941994618315554  0.05967191820916939  0.05993016630105187
  0.06018844559486117  0.06045007924252029  0.06071665508940733  0.06098773150544397
  0.06125990309486202  0.06153426030191443  0.06181086720049647  0.06208631255657202
  0.06236881858589415  0.06264510690523599  0.06293043759373897  0.06321953683188897
  0.06352646832963586  0.06385127652292126  0.06418350669094020  0.06451101819895465
  0.06483832200743650  0.06517505112160464  0.06550231639841790  0.06581798753786697
  0.06614755640503224  0.06649523697372579  0.06685405506491696  0.06722173706370169
  0.06760729863848668  0.06801024889658920  0.06841925732953746  0.06883412512822584
  0.06925926327531516  0.06969432518769604  0.07013248929684249  0.07058328498113760
  0.07106679251801806  0.07157593785042229  0.07210626209021327  0.07269596873386670
  0.07333645314146676  0.07398547857427705  0.07463103602950363  0.07527805211006791
  0.07596154342521085  0.07668059732122864  0.07745289044312718  0.07828824573265707
  0.07919833103820501  0.08016078765656266  0.08119259155661467  0.08226740367908036
  0.08341947876056138  0.08472445731675825  0.08617785026577078  0.08777009343651675
  0.08931651012543819  0.09120460680605055  0.09349349915763160  0.09640038908593565
  0.09962056432247948  0.10309082075393183  0.10742884882922121  0.11302340487151444
  0.11952842895796814  0.13115682207265961  0.15302804006340520  1.00000000000000000
  0.05669732507120101  0.07016381297669622  0.07731719023088536  0.08256734496431199
  0.08663854704626760  0.09011761679193027  0.09342070013693740  0.09657207386277432
  0.09950295478856813  0.10225810198686308  0.10487972876887895  0.10735419525166859
  0.10963731013012240  0.11177244046724270  0.11386984305265463  0.11598977851085146
  0.11814591974912340  0.12031623974950201  0.12229514739051767  0.12415972311834038
  0.12604025839523300  0.12793365803682244  0.12980557851240790  0.13160623533090968
  0.13334061280600906  0.13513619074904124  0.13696864652835175  0.13877815475476585
  0.14057532235186318  0.14239477751620250  0.14424677913395015  0.14610587567794861
  0.14795195645084253  0.14982070587045229  0.15172788097977283  0.15368216728839748
  0.15571368894076046  0.15773158385227160  0.15952285037479802  0.16112525470333736
  0.16268964646775344  0.16430143690224625  0.16601556506446211  0.16781830487296853
  0.16961187869655089  0.17135760228376448  0.17306739304458960  0.17474438863822886
  0.17654666141986555  0.17865097776049196  0.18088232600776055  0.18307469130346521
  0.18522262904132814  0.18733234280187994  0.18939697777767037  0.19143994279967694
  0.19347153754871846  0.19549187489742811  0.19753177060506683  0.19958700694274706
  0.20172748109072394  0.20412011028350763  0.20693509620001768  0.20968025862204340
  0.21238933689742134  0.21504130973656232  0.21774665644889782  0.22047097494210158
  0.22312645594470742  0.22585875997902946  0.22875103744036507  0.23162052566639149
  0.23490799265469817  0.23855193768136190  0.24248626577791779  0.24651463217873726
  0.25056888985861758  0.25452704439077339  0.25825182284513243  0.26166733623529975
  0.26498144938211132  0.26860055973579322  0.27255858834057323  0.27680218923065170
  0.28171779523638169  0.28759794447186215  0.29415022542448727  0.30104971804491343
  0.30737358013810218  0.31407434865322770  0.32111721085515621  0.32930352405486479
  0.33871423797277372  0.37044962381344482  0.93300772818248368  1.00000000000000000
  0.00018708772831589  0.00042966692176746  0.00054680176049896  0.00064161109044561
  0.00072874718083939  0.00081091379943602  0.00089004300230316  0.00096785355653792
  0.00104733244521903  0.00112672146958925  0.00120323994519055  0.00127566036643004
  0.00134659588692774  0.00141930564031098  0.00149471609699751  0.00156951025463806
  0.00164185492741468  0.00171598154957344  0.00179433799006727  0.00187634695503648
  0.00195820074064198  0.00203549699973374  0.00210775383742254  0.00218077769933619
  0.00225763142852386  0.00233594934011170  0.00241428632034523  0.00249217173849214
  0.00257008483897466  0.00264781417089730  0.00273346189034347  0.00282441068537595
  0.00291881232713679  0.00302378012809551  0.00314521747460192  0.00327648435872025
  0.00341008301923459  0.00354272442265336  0.00367175884917293  0.00379487197956170
  0.00391906550004239  0.00405791454473132  0.00420917680294486  0.00436535980127506
  0.00452636181935432  0.00469127442573593  0.00486084703408595  0.00504819897222128
  0.00525275866182266  0.00545657987026902  0.00566247582900731  0.00587931693694069
  0.00611717898580342  0.00637123885829199  0.00663576767958580  0.00690803034671750
  0.00719013941273644  0.00748355393995344  0.00779107001770018  0.00811672940198864
  0.00847046255619378  0.00885877718819946  0.00928484090888295  0.00973575711590065
  0.01020358834380430  0.01070329509761878  0.01122629177758657  0.01179132843477632
  0.01240475127979634  0.01305751523079747  0.01374490605118853  0.01444636628894306
  0.01519126278162635  0.01601375501690668  0.01691564332937328  0.01785379141748209
  0.01891129692636730  0.02012317479372333  0.02145179391768383  0.02295596755700338
  0.02462930813339171  0.02645096000867527  0.02845784614967669  0.03060966586350870
  0.03294881434657642  0.03572083420604873  0.03912721015349304  0.04300605848186276
  0.04743632199642864  0.05301850593418347  0.06037045774254934  0.07074943870301957
  0.08827260857804771  0.12214974041387311  0.57727859224402300  1.00000000000000000
 -0.00675970857575734  0.03072810686524172  0.05809458952164405  0.08450675234689251
  0.10878574350876806  0.13055029806122254  0.14977054384023247  0.16641533306407891
  0.18200598801926629  0.19647566247008139  0.20994038766683240  0.22318239795859851
  0.23561489474753813  0.24731536201508028  0.25822450571499206  0.26893673583179550
  0.27872011089602883  0.28839251902102092  0.29832325980061741  0.30867451989409389
  0.31900898476568162  0.32877960111576315  0.33771740763138314  0.34594843209245635
  0.35383515315627556  0.36158024693020696  0.36914964972678604  0.37649561372206802
  0.38336781206207704  0.38994207539194975  0.39659137337886563  0.40350019940214288
  0.41061189941633969  0.41740501504151362  0.42323602241740887  0.42891441540652331
  0.43470622318646940  0.44032667428659356  0.44569490397039835  0.45115566130789825
  0.45692830332705797  0.46277879758696056  0.46833388126561037  0.47361205238711901
  0.47897319654438791  0.48490442856537064  0.49137319002507501  0.49778023615554190
  0.50421236006012171  0.51075567552103407  0.51740558138330839  0.52409348978678305
  0.53081577161913840  0.53728479194389722  0.54381572509144771  0.55040016170231765
  0.55699305899643181  0.56344773948202065  0.56959970667177295  0.57557454952675102
  0.58160005735932430  0.58768880948112867  0.59389739500941452  0.60028843759836137
  0.60674586158128885  0.61300593434443229  0.61903914550543671  0.62528364485355226
  0.63195603307156645  0.63903635651105162  0.64640984465288931  0.65380698646626934
  0.66128288017727088  0.66886828104059615  0.67673637452554813  0.68479385327189368
  0.69298809401126804  0.70187834369119195  0.71156596997046440  0.72152145101163834
  0.73127630795091803  0.74101057927940117  0.75174754273740307  0.76350435505074987
  0.77568192026153115  0.78845920966294236  0.80182202573542016  0.81624325843411105
  0.83230337076715466  0.84999467750421775  0.86802187473585202  0.88742244858713293
  0.90938098027786585  0.93442581817563264  0.96374747516871495  1.00000000000000000
 -0.00259036094837320  0.01050007383267961  0.02072459968167771  0.03027129688540951
  0.03968065908835586  0.04993560548662648  0.06060062906399660  0.07095576780891152
  0.08159253608035842  0.09275455907064901  0.10491227347764066  0.11663564256364470
  0.12815941053673119  0.13862121057545984  0.14891597442847393  0.15868743514466491
  0.16835556532925108  0.17920452483226726  0.18978569077188143  0.20143558969942757
  0.21286053598460963  0.22383345242781261  0.23430578596443916  0.24464024082884475
  0.25486832396376657  0.26531660212740216  0.27596607392239925  0.28650400139914961
  0.29712276397309356  0.30771909915419904  0.31823008836365452  0.32872814174850606
  0.33948344851574974  0.35110632583096257  0.36354401724506341  0.37562529760125213
  0.38563118559398812  0.39473805041101967  0.40365101515218033  0.41260426295910341
  0.42218528063318772  0.43137802278915466  0.44052587624083495  0.45070380095972029
  0.46117352358960706  0.47171202635389375  0.48264839368536133  0.49360553811932284
  0.50403234978717792  0.51386113241248699  0.52392372510728624  0.53457221252003639
  0.54484290644342692  0.55453061117825098  0.56463956860938125  0.57545548673684277
  0.58644397923122993  0.59730006475880582  0.60762862797665795  0.61753004654374544
  0.62743643858904508  0.63760139075847388  0.64783450379406859  0.65784372543737224
  0.66820527919045136  0.67949313358924024  0.69106425886300615  0.70236752722189610
  0.71305588913323892  0.72340801698992674  0.73421976892950280  0.74548722361396158
  0.75674886851384915  0.76781645070549198  0.77891078187844809  0.79002489549196953
  0.80115490052432936  0.81238556130006156  0.82297263485737338  0.83338866903178765
  0.84329980037623309  0.85355006046696580  0.86346334831818961  0.87344677593057318
  0.88386486309409973  0.89535667112445838  0.90610203750030915  0.91646973556209843
  0.92680747373733430  0.93692586182445425  0.94671550795699044  0.95639271403834525
  0.96645317664530817  0.97756257885838760  0.98855284273588329  1.00000000000000000
 -0.03112784446665690  0.14252610702121110  0.18807132669550874  0.21440938346960217
  0.23470996909057151  0.25095152653860847  0.26446506198586639  0.27629490312835325
  0.28711500399154577  0.29723702103700989  0.30595855612814221  0.31408518477808017
  0.32175210882225069  0.32888145027865495  0.33551440689263018  0.34190602898280770
  0.34787723733666370  0.35363638005825848  0.35901082268166079  0.36408506143263031
  0.36888841811934497  0.37352810136516318  0.37828584816827726  0.38325632397367454
  0.38832743004599052  0.39323884769528622  0.39777059283359001  0.40190734336594602
  0.40581980541265245  0.40980661516246486  0.41389091330535410  0.41802222648804849
  0.42196122338461323  0.42567213866828041  0.42946787438363832  0.43338032580002578
  0.43728625794911069  0.44106049674821324  0.44469666960831039  0.44829245926238387
  0.45192022468684512  0.45552172464173463  0.45919516576919117  0.46278716373767781
  0.46635235263532848  0.46983048601250466  0.47329859097261862  0.47670588654568880
  0.48026712220706591  0.48416235463645252  0.48836214536186823  0.49263340456181232
  0.49680225488760060  0.50083629589866530  0.50476567806702155  0.50867930149388030
  0.51260027580134571  0.51651170265513502  0.52027288076523004  0.52390270984829457
  0.52750444260095186  0.53140624336106157  0.53579677411304016  0.54017109001302088
  0.54453508312022525  0.54900953751460468  0.55360023653797064  0.55832290076273861
  0.56301923006240284  0.56756450719240292  0.57198255154398447  0.57645778851552798
  0.58117746573001849  0.58624080592982397  0.59158792211392208  0.59698559393806661
  0.60225882848702661  0.60761235407823677  0.61334316274152600  0.61909821409846155
  0.62520106113903207  0.63184429204470849  0.63881413752991723  0.64627966266983361
  0.65421701152971135  0.66252649332260627  0.67119245479546630  0.68056646471243554
  0.69092094117560976  0.70277976477548121  0.71678580383028456  0.73412029025871672
  0.75591092448788910  0.78419241582019827  0.83372511525215365  1.00000000000000000
 -0.00257751680100049  0.00985583762295094  0.02064180395439612  0.03131376108776841
  0.04202210350306177  0.05282848972398029  0.06367713787312167  0.07448349037352554
  0.08486954292831869  0.09520220008974900  0.10607943791645021  0.11704458951993013
  0.12790787241726792  0.13840773983317470  0.14891543973529750  0.15952723357385740
  0.17043694747672936  0.18145913797874272  0.19267087486752371  0.20379616408401557
  0.21434025897493109  0.22430317348207512  0.23404995500335832  0.24373918420448865
  0.25399913238055122  0.26460888296648982  0.27440098213412595  0.28353241207745783
  0.29273593252821839  0.30169034565984970  0.31060829048982397  0.31951899224314656
  0.32843906461144373  0.33801669850518096  0.34796996208384912  0.35792886939786900
  0.36780838998498222  0.37777534137485552  0.38784965030286928  0.39804978635847121
  0.40853398326437856  0.41921884217238292  0.43013025678407169  0.44117967269702513
  0.45233765622466032  0.46351454310562612  0.47448638051629033  0.48533660273662932
  0.49641869403938926  0.50782194762033628  0.51964486273281862  0.53162649138138163
  0.54308349060845962  0.55385209177996686  0.56402389185546320  0.57367550607380047
  0.58365553350503774  0.59404036974745034  0.60480497217851970  0.61608868634082514
  0.62850411958288266  0.64179533639510833  0.65544354318494968  0.66820783151615748
  0.68021032083454369  0.69168908766820691  0.70287067509293377  0.71434480257085253
  0.72561431034040635  0.73629532001578690  0.74643215833236753  0.75673988959911997
  0.76737315801458716  0.77836015206772258  0.78886658777067020  0.79873149826644407
  0.80804873019153378  0.81785192700915810  0.82863215883257602  0.83902367133203126
  0.84853606740491827  0.85779656892962919  0.86708708576087223  0.87620498830971316
  0.88516620522135359  0.89454410268477957  0.90457065589009455  0.91491215024098305
  0.92572228597092432  0.93676801516600305  0.94792522465262663  0.95899554222548311
  0.96961870682092555  0.97995836026090155  0.98991273304915584  1.00000000000000000
 -0.00293335575360086  0.01046803676803329  0.02210139419509004  0.03258859510070579
  0.04307446221105760  0.05349295910847428  0.06402326298959359  0.07349888525879322
  0.08342478408084192  0.09106491706168468  0.09949298390334638  0.10855507952478737
  0.11786740447603467  0.12739415054124420  0.13668219255671840  0.14624742791703818
  0.15701843283414990  0.16797147931376288  0.17847195864083748  0.18910671969927606
  0.20012891043449202  0.21090264809634610  0.22089855801968067  0.23044938461673620
  0.24016631529450252  0.25034544738917502  0.26051451544954579  0.27108355405718654
  0.28247822604575673  0.29390236936561526  0.30511615490945981  0.31640649579475766
  0.32779289141139184  0.33919465331932674  0.35027444011340492  0.36094380591648062
  0.37160742598868379  0.38242272571271413  0.39310795454798875  0.40317774454145622
  0.41347215803524490  0.42429982209996242  0.43558887584671768  0.44750959783901939
  0.45963501320739009  0.46980143649779155  0.48071946099689711  0.49090684889369540
  0.50105085311210373  0.51112517528574897  0.52204013857310749  0.53458642384534638
  0.54612002474041643  0.55650970848122328  0.56706318499553110  0.57707394793085265
  0.58644682388540803  0.59513413790218361  0.60451807768421739  0.61539642284601848
  0.62635303048500479  0.63603354244064048  0.64524191084397053  0.65439089046759824
  0.66398343740092292  0.67419571285325464  0.68467697070410227  0.69539166153654530
  0.70675189023294394  0.71846045025957095  0.72982491833498153  0.74048034060006485
  0.75059113005821598  0.76096976685382212  0.77184916266731862  0.78303513228586064
  0.79400019802428001  0.80476335357964568  0.81551261464499714  0.82611353702838652
  0.83665728452654964  0.84708340180535502  0.85746751500851748  0.86785212240810461
  0.87857656670874851  0.88966701161719708  0.90068248596887213  0.91150494242956392
  0.92229293303629489  0.93347330426202901  0.94451062438417765  0.95500213533135747
  0.96610215474847771  0.97814986267835902  0.98902059504606399  1.00000000000000000
  0.11339098444253734  0.27368610731070969  0.32190017601014398  0.35462021460325394
  0.37747899225298420  0.39732963136189758  0.41106866720391622  0.42424688484799761
  0.43774050864807429  0.45040878328602718  0.46205051515169471  0.47279972769284456
  0.48254165495739737  0.49134553431543049  0.49957386087236777  0.50733359960324242
  0.51467475230202786  0.52136258456463591  0.52744798209110411  0.53338350651750321
  0.53918100817060466  0.54470729358906278  0.54999104877811533  0.55523587843928490
  0.56042989104922103  0.56541714882060379  0.57020300591547668  0.57488524684516851
  0.57962230356665323  0.58425703220134084  0.58867191536521235  0.59300778323772707
  0.59714165640398165  0.60120694895434068  0.60530325802113549  0.60941095528762790
  0.61350310350003523  0.61750959358275104  0.62154145355342427  0.62555301044229583
  0.62958612791260893  0.63338962652292796  0.63697393976506000  0.64043967569272020
  0.64395714294881734  0.64761062749128551  0.65134373656418032  0.65501742942213925
  0.65869593190731546  0.66247872463926549  0.66610450749884897  0.66942301550712957
  0.67259863700279177  0.67574320012508937  0.67885524396854580  0.68196201865275174
  0.68512047721024383  0.68825714622676692  0.69127636555343408  0.69417837676212824
  0.69706622658984496  0.70004872287325703  0.70314321874989316  0.70621287090561080
  0.70922764365997748  0.71222901879396650  0.71532923537246884  0.71857209052658244
  0.72188131404725309  0.72519691886422599  0.72852532949897120  0.73202881700461508
  0.73580180485272850  0.73965031332771758  0.74343386737502981  0.74725078225126262
  0.75117321336466614  0.75504861796638167  0.75885561919705402  0.76272878855441262
  0.76671878046672626  0.77135865249045343  0.77667881682328332  0.78223614239424422
  0.78776193160208996  0.79335161178746361  0.79910867838709498  0.80501164261056102
  0.81121384860875356  0.81816129549158723  0.82643488739332482  0.83637913788306206
  0.84800559498922135  0.86263323479383924  0.88904075067571420  1.00000000000000000
 -0.03850479326929637  0.17082106392565818  0.21402958138934494  0.23882943716832927
  0.25659185474104418  0.27096794063539564  0.28351760550654653  0.29455977018055801
  0.30453538327190099  0.31378940738809558  0.32239197026315869  0.33037202448899960
  0.33767542631985303  0.34485752305881667  0.35177650379012720  0.35820259106979085
  0.36405031715176428  0.36958870288520040  0.37503238017189960  0.38024978933801823
  0.38524381912874667  0.39008609089182172  0.39469733317957856  0.39940302330435268
  0.40412374676623808  0.40885450973080573  0.41353075336482914  0.41788424605012608
  0.42247126511160937  0.42708545474614940  0.43165156081270456  0.43610137223597734
  0.44033525418376485  0.44465646913650003  0.44897968337240352  0.45325176341268414
  0.45753672729902695  0.46175374912982969  0.46578793608841851  0.46969117184557846
  0.47353172310651459  0.47738117798824453  0.48149289342947083  0.48560360031601690
  0.48960423598803238  0.49356507637103153  0.49741002964521419  0.50112430429376564
  0.50485743494503177  0.50889546128079932  0.51309188127190275  0.51723704258526482
  0.52118079886202573  0.52501493269711186  0.52877036306628045  0.53241512616981490
  0.53619125634744602  0.54005562319003220  0.54364969685911213  0.54726168141062448
  0.55093833599325892  0.55466327848007035  0.55845970445732251  0.56210985461430385
  0.56575180291947247  0.56937907258131337  0.57306427139416949  0.57685019762796896
  0.58081593230440143  0.58488708471223616  0.58901192557517879  0.59318208999677524
  0.59750721000328644  0.60182692996611464  0.60650883264940036  0.61157940578540126
  0.61680778885469956  0.62233171187559821  0.62801472483057019  0.63402637413381702
  0.63990670033078612  0.64597166743047629  0.65254587717703305  0.65963326727824156
  0.66734814799787157  0.67558587546220350  0.68441291364423296  0.69404663346960194
  0.70469550503777389  0.71673176925152038  0.73039886509353968  0.74564193180003235
  0.76348917357863100  0.78671305574164296  0.82762075973892102  1.00000000000000000
   3.8520877431052408E-015  -1.0000000000000000     
 F F F F F F F F F F F F F F F F F F F F F F F F F F F F F F F F F F F F F F F F F F F F F F F F F F F F F F F F F F F F F F F F F F F F F F F F F F F F F F F F F F F F F F F F F F F F F F F F F F F F F F F F F F F F F F F F F F F F F F F F F F F F F F F F
  <DiscreteSampler_grid>
  grouped_processes
  1 # 1 for a reference and 2 for a running grid.
  10 # Attribute 'min_bin_probing_points' of the grid.
  1 # Attribute 'grid_mode' of the grid. 1=='default',2=='initialization'
  0.0000000000000000 # Attribute 'small_contrib_threshold' of the grid.
  0.5000000000000000 # Attribute 'damping_power' of the grid.
 # binID   n_entries weight   weight_sqr   abs_weight
    10   10   1.554400338361943E-003   8.326929472588139E-006   1.554400338361943E-003
    16   10   1.554400338361943E-003   8.326929472588134E-006   1.554400338361943E-003
  </DiscreteSampler_grid>
