  0.05317850768184211  0.05335067099527192  0.05359514552408821  0.05377025116513166
  0.05391890974407723  0.05408249187226172  0.05423473751429680  0.05438143153200872
  0.05452322053910509  0.05466508713392136  0.05480572739828295  0.05494921247665793
  0.05509089840792133  0.05522566565781722  0.05535848563142835  0.05549161407603567
  0.05562712064186805  0.05576295030918905  0.05589545731325979  0.05603011679594491
  0.05616740340211294  0.05630825374924303  0.05645083779170835  0.05659419415575884
  0.05673830262343173  0.05688339674356988  0.05703043066445325  0.05717844123120682
  0.05732583811034519  0.05747379182071324  0.05762339573490396  0.05777478262174360
  0.05792998796550881  0.05808584661511072  0.05823537329753578  0.05838638733765966
  0.05854351141076308  0.05869936824599814  0.05885328087418023  0.05900638525780739
  0.05916682454952419  0.05933409380316267  0.05950218334062724  0.05966907340202397
  0.05983589381616582  0.06000301239876446  0.06018934133004166  0.06037150486851100
  0.06055013460335112  0.06073018968153843  0.06091900452484072  0.06112204287360736
  0.06134316694784873  0.06156583238515348  0.06178353833228734  0.06200091490266690
  0.06221835666061418  0.06243448213034462  0.06265885641305570  0.06288848035668840
  0.06313283419826099  0.06340219171566427  0.06369157846198636  0.06398187819863643
  0.06426974865183531  0.06455487331282406  0.06484564212189334  0.06513904681479399
  0.06547109528697517  0.06585986822365594  0.06625629016906799  0.06665711767785101
  0.06708681151746058  0.06754792437622235  0.06800815221568048  0.06850710147512641
  0.06903546318118191  0.06960338978191810  0.07023446330896481  0.07091917995721161
  0.07163097520099955  0.07239090212589874  0.07327414033383811  0.07424561019154061
  0.07530033880052761  0.07647178935077728  0.07781162811497055  0.07943426361534911
  0.08141518336434371  0.08395039554516301  0.08727333732976091  0.09189761259927970
  0.09899562408997684  0.11438821516799048  0.81041425130185651  1.00000000000000000
  0.05848886823052641  0.06096938698994424  0.06230496442786373  0.06327139072670351
  0.06408575397270655  0.06485557575560420  0.06557834025059267  0.06632130681096007
  0.06706402627793573  0.06780151126746825  0.06848271936059426  0.06915704480013515
  0.06986333850547355  0.07063144555500553  0.07140733749859360  0.07217101819491392
  0.07297007592834051  0.07376390344793320  0.07450903798465866  0.07520671552287075
  0.07589686785023297  0.07657896372302282  0.07725328486691811  0.07791648892293282
  0.07857971569204415  0.07924842601284882  0.07993407561546900  0.08062275372120446
  0.08132518933921053  0.08204613020710011  0.08278635769003907  0.08353487092035548
  0.08429392892417079  0.08505039750398649  0.08580380304345228  0.08651640453715959
  0.08716150335891058  0.08780207500194359  0.08845688385372183  0.08910943245327391
  0.08977858315080048  0.09048276204754721  0.09118968671984963  0.09188093356405241
  0.09257320720031345  0.09328632782381584  0.09405680176153119  0.09486600069764541
  0.09568012073097014  0.09653016207370185  0.09736873300474422  0.09819205812919275
  0.09902113049657804  0.09986276038190615  0.10072361178879599  0.10161430042634517
  0.10249707641142712  0.10335411918437941  0.10422591556872596  0.10509840936193751
  0.10600250683598510  0.10695141523685490  0.10791725350509992  0.10889511488138801
  0.10990825360651917  0.11096079459830036  0.11204335795766737  0.11325221835606951
  0.11454263126630479  0.11584609137088410  0.11726746964363190  0.11876113216107062
  0.12033314304563253  0.12195945768222825  0.12367623584656567  0.12545518282455931
  0.12728545031038849  0.12919016087445689  0.13119154012811426  0.13332862104909723
  0.13562126352774881  0.13820013560457098  0.14116910016348910  0.14453360953821537
  0.14830325200246885  0.15252071497782385  0.15734548510791688  0.16309286041470264
  0.17029743578883055  0.17923839167167158  0.19053033360274504  0.20531676893750311
  0.22799234515522870  0.28247101900788996  0.94672491108708634  1.00000000000000000
 -0.00968613117786903  0.03747278330271904  0.04863629625723067  0.06640757899588907
  0.08177436174008909  0.09844139108936481  0.11534729101972230  0.13054921936760774
  0.14470400210336598  0.15980786480573986  0.17392394038402734  0.18712426481948705
  0.19913955020618138  0.21003317123188092  0.22194496355553961  0.23351662542517118
  0.24404962903009295  0.25324058912554065  0.26220916543910516  0.27111090154617917
  0.28106818662576005  0.29190294789538157  0.30238903119841209  0.31194214648263469
  0.32020648469035023  0.32786040855861698  0.33571741224969548  0.34342485484473850
  0.35111489371564908  0.35911794092654098  0.36712787918433465  0.37467184930273539
  0.38191701341259549  0.38880591302177003  0.39572488175001380  0.40264058002569431
  0.40955162669181994  0.41633197428102003  0.42312945502622812  0.42995125296876663
  0.43658397700327589  0.44327526087014613  0.45004973175024582  0.45659277058125058
  0.46276780842608695  0.46951678371770872  0.47582323958406647  0.48186024774185515
  0.48765399220855421  0.49318963987426301  0.49874641268225955  0.50432560416019201
  0.51024480426968144  0.51628095669671326  0.52232506572140525  0.52888812655638506
  0.53529383782909101  0.54176858505054337  0.54843779827446382  0.55515907815373722
  0.56220810695234114  0.56964510256375456  0.57733183595418947  0.58511841306719525
  0.59299834171397137  0.60099251234246009  0.60941532135058063  0.61813853172550304
  0.62676946626229413  0.63535746922399394  0.64405114255955664  0.65301158787945612
  0.66222756713653885  0.67160609559653595  0.68137581640068556  0.69175242735162834
  0.70262017055785142  0.71380891740158436  0.72473947947704320  0.73629778285276859
  0.74824615100680469  0.76016774247751562  0.77184957125250142  0.78346463735214777
  0.79516053677112675  0.80762111042877760  0.82136509250623735  0.83599905402503472
  0.85091680040229822  0.86646510718802872  0.88510982272954275  0.90573113163056529
  0.92770355018980666  0.95104316935150202  0.97590755044240440  1.00000000000000000
 -0.00211158087339000  0.00857418852764116  0.01717209448913945  0.02633200670646615
  0.03581348191056893  0.04600017127907757  0.05733086513573313  0.06901049197118193
  0.08055810235028933  0.09170046843720245  0.10243127565641477  0.11350486438170242
  0.12443166348104323  0.13434409174048464  0.14414913013380576  0.15419898567094348
  0.16469860513450701  0.17499858076669017  0.18531978858454060  0.19551054127444181
  0.20586947114239132  0.21538913860508413  0.22496691473014446  0.23508287810092099
  0.24495347907052700  0.25444572410268995  0.26367787825711769  0.27373004492804681
  0.28497523872128605  0.29621878643460225  0.30705797258811390  0.31795720760967489
  0.32891124192305227  0.33966907878462316  0.35018095510442221  0.36060843473795384
  0.37097765821859735  0.38106650712138540  0.39095683062069364  0.40103652938001799
  0.41159160158740110  0.42235228103312056  0.43316546642952675  0.44390656508928428
  0.45442175329670642  0.46523031761060268  0.47650669960516517  0.48738565720937871
  0.49745106750856616  0.50738590741464407  0.51731334175462207  0.52735423641619994
  0.53745747056744764  0.54794877821887800  0.55906118609437749  0.57038410994970512
  0.58139923762012213  0.59232965467249232  0.60338858611176815  0.61446141974714041
  0.62524582204355961  0.63484580289521564  0.64380053794158565  0.65309971226480634
  0.66272837500439485  0.67246698974361663  0.68207257844604274  0.69218656466883988
  0.70307720003798824  0.71415217783982621  0.72508340071107569  0.73596572174472663
  0.74693749737085102  0.75801343562894319  0.76893338327897531  0.77950688157184622
  0.79006258387434869  0.80085142093698891  0.81143052560910023  0.82144455925603299
  0.83142223371484436  0.84201667040579431  0.85312996280385922  0.86446127248346394
  0.87569721129408684  0.88676507977128904  0.89792845772094165  0.90935385562293991
  0.92094747350806416  0.93241276097556969  0.94371385996010249  0.95483328670684209
  0.96565736724234319  0.97651417874112889  0.98836150349261198  1.00000000000000000
 -0.02566558664287995  0.11206991193992713  0.16142765138938500  0.19029700520325687
  0.21151913175733147  0.22897600410457028  0.24365376219451301  0.25624236829418329
  0.26737555900031612  0.27760413272629991  0.28735817491359850  0.29655849923673200
  0.30518592176280956  0.31333015878585008  0.32104923307039507  0.32810030939884943
  0.33448986860938912  0.34061001664282720  0.34654249147608290  0.35260937842639550
  0.35917212792326808  0.36587626510087612  0.37237531608865171  0.37862318196218031
  0.38457679569687792  0.39036707279386690  0.39590871360043162  0.40112845529971297
  0.40620709228266799  0.41122503844592739  0.41615854176755934  0.42099042280851257
  0.42566549785720886  0.43014441099888490  0.43454880695551151  0.43901771187591276
  0.44362997465265525  0.44822625871199540  0.45280235413815784  0.45729565451585164
  0.46174158995246256  0.46616735596168041  0.47055379197567787  0.47486250849413075
  0.47914679886522310  0.48358664820988750  0.48787732392741179  0.49202478760362828
  0.49606858450185742  0.50010751500092421  0.50431966795571248  0.50853798990112975
  0.51272206762770212  0.51679390118100410  0.52093159934337840  0.52523841847541830
  0.52956969954880628  0.53391606583854911  0.53837325565957461  0.54292442346892278
  0.54756903592872230  0.55232931901783056  0.55711789616018192  0.56199392715661445
  0.56702992222581716  0.57224556614541400  0.57728553932979643  0.58232347283318719
  0.58779299083171488  0.59359266783450559  0.59942849412192711  0.60526989297072120
  0.61126806811329537  0.61742390861188756  0.62376279747061536  0.63025019331626853
  0.63678866812302504  0.64359162746315890  0.65066771119090394  0.65808708179684661
  0.66577384248771021  0.67375125232772537  0.68206767212956032  0.69086265025452032
  0.70016307079223949  0.71004262026394349  0.72060461823152266  0.73173193504504463
  0.74359519999124135  0.75648510145291159  0.77127492157991584  0.78945659692732406
  0.81157800193433449  0.83903347118978322  0.88537547960515650  1.00000000000000000
 -0.00234891670666340  0.00904632438367121  0.01936991887495196  0.03057578375819333
  0.04179652042829854  0.05274741165042757  0.06399225183866745  0.07564558427642634
  0.08726561990802961  0.09883348074316463  0.11022610655876176  0.12112337702380697
  0.13135630181559535  0.14118764093222974  0.15125913470200714  0.16130102753239470
  0.17143158944370576  0.18144030543149547  0.19171629454900704  0.20251896203236336
  0.21356354719665427  0.22418643208688901  0.23450718850981833  0.24482492171057996
  0.25540255379394777  0.26639754711241792  0.27789368181539514  0.28955046753452535
  0.30100380900989815  0.31223554194393949  0.32356226503548163  0.33487774409031079
  0.34593284684845288  0.35674768562131870  0.36751027411966408  0.37843572684941901
  0.38972527816248154  0.40138810729733582  0.41341167911897730  0.42579503804014118
  0.43787638846681981  0.44859450960817199  0.45872151657658022  0.46829420329007004
  0.47756788207973794  0.48653617306612990  0.49552997020654682  0.50479614526718919
  0.51395063012611564  0.52345607513783454  0.53351371735332243  0.54355775489747138
  0.55370779119695501  0.56440193143551798  0.57543540949634864  0.58620691431591820
  0.59655159932768254  0.60669198603032581  0.61681089392222721  0.62761261966138160
  0.63915554906942451  0.65083169284261677  0.66245896643891622  0.67408919767247844
  0.68573357691116810  0.69730404368460108  0.70841319870457742  0.71887259111364021
  0.72917632252983333  0.73969123288451633  0.75012569998706013  0.76035708422850090
  0.77070447157887001  0.78161275565965482  0.79270751752806701  0.80349026790014488
  0.81416324380079819  0.82502863389980152  0.83526572839859137  0.84465616386697984
  0.85435246201268733  0.86401232935732086  0.87350081673493696  0.88309724572637227
  0.89331627669958835  0.90344679601629174  0.91296895357470720  0.92223017860343415
  0.93130441087816018  0.94035685611282571  0.94982850468960678  0.95773430436640827
  0.96915483079774212  0.97970296869463769  0.98988119603954305  1.00000000000000000
 -0.03715140911230032  0.16465530637343778  0.21254843968262399  0.23800329466187506
  0.25702423981350270  0.27229791809387038  0.28495744292870800  0.29567048716834859
  0.30525995457375221  0.31426491440720988  0.32280692795439497  0.33082378681644564
  0.33799345296997346  0.34459419028166660  0.35106150320257018  0.35748867189553840
  0.36375257940384598  0.36967041519958238  0.37524739755152120  0.38071210717914550
  0.38593109691772992  0.39083921015773465  0.39571457734352916  0.40072029849010571
  0.40574347670581601  0.41070092788267609  0.41556741056277335  0.42024318635074609
  0.42473637820773985  0.42949717965283374  0.43430422615175224  0.43860779951194118
  0.44277336230932429  0.44690765629800194  0.45100120288549950  0.45508881723241834
  0.45912694127904596  0.46309514671186730  0.46698561887476175  0.47082193309343651
  0.47457802812043415  0.47831383749588829  0.48216168446583457  0.48616571941912223
  0.49027533100037329  0.49427389543702016  0.49809173481009883  0.50183352795205505
  0.50548497226719613  0.50909848854452722  0.51276227376265548  0.51639928844202265
  0.51997843140537847  0.52358448722824902  0.52723716422443767  0.53098145623091064
  0.53478222506220130  0.53847103540920427  0.54209462219381832  0.54580817352282474
  0.54965011744124892  0.55357597577234607  0.55765928359387873  0.56204579006760025
  0.56659402055342956  0.57117147738079110  0.57590573991484639  0.58070151405663528
  0.58540081713673930  0.59009621719758842  0.59495948769472706  0.59963694842132043
  0.60412540094331313  0.60862002670404636  0.61343764809622869  0.61866860489715059
  0.62410032221450684  0.62947977557625623  0.63488212740595251  0.64033561760095237
  0.64602675545154120  0.65219411272465078  0.65856492510432363  0.66509198566028926
  0.67196384047769897  0.67916999000478373  0.68646654712733113  0.69499886178807468
  0.70491473818438222  0.71583471108822172  0.72807366483617775  0.74240480446456825
  0.76065388391242095  0.78701238854219613  0.83365432900174885  1.00000000000000000
 -0.00207666587339251  0.00812854475302382  0.01837744863130025  0.02877721029757744
  0.03939375303142678  0.05033737121950337  0.06139644527188872  0.07267925362428579
  0.08350133243133290  0.09366078947440012  0.10366245230749897  0.11365994412540713
  0.12438134005994621  0.13597036323671174  0.14696007179215159  0.15664542333815870
  0.16645895102720704  0.17708652082679371  0.18777787509889302  0.19773815554810784
  0.20744157988133763  0.21872612508165121  0.23074627307959128  0.24175928732900850
  0.25266321702331523  0.26336791673026971  0.27430555484375901  0.28537436371415259
  0.29598231881007303  0.30593323725888116  0.31495731623471412  0.32403418336764894
  0.33384777092415374  0.34368760579115287  0.35379605039038858  0.36513311222802297
  0.37633586150867193  0.38676209924549593  0.39680738730382414  0.40694858691083874
  0.41755788295030433  0.42756066253957253  0.43718476117141869  0.44867572737766520
  0.46092142275178222  0.47310432681091219  0.48530151263762228  0.49741918887564823
  0.50916725494174564  0.52009320377567458  0.53011910887595559  0.53979582605411491
  0.54946684974140303  0.55914626339888018  0.56884197715953522  0.57818135089671330
  0.58799179374762200  0.59895976606058510  0.61067318702420503  0.62247724532669280
  0.63419167711740076  0.64541001176573420  0.65630824186571146  0.66692768396243196
  0.67767902585177930  0.68898743268605256  0.70075377652867243  0.71207110322893863
  0.72229873515488507  0.73190526436936409  0.74160377899348118  0.75143987577934956
  0.76105904267990798  0.77107743259444506  0.78186539470134209  0.79270178799558055
  0.80351617533173092  0.81385319310844872  0.82388636958725259  0.83458537987587034
  0.84594961539603863  0.85727432643861889  0.86803677005712387  0.87881321319051664
  0.88972153520076147  0.90060661049989277  0.91132871961261086  0.92219660248326707
  0.93299999486576624  0.94323817292953627  0.95298639165583443  0.96264858807588360
  0.97244999863734594  0.98202933543371196  0.99113990232229454  1.00000000000000000
  0.07341147229659727  0.42303162786237303  0.48419355616535953  0.51736488904303379
  0.54025032706833165  0.55701744542083620  0.56955554842190392  0.58043575667127145
  0.59051495961470979  0.59920042168693965  0.60707223128606314  0.61441434866363942
  0.62143802820743144  0.62794846596155462  0.63407002122843836  0.63980761089699612
  0.64519826196842411  0.65028865594481911  0.65523924149420743  0.65997260001783919
  0.66442095137350776  0.66852257594737385  0.67225688556793217  0.67580875709597432
  0.67931924690227885  0.68282114181684039  0.68628051515246269  0.68965923967942033
  0.69293667613518106  0.69611278976855584  0.69923327335469099  0.70230926900835078
  0.70541433897186701  0.70850995777480597  0.71159062129306150  0.71463656446476365
  0.71760179402896329  0.72044830334512233  0.72315258018116668  0.72578442850374514
  0.72846385145993908  0.73123811352221313  0.73398558349643717  0.73669059743984000
  0.73935912382186364  0.74206595247875529  0.74478587943181873  0.74742140801670987
  0.74998946320617899  0.75258199191981479  0.75521043595563653  0.75791809409514155
  0.76057559729793323  0.76324649323712135  0.76589074114593170  0.76843443895404429
  0.77091244176338625  0.77340622069573850  0.77591622545252570  0.77840227440996757
  0.78087478245127040  0.78329245731165975  0.78574497360104756  0.78834144085929070
  0.79094376577910119  0.79358269092383271  0.79617761114331964  0.79877484255806941
  0.80138410425708728  0.80399850155637764  0.80661910343267285  0.80928253764368063
  0.81199617444317151  0.81473383711189318  0.81748270552392976  0.82025863465011473
  0.82307224307589710  0.82596960436493516  0.82900201842375520  0.83218841982491454
  0.83539844405214969  0.83859107982468784  0.84185888606835724  0.84529839123385608
  0.84891494947435864  0.85267575589860223  0.85660781552490239  0.86077138449532731
  0.86532374795422073  0.87038161673799819  0.87605873072246132  0.88254943993058443
  0.89026097097993706  0.90035019091588708  0.91855418563320501  1.00000000000000000
 -0.04091043677535172  0.17405306309902840  0.21986108925788939  0.24295608546634809
  0.25982749956212359  0.27397928670915445  0.28611896637788720  0.29681745217631306
  0.30652105144114966  0.31553245808358027  0.32398466239591805  0.33198655693433415
  0.33934192924595435  0.34623596386936878  0.35289973763175858  0.35918809832991189
  0.36525211166024163  0.37111774918402368  0.37671445584011354  0.38211137597678596
  0.38735114116413188  0.39246871410990392  0.39752707780633423  0.40240068251812000
  0.40714831259169104  0.41180119302435203  0.41635315532483264  0.42082176168476676
  0.42518117380537013  0.42948729686116166  0.43367615250783953  0.43785268935578708
  0.44208339897735299  0.44639953384678771  0.45059884596746580  0.45432214230224000
  0.45791384004143937  0.46121001748624563  0.46454409171247990  0.46821803782521482
  0.47217613206048681  0.47606335544174128  0.47980144018529225  0.48347645571138759
  0.48713302699062311  0.49070115433362732  0.49433316318384202  0.49793110650875688
  0.50163254161544391  0.50531308479475290  0.50887782826865702  0.51236862133618011
  0.51589731472031475  0.51941396784829463  0.52279046870393897  0.52697706090040120
  0.53087846332761091  0.53479606204593499  0.53885161024197981  0.54282146953916421
  0.54667775442750222  0.55055758100963070  0.55453163254987992  0.55855050935789985
  0.56253132059959821  0.56646182486734198  0.57048528579734870  0.57471367626935943
  0.57910965949101345  0.58352702892428154  0.58793624998193961  0.59236443693661323
  0.59676758448392742  0.60116965565730218  0.60562582024953637  0.61028740842528306
  0.61532102034736824  0.62069207879670030  0.62616993466778414  0.63180710912829918
  0.63743661419589470  0.64325098410955950  0.64931816608775061  0.65575862357274972
  0.66237358841281369  0.67020516196558189  0.67903584824082663  0.68836219407557497
  0.69850753116812370  0.70989497034033411  0.72298876062531325  0.73822024072630354
  0.75698046160333265  0.78165205140225447  0.82538322658442764  1.00000000000000000
   2.9700360682750855E-019  -1.0000000000000000     
 T T T T T T T T T T T T T T T T T T T T T T T T T T T T T T T T T T T T T T T T T T T T T T T T T T T T T T T T T T T T T T T T F F F F F F F F F F F F F F F F F F F F F F F F F F F F F F F F F F F F F F F F F F F F F F F F F F F F F F F F F F F F F F F F
  <DiscreteSampler_grid>
  grouped_processes
  1 # 1 for a reference and 2 for a running grid.
  10 # Attribute 'min_bin_probing_points' of the grid.
  1 # Attribute 'grid_mode' of the grid. 1=='default',2=='initialization'
  0.0000000000000000 # Attribute 'small_contrib_threshold' of the grid.
  0.5000000000000000 # Attribute 'damping_power' of the grid.
 # binID   n_entries weight   weight_sqr   abs_weight
    10   10   4.570752089770468E-007   1.428720210680813E-012   4.570752089770468E-007
    16   10   4.570752089770468E-007   1.428720210680813E-012   4.570752089770468E-007
  </DiscreteSampler_grid>
