  0.01408170733152240  0.01473836289353638  0.01501688417978576  0.01524444034703181
  0.01543962399548234  0.01560687177723033  0.01576029139031336  0.01591019371220152
  0.01605614311598194  0.01619942548214576  0.01633805927222054  0.01648442126841860
  0.01662149231001792  0.01675250854366879  0.01688370901220484  0.01701654671271750
  0.01714919811518090  0.01728062366785234  0.01741306314190054  0.01754328114210002
  0.01767050956112207  0.01779813034211022  0.01792672347263411  0.01805615387170381
  0.01818455318775625  0.01831221541559159  0.01843946308371451  0.01856563962987301
  0.01869198165188758  0.01881945516828340  0.01894866946294357  0.01908052877425177
  0.01921540741994393  0.01934954303405613  0.01948174735378713  0.01961702191168166
  0.01974966880702358  0.01988116461278398  0.02001462759257526  0.02014617733788231
  0.02028151562822577  0.02041849173065964  0.02056265636494760  0.02071768459447975
  0.02086968323795425  0.02102551781903176  0.02118276172859190  0.02134254833179908
  0.02150091289129623  0.02166077244081401  0.02182540290330777  0.02199624461451758
  0.02217323007883295  0.02235641322529219  0.02254531627681775  0.02273677656536992
  0.02292837115314112  0.02312196523986178  0.02332428569762808  0.02353804678442075
  0.02375971402326265  0.02398461987784531  0.02422036551432769  0.02446996184561645
  0.02472765745416608  0.02499614262594811  0.02527225135174646  0.02555361786878008
  0.02584427049876887  0.02614608971295731  0.02645678909243542  0.02678320758760051
  0.02713645592902153  0.02753238661086187  0.02795561080927901  0.02838714601024128
  0.02885968079419810  0.02938081663774676  0.02993429159632580  0.03050879155764859
  0.03111471296138673  0.03179169347932485  0.03255867015517259  0.03336168279925371
  0.03421334631891792  0.03520851623019203  0.03637333750371995  0.03772425046648540
  0.03949235501838506  0.04205588032953738  0.04576113821096862  0.05103555333624139
  0.06256183942949926  0.20002016730205863  0.72074107349338234  1.00000000000000000
  0.01613971096270643  0.02470186490146266  0.02708282819434468  0.02862152981135320
  0.02991671735308929  0.03110367664412065  0.03219480778771108  0.03318810464733238
  0.03411905773886290  0.03499841878998886  0.03583252692342363  0.03662081451994502
  0.03738792689470166  0.03815965132429677  0.03888644805289623  0.03957121303907103
  0.04025466818575523  0.04088845355330871  0.04150195237564135  0.04214932600958423
  0.04274409004540501  0.04335731157269492  0.04397248773369385  0.04457902826213731
  0.04520058933231386  0.04583197290262131  0.04645423302662318  0.04706595378564622
  0.04766885812843293  0.04826677722752731  0.04886794986517629  0.04950802783100824
  0.05018495623965762  0.05085098818817502  0.05149956980471244  0.05216770783270146
  0.05283639843781716  0.05351383064544527  0.05418565672580371  0.05486621570757944
  0.05555936709176768  0.05625879080031568  0.05694272656130311  0.05761740767260501
  0.05828942698536729  0.05902247966441196  0.05976123486776296  0.06046295689307207
  0.06119058527315169  0.06192106471765890  0.06266984493790762  0.06343610019178565
  0.06419127044433486  0.06495832649680358  0.06576811252735096  0.06661196402511678
  0.06746233811353013  0.06829690341954871  0.06913359688617332  0.06997396939286370
  0.07088662094534431  0.07187187501073572  0.07288674171440483  0.07390855094379213
  0.07498424177589419  0.07612753281876324  0.07731065945749269  0.07855026421605671
  0.07975443097328712  0.08102346381257748  0.08241325485165385  0.08386594864726131
  0.08538862530661374  0.08695641747339512  0.08865860600176653  0.09047169576364922
  0.09245852244522269  0.09459672110163829  0.09686229951065603  0.09924674856349393
  0.10172946795606511  0.10431533877237084  0.10696126474358832  0.11000784641628926
  0.11356357092365801  0.11727424451399826  0.12116527356310226  0.12515753084767953
  0.12974124908489459  0.13515380508680883  0.14241573967104904  0.15225881379980452
  0.16471578664537628  0.18309491048640483  0.32683769449725664  1.00000000000000000
 -0.01100022502751681  0.04889005259702379  0.07070974775204762  0.09306825480375984
  0.11467842912015200  0.13229854220250453  0.14850194190009869  0.16385230356671254
  0.17697792353353650  0.18798082345876432  0.19923780068689834  0.21078775024031832
  0.22276833700220719  0.23425119767430683  0.24564617514002560  0.25668778297998562
  0.26674504303253499  0.27554489545831024  0.28424460100844867  0.29304926417434685
  0.30174534263032476  0.30941508723536809  0.31656302606516251  0.32390992836396637
  0.33145959093048044  0.33974647986712336  0.34844163778149412  0.35671350517300937
  0.36428489188929408  0.37131994934826917  0.37796317537380114  0.38447228109394288
  0.39127153698812883  0.39768953220133169  0.40398143285838983  0.40998470997118053
  0.41612289039139216  0.42213286750800644  0.42814977096395862  0.43408346518353813
  0.44009719908451800  0.44623175353406624  0.45228452527817553  0.45840230422614126
  0.46472769492721261  0.47115248863589676  0.47721239187151571  0.48282049964580637
  0.48835275744145273  0.49384261386613859  0.49928993844547553  0.50476061994140164
  0.51033363988709435  0.51600183063945260  0.52155389750986003  0.52721975254295173
  0.53390357705945801  0.54003807410009930  0.54570955020019152  0.55120415152638325
  0.55691970359216048  0.56289314005145141  0.56912320680044748  0.57549112171841832
  0.58227005184121206  0.58936409118316024  0.59620896310406601  0.60316333426542323
  0.61043631726392611  0.61760485992775482  0.62494978369431409  0.63240935107547236
  0.63982041663812173  0.64728927602486552  0.65475743601636682  0.66233747048194014
  0.67032049105727831  0.67882841915728043  0.68749509038595713  0.69624433291804377
  0.70538958163204235  0.71506992018417270  0.72583478112826072  0.73782041034793999
  0.75040345630910732  0.76293693250559302  0.77551980290990463  0.78830743603700715
  0.80322030906984843  0.82046734016044476  0.84031765093894539  0.86255856870631553
  0.88757980428967376  0.91635087971520468  0.95301334638574431  1.00000000000000000
 -0.00223922498594877  0.00916863410605644  0.01876081570632547  0.02978424611776535
  0.04084151239109990  0.05234996538561961  0.06354796078536236  0.07448188266840716
  0.08512131204633035  0.09535364492085469  0.10498408030417630  0.11395531113670890
  0.12293031128707595  0.13273662548694462  0.14287918439717551  0.15329293996880733
  0.16411959772639093  0.17586549223275788  0.18705810419527186  0.19772120129985463
  0.20798947219032080  0.21859562094954302  0.22972586847699011  0.24129546778416197
  0.25282132714665900  0.26397428076569923  0.27462267007727181  0.28449635368820880
  0.29416112942528932  0.30410729663542674  0.31452774725053573  0.32490692436591340
  0.33563231905251922  0.34629858773857380  0.35764901788440534  0.36908983386482974
  0.38027252354739771  0.39088508908175906  0.40092035593317998  0.41110610133049114
  0.42200716581203995  0.43334178941432816  0.44456794569695551  0.45550196197211723
  0.46641486929825721  0.47724628949098946  0.48759686729000579  0.49749709771021905
  0.50735175372508801  0.51738896270909773  0.52744104635639588  0.53741765099329886
  0.54777317947702986  0.55852548800743440  0.56946563946475004  0.58073841778430546
  0.59238568986200435  0.60419088109004349  0.61578490186263335  0.62708451173866553
  0.63822195871256060  0.64903254388380804  0.65918014044297146  0.66896283035168325
  0.67861638248504341  0.68829078384056885  0.69804206833418747  0.70796897051858509
  0.71805193207234252  0.72781124088805393  0.73675858385790050  0.74586578049599694
  0.75545131502480434  0.76664419508937209  0.77827419528031172  0.78953454491561215
  0.80043418125005128  0.81038420813387901  0.82123840799328185  0.83128929502848492
  0.84040137445015473  0.85086935486285387  0.86087312436894492  0.87043573224878246
  0.88007312041875441  0.89022267589682036  0.89979486891576499  0.91024197095534620
  0.92114543178655328  0.93268803109798815  0.94412902092647144  0.95477684916805716
  0.96505447936383737  0.97546907333208555  0.98664120281225309  1.00000000000000000
 -0.01090991996243583  0.06378181293744173  0.12644869772582829  0.17109689993619764
  0.19991368399168280  0.22073098853829901  0.23765919993677398  0.25251820556501742
  0.26617256539069450  0.27976095620637448  0.29318006715663519  0.30476894349531186
  0.31474352449827830  0.32381404367603661  0.33201363288916436  0.33921252062578899
  0.34627855136363406  0.35361058324238170  0.35997870391312214  0.36573571702327606
  0.37138437297311849  0.37680221099284888  0.38209252943212707  0.38695059557785150
  0.39174994206241281  0.39632791656214073  0.40145985023856479  0.40683410784146878
  0.41217921862960499  0.41717226629674070  0.42249907624535971  0.42779271754029358
  0.43282629625445623  0.43755666616114514  0.44200582235230129  0.44630838676497753
  0.45061273697843196  0.45495737613066367  0.45925179378920494  0.46344725181530833
  0.46755324364833378  0.47157934894962167  0.47559913158033945  0.47968014044342278
  0.48384453231724889  0.48805064334545467  0.49221264897790407  0.49630826854138588
  0.50037555711491799  0.50446347126363000  0.50853432929346831  0.51271525239759008
  0.51701254766555815  0.52127100870176546  0.52544060476915788  0.52968682249285570
  0.53419931682712241  0.53885722055876295  0.54365606052791626  0.54869936062895053
  0.55366042633318591  0.55863560566713566  0.56358673369252710  0.56846008307096441
  0.57329491328007487  0.57825206121929540  0.58335244041575596  0.58842332506010830
  0.59348521438941870  0.59865974946663458  0.60393876748031083  0.60926643354187493
  0.61459441460968511  0.61986841889358768  0.62528146216877023  0.63090131505067759
  0.63678824131866230  0.64305082346528597  0.65003403537349802  0.65780804807610449
  0.66577788195827914  0.67340740140048028  0.68147803516620675  0.69076644087525141
  0.70078839859614162  0.71075572366190531  0.72130295408443690  0.73274452552833980
  0.74655974479423381  0.76281459195152057  0.78068762869333652  0.80080196947953763
  0.82624965820721818  0.86060905568581991  0.91594008004390215  1.00000000000000000
 -0.00226956765644885  0.00921751751261716  0.01860328921755164  0.02755362655041919
  0.03681361037033091  0.04622696258018177  0.05578592687875443  0.06564595469151061
  0.07572466093250166  0.08550785327797746  0.09495925602879593  0.10476102178664656
  0.11513690076162551  0.12536410811084817  0.13512817033478444  0.14500626966432267
  0.15567816637132259  0.16715878393216491  0.17881390054134880  0.19013493230367448
  0.20116369192710404  0.21229311686167790  0.22406175748837800  0.23640817737679087
  0.24887474299072265  0.26076705983519766  0.27163562771942229  0.28311376968789398
  0.29343461438911594  0.30369208714549500  0.31450056589312392  0.32531988474834161
  0.33570291377380446  0.34545640310316139  0.35537648341101685  0.36612138755224038
  0.37747884858739528  0.38779111474785227  0.39769574421609943  0.40785554498867660
  0.41765033213178548  0.42655887108360779  0.43537305216748889  0.44527599254389233
  0.45598648495316374  0.46628102159135187  0.47632315743225406  0.48671564115626237
  0.49828661228562254  0.51074177997623682  0.52275016853792589  0.53331523507960732
  0.54390103597982231  0.55387717023465044  0.56365571313096230  0.57318756003563021
  0.58338997537284321  0.59401717330100490  0.60490504439889548  0.61501171659572396
  0.62512477358954976  0.63522030664640716  0.64584956792867110  0.65673156357411033
  0.66805739770846118  0.67962350853558218  0.69169581528786750  0.70408485806972099
  0.71599332201856070  0.72777742958516622  0.73929823689209562  0.75003049688599532
  0.76034815897393637  0.77031616801394809  0.78071624040841747  0.79140489271142711
  0.80153605428470887  0.81078711365541056  0.81998159114438562  0.82952071441165176
  0.83890433825526656  0.84781464952246854  0.85701872816395408  0.86724740256024435
  0.87808627681349305  0.88828576467817855  0.89898338269817168  0.91065071975772705
  0.92230264787197935  0.93253253829485927  0.94310205320412432  0.95411555572301043
  0.96562979397292292  0.97653872603127601  0.98828415533501157  1.00000000000000000
 -0.01726039955018564  0.08661348873028865  0.13889629801051059  0.17338108407337827
  0.19875199903307489  0.22040954923344525  0.23868245911440839  0.25367774187501174
  0.26694343160652617  0.27892233284698592  0.29034002454929458  0.30129065314726428
  0.31136115409566645  0.31993310597764385  0.32745333856983322  0.33436575630959953
  0.34082906242277133  0.34735993578734403  0.35376064488630293  0.35994807745049762
  0.36596435279493028  0.37179653562125015  0.37736624997217727  0.38292339180151874
  0.38835787971617686  0.39405814238775022  0.39990326539640481  0.40560683149228793
  0.41104639684025912  0.41647864267810564  0.42194418861916166  0.42732843292001849
  0.43261841673125773  0.43783635614866512  0.44290595617265632  0.44766602751118884
  0.45226927323910943  0.45693020498705250  0.46174183509803807  0.46661982314044159
  0.47130203648091140  0.47611935680011763  0.48077118542005021  0.48504394513882121
  0.48926157137988785  0.49342368884177984  0.49751207288884020  0.50153667989625605
  0.50544988800546264  0.50940124929445429  0.51363234021282933  0.51804318926751258
  0.52243753717108932  0.52674029067412831  0.53105604738296652  0.53542055876398342
  0.53962723718267569  0.54377342629023939  0.54797475071440127  0.55220922862338295
  0.55659396213649492  0.56124987980272356  0.56621756764820685  0.57166425888516470
  0.57741116173246743  0.58286963715155327  0.58790866324748681  0.59298532768876644
  0.59831402007979284  0.60348687597884920  0.60854195505671849  0.61374403561992952
  0.61907716900894616  0.62468310586084852  0.63072692645881367  0.63682265249950765
  0.64292042654058990  0.64954328589158250  0.65670230974264643  0.66443182121716327
  0.67313816514577196  0.68238742359715621  0.69124238101322588  0.69956385985548375
  0.70881759256483057  0.71842785007294929  0.72883125131745075  0.73950087212264193
  0.75091901893049873  0.76365982783676700  0.77791005179065142  0.79646033067059629
  0.82199066666008702  0.85845287003114190  0.91825373685666933  1.00000000000000000
 -0.00238731959914884  0.00931157727111131  0.01978667850817821  0.03056183889752437
  0.04178500620893364  0.05318430538175702  0.06423663755724318  0.07443038246608778
  0.08534185283574731  0.09705687440889676  0.10906475091833111  0.12043164142165751
  0.13182529441179508  0.14276808928290008  0.15288482856535204  0.16299018259382730
  0.17323839326985105  0.18409304112096703  0.19499584281655249  0.20589055954614965
  0.21768831082249257  0.22960254944216235  0.24105006727340056  0.25208818864049454
  0.26274613229462229  0.27324326859722831  0.28375323902851673  0.29401224055308739
  0.30412739755041629  0.31452470553515721  0.32543284559945879  0.33677405440903380
  0.34847070392701662  0.36052171247986292  0.37275359774722994  0.38479969040601453
  0.39644761572927428  0.40761642325353786  0.41878269956838943  0.42962268784020086
  0.44066612209133704  0.45166636428765905  0.46321296322491601  0.47557810987290983
  0.48693726896389450  0.49744385080222958  0.50653082303374808  0.51564395025415832
  0.52508766816708974  0.53399653889642051  0.54256994223930211  0.55165093283223010
  0.56103935146548156  0.56980996773184944  0.57871012836948632  0.58830913877032887
  0.59887745084685684  0.60936003926689342  0.61891668427949098  0.62899128020502049
  0.64004309564903628  0.65110544557808692  0.66180676668000260  0.67224430580613148
  0.68279293362785187  0.69360527334933098  0.70439359890337383  0.71478637133520839
  0.72479857642514423  0.73445981914241654  0.74373373039977075  0.75285701989376752
  0.76191230745626004  0.77119237097676197  0.78079058256359313  0.79025685135369161
  0.79933400434128532  0.80830184397748372  0.81769229546251521  0.82828879914308573
  0.83961485944436676  0.85137146597463664  0.86217093838255865  0.87214628341282563
  0.88205678870779503  0.89217541216268570  0.90245606694515745  0.91259921557863677
  0.92296622327679412  0.93365696434079948  0.94470615217315634  0.95606142145980111
  0.96734342407708718  0.97842123283133109  0.98902544461724429  1.00000000000000000
  0.08390631846639870  0.21682121233050888  0.33425079857138351  0.37518877751126928
  0.40162412295181116  0.42180803288457597  0.43830822232149536  0.45296696882837850
  0.46673999350002043  0.47886551000730576  0.49031803051662987  0.50106897539810658
  0.51116161769244761  0.51972290277406485  0.52717150466052298  0.53412760204277554
  0.54081571027496989  0.54719633088749586  0.55329233829020008  0.55921918003990667
  0.56509677057743757  0.57108160386912377  0.57695795023997454  0.58256972728494050
  0.58789787023766271  0.59301420917539038  0.59807868270440445  0.60305738620469773
  0.60785721254919156  0.61251375784235451  0.61711247952336279  0.62161399086481961
  0.62591003631856201  0.63001192326853106  0.63390335790521157  0.63759480131964230
  0.64125624416265747  0.64486046845749045  0.64846439093028907  0.65204911955003475
  0.65550576547091444  0.65880089296500022  0.66210233735640922  0.66531399197291297
  0.66829767772510829  0.67136954386830516  0.67450024975615808  0.67759552228062658
  0.68063697751782259  0.68354373855304684  0.68637193230488402  0.68919785725062777
  0.69204710801107561  0.69492284589366271  0.69783940713914328  0.70073859984849651
  0.70365410480948276  0.70660352333189547  0.70954291866066477  0.71250431840612150
  0.71532318462618338  0.71813710443002432  0.72096308764121686  0.72379845774461093
  0.72678181388467611  0.72985296727778592  0.73308610236206928  0.73634084955645174
  0.73963125101249405  0.74294392220843131  0.74640969096376086  0.75005662836924758
  0.75391664760772081  0.75792906855099307  0.76186555155762326  0.76563842755252265
  0.76940850049914022  0.77319462349120771  0.77706336849079372  0.78106584673657875
  0.78516644829181215  0.78928486847635493  0.79367714165384051  0.79850798887470920
  0.80378616033275874  0.80917282776467148  0.81442045997403811  0.81960705323451999
  0.82490180730416141  0.83053519431811829  0.83740571875556324  0.84599737674495901
  0.85642063935050972  0.87115859018861752  0.89783590348929254  1.00000000000000000
 -0.03846484240452321  0.17150125575634650  0.21881966919545556  0.24409256753819750
  0.26138107248235132  0.27499619372177120  0.28687390197949658  0.29712826379038548
  0.30624658855430942  0.31477236893874883  0.32312809534149767  0.33117922614402784
  0.33850482285628097  0.34517288639123755  0.35145527056460651  0.35755141414572827
  0.36343578988376168  0.36906509609816340  0.37463611675119579  0.38020739130788284
  0.38590421252735685  0.39146699017495951  0.39718894797437226  0.40312472913548769
  0.40883565854410969  0.41407596996444129  0.41912305676207529  0.42382501333346617
  0.42823483793096484  0.43247426438475972  0.43659478381764000  0.44065080610136015
  0.44480637765954117  0.44901271886638716  0.45300615354571794  0.45685734565758296
  0.46062611453593011  0.46436338341308592  0.46802032451547859  0.47154049014798205
  0.47505678005331387  0.47863907209927442  0.48227206695524910  0.48592459914899372
  0.48961146482661011  0.49345427469887826  0.49752620160035749  0.50175215014568619
  0.50604183813875614  0.51039182983439102  0.51470532074753206  0.51886417511164551
  0.52295676940401969  0.52692708970060331  0.53097659015807019  0.53502454151310264
  0.53892150691784402  0.54261401963101641  0.54628878925663726  0.54997809047799207
  0.55375681863515314  0.55777572280864107  0.56196766330700609  0.56621157430871016
  0.57046434269670609  0.57482556830756570  0.57912901309400033  0.58320544076974001
  0.58704447558262285  0.59085364451623235  0.59474747871694311  0.59895946825407054
  0.60346041003259365  0.60821161211209540  0.61313061752782139  0.61804900934954965
  0.62294198092375086  0.62795037037170998  0.63326080321268363  0.63855284623667818
  0.64402293503772712  0.64991252195354554  0.65643673968751892  0.66324776891072879
  0.67035096290769713  0.67805181326343722  0.68609240604308308  0.69469211964089195
  0.70429645095393656  0.71556433188381430  0.72879051923489158  0.74446050580148293
  0.76432212169840208  0.79089628717590388  0.83069202237576512  1.00000000000000000
   1.6967230854695936E-016  -1.0000000000000000     
 F F F F F F F F F F F F F F F F F F F F F F F F F F F F F F F F F F F F F F F F F F F F F F F F F F F F F F F F F F F F F F F F F F F F F F F F F F F F F F F F F F F F F F F F F F F F F F F F F F F F F F F F F F F F F F F F F F F F F F F F F F F F F F F F
  <DiscreteSampler_grid>
  grouped_processes
  1 # 1 for a reference and 2 for a running grid.
  10 # Attribute 'min_bin_probing_points' of the grid.
  1 # Attribute 'grid_mode' of the grid. 1=='default',2=='initialization'
  0.0000000000000000 # Attribute 'small_contrib_threshold' of the grid.
  0.5000000000000000 # Attribute 'damping_power' of the grid.
 # binID   n_entries weight   weight_sqr   abs_weight
    10   10   4.539851168946900E-004   2.030914139161638E-006   4.539851168946900E-004
    16   10   4.539851168946901E-004   2.030914139161639E-006   4.539851168946901E-004
    22   10   4.539851168946901E-004   2.030914139161639E-006   4.539851168946901E-004
    28   10   4.539851168946900E-004   2.030914139161638E-006   4.539851168946900E-004
  </DiscreteSampler_grid>
