  0.00616553592167497  0.00908307883229287  0.01408185387093854  0.01914434360119975
  0.02451865798685043  0.03010948141343597  0.03572396456884736  0.04135591624192360
  0.04705428136893552  0.05281251784373218  0.05859984277387763  0.06445001677809706
  0.07036192244962346  0.07632551862767789  0.08232466588547482  0.08842240559430765
  0.09457137117823990  0.10076499961244419  0.10702691032652809  0.11335643813922539
  0.11973601973182349  0.12617621287138309  0.13269575215667809  0.13928333398823847
  0.14590591391852648  0.15268266231446986  0.15949438851336264  0.16638445384902645
  0.17336236512411776  0.18040995651561570  0.18753200815695345  0.19475458963808595
  0.20206183887774692  0.20944879487920640  0.21694723305506305  0.22453406662207367
  0.23221510370101570  0.24003202547771807  0.24791253522049983  0.25594043536533734
  0.26405482796508006  0.27228916081367199  0.28065248104566470  0.28913186813532743
  0.29774159829928482  0.30647737003671244  0.31533587736253649  0.32436109708051231
  0.33350480883738670  0.34284444669989617  0.35230463490734898  0.36196768863662754
  0.37176779463467030  0.38176868975611883  0.39192133200357482  0.40228636010636215
  0.41281759371557969  0.42357855338273959  0.43452598256458769  0.44572234442552544
  0.45711422294203213  0.46877087165378206  0.48063044427172952  0.49277820729736876
  0.50515456861672636  0.51783509013709583  0.53079451009166800  0.54405630565344176
  0.55760922626876241  0.57146992851689671  0.58561447042874692  0.60009664501207516
  0.61489309693683680  0.63003457358366288  0.64548136659000133  0.66124552145357762
  0.67730241833014015  0.69366295951085433  0.71027028087960309  0.72717607836509690
  0.74426739633260608  0.76155161362825730  0.77899466064344414  0.79655119133589214
  0.81416875557014723  0.83180525887500611  0.84940772612897197  0.86692183070581075
  0.88431659140294749  0.90156081481760886  0.91857990827813185  0.93536519247811412
  0.95188927863891859  0.96814852551209729  0.98414890954440548  1.00000000000000000
 -0.00228160273544222  0.00975327959044965  0.02010097969994112  0.03063109834690065
  0.04121799965029436  0.05169185595827321  0.06215091625023019  0.07253101051059030
  0.08290401708228827  0.09339838469035179  0.10388317097732833  0.11444089940016050
  0.12490685134387705  0.13551095555995002  0.14614449585240052  0.15678671924218249
  0.16737575857638415  0.17787312675903963  0.18839800159071252  0.19897337341680407
  0.20955089468382310  0.22040354242479793  0.23122195877955110  0.24202126286807732
  0.25255331662201003  0.26310593572286406  0.27368250723639398  0.28432930820941871
  0.29500520543461123  0.30570417934311123  0.31632913318603922  0.32699178303831122
  0.33774338135028092  0.34859120272564220  0.35937970214326398  0.37004428850433596
  0.38049795057296215  0.39094451976550509  0.40133002412607655  0.41168691601127844
  0.42190158087767748  0.43222229686104591  0.44271953746811615  0.45332253321166838
  0.46392301573915801  0.47452103599008644  0.48521652697626516  0.49593203233177940
  0.50661897417302260  0.51726601198017153  0.52766897295276949  0.53802385462228586
  0.54845174303364741  0.55897588358561912  0.56943918771463864  0.57982242199629375
  0.59038300701134583  0.60076057422306439  0.61112862897454800  0.62143885708215474
  0.63198964608188934  0.64249163115183339  0.65302629777074628  0.66346870770192590
  0.67392065667405832  0.68430402485099295  0.69480392368186072  0.70542004142683701
  0.71593060581140888  0.72650745250266135  0.73700908193558812  0.74757084262342743
  0.75807102210781174  0.76851974645282162  0.77899525602366437  0.78945977016168656
  0.80000972626818800  0.81046402364573322  0.82093519856293606  0.83125053249857994
  0.84169056456823899  0.85233348301131806  0.86319548637641930  0.87426631341184124
  0.88503713869751466  0.89561488533392308  0.90583876224442161  0.91600600398818377
  0.92637483346268412  0.93675380252339835  0.94722651161410432  0.95769089030284571
  0.96833133350611900  0.97899931025271392  0.98951644170875108  1.00000000000000000
   1.7989135235715145E-007  -1.0000000000000000     
 F F F F F F F F F F F F F F F F F F F F F F F F F F F F F F F F
  <DiscreteSampler_grid>
  grouped_processes
  1 # 1 for a reference and 2 for a running grid.
  10 # Attribute 'min_bin_probing_points' of the grid.
  1 # Attribute 'grid_mode' of the grid. 1=='default',2=='initialization'
  0.0000000000000000 # Attribute 'small_contrib_threshold' of the grid.
  0.5000000000000000 # Attribute 'damping_power' of the grid.
 # binID   n_entries weight   weight_sqr   abs_weight
    10   10   3.010889707442555E+006   1.202074091938835E+013   3.010889707442555E+006
  </DiscreteSampler_grid>
