  0.00070215837431665  0.00156746723231019  0.00247495944085589  0.00304649202334582
  0.00336002293338404  0.00359000667868844  0.00376041772196867  0.00387992857088609
  0.00399500351571295  0.00414102813837858  0.00429056413834854  0.00443214195119769
  0.00455758646731667  0.00465898794937424  0.00474312364638628  0.00483629684613866
  0.00493956174898383  0.00505321218324521  0.00517198903101422  0.00528043617394102
  0.00536779314587202  0.00545859760950575  0.00555154996024566  0.00564307713905093
  0.00573717255544666  0.00583440502193302  0.00594204529208847  0.00604776027389479
  0.00614510055178362  0.00624177487238416  0.00634083690293456  0.00644064858779567
  0.00654563757912480  0.00665229610476423  0.00676274613614421  0.00687525154163728
  0.00698688973932711  0.00710005870366664  0.00722198040964044  0.00736013648568645
  0.00750799370693253  0.00764482891430171  0.00777940622454967  0.00791023140123668
  0.00804372049543670  0.00814974730004868  0.00826971811644026  0.00839225407948104
  0.00851602380110058  0.00865188769391275  0.00880439343570656  0.00896435969872736
  0.00912784148884717  0.00928887229410717  0.00944233072000083  0.00959897846419082
  0.00975928788246656  0.00991708493864617  0.01008108432103407  0.01025677500136005
  0.01044328029131187  0.01063431641251562  0.01082196998404580  0.01102729801343134
  0.01124990039949235  0.01147654476012598  0.01171039819458288  0.01195297309330667
  0.01220881462405136  0.01247741987555737  0.01275659720247613  0.01304404708950349
  0.01336560428034718  0.01373655543543212  0.01413008454350296  0.01453061308853328
  0.01496792852232761  0.01545707321784957  0.01598360921891076  0.01652438118475993
  0.01710954420219892  0.01774932473034598  0.01844963236852380  0.01921373976487130
  0.02008100529351029  0.02107911203710186  0.02221210226469032  0.02360967547596401
  0.02531605802304121  0.02737251644311586  0.02992120825039354  0.03341683660226023
  0.03878465759454466  0.05030461691192571  0.11071853488561399  1.00000000000000000
  0.00021287461450962  0.00032501847847327  0.00038410005452640  0.00042184428773431
  0.00046389373687704  0.00050752938832379  0.00054959675782979  0.00058693501787560
  0.00062072549532328  0.00065477042597564  0.00068923496082463  0.00072447390947897
  0.00075946842088424  0.00079351759102097  0.00082627508808095  0.00085769461729997
  0.00088874513458454  0.00092062734532923  0.00095174039263929  0.00098259108627092
  0.00101433327111266  0.00104600725545817  0.00107808828221120  0.00111134055124990
  0.00114614089547447  0.00118174396244824  0.00121643200362475  0.00125264538019393
  0.00128839096168581  0.00132313677435233  0.00135782176897201  0.00139508011360922
  0.00143396309969485  0.00147252179381017  0.00151433401682093  0.00155645277972270
  0.00159717092538946  0.00163790679721271  0.00167721463171738  0.00171563805280047
  0.00175563305838563  0.00179612877003764  0.00183752440226450  0.00187942911346148
  0.00192384929950013  0.00197095366776042  0.00202210570963280  0.00207225034517907
  0.00212274810528640  0.00217566880775335  0.00223171443727023  0.00229343518518175
  0.00235203674857505  0.00241150360476836  0.00247440907632791  0.00254063569155196
  0.00260800864753107  0.00267847615674696  0.00275319644418765  0.00283381537710508
  0.00291717067086450  0.00300065489918849  0.00309179157530974  0.00318558246786901
  0.00329088179894966  0.00339964411322495  0.00351034465720540  0.00362697086901562
  0.00375826480911479  0.00389674456569707  0.00404630820645927  0.00420595556996203
  0.00437343202000168  0.00455354788861900  0.00475005483251546  0.00496430828422840
  0.00520429693968774  0.00546612510124146  0.00574934138488033  0.00605507784609975
  0.00638963720918697  0.00677521751330635  0.00722134464730122  0.00773643738839570
  0.00831819098539152  0.00899035645935136  0.00980401025557005  0.01080244461545926
  0.01208748917646896  0.01372931949264199  0.01605805293685179  0.02043229713351592
  0.02872167160540664  0.11827454270368171  0.40284916216063527  1.00000000000000000
  0.00232816518992277  0.00239789833653925  0.00250493429629718  0.00260325317685051
  0.00269052919979536  0.00281656976737544  0.00295857182372548  0.00310658442466935
  0.00325559796869028  0.00340305017541728  0.00354094235812837  0.00368743791949662
  0.00384010235686097  0.00399779313411614  0.00417096918190542  0.00435105234277613
  0.00452908377216120  0.00470148431866538  0.00487157237692332  0.00504477172918398
  0.00522341267624619  0.00541051608007195  0.00561333329438230  0.00581411729915773
  0.00599321086336240  0.00613625440673375  0.00628441753242473  0.00644682811632895
  0.00662102087569093  0.00680800475389456  0.00694532183096448  0.00706304254400027
  0.00719932018758975  0.00733993859684886  0.00748358557685154  0.00763442632690509
  0.00779330865440574  0.00795992386412896  0.00813228586520934  0.00830706458178775
  0.00848724243909488  0.00866907463663888  0.00885479766504192  0.00904174941829809
  0.00922831626744630  0.00942282049252088  0.00963170474901332  0.00984791442088024
  0.01006424178321096  0.01028990945822500  0.01053061889019406  0.01078305734524791
  0.01103061787889390  0.01127935007624900  0.01152979534205303  0.01179436216597695
  0.01209004975909302  0.01239794998682639  0.01270817985704967  0.01301358634250659
  0.01332504202672509  0.01366438317301936  0.01401200532419530  0.01437030225695126
  0.01472889626483184  0.01510093462643454  0.01548411307177293  0.01587707250995425
  0.01630740054710742  0.01676395657635880  0.01721220100612662  0.01767793000532749
  0.01817630438309957  0.01868782575981646  0.01920169547703866  0.01974466603435710
  0.02034657175919275  0.02099349356588890  0.02169162151438823  0.02249090278399881
  0.02341780105475568  0.02440596911143772  0.02544512199427816  0.02660796116660633
  0.02791892970963347  0.02928555720009037  0.03073129911638912  0.03236629868039818
  0.03421031774624891  0.03621497412459172  0.03898147428847093  0.04269411983636564
  0.04731224291713989  0.05534437877594846  0.20688598141385528  1.00000000000000000
 -0.00384843170554466  0.01383669983996189  0.02509002030607123  0.03519976580276590
  0.04431766705010794  0.05313689626682645  0.06245169841306721  0.07261851789745734
  0.08254545019049295  0.09218955551708774  0.10198163563163645  0.11190575689739843
  0.12196141314022937  0.13164492389733992  0.14098581224137011  0.15030859185352913
  0.15990800035432709  0.17019614494942584  0.18176282725344883  0.19358407073047029
  0.20497172801720417  0.21543231825167342  0.22534138804885540  0.23515352767175257
  0.24509249364873348  0.25487831516862458  0.26442614674515219  0.27443619341186393
  0.28472448785613130  0.29491499342201866  0.30537901810746343  0.31633468802132203
  0.32656031536037178  0.33667583753656471  0.34718755006710095  0.35815615423717539
  0.36906452196568390  0.37972000232421221  0.39022163242986602  0.40095473500311990
  0.41169052934028300  0.42227685479262478  0.43281961811538616  0.44327763956635385
  0.45385570334568270  0.46434674364387851  0.47456522726613892  0.48499008238812003
  0.49547719213059138  0.50660027615080927  0.51857139091296467  0.53108042573163239
  0.54297959038110455  0.55368989011610770  0.56394224173698559  0.57382812018677842
  0.58362205439813619  0.59315326578086203  0.60252174675815462  0.61237910021512498
  0.62251152672756938  0.63258959942993465  0.64282984100683571  0.65321387606119985
  0.66360998700383811  0.67390804509883628  0.68428676256361365  0.69509544667121037
  0.70611392550437846  0.71676536004140157  0.72731877968242242  0.73836295865847912
  0.74984077527512305  0.76149092823179720  0.77330281288373925  0.78500644550720255
  0.79603133120692837  0.80700767572382348  0.81786849661202066  0.82905262083293929
  0.83944677757848851  0.84941786367674432  0.85982199830027806  0.87052965326780174
  0.88085330793114480  0.89017035102947439  0.89991353116797801  0.91118464330152338
  0.92272011707031765  0.93421821867531618  0.94551972408757157  0.95555708912229498
  0.96636385744949194  0.97789885238543894  0.98952460569848211  1.00000000000000000
  0.01707123794390928  0.02267471430281594  0.02469663041065881  0.02598172108065947
  0.02706140046076799  0.02799393775662187  0.02880482316112187  0.02957405666252895
  0.03027449173499176  0.03097591046099169  0.03168707502546166  0.03239797834357835
  0.03308665756418792  0.03375661676014159  0.03440888888324679  0.03504020225896828
  0.03566695568293039  0.03629221814941203  0.03690965357618659  0.03752008792432165
  0.03813971605685539  0.03876162881554895  0.03938219630174873  0.04006121811274687
  0.04073832975918504  0.04140440149327689  0.04206354647801560  0.04273671386699751
  0.04342442223020741  0.04411098173569333  0.04477928573548179  0.04543487304932291
  0.04608443673119581  0.04674562954627052  0.04742579141531584  0.04810548053213391
  0.04878465720513001  0.04946799743222424  0.05019787156323906  0.05096639181643716
  0.05174192451244816  0.05251365199089688  0.05329507395140375  0.05410068653292711
  0.05494149402393940  0.05579001688662751  0.05663120335483230  0.05746458110705231
  0.05831067192785890  0.05917920152750650  0.06006787157378133  0.06097244866084434
  0.06189469760448400  0.06282073499340939  0.06381412781466848  0.06483750221473306
  0.06593080971645281  0.06710218488073114  0.06829455542965189  0.06947056110512134
  0.07062030746023200  0.07178574905695281  0.07301983380988689  0.07427394905742865
  0.07554357187664409  0.07682479345086757  0.07814440494503722  0.07953736638012650
  0.08094593220168916  0.08227464200076652  0.08366943854415816  0.08513078447829459
  0.08669630145083959  0.08839052359063951  0.09022940861866878  0.09217364710376827
  0.09405228370311497  0.09594148824388313  0.09782221334610097  0.09982173577915655
  0.10206580658444432  0.10479374623288444  0.10806264748488836  0.11144763878034417
  0.11480632562742643  0.11806564744039787  0.12142425657932865  0.12494986545283174
  0.12908709795326859  0.13421325045814148  0.14085188478774338  0.14869224349837770
  0.15798748958908446  0.17179485368291647  0.21317685395738853  1.00000000000000000
 -0.00329532498138386  0.01121589015304124  0.02420886435121915  0.03639468036177988
  0.04813022636765652  0.06001006271477010  0.07213988782856026  0.08445335072095232
  0.09626021920715748  0.10748458195340481  0.11847348499351258  0.12951268397963220
  0.14089223279654553  0.15223156038503566  0.16299825526091577  0.17340941069754789
  0.18393744703392798  0.19476869761544810  0.20583662064256245  0.21708178646297766
  0.22829294823630486  0.23980219043858894  0.25123396090351008  0.26250861609607362
  0.27375998744340724  0.28502298757915362  0.29589913492267306  0.30678044223718198
  0.31735394871927591  0.32799924519563439  0.33802189768270702  0.34749530397919853
  0.35672113179589215  0.36609202285573161  0.37638420889995122  0.38661260799455860
  0.39622509285848961  0.40587006289821731  0.41551762664480990  0.42508781265610995
  0.43477111667226870  0.44458227428074271  0.45472712052739733  0.46525314040778859
  0.47571421395023200  0.48572642221429418  0.49517704147128755  0.50394492114320444
  0.51222704722972356  0.52058754816826480  0.52938195017147771  0.53823939084037498
  0.54761025016767451  0.55687666337533226  0.56689687675496925  0.57758766823957641
  0.58855786155502909  0.59953937415735403  0.60959283180565638  0.61912067424756045
  0.62900204342318922  0.63926223019472217  0.64982452428633608  0.65973932219226517
  0.67027399198348803  0.68142580065702840  0.69254521397643476  0.70287718192791526
  0.71277024103437836  0.72269220399696754  0.73291802334528200  0.74336459130969179
  0.75397331844390447  0.76463160453910661  0.77493688375947967  0.78483004052473182
  0.79479482516200484  0.80478744552663783  0.81468229997318742  0.82461440722816193
  0.83491382631045896  0.84591265230257506  0.85710027304137293  0.86836929175984701
  0.87892426683380243  0.88958783516951456  0.89987622571085057  0.91058690273601539
  0.92107792839156111  0.93236541517491434  0.94352174496596963  0.95457903863235494
  0.96506387128328308  0.97555118126485629  0.98705509424480586  1.00000000000000000
  0.01400348848953193  0.01695584814572626  0.01837273589411909  0.01939139869830168
  0.02028513616074032  0.02121693706731503  0.02224696986440017  0.02322833573136863
  0.02416874671787292  0.02509774647726447  0.02602026552979131  0.02691689726227951
  0.02777924855811963  0.02861710713700469  0.02944918003932476  0.03028807797114754
  0.03114716584481340  0.03201168312016067  0.03285787565011128  0.03367557866381350
  0.03447347315953539  0.03527301824411777  0.03608994085424414  0.03692835058479355
  0.03774198146246667  0.03857094345382935  0.03944482094176262  0.04029345381670613
  0.04116579742746598  0.04201614038433370  0.04282612907983434  0.04361638649509890
  0.04442821548020891  0.04529027847380328  0.04623169790937932  0.04714968846694820
  0.04801469622366415  0.04885585288694992  0.04972315624236391  0.05058624022407323
  0.05148852271316669  0.05239705763896199  0.05331614534533431  0.05421141428422645
  0.05506849893918952  0.05591202140743946  0.05677882681186244  0.05767279004397811
  0.05860077429777404  0.05953403654957269  0.06044515649940500  0.06129945177265807
  0.06216782901151793  0.06312319568184147  0.06420559150379286  0.06529788345068023
  0.06627384927470471  0.06712004891435194  0.06790728962931093  0.06871678546495220
  0.06956034074574237  0.07040984183505755  0.07160228956740647  0.07260062774781445
  0.07357195020564000  0.07455834992454320  0.07570281044014962  0.07750120223491969
  0.07927797600277228  0.08074182347923979  0.08189667167064081  0.08304528377697043
  0.08427957962791091  0.08559882986613224  0.08779215705191679  0.09024681251907014
  0.09261644399900729  0.09463998374610803  0.09611629483658696  0.09731952840000407
  0.09860461346496378  0.09954819674900867  0.10058616003869164  0.10183574913350793
  0.10298991785061082  0.10450354361045029  0.10586563388164519  0.10727739117706250
  0.10886030360368472  0.11045083984431441  0.11205503589168403  0.11373692683407023
  0.11550753323895879  0.11818440838464794  0.62054765613742346  1.00000000000000000
 -0.00198855453308479  0.00764563480015976  0.01639271933840535  0.02538500065977076
  0.03445817994801972  0.04349094978170392  0.05257784453739425  0.06190865040813184
  0.07084845743785222  0.07935660236067797  0.08766781465786409  0.09612551097776741
  0.10481217843223786  0.11354361593004524  0.12208950670696847  0.13098683725999935
  0.14026039663191323  0.14954039089545867  0.15877780565348421  0.16776835729023618
  0.17660019039205593  0.18523698493057147  0.19385730659975423  0.20235770094206507
  0.21121187815566131  0.22042316516795238  0.22979743023959737  0.23927082343333622
  0.24896360195964140  0.25957443147676690  0.27038179796334960  0.28095436490784437
  0.29089109900116317  0.30035327872462275  0.31001768354433235  0.32011332492811756
  0.33109312096700605  0.34242072182100952  0.35421796138836747  0.36768779810448626
  0.38249640882674180  0.39770137443825621  0.41291129483201577  0.42789816214251275
  0.44301170184037869  0.45784548120256019  0.47156856961688037  0.48523551130817699
  0.49828285694884716  0.51054590627281871  0.52333559429133492  0.53728339621105392
  0.55039393945098203  0.56443060060286165  0.58069926829607799  0.59770123961245880
  0.61260786533561906  0.62579536519611922  0.63861451467161789  0.64988232553131675
  0.66023067345335884  0.67116856716458506  0.68323778774594490  0.69546337412623849
  0.70668995184546368  0.71715013812804829  0.72749707739259106  0.73856831267937484
  0.75041029428844119  0.76230599835865986  0.77378407786027026  0.78436671471638730
  0.79460530383743211  0.80458125968663063  0.81404918358445000  0.82322822467839296
  0.83239600999180929  0.84175250880107089  0.85133672673386707  0.86114819633340955
  0.87110544669096590  0.88098584136485714  0.89044068610464966  0.89923304127684278
  0.90746121423005044  0.91545955714995042  0.92319317541700507  0.93087205844017928
  0.93885007041648028  0.94711938790733441  0.95536171286356208  0.96352809767660996
  0.97239170585082302  0.98141982990112342  0.99074127907390774  1.00000000000000000
  0.10942985859076090  0.25789874059949069  0.30719533337143839  0.33316084187649919
  0.35187389814639658  0.36824334153017352  0.38355875716729443  0.39709098261992021
  0.40807803240468238  0.41782929323716272  0.42699630098678087  0.43598067614778546
  0.44477591294111352  0.45248235315386554  0.45913598289548074  0.46499776594113212
  0.47081118532432981  0.47676047271483807  0.48220770510497563  0.48769011300496246
  0.49275146378148016  0.49825497316608408  0.50383367332598361  0.50897187632682872
  0.51388277346899125  0.51836052321881843  0.52256460807912275  0.52683263847692763
  0.53108830330393630  0.53529597005432550  0.53961909565450128  0.54413654181279236
  0.54859238295412349  0.55281892795231313  0.55697028581789876  0.56112346932135870
  0.56524731689055419  0.56918386296648682  0.57291315532398734  0.57656700492678636
  0.58020027394692453  0.58384810178437430  0.58758808723716027  0.59141778255952415
  0.59517772866346519  0.59894534859512127  0.60270258520509923  0.60627790198164633
  0.60962136166042846  0.61305211241545920  0.61663936963803456  0.62027792795785042
  0.62389452900265074  0.62731498260161977  0.63068525603933956  0.63410932064459968
  0.63758669376563271  0.64093717234940917  0.64420209048035293  0.64746278723088824
  0.65082818110050988  0.65435163430868926  0.65782119067859390  0.66131658348113698
  0.66475581045368348  0.66837652754656895  0.67211692355140396  0.67584216379448447
  0.67928198257318873  0.68260498765065725  0.68585678289869800  0.68915053973246787
  0.69278270706195577  0.69671887185093129  0.70079234195541718  0.70490074522714641
  0.70905830738330444  0.71328640035514712  0.71754237359260664  0.72199366151246280
  0.72679322009943226  0.73215320990613098  0.73795014008907234  0.74369493192934322
  0.74986198815117555  0.75623085135968726  0.76297839836468140  0.77015349428243085
  0.77808451822579150  0.78686956974272726  0.79689862232138586  0.80819269648804526
  0.82107356928987529  0.83731021295559060  0.86757118003564559  1.00000000000000000
 -0.03839206683256282  0.17101329343744628  0.21496318545941562  0.24074877658714475
  0.25867371630437658  0.27354917273039975  0.28736037166591732  0.29921703929495264
  0.30921819291119718  0.31820851935593752  0.32620737937060662  0.33347265364493306
  0.34014404760086919  0.34645627840309318  0.35271041573851603  0.35880870324953806
  0.36465711648949917  0.37027781739034421  0.37571413297428674  0.38108352174566662
  0.38633642265081702  0.39144881787703972  0.39648851096912591  0.40139442886528975
  0.40632066656937216  0.41120410530904672  0.41583642537656584  0.42037164145628680
  0.42489468785995338  0.42937746048315245  0.43385544398558529  0.43821296776865198
  0.44232350018036665  0.44609192068043163  0.44986068455054873  0.45373043747370662
  0.45785145075333572  0.46209884986783900  0.46633545754708777  0.47050774008952911
  0.47459918978267512  0.47850782967770239  0.48192545741424508  0.48535748665326633
  0.48884134695123216  0.49233336271917444  0.49593153140238655  0.49965992471245335
  0.50353611440945356  0.50753123724325011  0.51149646536193616  0.51521722896448707
  0.51877240005658776  0.52235375399372452  0.52586474936257011  0.52945777748224443
  0.53311089925418143  0.53671861982710456  0.54046517005438699  0.54426479624347879
  0.54812922579109769  0.55187312978899050  0.55546245132672800  0.55911765824167736
  0.56291364661029064  0.56709607735851109  0.57188683141958041  0.57649137231017722
  0.58124993808338732  0.58584334329505228  0.59049282582242324  0.59525516948747337
  0.60030470096035315  0.60547868269995009  0.61064622832280613  0.61561858946714110
  0.62075016626008983  0.62606519486935475  0.63146814650393257  0.63715102637204302
  0.64299996065363496  0.64932991929616213  0.65609877644863901  0.66330599505905985
  0.67108024801375654  0.67941145589395824  0.68828377622368564  0.69745868392392507
  0.70725596704029359  0.71812135738241467  0.73162059061395923  0.74700951516537395
  0.76403302669925355  0.78726062906272609  0.83148587379890671  1.00000000000000000
   1.3333102288177883E-010  -1.0000000000000000     
 F F F F F F F F F F F F F F F F F F F F F F F F F F F F F F F F F F F F F F F F F F F F F F F F F F F F F F F F F F F F F F F F F F F F F F F F F F F F F F F F F F F F F F F F F F F F F F F F F F F F F F F F F F F F F F F F F F F F F F F F F F F F F F F F
  <DiscreteSampler_grid>
  grouped_processes
  1 # 1 for a reference and 2 for a running grid.
  10 # Attribute 'min_bin_probing_points' of the grid.
  1 # Attribute 'grid_mode' of the grid. 1=='default',2=='initialization'
  0.0000000000000000 # Attribute 'small_contrib_threshold' of the grid.
  0.5000000000000000 # Attribute 'damping_power' of the grid.
 # binID   n_entries weight   weight_sqr   abs_weight
    10   10   8.309132953081096E+002   4.000216874752145E+006   8.309132953081096E+002
    16   10   8.309132953081096E+002   4.000216874752145E+006   8.309132953081096E+002
    22   10   8.309132953081102E+002   4.000216874752148E+006   8.309132953081102E+002
    28   10   8.309132953081096E+002   4.000216874752144E+006   8.309132953081096E+002
  </DiscreteSampler_grid>
