  0.00003705356631641  0.00003856494597964  0.00003986948479910  0.00004124603106323
  0.00004270163294206  0.00004420177865804  0.00004584882202436  0.00004754212952120
  0.00004938375627892  0.00005126801285429  0.00005324590452176  0.00005536514063167
  0.00005768957966386  0.00006021528960722  0.00006289809801990  0.00006565927884589
  0.00006838089313766  0.00007123887572557  0.00007430762147481  0.00007759016972241
  0.00008110210785034  0.00008476048204772  0.00008853945897978  0.00009281921265759
  0.00009753244053536  0.00010249766765479  0.00010776609720709  0.00011328410754316
  0.00011888228665777  0.00012457121070244  0.00013052513328404  0.00013688825245386
  0.00014368586451646  0.00015076618561216  0.00015814956915815  0.00016587212488804
  0.00017388780771371  0.00018210402722448  0.00019064426208225  0.00019971084962476
  0.00020906470194087  0.00021865080348532  0.00022866511540035  0.00023925275342847
  0.00025057343290864  0.00026253252252389  0.00027477589064214  0.00028748336042568
  0.00030053062804396  0.00031455126894413  0.00032940589616161  0.00034482266959265
  0.00036060626436867  0.00037686693473743  0.00039361497756512  0.00041078838426698
  0.00042799090262711  0.00044563696518265  0.00046429664686783  0.00048367872524222
  0.00050372203136073  0.00052438741237443  0.00054575974013369  0.00056807822665273
  0.00059141519361089  0.00061585047331097  0.00064128759215144  0.00066758804043966
  0.00069466340699425  0.00072265305238081  0.00075200979932864  0.00078304223919767
  0.00081582397527036  0.00085032159156171  0.00088687947235667  0.00092590346620646
  0.00096786747184799  0.00101322015287237  0.00106283248346808  0.00111784737728030
  0.00117762314723487  0.00124448565601799  0.00132033366522036  0.00140627263595457
  0.00150701868959238  0.00162940248230799  0.00177844681968057  0.00195802460974638
  0.00219412202706098  0.00252166611600505  0.00300639298502120  0.00384303318366710
  0.00625222345676693  0.04949415066515395  0.55696443004334595  1.00000000000000000
  0.00044436736845071  0.00093013366079935  0.00109885228068979  0.00124090341608444
  0.00138036342417882  0.00150178788919619  0.00161611486224306  0.00172185574708781
  0.00181919265590825  0.00191471454464767  0.00200296484309440  0.00208665534431955
  0.00217180548729855  0.00225709002262486  0.00233891006700855  0.00241980572468743
  0.00250088165710308  0.00258724253535465  0.00267505246825820  0.00276199891342174
  0.00284847700802531  0.00293532277368032  0.00302808939278676  0.00312782161320787
  0.00322660793574237  0.00332314402519932  0.00341870251975803  0.00351054657179589
  0.00360045110186226  0.00369099935809300  0.00378252454884601  0.00387843169448947
  0.00397670760461039  0.00407652865531473  0.00417696166325232  0.00427784902510962
  0.00437894751127574  0.00447733050149368  0.00458284385807729  0.00469599348631959
  0.00481485972120876  0.00493316706757607  0.00504874417836915  0.00516635001980727
  0.00528530189930722  0.00540543048321513  0.00552444748780894  0.00564567453267557
  0.00576985403399912  0.00589806641256636  0.00602971835202193  0.00616378881517001
  0.00630078781250764  0.00644329880239185  0.00659425706346271  0.00675003761975206
  0.00690920755635791  0.00707267972777067  0.00724153327455614  0.00741555035843929
  0.00759584037394143  0.00778206486230697  0.00797335371622017  0.00817128059363202
  0.00838388694649238  0.00860283383982505  0.00882929989825323  0.00906651066096061
  0.00931267506752279  0.00957393533042519  0.00985913175645492  0.01016533785325042
  0.01048917573656913  0.01084034378249049  0.01121370138956878  0.01160921821506027
  0.01203610045977357  0.01250088132140094  0.01300516326095020  0.01355091897397941
  0.01414445946822285  0.01480186587420767  0.01553096148406951  0.01636187950981180
  0.01730352253322549  0.01839583467192613  0.01969797380078942  0.02130044179962970
  0.02337394064172696  0.02614364000688614  0.03026529381151226  0.03656609020685127
  0.04743434338525063  0.09456302707130507  0.67827822708018648  1.00000000000000000
  0.00176451487619975  0.00229567013939683  0.00288194146413129  0.00343876543533503
  0.00394203393585972  0.00438036147284278  0.00482404488411105  0.00525393778196757
  0.00564977477802584  0.00599696530330704  0.00632121613854077  0.00665026958794442
  0.00697203825324527  0.00725313060742429  0.00750276005380072  0.00776565405458866
  0.00802316422578522  0.00827571731224373  0.00852998249703269  0.00878563101218226
  0.00903707107048396  0.00928303484876468  0.00952422426693929  0.00976637639839798
  0.01001315903825564  0.01026161824966172  0.01050997860646510  0.01075821160419776
  0.01101003778862661  0.01126255128534253  0.01151257669727215  0.01175685307184172
  0.01199673321294935  0.01223857388225469  0.01248676730947185  0.01273411109128853
  0.01298095727195942  0.01323318443041531  0.01349280646450541  0.01374838095632090
  0.01400860654437845  0.01427990656506459  0.01455499087072718  0.01483543666117888
  0.01512425288627095  0.01542323919809334  0.01573397463685582  0.01605231189588614
  0.01638025513421061  0.01671787347835981  0.01706782434491817  0.01742862469290725
  0.01780152348654693  0.01818412958889004  0.01857631554835467  0.01897842822805415
  0.01939746255454999  0.01983131576365706  0.02027282935951011  0.02072731764440092
  0.02120554244060088  0.02170005704972598  0.02220839649787025  0.02271970973872373
  0.02325598806413498  0.02382689417064118  0.02443743823542303  0.02507083738451142
  0.02572297963135643  0.02640241681699733  0.02713290554709049  0.02791493324871051
  0.02874005588387123  0.02961116045779732  0.03053995048398052  0.03150867681958026
  0.03251754766950321  0.03362213422866971  0.03486447158591335  0.03621420732474041
  0.03766464699707243  0.03931311256073368  0.04116538653446262  0.04325854887063676
  0.04572244236360448  0.04863068964987355  0.05198738261524742  0.05602894626751569
  0.06137496370960632  0.06861808219276043  0.07542584576798431  0.07772963268894406
  0.09031275933706598  0.13792743781878225  0.59587993474988943  1.00000000000000000
 -0.00170076910179033  0.00639502868965198  0.01422455335974444  0.02200061989382877
  0.02978431513299737  0.03774283180207375  0.04620175013418455  0.05506856754343292
  0.06423376286145899  0.07347849159793103  0.08283330682909103  0.09257420963317879
  0.10244179480860408  0.11228893835663462  0.12248026605741119  0.13319389322766498
  0.14468820207787453  0.15629347439223662  0.16767946325244742  0.17884216985389526
  0.18985423475682028  0.20087201617081682  0.21200033816245659  0.22322551054585549
  0.23461786940077098  0.24604925608881034  0.25743531944685172  0.26866238283722549
  0.27947071168077897  0.29007840672581076  0.30088904592299975  0.31166032589313042
  0.32258005627936243  0.33359506802118055  0.34492943578199475  0.35612866636431695
  0.36720240283788497  0.37835378136775660  0.38974357456989117  0.40120850562867777
  0.41269172904177664  0.42420802349491887  0.43575231245808516  0.44718097839447063
  0.45847646648736662  0.46974320183904844  0.48098165861131814  0.49199712468397577
  0.50300017961577037  0.51438935473730263  0.52618750745761234  0.53800349447113249
  0.54934391243024727  0.56052629297882339  0.57202442399394415  0.58376739053978277
  0.59529254210106808  0.60646313839993360  0.61751824848971393  0.62881602823687099
  0.64019898134373754  0.65160860625130712  0.66265048625655709  0.67397500746267458
  0.68508833354466425  0.69603228786513605  0.70676679385878916  0.71747688875190418
  0.72820874465728203  0.73891155638262995  0.74995426496186157  0.76131807788478678
  0.77302890351407449  0.78428843492638534  0.79521981111450968  0.80613467215375512
  0.81697850997264387  0.82773632537915831  0.83876208531966134  0.84998901260700177
  0.86089366408171197  0.87161760628533680  0.88234154151406496  0.89315013098054397
  0.90374874979189945  0.91404431460148861  0.92405323774108949  0.93368182783228959
  0.94291116875608594  0.95156903631049561  0.95978353995309762  0.96795165377163095
  0.97602798216257569  0.98398821916107171  0.99212389227536957  1.00000000000000000
 -0.00225306341716145  0.00897856646385751  0.01886958807447063  0.02907468927338407
  0.03938323923051412  0.04958462618227584  0.05961688081121941  0.06991466777996518
  0.08004090519847373  0.09037612232069497  0.10078893603202010  0.11141562421373057
  0.12197895796702558  0.13261278854156744  0.14302657412603423  0.15324072365072722
  0.16360402861781551  0.17442653148904405  0.18531933832619293  0.19614503036793349
  0.20687468936672229  0.21766454084377929  0.22828166569341418  0.23860071599514976
  0.24855632947424983  0.25865932972996242  0.26926117311605852  0.28036094340096518
  0.29127474026583261  0.30184549426796131  0.31229922284246225  0.32285964715464788
  0.33348282114341898  0.34420358463342854  0.35520521962997864  0.36642452004651810
  0.37747720887225988  0.38831046231962624  0.39913230034727698  0.41006868654120093
  0.42085389276980301  0.43139374452367318  0.44189005377945512  0.45240833085501708
  0.46263572199617148  0.47266292020093226  0.48272327695805178  0.49299386792916966
  0.50325308270250857  0.51303809261898570  0.52318779178493779  0.53360692983282954
  0.54409470954678685  0.55450316800961785  0.56495845828697999  0.57563846967440135
  0.58589386932951393  0.59625740127574378  0.60657385180099910  0.61715112199866284
  0.62802954575106706  0.63897269906427101  0.65015616246831387  0.66123543314635014
  0.67210311169609260  0.68287777235706859  0.69358853970199852  0.70430580754540029
  0.71453207002457453  0.72449426566498953  0.73453871443715590  0.74446617825317840
  0.75480117348529241  0.76494737532230417  0.77552110377638139  0.78581268033717278
  0.79606954247335948  0.80668840772896366  0.81752332653723214  0.82861818341454829
  0.83907695765704404  0.84942592609137868  0.86013566209482684  0.87115850516352189
  0.88210165745605906  0.89255526692497889  0.90348662083813858  0.91465440769910056
  0.92580909915845888  0.93677411065056548  0.94764473546906824  0.95816343632154011
  0.96861958334716469  0.97906970361694501  0.98954170701145006  1.00000000000000000
 -0.00240735134130583  0.00936933607195750  0.02005697829028820  0.03036509895671462
  0.04078581708593565  0.05116909704554722  0.06206347720930213  0.07288865671902754
  0.08346738050243302  0.09393859700747477  0.10479406336842687  0.11579921319871575
  0.12667131966082273  0.13737902143166891  0.14810294931740398  0.15902507574453584
  0.16974390823130681  0.18031924755445247  0.19053277434876595  0.20035624065955673
  0.20988131440039320  0.21967057517188501  0.22959683039417775  0.23971712527552796
  0.25019864327398023  0.26117951752554391  0.27176163307153522  0.28193406200423266
  0.29225074405576712  0.30306096300813712  0.31404084759205092  0.32469595902776854
  0.33512468691542163  0.34538649395412674  0.35562407073970215  0.36587611045931012
  0.37613404907040060  0.38644751579990511  0.39696868253580209  0.40827282938803744
  0.41962113011443319  0.43057760245672194  0.44099918282834255  0.45126291148602027
  0.46197849678421954  0.47244621092244171  0.48307878461505122  0.49356504257571937
  0.50417142107128121  0.51489771709739007  0.52536354449454969  0.53574361638099255
  0.54604817842168052  0.55640037170297607  0.56665246518445767  0.57681207278307689
  0.58708997702417354  0.59769972830925266  0.60829039759500425  0.61864101982373365
  0.62894850469352437  0.63953504435179798  0.65004051082386050  0.66038842765868788
  0.67072930520571505  0.68092821892171684  0.69091777567013102  0.70107502075977035
  0.71164161123640735  0.72260144561303707  0.73344273895937995  0.74428106732530508
  0.75492177030308483  0.76545279071919348  0.77608370592302911  0.78643334599935633
  0.79657928238016196  0.80674597950614324  0.81737100184799572  0.82840082727290165
  0.83936036663723845  0.85023905334929684  0.86144476001311221  0.87276010111640256
  0.88386074844012552  0.89474185989678756  0.90571556106437445  0.91669845100317504
  0.92732283152839257  0.93800750345283401  0.94852596524866672  0.95923195682916318
  0.96974961248633196  0.97997377970142152  0.98999590671135496  1.00000000000000000
  0.05276128682006742  0.05532450737220305  0.05706032453047910  0.05838010564285461
  0.05956402792201111  0.06065871454913403  0.06168159983341332  0.06268800892193008
  0.06369254352081694  0.06467865269812544  0.06562896475208023  0.06655106965113208
  0.06746111693848537  0.06836640254603021  0.06926897764038452  0.07016195777035393
  0.07105397869119501  0.07194501763844335  0.07282653532088876  0.07370008821855935
  0.07458218130346038  0.07547136688431308  0.07635600129272135  0.07723819708951411
  0.07812557875927172  0.07902083631927011  0.07991672875647492  0.08080996766479612
  0.08172311982556182  0.08265004732010714  0.08358919056007008  0.08453197162937323
  0.08547400980357553  0.08642267948410816  0.08738156382829992  0.08832686591537775
  0.08925428115576267  0.09018549469502216  0.09114170055594092  0.09212646696931001
  0.09312908971701291  0.09414589019879664  0.09517404234894146  0.09621542649054847
  0.09727191869787800  0.09834126466060027  0.09941350554173049  0.10050383161730676
  0.10163931408263659  0.10277813082226431  0.10391345740209237  0.10505160272390154
  0.10621994969623959  0.10741634056299947  0.10866892062735621  0.10998974760532929
  0.11136997561396032  0.11279083301666000  0.11423735057289432  0.11571349054660435
  0.11720516823821849  0.11869521301932279  0.12022805609694449  0.12183658766795653
  0.12344208485642345  0.12502390492844401  0.12663889408100470  0.12830464934085259
  0.13012142151957112  0.13195614641264980  0.13385836316704125  0.13583974227595147
  0.13782525260979561  0.13987873180868665  0.14199430775835278  0.14422093191009219
  0.14650098840468553  0.14881643203372777  0.15112282448089545  0.15349910514793014
  0.15599932361796581  0.15861891133976175  0.16153602169289832  0.16487922824118922
  0.16850352289037981  0.17114407731907233  0.17400618255263589  0.17705396311059898
  0.18020814069619495  0.18448938951599772  0.19025875691132782  0.19755305969730300
  0.20695258095383864  0.22203461110023054  0.81614239345127271  1.00000000000000000
 -0.00220001702899962  0.00847921155736369  0.01827898333835535  0.02798400775907810
  0.03791063738497304  0.04755872362377283  0.05793358953478210  0.06840783962849516
  0.07880852698112238  0.08912967479983859  0.09930656957616670  0.10940391205013993
  0.11946164529897745  0.12957448207810043  0.13963847848056507  0.14945448915507370
  0.15898459825145567  0.16867565936511136  0.17812390000684308  0.18788691011806141
  0.19755134503547686  0.20741099573037566  0.21764925176173819  0.22817400958016043
  0.23892739838520358  0.24956088685928265  0.26092774475944119  0.27172420864121288
  0.28283539556026155  0.29387199054545637  0.30495155978244454  0.31602889142720431
  0.32710941397975757  0.33817368236808398  0.34946189514424780  0.36099397565612906
  0.37260464024553502  0.38411180824218821  0.39535376561987751  0.40651078251708106
  0.41760377593823761  0.42857255433992791  0.43929676223312020  0.44985416318096316
  0.46057032406308107  0.47160189469131419  0.48292799935432729  0.49454113889546614
  0.50655288401746679  0.51898340295540990  0.53123730690741366  0.54312209818633594
  0.55458470197425302  0.56604056291635485  0.57744521367066604  0.58859823772956221
  0.59952046741266263  0.61045888996401076  0.62144806489174531  0.63224584497949055
  0.64306280713811781  0.65399830066438192  0.66507177866014733  0.67607675446044491
  0.68709189871613208  0.69803731332175434  0.70880059995080469  0.71934965696479136
  0.72964500224541873  0.73981553792692167  0.75000136434792031  0.76027174179958912
  0.77049655166012032  0.78052714735547424  0.79045610751964523  0.80053874969715855
  0.81076339963976518  0.82109299713591410  0.83133676759932706  0.84130379539487443
  0.85126225771168629  0.86106370134232990  0.87082673930985000  0.88046870668733235
  0.89039183060991389  0.90026111010554211  0.91030694330471040  0.91986295739055191
  0.92956734287236165  0.93946101998532394  0.94945386154164091  0.95961350093189357
  0.96963901193442370  0.97997280784125429  0.99001715878596530  1.00000000000000000
  0.07644303896907348  0.14820445998534107  0.16930836779856789  0.18574954483816106
  0.20025976441631221  0.21261801447863493  0.22292759209317026  0.23242049116267743
  0.24145093761539987  0.24990279537086324  0.25784009130582597  0.26539404461978466
  0.27262464932298031  0.27951336693393947  0.28622977821865220  0.29284523282281988
  0.29932955926783206  0.30559463928470493  0.31159198826409218  0.31740800974259264
  0.32312161322624461  0.32886698593010688  0.33464613293807610  0.34031144825203169
  0.34581493643206934  0.35114544594610991  0.35639011333368276  0.36165336050532443
  0.36684820794810957  0.37199244639024126  0.37712713886332516  0.38223030944522884
  0.38725423195690795  0.39213500717013128  0.39691431522520293  0.40161549210523217
  0.40623291690570029  0.41084233758337518  0.41543350194774042  0.41993775101889730
  0.42442574373626613  0.42894993092825057  0.43347318581229910  0.43790987724213032
  0.44234795249099723  0.44680379207647636  0.45131200480070705  0.45585246228698317
  0.46037800344125729  0.46487335913009886  0.46932554278203048  0.47374269868664637
  0.47823781425214734  0.48290631170722126  0.48764123481889965  0.49238448660135614
  0.49710796920694550  0.50185476699295339  0.50664479333654178  0.51149370504702751
  0.51635001665308100  0.52117440139219484  0.52606173619779517  0.53105597453676712
  0.53610944077154432  0.54115136867230440  0.54616124619246698  0.55120686688850840
  0.55632931364127169  0.56153276323914614  0.56677193018122463  0.57196844690552495
  0.57716447852803654  0.58252075147089344  0.58807898765780053  0.59386277362434503
  0.59983118414843484  0.60592055175665405  0.61236125268660679  0.61896747503427918
  0.62576749960612743  0.63280058488196611  0.64006342400246541  0.64766303095562605
  0.65574951086889777  0.66441129494935114  0.67353105384916212  0.68290933501076634
  0.69279785675794814  0.70384630052857533  0.71640081312916626  0.73073049827411718
  0.74822182822034389  0.77148135990912481  0.81104646986983731  1.00000000000000000
 -0.04179314277460090  0.18019353260558735  0.22265563637570152  0.24554770859545388
  0.26228564235476515  0.27644962696938219  0.28910248044897879  0.30036188425199284
  0.31031656962335713  0.31926162811830189  0.32749458326503889  0.33516635464039723
  0.34238854067272895  0.34928574215497793  0.35583666993496832  0.36200741598623554
  0.36777929150106325  0.37328683217989000  0.37857406193920412  0.38368024789449506
  0.38861304902736721  0.39345925507074359  0.39827246252603737  0.40312113465814647
  0.40781737196454571  0.41227400437338213  0.41657099585849650  0.42077078036629961
  0.42492391954478492  0.42908612497261261  0.43325051850376034  0.43733981633158459
  0.44132623757835016  0.44527792457229426  0.44924427566460490  0.45319725600700916
  0.45709978582711192  0.46094744121642856  0.46474917674069782  0.46850737100850576
  0.47225355216607506  0.47600191355651633  0.47973498931612013  0.48355506632074252
  0.48722980342221528  0.49083292039234550  0.49442608522832088  0.49798607603793699
  0.50150687862959764  0.50510004977502931  0.50873611383712236  0.51238397144425829
  0.51604786938826264  0.51969860540593993  0.52328309611221624  0.52692256192065345
  0.53051277844525280  0.53427528424636850  0.53813380165669833  0.54206422380652375
  0.54598122694837703  0.54986323211623045  0.55371902182035704  0.55766356947816043
  0.56177651683168339  0.56597929851198181  0.57021727503823483  0.57449097116827674
  0.57884559600015451  0.58332100217264804  0.58790835718522538  0.59257925696705283
  0.59732207184594710  0.60216118215915893  0.60713856506438368  0.61227217929058486
  0.61753527650544193  0.62287589804745380  0.62828916722715999  0.63388120723634211
  0.63982052317587468  0.64604074586774540  0.65234132296918845  0.65888959040355488
  0.66589734846655302  0.67344863343944483  0.68148074252526258  0.68999091423302483
  0.69913503565830792  0.70947256873838294  0.72155231769872230  0.73587108838820103
  0.75365754038046506  0.77807046729532037  0.82168412729499141  1.00000000000000000
   1.1373611854531605E-009  -1.0000000000000000     
 F F F F F F F F F F F F F F F F F F F F F F F F F F F F F F F F F F F F F F F F F F F F F F F F F F F F F F F F F F F F F F F F F F F F F F F F F F F F F F F F F F F F F F F F F F F F F F F F F F F F F F F F F F F F F F F F F F F F F F F F F F F F F F F F
  <DiscreteSampler_grid>
  grouped_processes
  1 # 1 for a reference and 2 for a running grid.
  10 # Attribute 'min_bin_probing_points' of the grid.
  1 # Attribute 'grid_mode' of the grid. 1=='default',2=='initialization'
  0.0000000000000000 # Attribute 'small_contrib_threshold' of the grid.
  0.5000000000000000 # Attribute 'damping_power' of the grid.
 # binID   n_entries weight   weight_sqr   abs_weight
    10   10   4.030396052232709E+003   9.164385728452399E+007   4.030396052232709E+003
    16   10   4.030396052232711E+003   9.164385728452404E+007   4.030396052232711E+003
  </DiscreteSampler_grid>
