 -0.00000063102931765  0.00000679462155218  0.00001402852134204  0.00002014611992724
  0.00002590154147807  0.00003134367969189  0.00003666739908421  0.00004201177905903
  0.00004735385210152  0.00005276704047306  0.00005828318930512  0.00006387267652494
  0.00006955017066372  0.00007530141102888  0.00008111007541740  0.00008698645966535
  0.00009296282364697  0.00009910678959117  0.00010544007113876  0.00011196704165931
  0.00011869111420841  0.00012553539107648  0.00013248531675761  0.00013950393851480
  0.00014658623699743  0.00015379523989045  0.00016114424832066  0.00016861502514935
  0.00017620883934669  0.00018416153551643  0.00019219648790931  0.00020071178978249
  0.00020951671952797  0.00021863508085984  0.00022812310201034  0.00023778069020460
  0.00024785890454925  0.00025802170081477  0.00026866054088621  0.00027971406559183
  0.00029125071896006  0.00030340453734215  0.00031606472166233  0.00032939998794930
  0.00034330664711716  0.00035765882554856  0.00037257780188110  0.00038822780673458
  0.00040481281162081  0.00042238493619764  0.00044088425490260  0.00046026850694959
  0.00048065525753017  0.00050204712872927  0.00052446454732283  0.00054837189154259
  0.00057349905648643  0.00060000754132026  0.00062778741229194  0.00065736386935304
  0.00068942740251361  0.00072349031290885  0.00076013359176366  0.00079911986309996
  0.00084177489269303  0.00088666931397759  0.00093491723349359  0.00098575908826250
  0.00104243412127244  0.00110308601159581  0.00116918584335121  0.00124087354277181
  0.00132021156749552  0.00140540560834789  0.00149914966962210  0.00160381615480283
  0.00171979824736747  0.00185416398497429  0.00200198041551283  0.00216526305751925
  0.00235031897752205  0.00256201520084887  0.00280953296398897  0.00309768050456308
  0.00342996192244940  0.00381726941400024  0.00430296617553866  0.00490644181831954
  0.00565493594739964  0.00674559032655666  0.00835214150425316  0.01068096738823931
  0.01469702275626542  0.02235109720023336  0.39702762167158312  1.00000000000000000
 -0.00232801758768997  0.00966433858754520  0.01963698746398777  0.03038001770103171
  0.04079315153790970  0.05158310872264184  0.06193011117766430  0.07283467477726960
  0.08353887471792068  0.09427804754111913  0.10506732506023188  0.11597205574261983
  0.12688503867794554  0.13747915078432046  0.14788389678433586  0.15820540562149846
  0.16872969238662336  0.17946100751689187  0.19031248413952284  0.20137418827803721
  0.21229210152485808  0.22308814350177017  0.23358839439973311  0.24398337288797459
  0.25433083189672945  0.26449692785973339  0.27469780926479809  0.28496128843111523
  0.29535540814535921  0.30574865274286589  0.31608822663284553  0.32649582740628608
  0.33713837700872629  0.34789958790715597  0.35846122939569974  0.36887947521172620
  0.37916630655480993  0.38953012167699930  0.39974358348479028  0.41002316727711496
  0.42035291071930697  0.43090355496695565  0.44130641729658926  0.45173643503813316
  0.46235706965667395  0.47316231933385572  0.48376935396054715  0.49413007807755310
  0.50461196269315445  0.51517421250829087  0.52555998464754383  0.53573243740970122
  0.54600379670387522  0.55641638437166041  0.56688173822141641  0.57733289516052033
  0.58790848671617479  0.59866600983180862  0.60936000730353213  0.62001816800413545
  0.63062965849299912  0.64115170471252647  0.65163139063185394  0.66202850923201051
  0.67243273485012733  0.68286901186714000  0.69320158982063940  0.70366686491946728
  0.71412113930061227  0.72477628775178782  0.73534523698577137  0.74580454945561703
  0.75592721971966370  0.76620747267942979  0.77652387261847822  0.78706916019835882
  0.79765198919097668  0.80822882588335110  0.81907508083429970  0.83007831154126310
  0.84088055063524336  0.85165544330081167  0.86210399889768685  0.87269620673647474
  0.88324336589401775  0.89395410051715452  0.90479497067715176  0.91546774785697094
  0.92639560657151443  0.93705646486322414  0.94768042222149551  0.95825692733130097
  0.96892135510871635  0.97943807968020702  0.98971502017572566  1.00000000000000000
 -0.00428545309977826  0.02658332279203776  0.04851494721543374  0.06669513889522484
  0.08283307025777402  0.09788723834282993  0.11217287029411441  0.12567218635375979
  0.13885606431473396  0.15146037844144764  0.16348178899219898  0.17501740685740150
  0.18616645716958941  0.19704672922432803  0.20768273760590278  0.21827335551664889
  0.22866935440273717  0.23897116785353928  0.24911711705684320  0.25921962932968401
  0.26929897883070836  0.27917437635740117  0.28884481365822545  0.29821072145492583
  0.30738924331688977  0.31647551872559787  0.32543273331319655  0.33427220728386919
  0.34295437645293131  0.35156149414324322  0.36012879781258067  0.36864033670864305
  0.37704471266926526  0.38533198331240337  0.39351669682472634  0.40176696964740644
  0.41001846906450962  0.41830453725810413  0.42649881395551875  0.43458743153676693
  0.44269998922994425  0.45088361954755063  0.45909235038849466  0.46725697240683989
  0.47529880652442125  0.48318076630034923  0.49092452167711309  0.49858398998264952
  0.50623899977539299  0.51390843596275504  0.52168229176088132  0.52942395152294142
  0.53716230716290247  0.54492059364646317  0.55270341557374447  0.56059228803679784
  0.56868055669447015  0.57690978762674416  0.58507317604428921  0.59321165942953580
  0.60134775953817532  0.60941528759288965  0.61750746821409885  0.62558925341143523
  0.63357044640767546  0.64157510711605414  0.64955672975010448  0.65747258140709086
  0.66542796773426405  0.67351366912779664  0.68173672373090988  0.69003921994955952
  0.69845490994215631  0.70689836073131873  0.71552939110413460  0.72433227812592549
  0.73327228388444521  0.74237004381236138  0.75147439212258782  0.76061580099410120
  0.76992685547949613  0.77962384414479158  0.78949836253182148  0.79958114853887552
  0.80984915360045762  0.82053347750802119  0.83172377937548236  0.84332304780076051
  0.85526471946499427  0.86797829895283074  0.88167576083093857  0.89689496193508156
  0.91329127414474431  0.93207894989928342  0.95705974500222502  1.00000000000000000
 -0.01872498373037811  0.10792516148939305  0.14338678369466193  0.16516207755567330
  0.18249451499124483  0.19735019317341837  0.21054406417113061  0.22253278482741315
  0.23361684026458093  0.24407620421073029  0.25397362960950831  0.26337775720868906
  0.27235756301668440  0.28097085500218755  0.28936691850912860  0.29750051989861187
  0.30538541262893421  0.31308266498566312  0.32054573617061660  0.32790585337595118
  0.33511760074864083  0.34217962433184934  0.34919335394922041  0.35606070615905383
  0.36278044011403382  0.36942507610111447  0.37594133365768290  0.38230151707062521
  0.38857861590295650  0.39479833512725576  0.40087305688203939  0.40677491701727403
  0.41270499013000117  0.41851661558072750  0.42430590388805078  0.43006257411861526
  0.43582456578397133  0.44155169721890175  0.44722773844359015  0.45286230327720034
  0.45843919269419720  0.46397345838710635  0.46951957984388026  0.47511026820888624
  0.48078316470250820  0.48648835415936920  0.49215431840766610  0.49780585999680793
  0.50343371798680181  0.50905376035638528  0.51466595022966044  0.52025811436494573
  0.52583509415806828  0.53139295149436128  0.53691716430565906  0.54245846447859836
  0.54804769765237393  0.55370685406246856  0.55941640711756679  0.56512064167137332
  0.57083015021831507  0.57657112782689179  0.58233623279061264  0.58822580361456889
  0.59424849191013163  0.60022246317083294  0.60636494199762814  0.61260220767092377
  0.61888281366765596  0.62529410373479477  0.63187113117814653  0.63852325663183507
  0.64519488385593937  0.65191939697428036  0.65873576366728825  0.66567906177384584
  0.67277811664842146  0.68000620488477426  0.68739487326373394  0.69507936463270892
  0.70301674089149346  0.71124600920409409  0.71982863396828201  0.72871152949364482
  0.73800156812379025  0.74761414078204025  0.75750752126376242  0.76777408883994358
  0.77878900402096707  0.79078466475213971  0.80398206007783890  0.81875827972775439
  0.83586785454035006  0.85753537828553728  0.89313883370236380  1.00000000000000000
   3.2935406675248247E-003  -1.0000000000000000     
 F F F F F F F F F F F F F F F F F F F F F F F F F F F F F F F F
