  0.00649730594215105  0.00815160095630980  0.00999939336200110  0.01200636158292467
  0.01417395533719035  0.01648523178300455  0.01892166497947308  0.02152970117241651
  0.02424533155187104  0.02710083617585916  0.03005020632509250  0.03315148526750539
  0.03635450964631635  0.03968159207637720  0.04311433788167390  0.04666074791314525
  0.05032855648341042  0.05411036432936545  0.05800281784441319  0.06199245817153906
  0.06609175056084671  0.07027095625366848  0.07462169511841268  0.07900335762082270
  0.08355189731187657  0.08818607287026252  0.09291622000335452  0.09781178059273192
  0.10273175962888328  0.10780318136785957  0.11304315031667231  0.11829551860718754
  0.12369920085972524  0.12931396873401896  0.13492564303386068  0.14062148005321592
  0.14660519634860816  0.15263832346784992  0.15867698583960108  0.16498210057348819
  0.17147705565585614  0.17798024697383430  0.18459057357279324  0.19148626493560134
  0.19853377295432437  0.20559393061024867  0.21280852379077422  0.22033244904077123
  0.22804650044505687  0.23578869579260714  0.24364646290532352  0.25181085375111162
  0.26035006345184020  0.26890122628154783  0.27744488972741482  0.28647275920830811
  0.29583563114174610  0.30530096976084325  0.31487516526080822  0.32460337100571718
  0.33496801706513551  0.34568249881541685  0.35641908288786622  0.36736949308836997
  0.37878934570823425  0.39072487681918106  0.40301694603021326  0.41543712885722123
  0.42787691581128573  0.44176068958509523  0.45590065393995399  0.47026497777796811
  0.48490209049650684  0.50028238699327432  0.51664679355499288  0.53357620036961406
  0.55068939964860131  0.56845689739217831  0.58754142931445485  0.60753437465295212
  0.62787538049429492  0.64844707274068547  0.67066430749693029  0.69413071981720675
  0.71775571846443520  0.74179322415383653  0.76668580754448412  0.79245771072132276
  0.81839009849706534  0.84401577975223463  0.87008137992903245  0.89669158416167316
  0.92316562775811628  0.94918351612435092  0.97472073978974194  1.00000000000000000
 -0.00256817300828181  0.00989329886256628  0.02037244709199694  0.03093149309322560
  0.04156336245445185  0.05244229998382014  0.06320098518858935  0.07383303130943689
  0.08447636739080436  0.09521765771368766  0.10586650341464161  0.11649197817996078
  0.12717131280099542  0.13782070384673117  0.14851498964175658  0.15913699746260720
  0.16984880368668578  0.18050030737584338  0.19110314716483490  0.20164709826960359
  0.21210800433657873  0.22252564282693929  0.23288810077359354  0.24319704148353799
  0.25358252825683070  0.26392783422438826  0.27433797478153576  0.28484147396140308
  0.29544202606598124  0.30611810645931614  0.31684755505514028  0.32759742754032634
  0.33825086620397476  0.34874338259604004  0.35913598021651277  0.36957786971880352
  0.38004398626008568  0.39050948725322593  0.40105183536935546  0.41163475568032509
  0.42226822776100076  0.43271940340645465  0.44315518719122815  0.45371651511745442
  0.46421181433811837  0.47466044980037875  0.48509198500743866  0.49565916135343713
  0.50620100998837758  0.51664681061245332  0.52700958855515367  0.53742900215849065
  0.54784091603579688  0.55837384523666145  0.56886803248541462  0.57935246231675508
  0.58986547170963477  0.60036272449166139  0.61072202629096561  0.62104341955250320
  0.63133999893679937  0.64180114420662882  0.65225018690035308  0.66263187254512912
  0.67288148707667428  0.68312491176580559  0.69353227689359120  0.70404692156558824
  0.71463170828789491  0.72531060714537832  0.73592251038059608  0.74645377537171786
  0.75684456446426918  0.76719888568410410  0.77771858643120750  0.78837364210257355
  0.79920432751919335  0.80999536238787240  0.82071230046933819  0.83145261828019046
  0.84182862315455764  0.85246682520500261  0.86311652714465859  0.87391904292193479
  0.88444822050369565  0.89486707616191696  0.90545011108377083  0.91619540506978214
  0.92679889447486097  0.93741178545649961  0.94772040046538919  0.95810033979879017
  0.96845169009617782  0.97879350788592967  0.98934936688551289  1.00000000000000000
   1.8083734040670023E-007  -1.0000000000000000     
 T F F T F F F F F F F F T F F T F F F F F F F F F F F F F F F F
  <DiscreteSampler_grid>
  grouped_processes
  1 # 1 for a reference and 2 for a running grid.
  10 # Attribute 'min_bin_probing_points' of the grid.
  1 # Attribute 'grid_mode' of the grid. 1=='default',2=='initialization'
  0.0000000000000000 # Attribute 'small_contrib_threshold' of the grid.
  0.5000000000000000 # Attribute 'damping_power' of the grid.
 # binID   n_entries weight   weight_sqr   abs_weight
    10   10   5.684374880575389E+006   3.298242426766477E+013   5.684374880575389E+006
  </DiscreteSampler_grid>
