  0.01440402178965995  0.01523726034649473  0.01564679306817873  0.01599901920003637
  0.01633235068056473  0.01662565886775969  0.01690230806876099  0.01717751948434397
  0.01745779073514630  0.01774304432684210  0.01803183242916683  0.01832888352502234
  0.01863839271497488  0.01894611610250820  0.01925783570788909  0.01955679541420050
  0.01983711026000469  0.02010391187657917  0.02036126852997397  0.02061761282260604
  0.02087008997867119  0.02113346903899539  0.02141265780652806  0.02169950800344668
  0.02199213389358165  0.02228152559572850  0.02255596927264243  0.02281884646016205
  0.02308738158497595  0.02337070093550260  0.02367640838842933  0.02399236345568748
  0.02430548618927705  0.02460509895015569  0.02489664090130867  0.02519921136830627
  0.02550946816221680  0.02582292342842777  0.02613711029174860  0.02645568182198179
  0.02677984081060079  0.02709397184533773  0.02741466612858236  0.02773140266447663
  0.02806318276763511  0.02841693134961741  0.02880208477322786  0.02920037766132279
  0.02960619068314149  0.02999816301576139  0.03041799293763111  0.03081644341623544
  0.03125973906468828  0.03170207731422903  0.03216993380417933  0.03264410581784807
  0.03320291319520733  0.03378663300982555  0.03434078062181593  0.03486861111977459
  0.03538378899090390  0.03590690638700468  0.03649379545207737  0.03713782225733965
  0.03781218002364851  0.03851360562260188  0.03921181818225661  0.03990421342263095
  0.04066041264001983  0.04147206087422217  0.04229647729143777  0.04317014157288698
  0.04408029013430683  0.04508279299166550  0.04624529297928424  0.04749861899693048
  0.04872706820607563  0.05013136342262573  0.05176905900410582  0.05365824841760512
  0.05564846302433983  0.05762529850346063  0.05958850076011037  0.06166662243769971
  0.06390585471921358  0.06624900016452923  0.06875195335242007  0.07169024582492141
  0.07497037892024648  0.07922037568360693  0.08485991517095863  0.09204624223137850
  0.10028891959810259  0.11455163882892176  0.14882583973979302  1.00000000000000000
  0.00019270182491487  0.00034622255538661  0.00040067241095835  0.00044524079997608
  0.00049345661636332  0.00054355040855940  0.00059241707562566  0.00063901662702738
  0.00068226673893969  0.00072413771093711  0.00076920981636100  0.00081687629390787
  0.00086214993149457  0.00090161412526212  0.00094203819560309  0.00098370924662679
  0.00102551340240146  0.00106887302265884  0.00110963982279862  0.00114996099202854
  0.00119086122607154  0.00123428822990457  0.00127890683868507  0.00132349305520504
  0.00137112337419222  0.00141765061578124  0.00146999853854697  0.00152564297671553
  0.00157942516166989  0.00163690430216493  0.00169811014006040  0.00175937914654594
  0.00182330263938936  0.00189260156525861  0.00195817258705561  0.00202779011685230
  0.00210129373907949  0.00217692698535367  0.00225603287945843  0.00233881643228352
  0.00242451344278830  0.00251253292468757  0.00260311642034116  0.00269813465988047
  0.00279859186324804  0.00289879522300352  0.00299777297323147  0.00309699521975884
  0.00319801079023665  0.00330544827471694  0.00341744361075850  0.00353715213864970
  0.00366561122848903  0.00380287747838294  0.00393331101084806  0.00407421702361735
  0.00423722527353506  0.00440792758973364  0.00459085071233011  0.00477693659960493
  0.00497992661881785  0.00520124292621174  0.00543638206221342  0.00568982997157762
  0.00594775090133416  0.00622468383127291  0.00652528148529949  0.00684479513037404
  0.00717832717032835  0.00752998842653973  0.00790851887389177  0.00832761652494683
  0.00879552685470674  0.00933072501479215  0.00987978861402689  0.01048939209320657
  0.01116629385558984  0.01191635794646494  0.01274127938471670  0.01364650019316095
  0.01468170001481005  0.01585216749163777  0.01714861949207099  0.01849019280415949
  0.01981956720078074  0.02133622906544147  0.02318846974779764  0.02540672900897334
  0.02796415887175501  0.03127521587770751  0.03570949082359563  0.04180597406270536
  0.05123326753112184  0.07161039298709217  0.79506812081300215  1.00000000000000000
  0.00210344198055492  0.00368734697923272  0.00520738454782753  0.00644324481352537
  0.00727797061886425  0.00773571089380478  0.00825255561700338  0.00873454115730051
  0.00919402142086725  0.00962205531850151  0.01003088273564765  0.01041993370811601
  0.01078635791726527  0.01112412306114565  0.01144986970036455  0.01177098100493582
  0.01211057924442062  0.01247517338105579  0.01281537733211992  0.01314241276192565
  0.01347306558266797  0.01381938757959641  0.01418538495081929  0.01456300535576204
  0.01493434288807916  0.01530116512548994  0.01567586168603143  0.01606533553778655
  0.01646564040670741  0.01686483045387961  0.01725263911636937  0.01763019261583237
  0.01801180833419911  0.01838264489534688  0.01876532539464981  0.01914652612341256
  0.01953357116579043  0.01989970706993904  0.02028184010323441  0.02066273216629028
  0.02104718862841676  0.02144340311619046  0.02183630476122993  0.02227586322771400
  0.02274264591062264  0.02322507998380739  0.02370975803126556  0.02418365953465411
  0.02464559527790001  0.02509202795901987  0.02556083491416051  0.02603651388329587
  0.02652861167582491  0.02702668594257209  0.02755579245272227  0.02810514390985881
  0.02873684569898535  0.02943465557960463  0.03014239068039062  0.03084518534620349
  0.03155208173927178  0.03228014811572347  0.03304749910400100  0.03386313258043326
  0.03465761948858494  0.03546882336355892  0.03630016408376412  0.03726422791855341
  0.03821092911070299  0.03913838101918897  0.04007719393712200  0.04110138852754111
  0.04225370486404795  0.04338237733722911  0.04441663859009996  0.04554114172276230
  0.04686279535476148  0.04847648475561996  0.05025800832712195  0.05222291692436902
  0.05451257734786356  0.05716667826861099  0.06000778578950950  0.06300648678949507
  0.06635036700501218  0.07010191083791235  0.07449066739607456  0.07947953860294088
  0.08584056965893763  0.08912630684938032  0.09326512647986084  0.09813502543201108
  0.11018131240818360  0.12432309683635964  0.13547658767905335  1.00000000000000000
 -0.00715660091988041  0.05505886230950464  0.09611400799571539  0.12787292132936612
  0.15689110920269200  0.18112526760595749  0.20320162902609529  0.22363006072524907
  0.23970130994205505  0.25324377113302216  0.26618399001548304  0.27828415789935546
  0.28972190987762242  0.30156571965756668  0.31314187555960721  0.32345098612449480
  0.33283293623336518  0.34175488240426244  0.35036375023157190  0.35836843087233261
  0.36617519356719397  0.37387532816444730  0.38136735644032166  0.38885673910505753
  0.39607952914854605  0.40311338931966251  0.41002811556073410  0.41677006090737606
  0.42332208487237366  0.42986203155714808  0.43637976795332428  0.44243543805196400
  0.44819857498983351  0.45362592243496624  0.45899322808971355  0.46385861358833935
  0.46895884607601118  0.47419614539880800  0.47949088320362493  0.48456234155996042
  0.48935711503631940  0.49388750462658532  0.49829657198174770  0.50292963740007490
  0.50798357178017750  0.51320053387621178  0.51843770450037108  0.52389874979877105
  0.52910018739121945  0.53414564273550003  0.53865552115796711  0.54340575839854155
  0.54822773577295780  0.55313237882159294  0.55819465678245694  0.56356183604833510
  0.56941463323596642  0.57524106090132687  0.58105540117215360  0.58694879409185530
  0.59308605557092009  0.59924661209689301  0.60515443966259330  0.61080545624227489
  0.61631090296312929  0.62191758571270106  0.62758394159802444  0.63337943979221911
  0.63962600726018859  0.64610524390198565  0.65269256005322074  0.65923077085916759
  0.66550372045839723  0.67173893510318872  0.67826326921656332  0.68481106528995161
  0.69165625499896055  0.69873204727095484  0.70609717092848268  0.71368956426943364
  0.72138882923202052  0.72944876139070658  0.73809872353977113  0.74730950376943273
  0.75680392418082842  0.76677793041161679  0.77802839349962749  0.79035083192728095
  0.80305111123436279  0.81720756542777784  0.83395119003144624  0.85243005543816475
  0.87193379975364382  0.89543294977199961  0.93582698233859818  1.00000000000000000
 -0.00259726441443348  0.01090520128341292  0.02168743915860330  0.03292498202843290
  0.04428526514662815  0.05544441048216930  0.06661883306513211  0.07712059313589412
  0.08757685084010075  0.09800525871795136  0.10843917535915959  0.11929981707309671
  0.13127852725575273  0.14423110735432784  0.15632498035371711  0.16694916982171934
  0.17704942596679252  0.18684650825801785  0.19634329443221252  0.20591651781467030
  0.21559586555736393  0.22579606162708152  0.23637455060887974  0.24683875056359525
  0.25748499324687363  0.26737433248961362  0.27782268870797194  0.28875919140473555
  0.30078637553340776  0.31305711502766675  0.32487175785938804  0.33558343008346936
  0.34596704973796671  0.35580862205362424  0.36517735144258318  0.37475619614921130
  0.38345413159857600  0.39229534455233167  0.40099987299228529  0.41029046730228858
  0.42032271308324415  0.43127991952405004  0.44210885809511541  0.45304749873357947
  0.46405966467017057  0.47433957138786154  0.48436293075994474  0.49426103671678834
  0.50389684984845384  0.51362372662577194  0.52410272202929986  0.53543390726225004
  0.54632344090497409  0.55616227813343855  0.56540997974917961  0.57446951880415920
  0.58392343419008741  0.59368441027835728  0.60344935578046188  0.61289186314628885
  0.62222383317003616  0.63247256860945889  0.64338292807154618  0.65517155502413982
  0.66763177113795691  0.68029275657640509  0.69283065465029314  0.70500537071098812
  0.71687308144218109  0.72828953486360004  0.73932621154140277  0.75021905751451146
  0.76078568671654045  0.77049301781620994  0.77994846424341224  0.78953823467458384
  0.80040672986540917  0.81130527704937871  0.82067489961502238  0.82987139386022835
  0.83955734641322832  0.85010620001284620  0.86052586621492877  0.87070664640049467
  0.88054506318270354  0.89059939602129357  0.90101134916174042  0.91219233689580437
  0.92349821465940718  0.93595084203079837  0.94894498547810469  0.96081577172305255
  0.97020117017970020  0.97972898729420510  0.98945055753811384  1.00000000000000000
 -0.00221927933497596  0.01020028659436411  0.01943013224399039  0.02924178066560271
  0.03893999619646474  0.04878433781774671  0.05844745367287713  0.06845821314303223
  0.07931527364977514  0.08928830896924393  0.09942865988934529  0.10982573545113272
  0.12087143516652375  0.13198005354668527  0.14331731317550239  0.15470834410122505
  0.16664825797031674  0.17885991771158846  0.19116049025043683  0.20321665294193578
  0.21434910403312479  0.22518665383114383  0.23586812145326397  0.24645413880487818
  0.25734243151719555  0.26828798550261085  0.27920870563519024  0.28992474421205450
  0.29984273187662358  0.30926494167913787  0.31869953220012398  0.32813455749566128
  0.33751127038109840  0.34699763123053462  0.35718951713654440  0.36851316396859274
  0.37976597400475448  0.39058886800087650  0.40091848230006882  0.41184736347311007
  0.42260754556962687  0.43408491688293560  0.44312479838675811  0.45163275799801689
  0.46011237924948967  0.46850018571255486  0.47776860133664051  0.48821185142228091
  0.49893505648296671  0.51117284696146248  0.52381585379796536  0.53514953477848237
  0.54605053674549897  0.55648567392013060  0.56622446380646718  0.57566940452537141
  0.58536027327084617  0.59549366917212188  0.60553819512010965  0.61558022530424505
  0.62586259684090961  0.63664813015026700  0.64734915273558913  0.65763587879053975
  0.66762327007360833  0.67810565337099982  0.68880824618098380  0.69968626191421657
  0.71034345412008615  0.72058554757358051  0.73082045136672380  0.74045316398286354
  0.75019270311855368  0.75984594679854334  0.76994004439792352  0.78072072494944467
  0.79153846078556378  0.80270903909084679  0.81389005822026361  0.82489686327670753
  0.83557353781653509  0.84651037103001137  0.85717442196083404  0.86825726145126092
  0.87856119889813999  0.88817831318485418  0.89787424387756176  0.90781957320578743
  0.91846998002996716  0.92902982815521484  0.94004370343694832  0.95217665371372306
  0.96443414692378693  0.97614763479105338  0.98831764395304578  1.00000000000000000
  0.05926487764685819  0.06089717742446314  0.06310157939007176  0.06598101605360386
  0.06837660290766882  0.07047318352022008  0.07256878952291500  0.07462228004960422
  0.07659620258294039  0.07845576248834894  0.08020780474926592  0.08193822965787521
  0.08352169987991036  0.08500542929439084  0.08641755724390775  0.08783094146840355
  0.08930671603108553  0.09079382280735024  0.09224486221541622  0.09366525843873151
  0.09504603651700047  0.09639423697987218  0.09773792265591083  0.09906022897894168
  0.10038038163465306  0.10174917738517668  0.10307595185019112  0.10437163920870264
  0.10565936262521969  0.10691924689773183  0.10817979997800847  0.10946067078567977
  0.11071082400505998  0.11192876188365412  0.11313829495965316  0.11436632004040240
  0.11559074761061082  0.11682198108950130  0.11806789268611170  0.11929118215665613
  0.12053620504795338  0.12180406630326925  0.12307706762361231  0.12429569768117230
  0.12556169909643630  0.12693254965532932  0.12833415145371230  0.12974482310977803
  0.13115663068036157  0.13258966863578273  0.13407410337251738  0.13558142661470268
  0.13717867396468927  0.13878596011857625  0.14032486299705793  0.14181096775443019
  0.14325434298406420  0.14476037332851027  0.14641761895342931  0.14813314461792465
  0.14984731719653704  0.15153663769147804  0.15317899790397294  0.15475676638584079
  0.15635555060478648  0.15799085892719333  0.15974957207031518  0.16166811129418007
  0.16373184990184100  0.16592470092559528  0.16859009842597719  0.17143793475601826
  0.17424524332416469  0.17692834273536215  0.17967936503225673  0.18273666507764819
  0.18636214254217445  0.19065291910674945  0.19523650283750904  0.19995857991518737
  0.20410780501611298  0.20809946875540691  0.21281497566053295  0.21774609396670758
  0.22353598550357789  0.23013841355052897  0.23808111270457391  0.24618741127392069
  0.25450181363333535  0.26360782032289015  0.27222412465100282  0.28203176790335821
  0.29259500204762812  0.30923758994598288  0.35856435268968401  1.00000000000000000
 -0.00370389081172664  0.01418920556152646  0.02929744150503589  0.04493079631576079
  0.05884172799154883  0.07284611342280281  0.08592849457269297  0.09881725583264675
  0.11178363108525810  0.12574572774488890  0.14037890310668108  0.15543349885200833
  0.16935979603119972  0.18080020212727857  0.19179561455261798  0.20281194668540195
  0.21423140338254851  0.22556315726930248  0.23653568214285764  0.24710321358717879
  0.25708761189155321  0.26701720785885924  0.27713736677207534  0.28718575723059159
  0.29631618599975768  0.30472503909815168  0.31298475159325273  0.32122960094690906
  0.32958826215778458  0.33817247851078980  0.34724039224437009  0.35684650607929158
  0.36717851973614296  0.37695374220600214  0.38664719991067242  0.39586273446330461
  0.40494742423873403  0.41386490745581728  0.42278910936130343  0.43202614257215499
  0.44142797754170354  0.45096532383445848  0.46023744920412202  0.46910941845525767
  0.47761831985034525  0.48563301133620862  0.49344431265163324  0.50121785611266878
  0.50947993288162574  0.51800647792004462  0.52734031104460166  0.53709051090727289
  0.54642487894003777  0.55537786307664105  0.56390312165175838  0.57173847661624999
  0.57977779301329613  0.58818981257844027  0.59672755240136910  0.60554962744649632
  0.61481915822994093  0.62406651085377773  0.63376560743865706  0.64374944652851041
  0.65369467183780894  0.66380697302486280  0.67329742158929584  0.68217416104859607
  0.69154822153982676  0.70140901622540186  0.71135640976858494  0.72116307319114492
  0.73167045796085095  0.74369423538385382  0.75633796361392935  0.76847392847717333
  0.78011787302376645  0.79134765717382671  0.80205553801667928  0.81315957968750441
  0.82487320800699648  0.83643678080069350  0.84747230890363978  0.85844739067992804
  0.86983769270089628  0.88070172919211243  0.89131301223590442  0.90176084632181430
  0.91202120166473610  0.92275426463015797  0.93367098957496775  0.94640571366503135
  0.95922971546217950  0.97224930041202262  0.98575769082314812  1.00000000000000000
  0.13177669664249622  0.18010022622638128  0.22274297606375015  0.24742604902898510
  0.27056447461041699  0.29027610707391888  0.30531153523679522  0.31990650725362291
  0.33293378415519126  0.34411488035084220  0.35443953714111592  0.36455089071697538
  0.37454823472055654  0.38424783700796733  0.39355691687453292  0.40086898229602391
  0.40708659674423481  0.41319159640349079  0.41955843259792952  0.42622615453181317
  0.43295266552421036  0.43897246568348802  0.44451873573907141  0.44950282854749191
  0.45418251149219696  0.45869589687493351  0.46351550709182027  0.46861015922901089
  0.47416371802754187  0.47977938673959020  0.48521478962223646  0.49032438619472657
  0.49542004266379147  0.50047083858478691  0.50565605269323577  0.51063562095664483
  0.51533649397704362  0.51999414310353220  0.52475742641186396  0.52965212998209721
  0.53470773888474921  0.53946757846014792  0.54400948289249673  0.54832228604196487
  0.55260614068203817  0.55688355272887791  0.56124678152350349  0.56563840928186371
  0.56998885507521657  0.57431854314916964  0.57857494120438990  0.58275420065788064
  0.58688398682785070  0.59108851844551047  0.59532113274704412  0.59949703604544191
  0.60364584494470430  0.60767366612666252  0.61173099700798561  0.61588805996349039
  0.62022281568778859  0.62478135837554849  0.62945848204189336  0.63408311738554290
  0.63873492167764712  0.64328845787705513  0.64813636297319055  0.65292425048771552
  0.65768301369635418  0.66244058431535136  0.66723757059676658  0.67208991676293550
  0.67694430207669476  0.68182983882716863  0.68683170386998249  0.69190494792528168
  0.69725072192045034  0.70265099610079174  0.70809163410855724  0.71364076716732294
  0.71947474414877932  0.72555188237958901  0.73208199922698136  0.73890607269869413
  0.74601090905904976  0.75370706201938653  0.76191994905775229  0.77048661168064880
  0.77970818947088927  0.79000516041063762  0.80170662403188342  0.81480069209132511
  0.83007212738508696  0.84946488387963115  0.88010382476151494  1.00000000000000000
 -0.02109262978938577  0.13402059025841592  0.18149068115355568  0.20761135529515101
  0.22785190429045557  0.24468427251001126  0.26009087499721456  0.27324581461639069
  0.28490050341148232  0.29553503849050938  0.30541970731795431  0.31447019787436847
  0.32195256005526524  0.32892096128851894  0.33570006315305240  0.34230718923334558
  0.34892425984135822  0.35565622204893077  0.36232946898589163  0.36880146678526232
  0.37497244691252124  0.38094940062654925  0.38687018112414467  0.39273511491829299
  0.39843816511620350  0.40410077092840024  0.40950465000441355  0.41488908571186556
  0.41998780030478600  0.42488991020516897  0.42957670144582255  0.43417122256931973
  0.43879469054368447  0.44334366489699129  0.44774235846949684  0.45185816138500084
  0.45613042390198122  0.46017439026594142  0.46437047722137115  0.46871738313249622
  0.47305904202381249  0.47741067987830649  0.48170064707849242  0.48588733381440269
  0.48995474196319766  0.49382724173749776  0.49769537116137752  0.50155656982142072
  0.50556161155471802  0.50966459284787591  0.51372810186226414  0.51780670104328919
  0.52205657428037777  0.52619478071131909  0.53053038803740271  0.53511670060987171
  0.53966852595656001  0.54389917589132142  0.54790227153000592  0.55198616121015198
  0.55636908569513510  0.56097162076434115  0.56558570714778489  0.57012341078747075
  0.57479787402229243  0.57979405814703389  0.58442234261382497  0.58890366635243185
  0.59328939102061473  0.59776369495984116  0.60262441744594442  0.60780093237412136
  0.61304430115790609  0.61837744432453201  0.62381655037621808  0.62931515295607332
  0.63478097420046231  0.64035636430041476  0.64627387623521193  0.65272150727255707
  0.65915231905422744  0.66556808701577619  0.67282072995543074  0.68037706804249354
  0.68778405309537050  0.69541844727718471  0.70397212241049345  0.71473785114705657
  0.72747057808746252  0.74079059041370454  0.75465348472523830  0.77000194742958661
  0.78901731688065413  0.81488927759773888  0.85697172704978186  1.00000000000000000
   8.6626737090444819E-011  -1.0000000000000000     
 T T T T T T T T T T T T T T T T T T T T T T T T T T T T T T T T T T T T T T T T T T T T T T T T T T T T T T T T T T T T T T T T F F F F F F F F F F F F F F F F F F F F F F F F F F F F F F F F F F F F F F F F F F F F F F F F F F F F F F F F F F F F F F F F
  <DiscreteSampler_grid>
  grouped_processes
  1 # 1 for a reference and 2 for a running grid.
  10 # Attribute 'min_bin_probing_points' of the grid.
  1 # Attribute 'grid_mode' of the grid. 1=='default',2=='initialization'
  0.0000000000000000 # Attribute 'small_contrib_threshold' of the grid.
  0.5000000000000000 # Attribute 'damping_power' of the grid.
 # binID   n_entries weight   weight_sqr   abs_weight
    10   10   8.450940546266965E+001   5.483001994863916E+004   8.450940546266965E+001
    16   10   8.450940546266965E+001   5.483001994863916E+004   8.450940546266965E+001
    22   10   8.450940546266965E+001   5.483001994863917E+004   8.450940546266965E+001
    28   10   8.450940546266965E+001   5.483001994863921E+004   8.450940546266965E+001
  </DiscreteSampler_grid>
