  0.00024630168619908  0.00033626551742767  0.00039553215040947  0.00044307192483666
  0.00048504313411329  0.00052401238295101  0.00056312252449367  0.00060221690238320
  0.00064247452198162  0.00068247208728389  0.00072219167087038  0.00076094451049809
  0.00079890985413779  0.00083609442899896  0.00087318820339361  0.00091062598964516
  0.00094854576324268  0.00098734424090205  0.00102724025620082  0.00106850961059115
  0.00111196734008695  0.00115723795514423  0.00120199928624142  0.00124511960172193
  0.00128797752786959  0.00133219331454829  0.00137689556404043  0.00142184493658608
  0.00146625403169532  0.00151148476990638  0.00155781873204827  0.00160634634848446
  0.00165638301549021  0.00170813148570210  0.00175945324069405  0.00181045037336721
  0.00186364542573706  0.00191693733508395  0.00197170307880554  0.00202821484878040
  0.00208502789136107  0.00214199685238454  0.00219973305328562  0.00225961379996981
  0.00232214498747033  0.00238629433491527  0.00245185245697386  0.00251872419102744
  0.00258482062124201  0.00265204451678505  0.00272389114093910  0.00279778990580386
  0.00287456391924736  0.00295644632862681  0.00304320954636228  0.00313168248779054
  0.00322159231340899  0.00331382355443346  0.00340835291349903  0.00350471087145692
  0.00360186940966723  0.00370387737134884  0.00381335610589176  0.00393072214625165
  0.00405267403571348  0.00417702081144219  0.00430475116486708  0.00444008041958213
  0.00458444074228027  0.00473536582640530  0.00489651421338928  0.00507615984578465
  0.00526466934123103  0.00546039284288423  0.00567093705969195  0.00590017947294998
  0.00614971870720755  0.00641650100191347  0.00670009808932014  0.00700152099111404
  0.00733736364111786  0.00772163173176859  0.00814164582801017  0.00860485010899097
  0.00913897469952194  0.00975550543302969  0.01051952617721075  0.01141844083388414
  0.01251585720560174  0.01392091598058189  0.01573593994051057  0.01811263229945031
  0.02155774513872143  0.02836499046244188  0.04687229481263366  1.00000000000000000
  0.00025498747261981  0.00032240918920196  0.00037142689397119  0.00040341835415434
  0.00042742529901967  0.00045468041289218  0.00048321622820312  0.00051152931497485
  0.00053973421384858  0.00056923951166083  0.00060056051500155  0.00063318872669136
  0.00066723252387337  0.00070217413495186  0.00073827410612620  0.00077459161913971
  0.00081438143973380  0.00085537264413407  0.00089520383720561  0.00093316408853722
  0.00097050586894104  0.00100682334341281  0.00104318971395991  0.00107996377677292
  0.00111772552230633  0.00115539631213858  0.00119332191449659  0.00123160598781397
  0.00127101192825270  0.00131194647945528  0.00135533183240357  0.00139930919695738
  0.00144313629164131  0.00148880118574018  0.00153805549359388  0.00158987556634474
  0.00164367389036472  0.00169965677258014  0.00175730252954434  0.00181699584855616
  0.00187780742321007  0.00193769847065688  0.00199782158399586  0.00205866618680097
  0.00211993485612659  0.00218314006910132  0.00224947261477746  0.00231865244449912
  0.00239046863957336  0.00246609373660839  0.00254599125808458  0.00262850695467394
  0.00271091685370273  0.00279382886624362  0.00287658718105903  0.00296165275181542
  0.00305043376116650  0.00314229293927158  0.00323769079546609  0.00333839553077879
  0.00344218372011316  0.00355298757036259  0.00367296736376857  0.00380284592301733
  0.00393655413886197  0.00407410995057333  0.00421937977564548  0.00436859642646418
  0.00452838461696130  0.00470246687154587  0.00488550429518448  0.00508459152998547
  0.00529929376899635  0.00552630880886959  0.00577516655708725  0.00604113122712474
  0.00634633785102552  0.00669699901266682  0.00709693133408475  0.00752421459628815
  0.00798023726152782  0.00847628322373737  0.00903436006227554  0.00966817299541404
  0.01036909873912369  0.01118967049590349  0.01218399615946048  0.01340677270686906
  0.01495435759363831  0.01704142149277968  0.01999410931480239  0.02426480340518158
  0.03156818331269249  0.05150835336968914  0.43456914697996840  1.00000000000000000
  0.00353668351890330  0.00386639031620736  0.00415832367985642  0.00444017805690322
  0.00471057524449429  0.00496963453285439  0.00524124267854442  0.00551921110222535
  0.00579296674376399  0.00605704394366598  0.00631016640332648  0.00655262754466144
  0.00675855188432870  0.00694820907276815  0.00714894187549637  0.00735219224961758
  0.00755762297290454  0.00775307890824298  0.00794060803916772  0.00813237433953063
  0.00832990842474420  0.00852278562921174  0.00871203743556950  0.00889968411360905
  0.00909151705135698  0.00929047296602620  0.00949151840615027  0.00969302459276330
  0.00989245708196184  0.01009543119899350  0.01030065647581521  0.01052002915597804
  0.01074589277197668  0.01096972103609298  0.01119592843999427  0.01142757437280100
  0.01166475653382922  0.01190333208850960  0.01214610090472643  0.01239450857015586
  0.01264934994967924  0.01290781256286603  0.01317291144156486  0.01343020309980374
  0.01368429537159056  0.01394299373179568  0.01421044487694667  0.01448137488515697
  0.01475604004048708  0.01503576798352399  0.01532689795896040  0.01563494214465318
  0.01595441656669013  0.01627362137226328  0.01660204298921733  0.01694491497688709
  0.01729802529200890  0.01765494509064527  0.01801192773666797  0.01838414457473788
  0.01877808259343712  0.01919240432705786  0.01962238745371256  0.02006634274856462
  0.02053203977769301  0.02101844279861201  0.02152816019685667  0.02206148113586033
  0.02261245385600801  0.02316881517109862  0.02372390388304004  0.02429577981490171
  0.02489506819898330  0.02552036904442164  0.02619117300561784  0.02691694137110683
  0.02768090428576970  0.02847810459077245  0.02935290883477229  0.03035963055759320
  0.03150443085471673  0.03272190252128609  0.03395983822214235  0.03526744876846203
  0.03667791447390953  0.03821243143839368  0.04001581969013976  0.04223238500140870
  0.04483054300607624  0.04802874642174570  0.05175053930194772  0.05632176965063825
  0.06241865067903495  0.07211187181539901  0.53106722284503594  1.00000000000000000
 -0.00225412224755509  0.00897426378058410  0.01867193765011506  0.02892102314282543
  0.03906737490654304  0.04893644622379896  0.05898581817086293  0.06899026416556492
  0.07928948663030450  0.08911555116291064  0.09976490078753607  0.11047058238080033
  0.12171632267021523  0.13221543915988479  0.14486443261196036  0.15562344105159220
  0.16766245978483765  0.17977763854575848  0.19130768899733414  0.20245643550836206
  0.21316644990827366  0.22365223272229129  0.23440394670212361  0.24519028797859624
  0.25608672559320383  0.26683117257937544  0.27771455541572393  0.28860089338178263
  0.29920000489259801  0.30950362759457656  0.31978562662275634  0.32987317893020895
  0.33999016634475288  0.35031928815819208  0.36094935280845969  0.37174267145800538
  0.38243316145743322  0.39291515338982436  0.40323391678110715  0.41339242745511062
  0.42354749488928112  0.43357736729945062  0.44375214216488051  0.45419165156390084
  0.46476670184934454  0.47518867413175681  0.48550559539368415  0.49591937911503969
  0.50622308556484241  0.51648278994998698  0.52671201007614998  0.53690881733839235
  0.54724739164617719  0.55787669399277529  0.56885837424122743  0.58008463910337782
  0.59162181747720888  0.60323080985859656  0.61441997623490829  0.62528510468558041
  0.63589883632925615  0.64618152720356015  0.65623474385398739  0.66613933664763070
  0.67580775284353944  0.68554619972972763  0.69566611556141600  0.70609292422536885
  0.71656953295909098  0.72689738092496170  0.73736421567777766  0.74803816373474064
  0.75907326332751446  0.77005275988771349  0.78102968667885553  0.79183577665838323
  0.80255850796581329  0.81322679465426506  0.82380108133176344  0.83415923149607718
  0.84426289921185016  0.85442282226258259  0.86453162771598091  0.87458619889205036
  0.88448252825948614  0.89461312472095844  0.90538680028024920  0.91624402567495711
  0.92742573640265080  0.93798760738881315  0.94834695666875579  0.95889177319441432
  0.96965065117574234  0.97995147210925826  0.99000617911661759  1.00000000000000000
  0.05797110180618618  0.06254314060256574  0.06569371471412956  0.06835385687594850
  0.07061899779045964  0.07268750715461601  0.07461729003228172  0.07643298328587497
  0.07817290435098039  0.07986816916472900  0.08148934190633458  0.08305893438348307
  0.08446029054905799  0.08585055777615493  0.08726554131805078  0.08867722484039550
  0.09007070232801569  0.09140994013551638  0.09270540842618680  0.09399337470453242
  0.09530874871687917  0.09664423999496093  0.09796704799319535  0.09925516846559142
  0.10051835067587409  0.10176637922570352  0.10299379502930243  0.10420296593008377
  0.10541332825977201  0.10664748265073198  0.10791974387412762  0.10922447992579506
  0.11052967423337477  0.11182290809600272  0.11310022219722383  0.11434234686807331
  0.11555650307341850  0.11675450817841389  0.11796173094180444  0.11919934964872957
  0.12047116787274748  0.12178687918108093  0.12310107525017773  0.12440675406299953
  0.12572445778865235  0.12705931596912040  0.12839125153953537  0.12975388453482106
  0.13113961615378739  0.13253490786478442  0.13390502399005461  0.13526485700356938
  0.13666881043881102  0.13810060131835325  0.13958873408044237  0.14096297664258850
  0.14237254746398006  0.14377419833571198  0.14535877204136743  0.14706273840351905
  0.14881310106140816  0.15051765605676626  0.15224490742353353  0.15407069926802289
  0.15601561960697685  0.15804939272640559  0.16010409022266248  0.16212371601919429
  0.16414676760824651  0.16627362975150381  0.16858085562502340  0.17107900149012437
  0.17346016173863987  0.17597907850868727  0.17882356317041598  0.18165241633583071
  0.18448019826190329  0.18725890177773918  0.19018740710524601  0.19309577229121247
  0.19590895587797943  0.19887762845952278  0.20212369311151721  0.20600516466331553
  0.21037197396075577  0.21510311637549948  0.21950412991096876  0.22481216209626842
  0.23070235279416351  0.23796960555696983  0.24596358406489041  0.25533764770029477
  0.26855338169978110  0.29040449204580637  0.37955150329793386  1.00000000000000000
 -0.00211752274704149  0.00865445740971497  0.01804750990245762  0.02843052197549895
  0.03871399975616852  0.04858565135543556  0.05871327674944649  0.06938458369496843
  0.08035862195043543  0.09123241376685293  0.10178382232439173  0.11233504489963604
  0.12298187661199397  0.13380092195512869  0.14459798396164222  0.15518591114275448
  0.16546203477048887  0.17572955276348365  0.18616345864135844  0.19662365810101248
  0.20704739088209975  0.21771512876904961  0.22836635907918060  0.23863818618305210
  0.24866425401968598  0.25892563840596022  0.26935577971473812  0.27961668194925499
  0.28970767697573230  0.30015950365248795  0.31092139340251407  0.32155393976087032
  0.33244895076191394  0.34372540889301656  0.35509124667689795  0.36609601709706757
  0.37704398352480090  0.38856819677544180  0.39923302639277725  0.40935796666091784
  0.41981920329729494  0.43085830061790559  0.44190542287250684  0.45296587537055283
  0.46468737024403789  0.47654698122520844  0.48741794331250554  0.49756274361629299
  0.50774770375821809  0.51799173731110193  0.52844507569122723  0.53898421154390963
  0.55020149049419187  0.56170733185873378  0.57364315366103691  0.58532422942853912
  0.59677793031918169  0.60796057217653676  0.61906538716661197  0.63021233008391064
  0.64143612961358776  0.65248596593886543  0.66352907626640223  0.67469608296642103
  0.68615386522907340  0.69704269435836641  0.70762346627103978  0.71835215899552018
  0.72926825868996492  0.74007643496958841  0.75111825180228387  0.76243273337749451
  0.77326576340010633  0.78341891048781054  0.79351863418774871  0.80442584405148698
  0.81471540365418427  0.82478804623375779  0.83434498649393807  0.84389555629447077
  0.85348131094579160  0.86318834221416896  0.87294180437623925  0.88289601966332709
  0.89280442571447993  0.90275793119436520  0.91256857314650663  0.92206912136000763
  0.93149816392872420  0.94091172703306758  0.95090827129130551  0.96106037580736847
  0.97106051043222419  0.98085741684718331  0.99042259911956454  1.00000000000000000
  0.05284820369349321  0.05539545462116774  0.05743919628416006  0.05911574336344141
  0.06062558098219910  0.06203250493680068  0.06345792848355628  0.06488942241109877
  0.06626211346123288  0.06762243823294295  0.06896113176061178  0.07023834478230430
  0.07146920742288224  0.07268088138577768  0.07390309208529730  0.07515743186416768
  0.07641125267524586  0.07765147740543699  0.07885264398312740  0.08002689924664927
  0.08121547076952060  0.08238956712983736  0.08355695583507196  0.08474395649012818
  0.08591226562064194  0.08705439337438850  0.08817080249551631  0.08928115056900508
  0.09043549276642505  0.09167737594774679  0.09280943798287143  0.09394843870796528
  0.09510090942618935  0.09627169330014176  0.09744814718017611  0.09859442073417635
  0.09970756864613244  0.10084344018759255  0.10200081832708453  0.10314017945807401
  0.10430285751879338  0.10544502667601097  0.10658960742004318  0.10779107648434996
  0.10898116476452779  0.11009490980485058  0.11120726813918588  0.11238974430740459
  0.11363546599042965  0.11492422595975636  0.11633751550180725  0.11778492237811929
  0.11919332787061457  0.12050960241664166  0.12182829679632548  0.12318260390515734
  0.12453799483128158  0.12595885707408011  0.12733333698698496  0.12862511966534909
  0.12990602789840569  0.13122895780662122  0.13255569728034491  0.13376682246698568
  0.13510711836743139  0.13641854389040384  0.13761813578675050  0.13893318053004625
  0.14029578817133623  0.14180161638634986  0.14357012893909593  0.14562777131580018
  0.14793698543129344  0.15022953130092706  0.15216881058812529  0.15371548626171880
  0.15513489948375703  0.15654917878060989  0.15794075992184331  0.15923979465081972
  0.16034394938261923  0.16153292845362602  0.16278754495541500  0.16418652590199068
  0.16589850353097033  0.16779769422715624  0.16964505487328027  0.17182935268174288
  0.17428885517917056  0.17762990056888514  0.18116480365453230  0.18539029073175708
  0.19259515683844797  0.19867013694005600  0.64332769431041181  1.00000000000000000
 -0.00244880956996738  0.00887478550223544  0.01986296356360294  0.03067481777342201
  0.04137346085507704  0.05195924229756691  0.06255458874698987  0.07301674356196432
  0.08315412915330973  0.09285633163557139  0.10258420063955598  0.11258264787721418
  0.12309766371131280  0.13369629872030223  0.14481045736143830  0.15643018043036880
  0.16801831227665456  0.17919414623522592  0.19001914947148360  0.20066096208443640
  0.21129809205581210  0.22203433760433092  0.23295824399964149  0.24416201205696483
  0.25516350878188299  0.26583574018439526  0.27618948227167955  0.28649503165946388
  0.29662339048895803  0.30666909409621368  0.31705923726816221  0.32780126201561938
  0.33846219030399566  0.34901667812119080  0.35981401323468509  0.37089234219993861
  0.38186441314339237  0.39248516548967260  0.40259712502133704  0.41236294351848102
  0.42197606318757996  0.43175708179279348  0.44172491624860494  0.45160179814293638
  0.46164692902910437  0.47148135947437625  0.48136041102587263  0.49154870999131112
  0.50217290318868146  0.51314831787485726  0.52393312100868172  0.53454698739947015
  0.54514972405447226  0.55597141046563869  0.56711730658692372  0.57810095203174239
  0.58882549173037313  0.59925461044506900  0.60979969885151453  0.62033643221432366
  0.63075208103110669  0.64127607015089982  0.65201249680761042  0.66263855853015863
  0.67315294919259760  0.68368734606201809  0.69476329182015895  0.70593042909950232
  0.71697854263835104  0.72750877437980910  0.73772220445234438  0.74807818616859956
  0.75873438198778220  0.76920538789853132  0.77939436630411263  0.78964971653607052
  0.80028719662549141  0.81111783179188379  0.82212827449600390  0.83308579555185125
  0.84373267297653143  0.85410852233419088  0.86462674765244707  0.87528210072083956
  0.88565417792849166  0.89608424738069692  0.90635637694863280  0.91676702549660372
  0.92718038082683485  0.93756555734466673  0.94809230476437134  0.95843391866959182
  0.96862322044125260  0.97895358454540193  0.98934699762984502  1.00000000000000000
  0.07513455400845928  0.16638840137047520  0.18738542288485247  0.20295712284030173
  0.21624261202305239  0.22751021779828667  0.23798391182238704  0.24785318154426536
  0.25680629248880327  0.26522744374168417  0.27359040625510839  0.28190296649565166
  0.29014780003518487  0.29757211674153206  0.30460493153057600  0.31126196217725205
  0.31750197465365260  0.32354214325334424  0.32932674675594431  0.33492997108113792
  0.34027831238802597  0.34569997876424940  0.35102227960848315  0.35621428227638918
  0.36136552812408979  0.36640480888875876  0.37145436165795137  0.37646454224890469
  0.38147014709490473  0.38637698038315821  0.39104155739764085  0.39565574763315409
  0.40041887855333569  0.40534677512532946  0.41036208256464046  0.41533410159074352
  0.42017754287963360  0.42488703142624018  0.42953916528979402  0.43420028251766679
  0.43877504155021813  0.44323377848249884  0.44772372120200316  0.45230129433770416
  0.45692612719687892  0.46151123812721917  0.46601167681628558  0.47045189192508130
  0.47494140733039264  0.47949971651623569  0.48408352267431537  0.48870811473181686
  0.49326371262686852  0.49776236349825292  0.50226330056586554  0.50687288236045747
  0.51151489271302919  0.51606467870303885  0.52057616588976785  0.52516014503276653
  0.52975499166841089  0.53427281742032606  0.53871292225321421  0.54328246139184155
  0.54799540985461592  0.55283289665947277  0.55773911418226418  0.56281276984355844
  0.56809053668463738  0.57341184322801220  0.57871893832569976  0.58409057270621845
  0.58958947971826758  0.59518710637880801  0.60086242288316161  0.60653348978651167
  0.61222197209974905  0.61794494726311155  0.62386065012408776  0.63019463196126180
  0.63695036244120895  0.64399150681548056  0.65151797237296416  0.65938869505890940
  0.66745993414677374  0.67615385139003270  0.68516013271204312  0.69474503823936673
  0.70515363407724574  0.71659571717751358  0.72926119004674417  0.74373595274698534
  0.76105488882541406  0.78362254553484534  0.82285771512588202  1.00000000000000000
 -0.03820961884973358  0.17106463039386255  0.21454502218806532  0.23888434278547982
  0.25676073769544228  0.27142538500459618  0.28408446962322115  0.29541471555853660
  0.30566462529325955  0.31521178747558554  0.32401862696066447  0.33197226491477788
  0.33926519736678035  0.34609478732461180  0.35264098432788277  0.35887985780290693
  0.36484636769642370  0.37046033040228571  0.37574343676495892  0.38080135872914694
  0.38576698423523037  0.39071901154050614  0.39564795526256652  0.40056089134084555
  0.40543177292622401  0.41016221207505138  0.41479804710963802  0.41932627044257037
  0.42370695069876901  0.42792766384229264  0.43205479064274660  0.43612225104047675
  0.44010527591226839  0.44412534034482465  0.44817211001859891  0.45227416104597123
  0.45642314430033937  0.46061887961961401  0.46468222229758177  0.46862421965371781
  0.47247672241278654  0.47634027604306051  0.48011019940032951  0.48388394002598378
  0.48760959467506781  0.49127447759405274  0.49493341659533102  0.49868098066374195
  0.50245589030097038  0.50641105788116170  0.51036943321936223  0.51434398541177251
  0.51825194509894412  0.52210658015916001  0.52598037212630555  0.52981583454108017
  0.53360067030957592  0.53738603297361354  0.54118718854206471  0.54499435778845962
  0.54878342472555663  0.55258123004882909  0.55644917754456646  0.56039741209754168
  0.56439020744872581  0.56835173401120664  0.57228172180131942  0.57633018730704855
  0.58050039451950841  0.58480283840125924  0.58921045979387310  0.59371148906063709
  0.59822613040754069  0.60284921301662509  0.60777634573036332  0.61301272746731961
  0.61837010972505291  0.62385190117341283  0.62938801260364075  0.63507558616720228
  0.64086746871784761  0.64699305310827560  0.65353613069075567  0.66031286614665829
  0.66753854229854948  0.67503521476710482  0.68291969544285347  0.69138643229395047
  0.70086106006361293  0.71150646710466792  0.72408098868334736  0.73851394052294195
  0.75735757759147371  0.78291477031768530  0.82753417014598596  1.00000000000000000
   3.0855977200753913E-009  -1.0000000000000000     
 T T T T T T T T T T T T T T T T T T T T T T T T T T T T T T T T T T T T T T T T T T T T T T T T T T T T T T T T T T T T T T T T F F F F F F F F F F F F F F F F F F F F F F F F F F F F F F F F F F F F F F F F F F F F F F F F F F F F F F F F F F F F F F F F
  <DiscreteSampler_grid>
  grouped_processes
  1 # 1 for a reference and 2 for a running grid.
  10 # Attribute 'min_bin_probing_points' of the grid.
  1 # Attribute 'grid_mode' of the grid. 1=='default',2=='initialization'
  0.0000000000000000 # Attribute 'small_contrib_threshold' of the grid.
  0.5000000000000000 # Attribute 'damping_power' of the grid.
 # binID   n_entries weight   weight_sqr   abs_weight
    10   10   2.961019411802181E+004   4.562571691720277E+009   2.961019411802181E+004
    16   10   2.961019411802180E+004   4.562571691720273E+009   2.961019411802180E+004
    22   10   2.961019411802181E+004   4.562571691720276E+009   2.961019411802181E+004
    28   10   2.961019411802180E+004   4.562571691720273E+009   2.961019411802180E+004
  </DiscreteSampler_grid>
