  0.01400360030460006  0.01470940006138896  0.01510603812866598  0.01520718580119910
  0.01532932954012683  0.01544120613380364  0.01555586663371138  0.01565633304312243
  0.01575932572688880  0.01586200143695134  0.01596055172453587  0.01606265885815867
  0.01616273526943703  0.01625968140172134  0.01635316343809564  0.01644531565350871
  0.01654454675885280  0.01664449545870971  0.01674317347130975  0.01684144591099094
  0.01693989189082426  0.01704086386419572  0.01714640602576853  0.01725512869818867
  0.01736752153263400  0.01748439009501713  0.01760217068507931  0.01772144187599121
  0.01784216874926811  0.01796526341714537  0.01809149197723233  0.01821951893324936
  0.01834801568959519  0.01847813342726432  0.01860951426191916  0.01874075544177269
  0.01887778837589560  0.01902406021865084  0.01917626383407769  0.01933169254610206
  0.01949098380529313  0.01965438830788094  0.01982337649936155  0.02000557276478093
  0.02019679681572124  0.02039343734790586  0.02059539022668246  0.02080279732042217
  0.02102075736582986  0.02124944152055357  0.02148463498043408  0.02173152509515946
  0.02199063216729793  0.02226547050809373  0.02254838561395471  0.02283579405542190
  0.02312644698407679  0.02343094701216828  0.02374069233606400  0.02405438339824322
  0.02439196508349354  0.02475464837376335  0.02514145871908491  0.02555297239737569
  0.02598829985277409  0.02643080293479812  0.02688023462416032  0.02735445692197164
  0.02786137380414720  0.02841435554213455  0.02903176987247706  0.02970026092969309
  0.03041713553291495  0.03119077838335836  0.03199256761316834  0.03285160609470635
  0.03377531122142249  0.03481004778670842  0.03593082191710879  0.03713855025731681
  0.03845492198356959  0.03992666360770233  0.04153005167401138  0.04336885205016663
  0.04549718006141865  0.04799853100317972  0.05076230773110197  0.05396710272932462
  0.05765457045706633  0.06195241562683331  0.06753179155082926  0.07531895854690455
  0.08646349603335218  0.10305677575613235  0.68432956460508121  1.00000000000000000
  0.00022277905288245  0.00031781964500079  0.00036582463445468  0.00040379603223964
  0.00043785375786282  0.00046747054390992  0.00049759711557678  0.00052899811261585
  0.00056076462526692  0.00059104566152710  0.00062306034138732  0.00065736346466039
  0.00068988564651587  0.00072136762833101  0.00075298432064757  0.00078578039065171
  0.00081890152160271  0.00085096229939943  0.00088198569068769  0.00091432424383267
  0.00094813215853925  0.00098456500840916  0.00102383592353524  0.00106472216376419
  0.00110790847459465  0.00115385794210974  0.00120094267821984  0.00124919618904071
  0.00129837799085766  0.00134707321333713  0.00139470213071242  0.00144329043355383
  0.00149403011438216  0.00154590115515810  0.00159912761592146  0.00165210731417966
  0.00170585933571399  0.00176040075395493  0.00182240530101055  0.00189081038263918
  0.00195917182661051  0.00203148815077027  0.00210725009244640  0.00218415202161627
  0.00226102411498248  0.00233687482432514  0.00241425288376804  0.00249720555708883
  0.00258482540918838  0.00267594674041521  0.00277066345761268  0.00286848672217469
  0.00296731773800049  0.00306953083364865  0.00317436639955337  0.00328483161289673
  0.00340864235634803  0.00353917780824839  0.00367637346158846  0.00382266168527804
  0.00397084162164077  0.00412866103873011  0.00429203702741731  0.00446630133967506
  0.00465277637021482  0.00485013150826864  0.00505924752974927  0.00528291040683167
  0.00552538721754251  0.00578830978059238  0.00607948415833411  0.00639216342399094
  0.00672724057562271  0.00710042257610472  0.00747975331614947  0.00786297380699417
  0.00827901624816305  0.00873097793546901  0.00924990687185044  0.00989686181387351
  0.01063721696530814  0.01142689480128013  0.01227107245983818  0.01321627042419826
  0.01428223020706120  0.01558821513175043  0.01715203501336687  0.01892861775016357
  0.02095571084331045  0.02353026008359734  0.02711259802585144  0.03229154778798244
  0.04051113369137783  0.05646571368023386  0.10522017254676941  1.00000000000000000
  0.00228176341918685  0.00281355137284203  0.00320730162682465  0.00367099413903034
  0.00408992395670312  0.00449938502352885  0.00492410874019033  0.00552996580347301
  0.00618415909069743  0.00673394597131043  0.00714408025657859  0.00756161174567984
  0.00805873574706139  0.00862132455163200  0.00918198082943255  0.00977333929603714
  0.01042108325405025  0.01110458743526991  0.01178479101724661  0.01250284952598800
  0.01328251286359795  0.01411305812744300  0.01497189471702287  0.01586551416011969
  0.01678857831707096  0.01775925646440904  0.01879131200544248  0.01989825676501862
  0.02102418662534663  0.02215643194822843  0.02329705213568062  0.02440990469069016
  0.02544323262243808  0.02646397249452715  0.02750086539712806  0.02855365876184468
  0.02962522133517962  0.03071054415830606  0.03180978229461568  0.03293161893232106
  0.03409590964488080  0.03524969499235365  0.03638879413163123  0.03753926126505069
  0.03878703709954388  0.04016910198187173  0.04159705417633669  0.04296562093568974
  0.04423149400121673  0.04550655140159008  0.04684302360772415  0.04822614237703113
  0.04962928592266779  0.05104777452972069  0.05254593860357197  0.05408340625315546
  0.05562646879360713  0.05721032668660410  0.05883047276264947  0.06038401207415751
  0.06193052786246935  0.06363010662141839  0.06542942010154908  0.06726107311606791
  0.06920881887266943  0.07122377668085536  0.07325478576103477  0.07524675729611872
  0.07721668260055832  0.07932202772710921  0.08127638478930531  0.08320873482129372
  0.08515565946206691  0.08719808755301389  0.08950882478932029  0.09226893315821770
  0.09560860412097624  0.09916501350739003  0.10219906633392450  0.10503508901046413
  0.10767293173261622  0.11068352662113846  0.11369834860672891  0.11626619161421069
  0.11900164719831187  0.12186719907934990  0.12484363123888673  0.12800598527625323
  0.13170112491416036  0.13647391619650212  0.14218954908137285  0.14768731989795927
  0.15364900597675610  0.16221528343291908  0.53700096846636813  1.00000000000000000
 -0.00478765388856717  0.01836928777922019  0.03834169223864757  0.05806542411628078
  0.07541120473521455  0.09129941311389288  0.10721241788008656  0.12257511080856999
  0.13589319558582927  0.14902699840597794  0.16203770431366624  0.17427372247290737
  0.18535957674804074  0.19663982285327031  0.20804029025358184  0.21976397067707421
  0.23154202907147456  0.24323376009179265  0.25466514025777254  0.26571106641782316
  0.27684411490545136  0.28785169219612577  0.29848969704932304  0.30871694592089488
  0.31927190995858917  0.32996936843969293  0.34054635379166509  0.35091810002982765
  0.36157160183803877  0.37246770612340985  0.38308209483974848  0.39318601379730372
  0.40288817651325709  0.41224060425462128  0.42165462762872497  0.43095608514215206
  0.44002820822924105  0.44902540436572025  0.45811726259226121  0.46761652185252633
  0.47720761579610149  0.48670029664052222  0.49631119581160310  0.50603596128066863
  0.51551456235282345  0.52447835119317632  0.53315939975165250  0.54203860299235729
  0.55137387443253072  0.56086624896419845  0.57005291120566204  0.57875771173615953
  0.58709651576198774  0.59525516124868061  0.60362946999766065  0.61252493334564195
  0.62189773872333953  0.63152287645148986  0.64078200180215328  0.64931845303321067
  0.65766879646408571  0.66619014858973213  0.67498085675319197  0.68378161708390539
  0.69279398392654934  0.70219567790558346  0.71168434769685640  0.72091999794570150
  0.73001532764575705  0.73856227328095603  0.74712876828088659  0.75584015006067851
  0.76481830480400070  0.77373175570230801  0.78243464535827356  0.79103052184967027
  0.80008605010254630  0.80938048924073958  0.81840575571613916  0.82683734653436036
  0.83558103737351175  0.84479416511186745  0.85447939862812627  0.86398134440078767
  0.87325326441537454  0.88275197497974467  0.89306609331615616  0.90344630079823163
  0.91381027961807215  0.92369559757350272  0.93401133783011148  0.94610024964035833
  0.95947507789900988  0.97282601135674796  0.98617511229065158  1.00000000000000000
 -0.00245395245550048  0.00955765554581102  0.02051996828899147  0.03160688338275583
  0.04267159728170192  0.05361830066870436  0.06421298908593844  0.07428190257394382
  0.08408941235820347  0.09400294335479198  0.10406154877224837  0.11411326008927045
  0.12429336626200940  0.13385063542207939  0.14337080617916148  0.15233157227737310
  0.16168410007448222  0.17111354423886876  0.18119160055749900  0.19163683208318388
  0.20232678070366841  0.21284193675570243  0.22348068974464355  0.23433113309783454
  0.24542511805844525  0.25634828635957407  0.26689959460695278  0.27809672145075087
  0.28986858920529107  0.30137951323367501  0.31286666202246133  0.32452015070732793
  0.33634264771103706  0.34784105903611562  0.35923155017520331  0.37025142045648884
  0.38100974617304167  0.39174295861806019  0.40203643790289251  0.41198771749122159
  0.42227559612570031  0.43282776831020686  0.44346095868484930  0.45326953572618778
  0.46355435487612978  0.47403481370160300  0.48479794740656557  0.49571810199333527
  0.50744580212419899  0.51947912135892316  0.53087964955962386  0.54137672213084065
  0.55219827705571300  0.56261263484310209  0.57321838635876476  0.58336391335100424
  0.59447057435697270  0.60579215917778551  0.61699181605535425  0.62798145381685744
  0.63846092457014181  0.64861085753490355  0.65851329859493235  0.66856637995531321
  0.67907721180631087  0.68965197873743156  0.69959628635686255  0.70953371480506155
  0.71976574258388593  0.73046134436132293  0.74044559219396400  0.75067848715814611
  0.76148637529448071  0.77253558396536648  0.78302096856797898  0.79339156480279205
  0.80404006933482342  0.81456044312337039  0.82443534413447606  0.83381179082669277
  0.84336789792126143  0.85300491857675786  0.86282959842804019  0.87279327350706826
  0.88294929502841701  0.89402645127295777  0.90533233448204098  0.91682418709214675
  0.92791273754364134  0.93900196489974264  0.94985312407456390  0.96062911136144091
  0.97092150000439970  0.98114282583211376  0.99072655479706850  1.00000000000000000
 -0.00253279308272629  0.00931456298476456  0.01950141434764522  0.02984416649905764
  0.04037979032159487  0.05145062078530747  0.06255938007269643  0.07296055227281151
  0.08342574125392931  0.09400580981499224  0.10482222558155510  0.11597781188221262
  0.12723674235667440  0.13829420610701296  0.14894761051503941  0.15891337376104175
  0.16930672558141185  0.17925972968738665  0.18976624972138584  0.20012744828792375
  0.21076313271974118  0.22138894954077609  0.23163470218219603  0.24163875581554156
  0.25165022478596133  0.26182695051844868  0.27177781042052590  0.28106298177028927
  0.29140879364894939  0.30171928776633139  0.31159015112986810  0.32104534090497205
  0.33047757892717700  0.33992471687867198  0.34977595480428220  0.35978481770130977
  0.37006643349120716  0.38042493695909946  0.39086617356949477  0.40137162335178367
  0.41189631632602680  0.42230476029513775  0.43281945399140404  0.44349899941531196
  0.45413885217015248  0.46492228800235008  0.47618696952084127  0.48741422582000382
  0.49840142966891987  0.50925090108549298  0.51987135709985610  0.53049030930348073
  0.54120732788626369  0.55206347559112312  0.56301224050239607  0.57395584556636892
  0.58477587674855747  0.59566601528848606  0.60665931447180821  0.61776166340063710
  0.62835920234847276  0.63838761321224358  0.64840056613309927  0.65893487538261175
  0.66959804652584132  0.68018616020469935  0.69058466392559548  0.70122100203123838
  0.71177892737123005  0.72234109226432563  0.73298210290572785  0.74371528678809840
  0.75421347224305080  0.76478793941422563  0.77569765249441303  0.78693429130368320
  0.79758504391242446  0.80789045092110756  0.81831131237131438  0.82929529502928401
  0.84006349155327720  0.85036654992231731  0.86079409125321527  0.87124312074991528
  0.88142240499101121  0.89092233630820272  0.90047538041402064  0.91090521091508669
  0.92213260740758263  0.93456358176128140  0.94689784695399837  0.95923491261137561
  0.96966650631421469  0.97994991765475470  0.98971806593577005  1.00000000000000000
  0.05947658928360103  0.06195382580481430  0.06451972997793601  0.06700470502172087
  0.06908750122128382  0.07101511323745038  0.07282838638212197  0.07449864411139621
  0.07609492606102711  0.07764493223683196  0.07916465354882603  0.08065542497982803
  0.08213084863102700  0.08355264250287424  0.08493526373694146  0.08628617419782567
  0.08759611544409830  0.08886879070904147  0.09014501585999939  0.09142272052371864
  0.09264586600415166  0.09383171810170064  0.09499692995508460  0.09617298695135847
  0.09738708489944549  0.09860567529097509  0.09979328660237932  0.10095072129294740
  0.10209000779694460  0.10322495066233091  0.10438554187575021  0.10556158760301620
  0.10671018110304903  0.10783695295531796  0.10896061902286837  0.11011995249560608
  0.11130848796605372  0.11250399393143863  0.11369627682512855  0.11489173608057851
  0.11612737048185133  0.11741016516290613  0.11873815135621216  0.12008316509377862
  0.12145569879868759  0.12282799866461466  0.12415416593458245  0.12556436152353356
  0.12702126304638178  0.12852535049417929  0.13001339794250374  0.13145934052753222
  0.13282351042011362  0.13414848458172804  0.13563186886777073  0.13722769108108612
  0.13898675989300471  0.14079389928455491  0.14243610178408692  0.14402100530553061
  0.14556613073143337  0.14725735473578394  0.14909293891731604  0.15098322765067804
  0.15290595588718336  0.15489687572524513  0.15684306104166204  0.15885649637705168
  0.16095538732808348  0.16331255793124719  0.16548644301421095  0.16792343285230465
  0.17033777730256225  0.17262873974782866  0.17497227645904850  0.17754072884606792
  0.18033406774279645  0.18328931157501221  0.18644859772149616  0.19012153264239512
  0.19442953595391987  0.19955604499299584  0.20503244979068694  0.21055977086463604
  0.21624068581810862  0.22076438367277482  0.22573501330577425  0.23136983848721152
  0.23867247016182197  0.24715039447345494  0.25532615111997853  0.26566958714139710
  0.27862154505409786  0.29547173053957987  0.32884605817289853  1.00000000000000000
 -0.00238151195369349  0.00810021951385956  0.01699317807873860  0.02563199280539795
  0.03414634538280614  0.04257236442636942  0.05095753502119413  0.05937023553353658
  0.06796266904028737  0.07685626115409067  0.08591867305013245  0.09505503080448295
  0.10398557616645789  0.11196838749893037  0.11995133769474389  0.12806965672316620
  0.13604658418533083  0.14402685344325405  0.15185332307252844  0.15944327262130634
  0.16749774886898275  0.17602159784340340  0.18479464467392123  0.19399906225813851
  0.20363183324958251  0.21384395986144847  0.22435336363949798  0.23510805543966348
  0.24589943573027648  0.25683442741644069  0.26807010749000304  0.27976842035318511
  0.29194895165662516  0.30392268114177157  0.31541122011251121  0.32676668619235660
  0.33856605527186845  0.35107154464129298  0.36439795382941398  0.37755078975602452
  0.39048052195643052  0.40383536916160639  0.41755989350545980  0.43105123300892584
  0.44513976717094500  0.46035489384717843  0.47471098168434783  0.48929530658603343
  0.50449063512897130  0.51934562228972381  0.53335952552974863  0.54666126547412053
  0.56047363970900899  0.57501415522961574  0.58943515079622200  0.60321463701230693
  0.61641616547498479  0.62904254841090990  0.64117356769900291  0.65325307830172519
  0.66531736699848010  0.67739896138073163  0.68957090394866805  0.70162841168751455
  0.71333147675208586  0.72483358089673211  0.73615237978373727  0.74716047601063595
  0.75800910781160058  0.76874265403347630  0.77913684698142527  0.78920477773609832
  0.79927204002902208  0.80947059187489856  0.81947458177852417  0.82926881558771026
  0.83868778345144734  0.84760186125092118  0.85602325151895464  0.86417128099133700
  0.87247297486017494  0.88088467421788819  0.88913832620919164  0.89730181630115002
  0.90545507102435363  0.91360546558287292  0.92190016892194526  0.93042455152296855
  0.93902750384863454  0.94776478941524722  0.95636946446901583  0.96535054870956871
  0.97434493631135810  0.98345010301694813  0.99173970818928681  1.00000000000000000
  0.10814229040311570  0.16099393389833891  0.17866217965922310  0.19895444180202557
  0.21800122790121504  0.23351041007932216  0.24599276628616995  0.25904063489025136
  0.27147330410763443  0.28173072867855664  0.29168974221181565  0.30102542119837011
  0.30979982723803662  0.31723971799502609  0.32417133289441169  0.33119318030714562
  0.33821276949553924  0.34518695992769782  0.35181614384586146  0.35805958056897635
  0.36406409248443417  0.37002870554240896  0.37616118747415506  0.38233798581728029
  0.38819035901946825  0.39388826158847845  0.39903141539355103  0.40417291246083437
  0.40942872421351217  0.41458730456567505  0.41964017908686008  0.42437052936837055
  0.42912432896963609  0.43403924531898586  0.43917255619285478  0.44426275795397435
  0.44929413863382495  0.45422377780080114  0.45918268018487407  0.46413867744488640
  0.46894842578998502  0.47351905239834025  0.47804506187848478  0.48274687609397854
  0.48769107392211647  0.49275941809960261  0.49769910638587206  0.50253407890397506
  0.50729893373205626  0.51210370695362439  0.51689417859831299  0.52148713412868908
  0.52582561195005084  0.53003856960246176  0.53418457110425477  0.53843857450937682
  0.54278903510683718  0.54750615894348575  0.55220501703016911  0.55673551311148817
  0.56131159552706755  0.56586084464862407  0.57064890584609573  0.57539138033858916
  0.58000794175099157  0.58484461482795358  0.59005728692932391  0.59542064264910832
  0.60084000787781422  0.60621625196817785  0.61152490221235811  0.61692809514240077
  0.62246670742061327  0.62800391377487308  0.63353317831642575  0.63911091488540961
  0.64463451791056525  0.65017054683900111  0.65576510129092025  0.66161642756233918
  0.66772536014049932  0.67435252640689058  0.68113432653052475  0.68809519568009014
  0.69541783947858615  0.70315793038353225  0.71177167863640933  0.72137758071867553
  0.73159891861489990  0.74255406440820848  0.75473001469302015  0.77022297304058696
  0.78866124479877442  0.81148122961830849  0.84701799513035092  1.00000000000000000
 -0.03178603362529358  0.15766169304406627  0.20240911367575184  0.22817849056414313
  0.24785690658367204  0.26285022605975727  0.27599899495640140  0.28766269203625500
  0.29812586151167053  0.30719059660180281  0.31548683449454729  0.32292239944995882
  0.32992330604417647  0.33687917600639383  0.34374920085866972  0.35036063231577141
  0.35669150004537242  0.36281739085342835  0.36880597293588196  0.37461900198215231
  0.38021334923027494  0.38560726389276917  0.39074559139177634  0.39574651640147579
  0.40073487175876471  0.40572450951510552  0.41069878935265808  0.41557955444277023
  0.42039602941819476  0.42512036236646217  0.42991796146763833  0.43455738123549364
  0.43905359983830522  0.44334902543067267  0.44761294497444798  0.45188943157655376
  0.45612814460601747  0.46028383297644926  0.46431631442494303  0.46823403202559527
  0.47218594681856668  0.47619649341183801  0.48005382194233098  0.48390721910876333
  0.48780771463393585  0.49176060943279043  0.49578051656211591  0.49977678806042752
  0.50388269740423797  0.50787611572016800  0.51182570142328765  0.51566319596870214
  0.51961404826633573  0.52369925756020652  0.52778641501236645  0.53186464741022099
  0.53598748274961672  0.54014266460292393  0.54424682530002677  0.54826615993836358
  0.55239225992359575  0.55669506551119186  0.56117495634791748  0.56570976036405451
  0.57024962561553383  0.57466700826513850  0.57909604920131941  0.58354513294682797
  0.58815527591502004  0.59296125818438794  0.59787574288625023  0.60281907326253270
  0.60777759517410579  0.61292097516320942  0.61826524388172421  0.62373519900922803
  0.62924248591401155  0.63477805447071911  0.64044772745342549  0.64638156298553984
  0.65249362218745688  0.65905653686410570  0.66586502965823435  0.67304018455696557
  0.68066492145915047  0.68882204178842099  0.69720614678211301  0.70595723162370205
  0.71569073880092660  0.72642125243346656  0.73853752503996184  0.75296577100725093
  0.77203182367428991  0.79756347344810796  0.84261591122352686  1.00000000000000000
   7.2759539123618874E-010  -1.0000000000000000     
 T T T T T T T T T T T T T T T T T T T T T T T T T T T T T T T T T T T T T T T T T T T T T T T T T T T T T T T T T T T T T T T T F F F F F F F F F F F F F F F F F F F F F F F F F F F F F F F F F F F F F F F F F F F F F F F F F F F F F F F F F F F F F F F F
  <DiscreteSampler_grid>
  grouped_processes
  1 # 1 for a reference and 2 for a running grid.
  10 # Attribute 'min_bin_probing_points' of the grid.
  1 # Attribute 'grid_mode' of the grid. 1=='default',2=='initialization'
  0.0000000000000000 # Attribute 'small_contrib_threshold' of the grid.
  0.5000000000000000 # Attribute 'damping_power' of the grid.
 # binID   n_entries weight   weight_sqr   abs_weight
    10   10   1.216381602468756E+002   8.030847032512474E+004   1.216381602468756E+002
    16   10   1.216381602468757E+002   8.030847032512477E+004   1.216381602468757E+002
    22   10   1.216381602468757E+002   8.030847032512477E+004   1.216381602468757E+002
    28   10   1.216381602468757E+002   8.030847032512483E+004   1.216381602468757E+002
  </DiscreteSampler_grid>
