  0.00649586618697100  0.00816176818094331  0.01001133970239678  0.01201665648197458
  0.01418304642666632  0.01649486783158640  0.01893037360181631  0.02153770407267459
  0.02425358986758175  0.02710944029849308  0.03005913660310148  0.03316320178419519
  0.03637192788640510  0.03970505948704617  0.04314393077154285  0.04669463818616081
  0.05036342738349753  0.05413991212218883  0.05802392527624575  0.06201074061412452
  0.06611076605884016  0.07029280735119021  0.07463310620616993  0.07900580498073324
  0.08355591609039063  0.08819100465209527  0.09292295088837223  0.09781168323468446
  0.10272441204234067  0.10779342281796914  0.11302825863492505  0.11826812514186522
  0.12366129990720703  0.12926759604880622  0.13487774107208772  0.14058557161864077
  0.14656134839476120  0.15259142402459239  0.15863611250365073  0.16493239737088028
  0.17141707255764754  0.17791876504887072  0.18452154957083403  0.19141116927764601
  0.19845407857370878  0.20551035377180185  0.21272352343064924  0.22024514499488043
  0.22795894484351525  0.23570609116336830  0.24356726925102981  0.25172285303522868
  0.26025725954517342  0.26880030300846303  0.27732835129119926  0.28635169823947815
  0.29570578039965117  0.30518353897141598  0.31477270666753449  0.32451139108518567
  0.33485006051388805  0.34554623229598869  0.35627501663244632  0.36722901022848597
  0.37865957123937988  0.39061430479787973  0.40291346303042053  0.41532392337814733
  0.42776727368260115  0.44157998567564505  0.45571056715414116  0.47007856365131040
  0.48468445339737265  0.50002850587222958  0.51636530827487526  0.53327917839001160
  0.55039931052449220  0.56815488632295708  0.58717549482206643  0.60716847153625642
  0.62748700988030659  0.64799414181217896  0.67021025887453067  0.69364794777630534
  0.71725235151161193  0.74127510880401670  0.76612334034980323  0.79187298869571277
  0.81782734773151955  0.84351822236178442  0.86966159788788444  0.89636476557451705
  0.92293696537318748  0.94904628106413735  0.97465507864066070  1.00000000000000000
 -0.00251182153215175  0.00965570031812501  0.02011586281587741  0.03065114364026328
  0.04116379304645822  0.05169301614746757  0.06235253719659405  0.07304171973217556
  0.08378010342817181  0.09453931577938171  0.10524224936286004  0.11608126321841082
  0.12681120018842662  0.13726317677218944  0.14769935062509870  0.15832764868150867
  0.16896996561623723  0.17951285263521721  0.19007804157955849  0.20074809463398458
  0.21134169425205032  0.22191342996128999  0.23250350379174547  0.24315890088573733
  0.25370173581556044  0.26411027037521084  0.27459401585296311  0.28523315626610718
  0.29577165957614715  0.30624944230508738  0.31686063414318111  0.32768409205043375
  0.33838115170862720  0.34881471654153434  0.35918701886166593  0.36952327146788505
  0.37967840899219252  0.38993821254912187  0.40017421713063156  0.41066172649532662
  0.42098323894684769  0.43143385712092513  0.44178906596301959  0.45227888447291331
  0.46267097270691315  0.47316258769337771  0.48358308982464498  0.49397701920272913
  0.50420484834221446  0.51459652238181852  0.52497081615411534  0.53550893816651668
  0.54596671694079058  0.55651397904495870  0.56686433347528820  0.57711270548077487
  0.58751571783018719  0.59811390024874922  0.60879568099028258  0.61931192819855918
  0.62985508761121445  0.64037625491382533  0.65099671211902888  0.66144232205051989
  0.67191305233390697  0.68236433892800474  0.69291562630201464  0.70351866895887705
  0.71413150681907200  0.72485787924980394  0.73562511103079720  0.74648128272200853
  0.75707913713600827  0.76757801596294140  0.77802371691829897  0.78842852245776607
  0.79890267510838431  0.80926921872737545  0.81994478169257801  0.83066980949353719
  0.84135565173868321  0.85207885720506071  0.86256797155602183  0.87313774622807749
  0.88352203617756353  0.89407453973780282  0.90471895570615724  0.91539562320896206
  0.92583939345430166  0.93637913093767544  0.94686936311278924  0.95748405723627394
  0.96813282087749164  0.97861818297617409  0.98927755404525675  1.00000000000000000
   1.8209303888150520E-007  -1.0000000000000000     
 F F F F F F F F F F F F F F F F F F F F F F F F F F F F F F F F
  <DiscreteSampler_grid>
  grouped_processes
  1 # 1 for a reference and 2 for a running grid.
  10 # Attribute 'min_bin_probing_points' of the grid.
  1 # Attribute 'grid_mode' of the grid. 1=='default',2=='initialization'
  0.0000000000000000 # Attribute 'small_contrib_threshold' of the grid.
  0.5000000000000000 # Attribute 'damping_power' of the grid.
 # binID   n_entries weight   weight_sqr   abs_weight
    10   10   5.325933601064224E+006   3.067127152557245E+013   5.325933601064224E+006
  </DiscreteSampler_grid>
