  0.00004118011065991  0.00004281530210372  0.00004449256807343  0.00004636416941706
  0.00004825890645437  0.00005021770087614  0.00005224712256974  0.00005426669850338
  0.00005628724060955  0.00005837226131935  0.00006063962817379  0.00006299770376224
  0.00006549116136526  0.00006798344165730  0.00007053757153491  0.00007334658975659
  0.00007625498768504  0.00007901935634861  0.00008194202719781  0.00008511179291646
  0.00008871646597603  0.00009255363227284  0.00009637661502130  0.00010028631969757
  0.00010464376789902  0.00010916523914292  0.00011373279138399  0.00011901101377408
  0.00012487417391778  0.00013108400314760  0.00013771397295597  0.00014471142688016
  0.00015192945997278  0.00015935535549133  0.00016692945771304  0.00017461494723965
  0.00018287433641080  0.00019196177375959  0.00020172708454244  0.00021168688408181
  0.00022133550172091  0.00023139784583215  0.00024193354659034  0.00025294859238769
  0.00026439438568821  0.00027635514155461  0.00028886315291948  0.00030170508867125
  0.00031524722345260  0.00033006752749783  0.00034609150945369  0.00036262285693497
  0.00037929121658188  0.00039605720513802  0.00041224990877510  0.00042898384680116
  0.00044657756905346  0.00046474108684934  0.00048343849631796  0.00050236757126165
  0.00052223417245189  0.00054309637664400  0.00056475421175205  0.00058730305161810
  0.00061064688426585  0.00063492157486262  0.00066038737431835  0.00068769980982193
  0.00071703385889780  0.00074890950874932  0.00078266479039818  0.00081779051599628
  0.00085491288429760  0.00089516150939088  0.00093826107210180  0.00098403893654923
  0.00103303727775273  0.00108633184873391  0.00114542410928887  0.00121034064394648
  0.00128164250716625  0.00136307462850995  0.00145741498873555  0.00156696657950318
  0.00169410861713740  0.00184171367651104  0.00202311039639136  0.00225994282436116
  0.00256910319000512  0.00298044893717196  0.00353560875975740  0.00450493447394413
  0.00659725231574781  0.01362155595969154  0.52710266340187495  1.00000000000000000
  0.00090809560868454  0.00110930369567309  0.00125918527834811  0.00135434643484793
  0.00144667497482973  0.00153510375128274  0.00163295243366265  0.00172909622104918
  0.00181877406373699  0.00190964637839989  0.00201333550671488  0.00211980627289177
  0.00221866382416745  0.00231068586007244  0.00239991318998424  0.00249127791805134
  0.00258277555866448  0.00267489310217430  0.00277123628949218  0.00286584033022730
  0.00296392612292882  0.00306418216513833  0.00316328629119042  0.00326056765122637
  0.00335468796654623  0.00344803691186141  0.00354523133279442  0.00364667319223415
  0.00375575361162808  0.00386200231901719  0.00396596581715057  0.00407012292438169
  0.00417382704762439  0.00427560998773218  0.00437486786455703  0.00447291119492167
  0.00457219112485267  0.00467399037112874  0.00477890637939582  0.00488722838046568
  0.00499856881658829  0.00510897634847793  0.00521666142810621  0.00532733033973004
  0.00544590326051793  0.00557355886602008  0.00570481818356163  0.00583552532783919
  0.00597030462233905  0.00611357585370173  0.00625739336667953  0.00640452804491483
  0.00655842669200099  0.00671653187016909  0.00688233939529969  0.00704759891960156
  0.00721770360543088  0.00738729995654252  0.00755945418148421  0.00773275586568118
  0.00791593730454635  0.00810193935586899  0.00830310832231211  0.00851331067190014
  0.00872434372777998  0.00895187556775054  0.00919766186340437  0.00946207384396950
  0.00973128381739501  0.01001971241098163  0.01031928714118699  0.01064130848071705
  0.01099440154426625  0.01137167319261635  0.01177376019341371  0.01220114395318599
  0.01265251881954366  0.01312653205879629  0.01363296715066912  0.01418656417471608
  0.01482143707983247  0.01554920264304475  0.01638700012023520  0.01735648211655909
  0.01846823767555742  0.01974853427070342  0.02122860209104534  0.02296658003906451
  0.02502732420543539  0.02768451120492288  0.03145297127328194  0.03740430664572791
  0.04701969876451562  0.07902642397296442  0.58035302321310911  1.00000000000000000
  0.00205929055747957  0.00284039632845636  0.00354536390464299  0.00427814796376171
  0.00472253379061984  0.00513719592637401  0.00556780639160875  0.00600493515883460
  0.00640808017301752  0.00676510718782236  0.00704987492557459  0.00729004097235988
  0.00753689563540481  0.00776918536321654  0.00798231125865733  0.00820349412264875
  0.00842914759484442  0.00864598110125845  0.00885471424200155  0.00906019508018481
  0.00926563422397194  0.00947612375567614  0.00969527051928648  0.00991703861300418
  0.01013572930106893  0.01036165798543002  0.01059833950269568  0.01083637602361275
  0.01107240515845838  0.01131500496087997  0.01156801242527821  0.01182315326584671
  0.01207018968898695  0.01231345348504947  0.01255799947831764  0.01279334653755100
  0.01303039891037848  0.01327314685691052  0.01352086613533551  0.01377495635611832
  0.01403403084648864  0.01429938153278444  0.01456306078617029  0.01483189178363179
  0.01510733966994778  0.01538872676003231  0.01567897707543664  0.01597045872872078
  0.01628340092113158  0.01660655452986328  0.01694390164296018  0.01727257224054010
  0.01761947571124456  0.01796785895253469  0.01831678760041013  0.01867511957121917
  0.01905016936332081  0.01945602085205810  0.01987280087594681  0.02031697988214070
  0.02077331636301695  0.02124229552452249  0.02173504737454707  0.02224625075070769
  0.02277340799360009  0.02332724180562567  0.02392398398263621  0.02453911870893138
  0.02517202129325303  0.02582489725562345  0.02651423452096022  0.02725538582261451
  0.02806075421624314  0.02889403885724276  0.02979775975256465  0.03073384675606150
  0.03173882864583294  0.03279114419967038  0.03385601208427373  0.03496011683295581
  0.03614537484514184  0.03740756011523078  0.03881107999909315  0.04036057293634362
  0.04210918028572560  0.04401211177621075  0.04615315510818358  0.04858226728432293
  0.05126042350442461  0.05446696781292334  0.05865497959650803  0.06396433790461453
  0.06999542379613403  0.07780612330334806  0.58990354074988183  1.00000000000000000
 -0.00174374387184229  0.00661521382049588  0.01419173930170972  0.02218382555121498
  0.03053327991082960  0.03884829765950339  0.04767012289754110  0.05702334540833831
  0.06667777797305775  0.07668074507055808  0.08697213780246765  0.09740370839470719
  0.10776529276397560  0.11822981135118028  0.12919236242868853  0.14068203607567017
  0.15188680259375509  0.16264665956878441  0.17330449907157461  0.18437547782887309
  0.19535919203062579  0.20630261210041670  0.21721203591638569  0.22789599210529263
  0.23828787405081311  0.24904541172274725  0.25988740148762374  0.27054682722858159
  0.28089536309795110  0.29155918388621049  0.30222523040958882  0.31326067003091762
  0.32407677785421685  0.33477738107380900  0.34487796081964184  0.35540594328501762
  0.36623054186209975  0.37723080283334198  0.38848007506395671  0.39960346551783815
  0.41009662242713402  0.42060391961054294  0.43145669657588570  0.44241305584013618
  0.45280302187009031  0.46341686391886433  0.47475422519471955  0.48638916978016811
  0.49759730361594157  0.50847675393341218  0.51940197968866475  0.53046902284100517
  0.54190552455284213  0.55372165943286178  0.56571100330976687  0.57760731343126182
  0.58885961825005129  0.59974037805272407  0.61062701368905714  0.62172929827660206
  0.63282254004044070  0.64376203999954928  0.65490553627687498  0.66596761085651290
  0.67644320244656109  0.68677013673722487  0.69697957315737535  0.70687115282247337
  0.71663654613717775  0.72650284041632973  0.73677705961557405  0.74726823466786052
  0.75837290444769623  0.76952618150457841  0.78039287078940167  0.79167779555522566
  0.80369789632331878  0.81641384316249777  0.82860291810182229  0.84045338754716437
  0.85220300700773022  0.86403618689430151  0.87547800537101739  0.88617751826001911
  0.89693065552087492  0.90784083216361289  0.91781887529405315  0.92650617571211269
  0.93488496224541318  0.94391224207788316  0.95305073943817542  0.96181220378079335
  0.97015480592982573  0.97856792814706384  0.98818826546307814  1.00000000000000000
 -0.00223959404903887  0.00922722441616783  0.01800672835046607  0.02780168544883100
  0.03765982731026541  0.04789723651153845  0.05839087947203951  0.06946809490253683
  0.08075212841904089  0.09173679184306888  0.10256960089488816  0.11313571016937883
  0.12373712801484570  0.13428690765273388  0.14457201857735577  0.15499165759825023
  0.16500581914135248  0.17503029160691064  0.18501682339556894  0.19520160340802442
  0.20558134707757231  0.21605264050464990  0.22649183605508350  0.23701375434237235
  0.24747004727487609  0.25796543807501693  0.26830221100817253  0.27838998875383170
  0.28828327730691794  0.29789208965080238  0.30733943763308330  0.31664785415772251
  0.32587914934518458  0.33533515190092089  0.34504916247898654  0.35509533021406658
  0.36534634331962645  0.37557684551284698  0.38597186636120873  0.39652775028702775
  0.40735705209130130  0.41808415270466814  0.42834988537744101  0.43818488397648558
  0.44802846518122996  0.45827390507037630  0.46889769765707406  0.47980397745388259
  0.49091830230762679  0.50212923133893950  0.51326794696158529  0.52393975756580768
  0.53427607437105007  0.54479626202639175  0.55577580389662706  0.56680728615359244
  0.57779194617263940  0.58864267096879130  0.59938233922420137  0.61000260503147075
  0.62036103772831230  0.63058895419082361  0.64082278227623046  0.65136144492570114
  0.66218231236334724  0.67290798259128326  0.68357524412560011  0.69405700257105540
  0.70431730609091081  0.71434766339718403  0.72428378953890216  0.73435540332949911
  0.74467185599179908  0.75542058682313040  0.76657135426453782  0.77785111699570009
  0.78899780039259715  0.79989611344303357  0.81080730600216233  0.82207816977702131
  0.83365467266265492  0.84502447820162818  0.85643809400724658  0.86817312226791898
  0.87978188789300593  0.89092420351150503  0.90183352347710743  0.91254179297848503
  0.92339197654725069  0.93403885991719404  0.94459026289563475  0.95494248905548706
  0.96541917989633330  0.97619682269553243  0.98756917397601007  1.00000000000000000
 -0.00231585775456006  0.00939358014754792  0.01968429016260460  0.03006548709347883
  0.04054654063338688  0.05094286472346448  0.06120466193490940  0.07246993651235313
  0.08323141517489563  0.09395978936658644  0.10441413091698096  0.11494182760825607
  0.12565767304088313  0.13639224819260518  0.14733483794029573  0.15843992377993965
  0.16976765979843611  0.18131156329944473  0.19255083815831878  0.20358273311377337
  0.21468327048749472  0.22584352781730663  0.23701279363490491  0.24816057563572169
  0.25913445872189672  0.26970390972083591  0.27985695416819195  0.28986687649866144
  0.29988387889885881  0.31001099539334676  0.32038619813346680  0.33073803037539601
  0.34076502552773380  0.35038341852118149  0.36006503343274521  0.36992418084228285
  0.37986384582837135  0.38972743988895131  0.39980045234495099  0.41018817775743144
  0.42077251839549584  0.43164810351047539  0.44277353957877191  0.45392776566784721
  0.46466373133159034  0.47523150216355647  0.48586467801146793  0.49674969780986067
  0.50794185672358938  0.51929266265914742  0.53086299534797154  0.54257478531042480
  0.55434037304087946  0.56527965599021657  0.57546962777420663  0.58548656219702577
  0.59583061401529080  0.60612654120313147  0.61614614649415156  0.62625797718398279
  0.63658482612493317  0.64672323028313761  0.65630519110869812  0.66596571964812512
  0.67563654494560454  0.68520164714203735  0.69462409450894769  0.70424048667206163
  0.71428203878684426  0.72420625399149796  0.73431194771992836  0.74431190983228224
  0.75449506631955654  0.76496063732307318  0.77661762299844028  0.78818182264301861
  0.79858044533482553  0.80841759777125555  0.81822689214620981  0.82849893057241719
  0.83888153629685314  0.84950212716930584  0.86023409623287461  0.87106217662664165
  0.88167680582702779  0.89219730034252942  0.90260872926262870  0.91297337947551138
  0.92347007557083327  0.93401394919194103  0.94459885573896696  0.95517299323708704
  0.96626395903426265  0.97739355077515488  0.98903123199095444  1.00000000000000000
  0.05292172205354266  0.05475095852501755  0.05629145275767668  0.05750957474961826
  0.05861154650407711  0.05964302473292665  0.06060893748917014  0.06150190125509199
  0.06238034671692280  0.06331523755269063  0.06426621699682776  0.06522325770210013
  0.06618074851439423  0.06712492195192461  0.06804302962160046  0.06893960223237276
  0.06982987558036645  0.07072475214555654  0.07162123280162912  0.07250909206350649
  0.07339819559418675  0.07428916386266780  0.07519310024740412  0.07609281487572683
  0.07698522831666135  0.07788317230234960  0.07877453784816622  0.07968310720347620
  0.08058319897770871  0.08148967826277846  0.08240689855280239  0.08333326511920290
  0.08428929983832528  0.08527665122604622  0.08629025489586420  0.08731827362717283
  0.08831691060686016  0.08932545612946624  0.09032181666671188  0.09129443345752859
  0.09226372588691577  0.09325047791201839  0.09428566998134190  0.09536483647616406
  0.09641505976732864  0.09743171891919522  0.09845349809528706  0.09946765331603383
  0.10047921901505850  0.10156985231627491  0.10277253769129385  0.10396016232569290
  0.10512927149392469  0.10635219657766720  0.10750493991350284  0.10872568085500184
  0.10995306158325131  0.11124311960469115  0.11252616310280308  0.11385863265035895
  0.11527360441246205  0.11682396506665120  0.11843609272350815  0.12003150804068381
  0.12173444746002370  0.12332116289727087  0.12493682165195955  0.12660101225252743
  0.12831665441460030  0.13012972621577223  0.13206736597588070  0.13414883632491439
  0.13634824863003989  0.13859303944812526  0.14082566796533674  0.14323118586099415
  0.14561696834811122  0.14804713787149990  0.15049884776010597  0.15287851548949510
  0.15553182605103097  0.15856291691471569  0.16192893940976205  0.16576588061315792
  0.16955688907206967  0.17354530382900493  0.17716544554949040  0.18117372795207504
  0.18537937771671503  0.19023670905666840  0.19629707094556409  0.20775640889715194
  0.22367988041713918  0.24281461109778946  0.73383291366557835  1.00000000000000000
 -0.00323497528022450  0.01119392012479739  0.02375053791495211  0.03594854067051702
  0.04793667507764350  0.05955177563585395  0.07124898556381401  0.08283525723792776
  0.09415653732812933  0.10562596501062801  0.11731077961115768  0.12886853546536475
  0.14045484514795156  0.15207280502938972  0.16348118238397361  0.17409987536274912
  0.18415679550354191  0.19390325842878972  0.20387346810730458  0.21414020724493482
  0.22481142255956524  0.23581491832552745  0.24677453806528224  0.25712823171380794
  0.26689049934506531  0.27636349150192063  0.28582039651083446  0.29537993758432751
  0.30503946868640880  0.31487588014609413  0.32519826830950832  0.33505963621674395
  0.34512278699834520  0.35473521129757629  0.36475162195904909  0.37421349309046903
  0.38363260884128986  0.39291804228508337  0.40264387963732023  0.41295255851236273
  0.42307551871288285  0.43310325668025301  0.44301112466240766  0.45288582636510111
  0.46327810772180184  0.47317239028340224  0.48240313573076005  0.49130846402745543
  0.50047739283269588  0.50998045539508841  0.51918673118631820  0.52847447461305963
  0.53788723012019024  0.54834349643158808  0.55903401505108508  0.56951453893108295
  0.57979882006150629  0.58967702966073199  0.59905559218747162  0.60898615788382648
  0.61864468122194960  0.62834941448480575  0.63802630029990792  0.64823969971449724
  0.65965902807584864  0.67053266333174000  0.68101822458780636  0.69117890806902027
  0.70151972869960200  0.71161678198630074  0.72152561822871031  0.73181729181683453
  0.74220730949954994  0.75253513380469228  0.76258492233180786  0.77333390535849855
  0.78470867943925915  0.79587871672248234  0.80678686197653204  0.81753529093715771
  0.82890566106125763  0.84006475612325016  0.85155558468802806  0.86267536772539433
  0.87339703442863370  0.88459982586780694  0.89628264286555503  0.90859901890019024
  0.92090161430792195  0.93271944726582712  0.94428155369997957  0.95476724917635780
  0.96592435546014599  0.97703318575062970  0.98839070404760709  1.00000000000000000
  0.07811061211135066  0.13132862584661747  0.15657358520682205  0.17305136568880800
  0.18792046980931149  0.20077031362823233  0.21129911003059057  0.22088963954434235
  0.23035478031443607  0.23998634476772202  0.24896037607309746  0.25724949909696460
  0.26535379798457415  0.27314901362111726  0.28051783314945966  0.28761576710383380
  0.29455625057301138  0.30149545011607221  0.30843784479793956  0.31513144044697339
  0.32145296743245322  0.32782333027895005  0.33409826864530917  0.34001769566357543
  0.34560728826199666  0.35089717624945910  0.35604816199007255  0.36105959483180933
  0.36622222806978627  0.37110890992676454  0.37594954502244698  0.38087125770526942
  0.38575654400326576  0.39068540241245031  0.39566746248142104  0.40065283874968866
  0.40557403197025249  0.41049727655623280  0.41549825685008496  0.42058363415074090
  0.42575331291342072  0.43086763552637075  0.43585032934984347  0.44044952123120024
  0.44502322720387205  0.44962679313063697  0.45439330799217870  0.45913052669490745
  0.46378490245511111  0.46839393689345432  0.47303473776661420  0.47776067249179738
  0.48256965527558088  0.48740936819323821  0.49220523643712577  0.49693677534313463
  0.50167985031119733  0.50645966609538406  0.51117026748174788  0.51584110186624588
  0.52054263331789230  0.52521721237973851  0.53016120931514843  0.53512354580866039
  0.54007122270284413  0.54509600598450536  0.55027053019109096  0.55549349805292236
  0.56092538138857417  0.56677654049202308  0.57288349719337084  0.57915559532715521
  0.58535613042037815  0.59151865107632240  0.59837726871274421  0.60518762183958397
  0.61182830715233316  0.61863181743565554  0.62536610220563915  0.63203929984159024
  0.63868251179459168  0.64570708903054808  0.65334430688000000  0.66128590571631174
  0.66953630150724408  0.67813679499945356  0.68718173536014737  0.69701083090214777
  0.70792615535352665  0.71986463189177674  0.73314974295209923  0.74852537203761849
  0.76680430641740827  0.79006302153142505  0.82879148625860388  1.00000000000000000
 -0.03164711234108166  0.15636247018256222  0.20215701569567840  0.22970366765654104
  0.24925166840020485  0.26416319890946965  0.27627893139617310  0.28685137096150137
  0.29662570007693290  0.30525712318538567  0.31350082417282921  0.32150669740384424
  0.32934572250472505  0.33702828433018822  0.34445799029093627  0.35151325667213890
  0.35816959167300183  0.36458418504315521  0.37071287640933109  0.37627712713635381
  0.38126753893211213  0.38602041824344729  0.39079616119550364  0.39558617236789562
  0.40036942395734243  0.40508203786804592  0.40974008884986302  0.41427755310196696
  0.41871603777711902  0.42317788908493120  0.42755584209336406  0.43177718180185043
  0.43582567694471297  0.43986100175956144  0.44385001390158585  0.44779569404988434
  0.45180169055701558  0.45569535827269481  0.45953363053213159  0.46324549106990748
  0.46699639273405408  0.47082515475373882  0.47473684820966439  0.47876520713457971
  0.48285486222692764  0.48688028626766300  0.49078417232507393  0.49459489700264292
  0.49834979785124073  0.50212313426571709  0.50600122312200124  0.50996372736039808
  0.51396308266774449  0.51796306148545224  0.52199359362373887  0.52601811658646946
  0.53010280987970615  0.53420581210351747  0.53830028489333082  0.54261036122407102
  0.54716847611675556  0.55179816877622867  0.55630002456474714  0.56070925094325608
  0.56506332934592240  0.56938422446557246  0.57379970292463911  0.57839367289721089
  0.58313043673532206  0.58787891345010279  0.59277108719768201  0.59795945100750991
  0.60301897930459014  0.60796386394559687  0.61281032439189831  0.61799169211125693
  0.62340289268789395  0.62894381211999784  0.63452952777161153  0.64012476492406989
  0.64604255639228780  0.65255948368250571  0.65958955778532924  0.66717591723689018
  0.67533736881782580  0.68408781692995224  0.69346433239764205  0.70364243395915627
  0.71477790379710682  0.72689663574974372  0.74008660715385066  0.75500793992538817
  0.77242962738258947  0.79645851032578818  0.84041926716333371  1.00000000000000000
   4.4608328229425316E-009  -1.0000000000000000     
 F F F F F F F F F F F F F F F F F F F F F F F F F F F F F F F F F F F F F F F F F F F F F F F F F F F F F F F F F F F F F F F F F F F F F F F F F F F F F F F F F F F F F F F F F F F F F F F F F F F F F F F F F F F F F F F F F F F F F F F F F F F F F F F F
  <DiscreteSampler_grid>
  grouped_processes
  1 # 1 for a reference and 2 for a running grid.
  10 # Attribute 'min_bin_probing_points' of the grid.
  1 # Attribute 'grid_mode' of the grid. 1=='default',2=='initialization'
  0.0000000000000000 # Attribute 'small_contrib_threshold' of the grid.
  0.5000000000000000 # Attribute 'damping_power' of the grid.
 # binID   n_entries weight   weight_sqr   abs_weight
    10   10   3.011442745762325E+003   2.566235867930616E+007   3.011442745762325E+003
    16   10   3.011442745762325E+003   2.566235867930616E+007   3.011442745762325E+003
  </DiscreteSampler_grid>
