  0.00003512382707635  0.00003737356366859  0.00003979029774639  0.00004233198438754
  0.00004489987453070  0.00004665942300668  0.00004830834915608  0.00005041627594644
  0.00005254621611695  0.00005465031685511  0.00005685527611628  0.00005938174564234
  0.00006213457494724  0.00006551522688851  0.00006888304297834  0.00007296193340836
  0.00007682739387398  0.00008077646317813  0.00008480349794420  0.00008881638498864
  0.00009314328293119  0.00009774855129648  0.00010271208323696  0.00010790109669272
  0.00011343616638984  0.00011947605106522  0.00012595007444513  0.00013281730218922
  0.00013980766989559  0.00014683294120403  0.00015455783821078  0.00016268767149835
  0.00017137488984194  0.00018039798846563  0.00018965634758171  0.00019926941422080
  0.00020938544551891  0.00022014772247758  0.00023142945703907  0.00024345215831434
  0.00025626750693204  0.00026963990117963  0.00028386177072993  0.00029881251101275
  0.00031386286280053  0.00032900082416559  0.00034465002502406  0.00036097165035140
  0.00037807675000449  0.00039572907317580  0.00041382062327502  0.00043229200550300
  0.00045108666595166  0.00047051897122089  0.00049044143669179  0.00051072613637369
  0.00053188570322557  0.00055417027999243  0.00057766515136603  0.00060230754287892
  0.00062780794669262  0.00065368181751119  0.00068124005918235  0.00070925016014439
  0.00073859331063943  0.00077024769376024  0.00080387873339846  0.00083878309191189
  0.00087687407433605  0.00091549412614370  0.00095700791533155  0.00100299676683178
  0.00105211097553989  0.00110396361070216  0.00116005313443645  0.00122186740805985
  0.00128954125981160  0.00136381883841222  0.00144651350438935  0.00153907667557403
  0.00164447864004237  0.00176738450407990  0.00190850669305910  0.00207208196789465
  0.00226504868395313  0.00249850833542898  0.00279218087377992  0.00317978064657720
  0.00370124403662468  0.00440759216243023  0.00550334377944775  0.00770953108780901
  0.01332887382755338  0.14663170524738101  0.49756022171515035  1.00000000000000000
  0.05282751614485604  0.05484566354679452  0.05620087066531274  0.05731085854725601
  0.05831370194732500  0.05924769763411474  0.06012615400478006  0.06096873398332470
  0.06178709058393014  0.06258908949844086  0.06338550751352946  0.06417234873503685
  0.06494271803899257  0.06570565331426248  0.06646253929991373  0.06721460161387714
  0.06796160699438610  0.06870926268764976  0.06946879813328986  0.07022626829470953
  0.07098889645195887  0.07174691504680754  0.07251636141132267  0.07330447711875639
  0.07409323275574729  0.07487673085863762  0.07567895021915598  0.07650451698351025
  0.07733728170979277  0.07814768136070602  0.07893214644179912  0.07972284569099622
  0.08052278632587379  0.08133953911889316  0.08216393467243949  0.08301268229310969
  0.08390414799262165  0.08482890094558253  0.08573852857403615  0.08660094253982090
  0.08743066882979224  0.08826792425381502  0.08912647108294089  0.09000916158723490
  0.09090648040575418  0.09183936627229004  0.09280184455540709  0.09377948422259461
  0.09478889754992689  0.09586090590230704  0.09698132768011414  0.09808103175162927
  0.09916973807127442  0.10026960249760451  0.10139221617615476  0.10256201167978037
  0.10374504578885560  0.10496566841087561  0.10616977340408489  0.10739446045122682
  0.10863603006365348  0.10992603072193187  0.11125956480261207  0.11262917760998334
  0.11404804173201860  0.11551529551110618  0.11702694924642759  0.11864338486760820
  0.12030301404462440  0.12200635386544269  0.12377007463516949  0.12555328270066066
  0.12737448101604232  0.12917165632544669  0.13098568535344382  0.13290030938918318
  0.13498882692763697  0.13727579039731452  0.13975360865498729  0.14233901266036628
  0.14489056889642563  0.14749883860559751  0.15016793576954710  0.15284128491893612
  0.15572036647986198  0.15864639811454961  0.16207495797974819  0.16628112787251564
  0.17079298539295040  0.17612457993478775  0.18196178253794448  0.18843921273614553
  0.19638703505809094  0.20738782635046488  0.22282503744233911  1.00000000000000000
  0.00026077901050504  0.00102201227299748  0.00148295888193808  0.00175876721592064
  0.00196868783968151  0.00215971942963677  0.00233217950261292  0.00249909009761996
  0.00267159264029777  0.00283920362961988  0.00301030645398484  0.00318527936425117
  0.00335543538736794  0.00352001055577613  0.00368621402732108  0.00385444014411681
  0.00402279429719636  0.00419053794788102  0.00435788159650202  0.00452828009226065
  0.00470238254165491  0.00487535836936260  0.00504537664396160  0.00521070006255901
  0.00537616927987198  0.00554902993655003  0.00572540516469925  0.00590885694277458
  0.00610226397844895  0.00629632338312622  0.00648821609790839  0.00668054370766404
  0.00687001877310597  0.00705769075854916  0.00724815765024289  0.00744696135605919
  0.00765535088004032  0.00787171225353172  0.00809186948696949  0.00831894590016122
  0.00854980404816342  0.00878027822721534  0.00902520988311818  0.00928307740515852
  0.00954818221138984  0.00981314363107168  0.01008326153183581  0.01036471157081814
  0.01065907383313948  0.01096856253525651  0.01128557383353601  0.01161442336336920
  0.01196392838762951  0.01232629143147060  0.01269494060496282  0.01307085257759491
  0.01346788888572917  0.01388545296561374  0.01433327147956358  0.01479699445270432
  0.01527720439337745  0.01576788356084611  0.01628799693428096  0.01683163264181681
  0.01740630236359230  0.01801568418030036  0.01865748656227612  0.01932137004226564
  0.01999908876522081  0.02071089193732161  0.02145214802904083  0.02221392370013398
  0.02302827863655401  0.02391842818804652  0.02489344828799062  0.02593899546864038
  0.02704712643016208  0.02820767687118218  0.02943534014892981  0.03071836215341320
  0.03204112456972971  0.03340920185965942  0.03506419834141685  0.03684359003084412
  0.03873681804615040  0.04084840307344494  0.04327350362610077  0.04614270834126147
  0.04944694903474599  0.05317063166661040  0.05756826856110283  0.06319762863058580
  0.07074970138149604  0.08061483370616659  0.09488401266162297  1.00000000000000000
 -0.00202671480314985  0.00725691090953399  0.01623418364217795  0.02475911884264301
  0.03336533143226988  0.04239127081435956  0.05166877612429172  0.06106703882208603
  0.07031076959619675  0.07967624476415891  0.09001477397473139  0.10113373380343157
  0.11227153025208020  0.12342037982841515  0.13472168589390413  0.14593918661759828
  0.15674151818312113  0.16753338600455212  0.17888446289099474  0.19066526652800345
  0.20272125442376607  0.21483217656428125  0.22673460732085990  0.23858270456125952
  0.25019888374029203  0.26159096015191496  0.27307534873817391  0.28476645783573629
  0.29631812122337392  0.30750073015682772  0.31866140301769191  0.32980704527318161
  0.34092829903096655  0.35189709225121729  0.36275556546321608  0.37367148909881875
  0.38465674588261517  0.39559201067000299  0.40635358413837142  0.41716911975637305
  0.42811012085084094  0.43910200831323271  0.45023343113864556  0.46157977436625830
  0.47315664545646191  0.48479764805397857  0.49622366569911791  0.50740664783589373
  0.51835420387700515  0.52927265564917758  0.54033739866589769  0.55135481009018050
  0.56238308740975962  0.57324638258698102  0.58393833920749816  0.59427506271848296
  0.60438218992205461  0.61455704035309622  0.62470825217604853  0.63459851508195242
  0.64438908147416363  0.65423349980120682  0.66434568867813126  0.67465953345081975
  0.68521718912610718  0.69615816428858235  0.70720092559182701  0.71776100824587308
  0.72789365679937112  0.73819992908842036  0.74901484237255667  0.76002781661170637
  0.77094177550466902  0.78240476006008952  0.79426486019937370  0.80636845067911855
  0.81729470939134263  0.82756414956692459  0.83778439404337435  0.84820260544091630
  0.85859594642908643  0.86931313826850942  0.88009905229357277  0.89096517265766473
  0.90130224914779455  0.91120528852878413  0.92124759217031638  0.93142882069804278
  0.94079263005485214  0.94977548902270037  0.95878132180882669  0.96783858893505958
  0.97640265476375909  0.98439581784946062  0.99200009734959449  1.00000000000000000
 -0.00208524729750904  0.00856154896379160  0.01783325489209057  0.02852100231282059
  0.03897659355550225  0.04870129422629524  0.05926924054465429  0.06935167420031110
  0.08036026098625218  0.09114685141608345  0.10199745725727279  0.11289270833628637
  0.12362007485034832  0.13416844317820664  0.14472806497537780  0.15494399859431060
  0.16566899767783713  0.17639986835683696  0.18686598936319529  0.19647373527016734
  0.20577347989875089  0.21531485528711478  0.22493918221238435  0.23532709950515471
  0.24506809630305310  0.25624789242481205  0.26749715457375739  0.27825330669533954
  0.28857515851829890  0.29868307855982729  0.30883143889175607  0.31951491913629992
  0.33063401071691417  0.34180621960272806  0.35276254565489185  0.36349703633493363
  0.37406908312802101  0.38463228049331616  0.39521643466987921  0.40592830179215750
  0.41674191042300324  0.42759431996059766  0.43832106749244237  0.44900873735207569
  0.45954108429358492  0.46984994523958351  0.48024952828048673  0.49093967697201452
  0.50172289826568084  0.51227901440408674  0.52268139360289601  0.53319945911586342
  0.54354866350955244  0.55373227667751412  0.56391111120325599  0.57401270544247862
  0.58413184262898921  0.59399003125496175  0.60407861159234844  0.61439825192709907
  0.62480109820118623  0.63564461501935454  0.64619047710067368  0.65666737651540719
  0.66695009907136094  0.67762112240117944  0.68822944972871058  0.69845489573093633
  0.70869151975238709  0.71868014743608166  0.72908612855845945  0.73947273081284970
  0.75024909348266600  0.76103310041055838  0.77208428716204547  0.78340768712857423
  0.79458731158462081  0.80570599938036769  0.81672142333501863  0.82761818578058588
  0.83858615054743646  0.85008732137281073  0.86024930942714672  0.87025062590010605
  0.88010299275664672  0.89041979796268977  0.90059598160505372  0.91112012500304007
  0.92191352510091717  0.93275497707548560  0.94328270371301126  0.95394666524372840
  0.96467623281958326  0.97564996033266527  0.98734030056232569  1.00000000000000000
 -0.01026407657193160  0.04933822485335305  0.08909008304462028  0.12236047902443230
  0.15001881809314555  0.17219941901275584  0.19095367153643492  0.20781278893202709
  0.22333023216421610  0.23665176622709452  0.24884637459541556  0.26059810990970078
  0.27146120912589489  0.28132686847550059  0.29064501868018783  0.30026185227227598
  0.30939222041103148  0.31811382497017693  0.32669561723861940  0.33477761795190969
  0.34254499822917756  0.35018347018380180  0.35757847338013266  0.36477358495642370
  0.37158309590408650  0.37805634486145367  0.38418036274174633  0.39015021487793522
  0.39605981228654119  0.40194730812599505  0.40785534839327586  0.41372790811158944
  0.41945051371076369  0.42502085351081020  0.43044003933804831  0.43573790202253870
  0.44100247359216893  0.44633531936390003  0.45176037854504070  0.45721963646728270
  0.46270410554538388  0.46814792510493758  0.47356817249641547  0.47890582445962521
  0.48418274916912507  0.48936563051429288  0.49439030627262381  0.49936008979056945
  0.50432639837078097  0.50939644012086283  0.51454426024609001  0.51979272020756762
  0.52508432738799560  0.53028185924304361  0.53548047217278483  0.54068275143013189
  0.54593830896774309  0.55123962230252155  0.55661842616383639  0.56201893245647772
  0.56741970570530487  0.57300389838983656  0.57871977275806707  0.58437611855689575
  0.59004353803808374  0.59569034777662921  0.60146409023502656  0.60748882420279560
  0.61370928045513684  0.62004066396036273  0.62644619765477794  0.63301169193930729
  0.63989897060010537  0.64694142505945085  0.65403936599704715  0.66136732893276140
  0.66872978377733305  0.67606123387797978  0.68345667462775772  0.69137152425772042
  0.69987278564110966  0.70869106512627666  0.71794447157498820  0.72776634991959444
  0.73894040134077044  0.75112162785662373  0.76391370117807256  0.77720847487175593
  0.79169857987350223  0.80841310928397059  0.82833688180885712  0.85088355776903579
  0.87667799901060028  0.90814477779730374  0.94849286920825404  1.00000000000000000
 -0.00199760686884318  0.00867560801032780  0.01807607133431260  0.02800116403805103
  0.03829936281223622  0.04849530983361404  0.05834713220676024  0.06823769898214506
  0.07827151074358918  0.08862913750785184  0.09894462235295363  0.10943945940770343
  0.12023726238902974  0.13104597024920758  0.14166525404569125  0.15215562937177310
  0.16276391028735307  0.17355220591857218  0.18438095013120359  0.19508331020591071
  0.20583460361105238  0.21649454515896210  0.22679989530288036  0.23670025042984399
  0.24644969539916187  0.25662916641183586  0.26724604238561661  0.27811765031010721
  0.28900574119258565  0.29957003473624821  0.30996029692087712  0.32067753986878639
  0.33146480264502620  0.34217791618083804  0.35290583615545806  0.36362333576483280
  0.37440765622403943  0.38503855019493916  0.39577395595818160  0.40622965870560679
  0.41702896652364158  0.42811052596607579  0.43950180648165826  0.45044134187026402
  0.46194369879653180  0.47397664914247811  0.48511110918959072  0.49620113440104646
  0.50712577073510667  0.51784891356594587  0.52817813975086136  0.53844155837008212
  0.54899580299151196  0.55954260747953621  0.56999512401553054  0.58047455025711592
  0.59097548394436750  0.60133224812873176  0.61203562471143658  0.62225342453077015
  0.63218182310042537  0.64198074122206361  0.65253274642988834  0.66369290361884015
  0.67384829867881779  0.68359738993582075  0.69337601471931853  0.70351282076233645
  0.71372422634124499  0.72379109527491980  0.73400523938353246  0.74413003997297344
  0.75411733397612390  0.76434974413573376  0.77509159924456061  0.78639172646209998
  0.79782807972026870  0.80879534771329553  0.81978539344805090  0.83059084006187822
  0.84139715263542669  0.85191296157067575  0.86237832880745102  0.87239422112911069
  0.88214902649782156  0.89161010879614588  0.90153120910888951  0.91185145509707932
  0.92229302846047467  0.93268264627391073  0.94337581388884839  0.95443039240174821
  0.96564523358043763  0.97696723605760394  0.98827130870036550  1.00000000000000000
 -0.00215454920891910  0.00901766081092235  0.01911658303047871  0.02898762146800681
  0.03892528106227564  0.04899819749886602  0.05931249645626505  0.06933972745813338
  0.07973860207128575  0.09033091184915398  0.10186698023355359  0.11264521026033572
  0.12375501202635567  0.13455264660656871  0.14514880014461964  0.15462267319671461
  0.16394986929056421  0.17344946017190480  0.18300309831411837  0.19274507984652753
  0.20248873642553961  0.21237580045727014  0.22227487374614208  0.23218320792363339
  0.24211920795788566  0.25219339112849609  0.26251096139174146  0.27302976993338540
  0.28368726931445398  0.29424060676856822  0.30474182864342886  0.31541979786352853
  0.32634937533649711  0.33743792994869798  0.34846604286579286  0.35959191667661816
  0.37097527867186436  0.38232872617850627  0.39349155792259916  0.40435938990674664
  0.41514941055956889  0.42591632371895660  0.43674800080701409  0.44778737373872179
  0.45849351744981443  0.46880317004806787  0.47903161330691357  0.48957941292293566
  0.50040641855556467  0.51117228584339114  0.52172833461881785  0.53224279045517064
  0.54275510105704827  0.55314873054954783  0.56339217050746926  0.57378277259491139
  0.58412042287145505  0.59430968102011883  0.60463355412302355  0.61537174860965016
  0.62638354136234387  0.63727441748653679  0.64812258355401686  0.65902093398944006
  0.67014917301224508  0.67996027205553933  0.69019101984504938  0.70033334032733074
  0.71072631051312418  0.72093764225324675  0.73117760981455426  0.74182024471964780
  0.75293230860203908  0.76411744588042352  0.77531078851165491  0.78593123756565009
  0.79623209687153518  0.80626591130950109  0.81631327071606952  0.82653166708512804
  0.83657776042694121  0.84683448827308772  0.85743243573510619  0.86835357242837086
  0.87983780934262235  0.89132665115410847  0.90272572225249859  0.91389837073635849
  0.92461799138218514  0.93546114600037644  0.94645087949157092  0.95758565125534667
  0.96840525874387617  0.97891754148607435  0.98951688590266451  1.00000000000000000
  0.07262932577241034  0.13670308245002796  0.16816232362512035  0.18675843976599107
  0.20274861170220565  0.21731921783900135  0.23005109944792534  0.24118098264562027
  0.25149628778151523  0.26113912081058660  0.27026546908968874  0.27882169685585934
  0.28704436300463498  0.29465176115894087  0.30182189239778345  0.30880252927088492
  0.31554359183866526  0.32195803722474803  0.32815494233215464  0.33435450636900121
  0.34073535820275619  0.34689096161621086  0.35255510635914489  0.35839389457708093
  0.36427554917206417  0.37019285634799115  0.37586565924594456  0.38140791347356379
  0.38693768894511132  0.39252252419162048  0.39813453135791660  0.40357615872002767
  0.40882767293418865  0.41393022799262308  0.41898436121266536  0.42408072592833557
  0.42923498517211578  0.43440407627971184  0.43961104006839352  0.44488149277020578
  0.45015562600311726  0.45533902829381134  0.46040886635987732  0.46544635805221601
  0.47050109930977718  0.47566898060366780  0.48072762503717476  0.48554350345032293
  0.49027589870947474  0.49503178924452601  0.49972134508998273  0.50452387377883801
  0.50916123170846750  0.51387823534911503  0.51849147319616573  0.52311171622246100
  0.52780689405883296  0.53252947864756817  0.53728527060847764  0.54195991730750570
  0.54672444723576985  0.55153587456403874  0.55629554038732054  0.56112333033457085
  0.56603596582489635  0.57101392474268298  0.57609250441809901  0.58137288329216030
  0.58682984224500168  0.59243275771692772  0.59806777114417642  0.60367430900735219
  0.60919081971416233  0.61471742654895523  0.62028590364857084  0.62594905899092579
  0.63173613281054164  0.63765758664790284  0.64377568216623149  0.64997947183705829
  0.65630573896752475  0.66272016417784940  0.66948118010244295  0.67688557774517866
  0.68466708085885897  0.69312547714511141  0.70203106112383085  0.71110701429436030
  0.72064272055099987  0.73102959938166345  0.74283789795761634  0.75673648544931638
  0.77347712089696130  0.79500942767422411  0.83454673763929688  1.00000000000000000
 -0.03832317902906029  0.17228172374927744  0.21615208996541899  0.24128853642758463
  0.25970311944556440  0.27477713859301917  0.28764499080440498  0.29864152925580334
  0.30835602982808996  0.31701214166941283  0.32503032345720417  0.33245033568730620
  0.33958470195731205  0.34642394432476570  0.35307513564268855  0.35938267827134907
  0.36535172704521407  0.37102649406879479  0.37648899221860826  0.38178898751819634
  0.38706511612519551  0.39232708588787440  0.39747000012146788  0.40236211554341994
  0.40705991821894183  0.41162739912094143  0.41611908524668251  0.42060130993118622
  0.42498650585781195  0.42928584129131936  0.43349058645033217  0.43760632306371777
  0.44164352310132809  0.44565722902077165  0.44967604501649105  0.45364862514952736
  0.45755189354127151  0.46140442536489135  0.46522356027941225  0.46903030684237684
  0.47287761425959007  0.47676334303173928  0.48060088678534801  0.48437901810096806
  0.48809638375532133  0.49182306275249982  0.49548858518261157  0.49908378057147162
  0.50265434191162406  0.50630597193368188  0.50992665732058351  0.51356471166065409
  0.51713753970953358  0.52080507179629187  0.52432726393461671  0.52786870605824776
  0.53146003798919450  0.53511632844749391  0.53875407391413488  0.54242592694354275
  0.54623408837164222  0.55022186359852243  0.55436039793893466  0.55848906157523803
  0.56253634170691535  0.56661204749076621  0.57073437018780016  0.57486561133149416
  0.57902459192587330  0.58329814610555553  0.58769862575896592  0.59219682385472927
  0.59689689949135816  0.60182503388609498  0.60697677565195696  0.61226833321320018
  0.61764786004909089  0.62303307769997762  0.62860602414910405  0.63430171778810440
  0.64016674454281153  0.64633150352092672  0.65285184294548038  0.65959773172562142
  0.66661280393616917  0.67398242645780237  0.68211512166124477  0.69131097632835214
  0.70154779522242794  0.71295838688340807  0.72569532788887003  0.74012207914595429
  0.75781774720795503  0.78310952991227079  0.82854328777332298  1.00000000000000000
   1.4388489951793504E-011  -1.0000000000000000     
 T T T T T T T T T T T T T T T T T T T T T T T T T T T T T T T T T T T T T T T T T T T T T T T T T T T T T T T T T T T T T T T T F F F F F F F F F F F F F F F F F F F F F F F F F F F F F F F F F F F F F F F F F F F F F F F F F F F F F F F F F F F F F F F F
  <DiscreteSampler_grid>
  grouped_processes
  1 # 1 for a reference and 2 for a running grid.
  10 # Attribute 'min_bin_probing_points' of the grid.
  1 # Attribute 'grid_mode' of the grid. 1=='default',2=='initialization'
  0.0000000000000000 # Attribute 'small_contrib_threshold' of the grid.
  0.5000000000000000 # Attribute 'damping_power' of the grid.
 # binID   n_entries weight   weight_sqr   abs_weight
    10   10   9.599356371166887E+001   5.933051667962029E+004   9.599356371166887E+001
  </DiscreteSampler_grid>
