  0.01457080991662510  0.01503229938808796  0.01553335974908801  0.01588566351605789
  0.01623940967538834  0.01656328251719077  0.01686876607168084  0.01717196209676404
  0.01746333424789431  0.01773738271553161  0.01799745900664809  0.01824414464082984
  0.01848821728337895  0.01874259449080460  0.01900989298384822  0.01928609796251166
  0.01956035753219666  0.01983229819646113  0.02009708183290719  0.02035584314019085
  0.02061709774935389  0.02087848872600948  0.02113982354631728  0.02140191454170848
  0.02165963487227760  0.02191509079208015  0.02217607932327987  0.02244338030581892
  0.02271769052297549  0.02300594734613309  0.02330645537967073  0.02360764568458561
  0.02389843763022501  0.02418024296393527  0.02446330334339533  0.02475726742778766
  0.02505079060029086  0.02532738503011250  0.02561215837510149  0.02590298882132669
  0.02619504163818656  0.02650056536485568  0.02681446235160455  0.02713652636902517
  0.02746662873156263  0.02780681411605214  0.02814260979909213  0.02848115767496793
  0.02882456539350980  0.02917556420249105  0.02953202960992637  0.02990124348712836
  0.03029289646328735  0.03070037889925756  0.03110989525942129  0.03153417042376521
  0.03196903171652081  0.03240628775978197  0.03286880525168892  0.03337769590804732
  0.03389442773524529  0.03439743942640684  0.03491678183252179  0.03547154510756295
  0.03606949343524050  0.03672611772908445  0.03744521114671181  0.03820229081847780
  0.03896635315770450  0.03974798286531658  0.04056363656275000  0.04139942880434347
  0.04223946789127609  0.04311931382870293  0.04406098063858278  0.04513007742614043
  0.04634054168268049  0.04765696079094378  0.04906483602220323  0.05055959281030088
  0.05213505186910797  0.05377803342896371  0.05554133468287253  0.05742709921308074
  0.05944111921348278  0.06156031036532661  0.06401325854036186  0.06686226210888138
  0.07025062900540054  0.07421917525287083  0.07886264544283474  0.08468741854807715
  0.09259188993318090  0.10444863944073403  0.13123825807759418  1.00000000000000000
  0.00025025406188420  0.00033633006704060  0.00039196881633504  0.00043922480836913
  0.00048160305234956  0.00052502450489283  0.00056766738655800  0.00060902693040222
  0.00065083520135285  0.00069293233668186  0.00073311704080623  0.00077246638149628
  0.00081227102266619  0.00085239566393453  0.00089268691686079  0.00093237216478933
  0.00097246902084238  0.00101353775702769  0.00105580301329463  0.00110131725661573
  0.00114706042655737  0.00119266461476497  0.00123895447914972  0.00128609721647756
  0.00133035661398295  0.00137182506238657  0.00141220856540078  0.00145312125591817
  0.00149377212685089  0.00153428992574844  0.00157555204002519  0.00161972172632588
  0.00166638493771116  0.00171319947784387  0.00176007431403474  0.00181110120346829
  0.00186841825519711  0.00192836306457218  0.00198725290469215  0.00204392732327255
  0.00210011225592131  0.00215580612001842  0.00221300313269782  0.00227600561265598
  0.00234063134781074  0.00240841490422361  0.00247893593559831  0.00255269186325369
  0.00262633220428800  0.00269830982160612  0.00277006299546173  0.00284509922336028
  0.00292718190007080  0.00301686542016156  0.00311180774331286  0.00320954428488830
  0.00330993285400919  0.00341428630117907  0.00352073250821991  0.00363637797146772
  0.00375995704346126  0.00390587333147018  0.00405092010329704  0.00420105384577157
  0.00436097503833867  0.00453129084837376  0.00471644825891050  0.00491708005259946
  0.00513025274859448  0.00535957525054498  0.00561088878900344  0.00587963042487900
  0.00618444944902903  0.00650524170032227  0.00685288519171704  0.00726363891147222
  0.00763030211016716  0.00802098291570082  0.00841386659806977  0.00882843706641807
  0.00929931926257191  0.00984383507485024  0.01055330380754052  0.01130502891686789
  0.01212690690398101  0.01309013700998766  0.01432579969020519  0.01572903012307184
  0.01726783735214359  0.01919107593773627  0.02207474846995533  0.02590351871098261
  0.03041113013440619  0.03785060175507025  0.05947674037096964  1.00000000000000000
  0.00249273074089918  0.00414128141181496  0.00545638029236442  0.00644903112966693
  0.00716495206831433  0.00771399867826802  0.00823111374443244  0.00873992593047508
  0.00922998408492831  0.00969969391264987  0.01015579999647602  0.01058037481467731
  0.01098121699805418  0.01135637414240419  0.01172073865133348  0.01207918641020632
  0.01243615443973415  0.01278686896556308  0.01313882226193367  0.01348723371186454
  0.01383347743926008  0.01417371075157952  0.01450405215393920  0.01483421288211146
  0.01516165762497150  0.01548750381806393  0.01581854209994463  0.01616621198438456
  0.01653903358065277  0.01693511048272010  0.01734096528772591  0.01774004384022551
  0.01813837912307229  0.01853476073293865  0.01894099072553593  0.01935113311431382
  0.01975909313921980  0.02015842655121204  0.02056184858029846  0.02097338412202952
  0.02138768322290840  0.02179232330902344  0.02220458983269908  0.02263007470183766
  0.02306249802277304  0.02349478116495564  0.02393252987895415  0.02437681062374203
  0.02482897533912555  0.02528667547226195  0.02575028275720388  0.02622417123940214
  0.02672060582979167  0.02722867232823091  0.02773450527273596  0.02824996133086796
  0.02878885793805608  0.02936672197807004  0.02998469738446833  0.03062658557745069
  0.03127862045109746  0.03193335133694399  0.03259857848909273  0.03326811108515044
  0.03395557758859904  0.03466665311511469  0.03538897774073762  0.03609642824874571
  0.03680299597367247  0.03755256560651673  0.03833700211220127  0.03917535696217819
  0.04004006241458331  0.04095048979053291  0.04193340087906959  0.04298258153254605
  0.04407539731277607  0.04527543504447921  0.04661410874476857  0.04808504277846479
  0.04953055958108608  0.05088027982716877  0.05240055091669891  0.05438014931207562
  0.05683518245644821  0.05952432228277761  0.06240771211408559  0.06521683290476249
  0.06902811570814862  0.07345275906950834  0.07780506052952009  0.08237480381296379
  0.08862550442132670  0.09778644908539427  0.11444801497334621  1.00000000000000000
 -0.01466483929650859  0.08115595609820782  0.13352009851968891  0.16790280875810673
  0.19072541780558439  0.20829620231180848  0.22350234796694451  0.23682581224214982
  0.24959029798117632  0.26127310839843715  0.27295609644163327  0.28358307076068301
  0.29332294230447442  0.30209769302172118  0.31047471171438323  0.31872635241305136
  0.32652062749541089  0.33382730689140633  0.34074081234077552  0.34752551703936557
  0.35424832747158586  0.36104386599855293  0.36775043390892265  0.37414173357455666
  0.38032604602817827  0.38611383073535710  0.39193389531951078  0.39762425969555898
  0.40336969483788926  0.40928842826120237  0.41520545290171212  0.42096021037908588
  0.42653607679546413  0.43197896391823448  0.43716918059862486  0.44209034924012408
  0.44687410955795986  0.45195244525431899  0.45676359689193452  0.46174940734128728
  0.46655866279953118  0.47148210554542286  0.47633868387994233  0.48119318343301681
  0.48607100035485890  0.49083327753496592  0.49557684343869102  0.50040523578679164
  0.50547368802185610  0.51058731634818477  0.51559636761999894  0.52065072702821169
  0.52572640765409251  0.53082919482793356  0.53592432077277163  0.54088633447634615
  0.54590028449874184  0.55110596017480440  0.55632601562049266  0.56170001920964141
  0.56716713510181727  0.57252264194525015  0.57774289470333118  0.58291985181162598
  0.58837123582404760  0.59431380011022528  0.60037349536705742  0.60639645633762607
  0.61237666954070680  0.61853753745687234  0.62488552267984043  0.63140243923583461
  0.63843526381432170  0.64541496127628062  0.65270268339153237  0.66014317383183885
  0.66748100819356260  0.67472445320602115  0.68197171905933285  0.68955752418874305
  0.69770268531197110  0.70637396286557819  0.71591002970143325  0.72506760837673034
  0.73503342080600298  0.74713531315771242  0.75970987122464395  0.77476020506892040
  0.78989724113308701  0.80605420413720996  0.82357350877910218  0.84495346611718736
  0.87014881142998035  0.89946796817744590  0.93820627841182569  1.00000000000000000
 -0.00201238676329420  0.00859108892509336  0.01709145047747260  0.02584154428710037
  0.03525177277791400  0.04437916375548995  0.05343020233126571  0.06269838434730080
  0.07269095207952235  0.08302311118117295  0.09321909943219085  0.10308892210321563
  0.11361276188055862  0.12449853540132186  0.13623169665863458  0.14766053479331295
  0.15820707877234483  0.16870293473003639  0.17942239084651590  0.19057518403379811
  0.20197990263066118  0.21315028963656610  0.22408124568984894  0.23537228690612397
  0.24686549062902899  0.25839208482605924  0.27000746987981949  0.28197932532759085
  0.29388198832533868  0.30534199950849072  0.31627475644080155  0.32721245773311441
  0.33862105330072445  0.34971197578390734  0.36038860892966568  0.37049568247389114
  0.38091749386802953  0.39169844498148720  0.40247567988411015  0.41302540134260884
  0.42311150336234166  0.43295247708985840  0.44273427850840752  0.45280585254550548
  0.46293838506007462  0.47370489969144075  0.48466608588903531  0.49560565783243954
  0.50622489037181806  0.51631512028943594  0.52665054824264834  0.53723195157095993
  0.54808166250766821  0.55880175894105710  0.56973007691829580  0.58093314248485139
  0.59291987357102083  0.60533507910907247  0.61810755820347596  0.62927434374416691
  0.63817456883002766  0.64742937877718509  0.65669731898694672  0.66549039211838301
  0.67381145292076450  0.68257908893126051  0.69337318567795547  0.70519094397904869
  0.71580877356072181  0.72564416759835304  0.73659797485839629  0.74698731674962260
  0.75743859814011893  0.76806947874845544  0.77875944249653573  0.78876644065519841
  0.79882707735195169  0.80910337035197477  0.81925225860399709  0.82915675709737702
  0.83969120610324532  0.85120253253035061  0.86235406877181930  0.87346209882636838
  0.88456423831166142  0.89526853164088649  0.90561117147596082  0.91606432537296278
  0.92638019162929930  0.93710617661107087  0.94767880806091964  0.95807501302292841
  0.96794145416339117  0.97768102748116770  0.98874542437532398  1.00000000000000000
 -0.00230432396620044  0.00942111689649593  0.01911521785918828  0.02966718394424006
  0.04003279862986429  0.05001371855250378  0.06015135534501893  0.07026263892653628
  0.08085939099435815  0.09172384258572527  0.10304753857935131  0.11468421763484522
  0.12600252838479090  0.13847398433018238  0.15009714865290952  0.16124493723736708
  0.17127883300454874  0.18167653418745336  0.19140201908349175  0.20055620253933940
  0.20927723686416297  0.21865908514559743  0.22944863220633924  0.23958211786610470
  0.24948851143026368  0.26020121747559277  0.27155338300604487  0.28201217323705746
  0.29249438053035520  0.30422392939292364  0.31541282823661076  0.32598695329358618
  0.33651809934534954  0.34703127724423888  0.35712566581605476  0.36657566885744597
  0.37592345920516995  0.38578247709165009  0.39592451104782772  0.40563730569882306
  0.41544325571538249  0.42543142924722510  0.43585184744120764  0.44625945953780255
  0.45677832271849778  0.46792591268455908  0.47926865603422397  0.49030842613097769
  0.50104598982443138  0.51199243284072415  0.52276032533916239  0.53366244330539658
  0.54471764687408519  0.55564468061093886  0.56671331253207036  0.57829674973027712
  0.59027811583377432  0.60230170072353906  0.61353232726304496  0.62430838793435517
  0.63515489791703927  0.64646373553746894  0.65786752850410601  0.66836762361731938
  0.67831865153569482  0.68841297752607167  0.69907507658297285  0.70998462895358083
  0.72040198365715835  0.73076966897865969  0.74182944525308558  0.75298059130164186
  0.76358647137813840  0.77415701347856458  0.78497327572353615  0.79548908349795211
  0.80536001800701229  0.81575168623966787  0.82688535789507134  0.83783263382660889
  0.84827747874958881  0.85921285039501483  0.87122424345920380  0.88338113925617345
  0.89460276863463917  0.90468206986890420  0.91418081723981370  0.92367503447670174
  0.93319628785842379  0.94279237752837308  0.95254113317699229  0.96236116419378093
  0.97172609945070731  0.98083155721685822  0.99058776783621361  1.00000000000000000
  0.05917989468260593  0.06327792130711851  0.06694681641092216  0.06982150814464909
  0.07226300095334680  0.07453607270610237  0.07671355837808770  0.07883953725935842
  0.08092679284753203  0.08286562835432157  0.08460243478339058  0.08620316019432293
  0.08779495032351793  0.08938928360403439  0.09097309774420037  0.09251252260146656
  0.09403006376086147  0.09553352841948061  0.09701835619721849  0.09848806674477607
  0.09991265395964334  0.10135733423302340  0.10281278277811816  0.10425976540752052
  0.10564686771689075  0.10697238778753193  0.10827520494514381  0.10954970402872172
  0.11080305408709833  0.11207066525087078  0.11338337433646586  0.11469892072453973
  0.11596752694680693  0.11720347486895252  0.11844745477963364  0.11970777841339132
  0.12103241883752623  0.12240150679518789  0.12373309635289226  0.12504276205192516
  0.12640815611235462  0.12776943593412687  0.12913343887284748  0.13048322929051751
  0.13187255703732001  0.13326059517885033  0.13465034019114691  0.13613118929999724
  0.13763393081335881  0.13914328178116483  0.14059088945820650  0.14208276897294492
  0.14355213638288239  0.14497304631696786  0.14645097620485975  0.14805481517920385
  0.14971571303863226  0.15139467431681458  0.15311496891703288  0.15488908942508597
  0.15667531802990009  0.15847342622143831  0.16027159819590817  0.16201634933115619
  0.16376779859118781  0.16562956027007189  0.16761072347354308  0.16974519034773303
  0.17202106335426801  0.17437573105446980  0.17690887658435142  0.17930064067194726
  0.18156903911236347  0.18398633620012420  0.18657171992647165  0.18927439703563537
  0.19208403802290860  0.19505926954276998  0.19830883070415803  0.20249442027697442
  0.20671712247658561  0.21083735587520808  0.21476255127896940  0.21838766273800161
  0.22166078921539090  0.22452308610147556  0.22755642852591693  0.23159624272764895
  0.23782768480966016  0.24686248528908786  0.25626264280863181  0.26824092384323456
  0.28455169251061219  0.30914968793185355  0.96567678038418636  1.00000000000000000
 -0.00195732645337683  0.00764761004633136  0.01662980976162848  0.02546656960523008
  0.03441201442213818  0.04354946747199698  0.05273896344591868  0.06165223179730522
  0.07051644039370453  0.07934961884760941  0.08908870679214696  0.09977980727863600
  0.11010490009267983  0.11990794896775170  0.12933724003828204  0.13858122301294101
  0.14824256930302482  0.15839586597952901  0.16899962434958501  0.17994037627650702
  0.19106267821226047  0.20170523304798055  0.21178433227965904  0.22117289985880906
  0.23052973710672414  0.24052718018679189  0.25128813926047960  0.26256129407889728
  0.27363392405099701  0.28475314093898435  0.29599181001730646  0.30711966858902312
  0.31767502512299056  0.32823145142166921  0.33879330114549444  0.34901983910470508
  0.35942219988690699  0.36941183456064175  0.37951193584201837  0.39051053002432412
  0.40330286670482790  0.41764844879842827  0.42978677768841284  0.44138917228216351
  0.45297319484807308  0.46589551422513875  0.47922336609229227  0.49248247063972173
  0.50484688247732257  0.51722184696014184  0.52912861933638777  0.54097363026099321
  0.55230584837073848  0.56364179779647627  0.57512854697260551  0.58763442564604729
  0.60181821715588224  0.61496330294672552  0.62740599322269019  0.63924041398493414
  0.65058808370099064  0.66128921466646384  0.67170122114250008  0.68178629804792923
  0.69202835696996678  0.70293735523627932  0.71491220272536316  0.72681317209890595
  0.73763277655378734  0.74812760634736108  0.75908009677284005  0.77018517426489730
  0.78078633048446133  0.79116247171234899  0.80241433888634284  0.81380961879033931
  0.82427213868779214  0.83455022981135329  0.84514798781178047  0.85556043191435205
  0.86507593553711981  0.87465906386444348  0.88448657269784292  0.89484144378235742
  0.90477518194458895  0.91494997036155556  0.92372850129855266  0.93210341891808790
  0.94030151818484142  0.94823202763852943  0.95636164386090117  0.96467835731621965
  0.97267369655961322  0.98065512769769636  0.99006703450757771  1.00000000000000000
  0.09376507452167393  0.18085116118686920  0.22667260486237600  0.25690563521271170
  0.28064845396584248  0.29891555244461565  0.31332239338603018  0.32603939886436378
  0.33789739614307135  0.34865465450636152  0.35851454605445171  0.36750145555729491
  0.37661473802452872  0.38491214640812804  0.39331094582405873  0.40068518991081187
  0.40771927194399304  0.41446474935138394  0.42139503979121523  0.42797697889039255
  0.43466877541240290  0.44103104479222766  0.44711680360424200  0.45304961434913643
  0.45863023534931258  0.46386960866764976  0.46882359464719420  0.47367403204935105
  0.47838575947570322  0.48306534171818333  0.48784353540194819  0.49273662929658668
  0.49765045952413461  0.50237404432355037  0.50690998029039869  0.51127485259460703
  0.51554424151822409  0.51995553028298391  0.52463413292802608  0.52937424325043725
  0.53389747933652087  0.53826616119816117  0.54277157801630238  0.54756729746520849
  0.55249493232810742  0.55735558082326109  0.56205572668430337  0.56671190024366591
  0.57139839265842618  0.57604272094638997  0.58055680419980504  0.58480669479900793
  0.58873030651223590  0.59250077550592728  0.59630614775730240  0.60029770436707486
  0.60433501509467635  0.60814496642998239  0.61183253191903941  0.61551256010282640
  0.61930213298213055  0.62322072516649885  0.62722964808938564  0.63126412182167957
  0.63525307329188874  0.63922857965152236  0.64316552116103787  0.64716468143278316
  0.65124170021464667  0.65538942088512697  0.65962554168551901  0.66397137522789729
  0.66829621339790823  0.67273038549216713  0.67719043716775607  0.68175673658173119
  0.68671255586312474  0.69221057217221749  0.69790352649478737  0.70345883010669952
  0.70909225467936143  0.71494297079003222  0.72109901952766886  0.72767093085878731
  0.73474046018575045  0.74250097476091159  0.75049224285658067  0.75869439212190160
  0.76721604829382006  0.77587186829693244  0.78596306055387921  0.79679825080504341
  0.81035603055732142  0.82883679411415268  0.86253802528842849  1.00000000000000000
 -0.03240341092252359  0.16068179180770015  0.20349433546972084  0.22931339999729294
  0.24896511535865837  0.26361200675485152  0.27605719539847257  0.28675651614517833
  0.29623787677114977  0.30461147844600861  0.31259488285520809  0.32036460759464613
  0.32797200579717084  0.33533433131564983  0.34208348421754159  0.34841916111336929
  0.35471330057072764  0.36087041986581236  0.36666787467942280  0.37207778641378225
  0.37741212436496119  0.38283917219424335  0.38841287310963479  0.39392734246180316
  0.39935529966975208  0.40476038594830926  0.41003148102041648  0.41533935457991739
  0.42011686120900504  0.42456090263223356  0.42881610719236479  0.43295706619719121
  0.43711159204123567  0.44134037776831325  0.44560533001840164  0.44986810760406465
  0.45408753901331866  0.45825114921576376  0.46225756541116725  0.46624995170240402
  0.47018907163865536  0.47415084179378875  0.47817253307115049  0.48228373564930643
  0.48632421871545400  0.49027624374333328  0.49425351155007463  0.49816647770274514
  0.50191497695521314  0.50555003650504593  0.50918713302460106  0.51292677592098679
  0.51675635308406775  0.52060179341079105  0.52439763661911398  0.52809367232781357
  0.53174280170626997  0.53547075187525484  0.53935908737805194  0.54347173786984093
  0.54771896594805969  0.55187556494083956  0.55603296044550177  0.56020992037553108
  0.56447004452735827  0.56850538106446802  0.57249589032341563  0.57638245391449350
  0.58034353837169206  0.58437432017512647  0.58901958273391353  0.59372814316099953
  0.59877284046108592  0.60383823025553995  0.60901532494183630  0.61438503009784828
  0.61989625709603524  0.62582876972755230  0.63226723314923805  0.63909179698907770
  0.64615385824104898  0.65331316875551282  0.66059851292472671  0.66810203512599264
  0.67600246886650062  0.68441937086188875  0.69342834534980735  0.70298554651640910
  0.71310337751461139  0.72459133323016101  0.73815614557811127  0.75376258538851970
  0.77204280516149160  0.79725728377596250  0.84225475454733534  1.00000000000000000
   3.9746627925913417E-011  -1.0000000000000000     
 F F F F F F F F F F F F F F F F F F F F F F F F F F F F F F F F F F F F F F F F F F F F F F F F F F F F F F F F F F F F F F F F F F F F F F F F F F F F F F F F F F F F F F F F F F F F F F F F F F F F F F F F F F F F F F F F F F F F F F F F F F F F F F F F
  <DiscreteSampler_grid>
  grouped_processes
  1 # 1 for a reference and 2 for a running grid.
  10 # Attribute 'min_bin_probing_points' of the grid.
  1 # Attribute 'grid_mode' of the grid. 1=='default',2=='initialization'
  0.0000000000000000 # Attribute 'small_contrib_threshold' of the grid.
  0.5000000000000000 # Attribute 'damping_power' of the grid.
 # binID   n_entries weight   weight_sqr   abs_weight
    10   10   2.235149820865752E+001   2.196649434430826E+003   2.235149820865752E+001
    16   10   2.235149820865751E+001   2.196649434430824E+003   2.235149820865751E+001
    22   10   2.235149820865751E+001   2.196649434430825E+003   2.235149820865751E+001
    28   10   2.235149820865752E+001   2.196649434430826E+003   2.235149820865752E+001
  </DiscreteSampler_grid>
