  0.00649563218658221  0.00816469834119647  0.01001808495467087  0.01202811617656764
  0.01419962496895268  0.01651733619254704  0.01895845608207564  0.02157244606593660
  0.02429578488162775  0.02715852829672043  0.03011628087826416  0.03322804202156355
  0.03644677818362792  0.03978851508118827  0.04323710302883511  0.04679898957879372
  0.05047682698240621  0.05426567698196422  0.05816030390452297  0.06216217556725579
  0.06627072826345537  0.07046737458995078  0.07482068521229225  0.07920747125008397
  0.08377648472991157  0.08841950056241411  0.09317240266889225  0.09807728659303377
  0.10300023683927632  0.10809385699991618  0.11334503806862334  0.11859428041228627
  0.12401304755831064  0.12963888441185839  0.13525902224387426  0.14099086351974849
  0.14699602644359078  0.15303520605758891  0.15909715818703840  0.16543132514910031
  0.17193170016675380  0.17844293515796389  0.18508186486284098  0.19200585687678615
  0.19906862131372977  0.20613789324120285  0.21338352060772400  0.22094774919663906
  0.22868663384278237  0.23645109087379676  0.24435228929736216  0.25256785136186122
  0.26111142250349018  0.26967245652391580  0.27821299118255738  0.28730460520196738
  0.29670515010156934  0.30619951348459773  0.31580985752459456  0.32561989393938506
  0.33600764722300713  0.34671511659572113  0.35746015372848267  0.36845244507528424
  0.37995956086025556  0.39196440965057078  0.40427004365668684  0.41669008002430419
  0.42916647086706244  0.44308769582692076  0.45723326414179249  0.47159512104386725
  0.48624238766472733  0.50166995998462005  0.51803924448724004  0.53493306172765798
  0.55205024584761431  0.56985057614850054  0.58892740423720580  0.60888308164945670
  0.62914429786452220  0.64967313156474715  0.67189288769258471  0.69524656073223945
  0.71875688145898853  0.74269504028840716  0.76748056771182194  0.79310946240160241
  0.81891591284568455  0.84445127961423094  0.87046182758872104  0.89702301668784989
  0.92342856241516547  0.94936695090976375  0.97481337919879951  1.00000000000000000
 -0.00251239642813429  0.00965714409303714  0.02011593131666830  0.03064654052107639
  0.04115804250931828  0.05169861538293646  0.06236483658612114  0.07306958592201183
  0.08380510606864663  0.09459403154321028  0.10531984936965880  0.11616110516524508
  0.12687779448908962  0.13731074761853471  0.14773382545634886  0.15833289299141898
  0.16894376934987956  0.17947229389332850  0.19001471537662987  0.20065818911995012
  0.21123534525501328  0.22178588628118165  0.23236581796223771  0.24301941252904333
  0.25355142374634232  0.26394644304882592  0.27440920146323022  0.28504153132400195
  0.29558085855850230  0.30607882792730751  0.31669058343014267  0.32753798471035189
  0.33824262038960062  0.34869845696111978  0.35905790965517120  0.36939872582728134
  0.37956925655730223  0.38983494418486658  0.40006496310416434  0.41054477346909846
  0.42087831576454993  0.43132241716604269  0.44169375251333143  0.45218004935645739
  0.46259209274633384  0.47309889551086803  0.48354688776309024  0.49395213050754028
  0.50417381616531143  0.51456078356859136  0.52491937734804883  0.53542543875951620
  0.54589541341394543  0.55645518857456622  0.56684708400934158  0.57711222408394136
  0.58754893589346957  0.59816075084316711  0.60885647431009737  0.61938643212328615
  0.62994461139331992  0.64048127593324689  0.65109577436023314  0.66153276197816646
  0.67201367140971868  0.68248045596243501  0.69304913514730559  0.70362177154722683
  0.71419746755252789  0.72491631013591940  0.73566959261182407  0.74654946840126679
  0.75714002866207242  0.76766740302708281  0.77811948522146723  0.78854609319251656
  0.79904870277018258  0.80945970326603678  0.82017254109132320  0.83090470627882917
  0.84156418334339145  0.85227716060895742  0.86275470479613348  0.87332857321006296
  0.88369592833805810  0.89422173649744563  0.90485604534976083  0.91553240830417359
  0.92598527773451889  0.93652848850626036  0.94699710143607163  0.95758115024361168
  0.96821179024868775  0.97868150681065935  0.98931864122585023  1.00000000000000000
   3.2017399464373538E-007  -1.0000000000000000     
 T F F T F F F F F F F F T F F T F F F F F F F F F F F F F F F F
  <DiscreteSampler_grid>
  grouped_processes
  1 # 1 for a reference and 2 for a running grid.
  10 # Attribute 'min_bin_probing_points' of the grid.
  1 # Attribute 'grid_mode' of the grid. 1=='default',2=='initialization'
  0.0000000000000000 # Attribute 'small_contrib_threshold' of the grid.
  0.5000000000000000 # Attribute 'damping_power' of the grid.
 # binID   n_entries weight   weight_sqr   abs_weight
    10   10   9.335046691897981E+006   9.418779192718797E+013   9.335046691897981E+006
  </DiscreteSampler_grid>
