  0.00024581195256291  0.00029179158809525  0.00032671759188315  0.00035997112858273
  0.00038460795476050  0.00040303605608599  0.00041753936355828  0.00043101879910243
  0.00044482200776344  0.00046043282680728  0.00047652273552774  0.00049324056429472
  0.00050892743792816  0.00052434184968062  0.00054039000552507  0.00055667986681018
  0.00057297063575028  0.00058919584444497  0.00060403168504509  0.00062042677640369
  0.00063826311974562  0.00065670611461374  0.00067380852976994  0.00069011752324885
  0.00070734630824743  0.00072460432361201  0.00074246907327428  0.00076019724775210
  0.00077757502839683  0.00079566385931417  0.00081389406512583  0.00083200473433315
  0.00085008490347772  0.00086839754954913  0.00088715618378412  0.00091008916586881
  0.00093357442223410  0.00095682072292856  0.00098048196393390  0.00100478749727564
  0.00102937881061298  0.00105351959385646  0.00107544960324139  0.00110233516072263
  0.00113080005127217  0.00115884700702095  0.00118810654514347  0.00121812289054295
  0.00124878537579691  0.00128128066372498  0.00131576185603834  0.00135368692594746
  0.00139712294886056  0.00144119053506861  0.00148499067935177  0.00152963126007510
  0.00157505655876089  0.00161866911191131  0.00166654085002274  0.00171567938383080
  0.00176555543086557  0.00181681239574651  0.00187045150779050  0.00192527142663757
  0.00198373614513840  0.00205162837143350  0.00212317902125506  0.00219625795061936
  0.00227556316167217  0.00235902764320579  0.00244903584445929  0.00254527882685023
  0.00264568989896548  0.00275645989284211  0.00287092306355752  0.00299480545378168
  0.00312919140672658  0.00324708416279305  0.00339709732754754  0.00354842576454056
  0.00372300207507210  0.00394038421632749  0.00417515710827239  0.00444787154249931
  0.00475935657926280  0.00511705465330417  0.00556026110871898  0.00614459708985040
  0.00689117726072925  0.00779067678652395  0.00889132887993571  0.01046031124420592
  0.01290873048382402  0.01721686535697172  0.02936574330532962  1.00000000000000000
  0.00044329459582417  0.00065910873741651  0.00076774838695877  0.00084358100268974
  0.00093742190621535  0.00103407702822388  0.00110946228530255  0.00116874492092618
  0.00122749817840032  0.00127992419387485  0.00133377109405946  0.00139102964560539
  0.00145684914157701  0.00153216535236827  0.00160164125948753  0.00166161274069275
  0.00172038606438600  0.00178363184486955  0.00185532280354714  0.00193617373747940
  0.00200871971563340  0.00207523182915235  0.00214078641650545  0.00220732294950726
  0.00228664068234097  0.00237159061533930  0.00245701762419318  0.00254387826526705
  0.00263274087592890  0.00272209480641895  0.00281012606766165  0.00289556965081730
  0.00298309481295169  0.00307522983690259  0.00317235251910211  0.00327212188802711
  0.00337029613158630  0.00346760504588688  0.00356695613031597  0.00366906557542056
  0.00377262245520099  0.00387536349655383  0.00397366768309417  0.00407946807183029
  0.00418959682640909  0.00430347411122275  0.00443042169241440  0.00456533817524646
  0.00470483623924067  0.00484791388931891  0.00499819287354362  0.00515929168152312
  0.00532123975311612  0.00547445828705330  0.00563393931553225  0.00580084846789953
  0.00597363559659571  0.00614864540323517  0.00632249762384696  0.00649980402254957
  0.00668827878276086  0.00689198236498320  0.00710042252365262  0.00731319013149927
  0.00754943992660416  0.00780680505695903  0.00807123528079521  0.00834470820935111
  0.00861912715856060  0.00889829229453469  0.00921386989362611  0.00953734769932830
  0.00984463112669601  0.01018898285928119  0.01054523177679244  0.01091741444918611
  0.01137497599300500  0.01186585380512568  0.01241077806062322  0.01298490092821841
  0.01361936692990404  0.01435760052576267  0.01518717820361200  0.01615037766410768
  0.01726141021728802  0.01859917893871759  0.02003484297927607  0.02167379809720900
  0.02339735096674141  0.02547668569799197  0.02878254284071673  0.03333993738913077
  0.04013194943193183  0.05182238120084402  0.66888194169135673  1.00000000000000000
  0.00152256538058091  0.00346721920833227  0.00401854550867922  0.00457734936694661
  0.00513735329725526  0.00573346062957503  0.00634118601361583  0.00654663397345592
  0.00670747992763467  0.00689971931704144  0.00709248458737017  0.00727990471804664
  0.00752554467373325  0.00777170195588932  0.00800465351848990  0.00823034787785704
  0.00846610114474758  0.00869438694211135  0.00892740057250141  0.00915382304190284
  0.00937838929017381  0.00959760134714517  0.00980461066701901  0.01000703586924336
  0.01021466531717231  0.01041867802120030  0.01063541714021163  0.01085113431564857
  0.01107455066462595  0.01130886032696971  0.01154891027232202  0.01178890971406583
  0.01202537682044702  0.01225477182351628  0.01248307988743130  0.01271420520875303
  0.01295076018457793  0.01319043426534929  0.01344482874526884  0.01370773930518738
  0.01396744972975023  0.01422851694255163  0.01449093092352026  0.01476022749157512
  0.01504149268158557  0.01532460799190671  0.01560238217875642  0.01587612121839838
  0.01615329052187822  0.01644917082199820  0.01674469280116244  0.01703541035611628
  0.01734059953898476  0.01764613468030285  0.01796188123960502  0.01829498104517827
  0.01865403202602093  0.01900886225909500  0.01937917370609433  0.01974387172422988
  0.02012536223358077  0.02049394910188270  0.02087488310779698  0.02129047641997251
  0.02171903013302920  0.02218981321256803  0.02271561392142223  0.02324173709026049
  0.02379018124274432  0.02436860127896444  0.02500355416836328  0.02566045463038486
  0.02625703041505361  0.02684680324936968  0.02746252436813695  0.02815531771556744
  0.02891110432394226  0.02975691218987144  0.03087085590680641  0.03200643595356604
  0.03317566395938191  0.03437820341798861  0.03568079393865584  0.03712210212587129
  0.03886423456552177  0.04074283904914459  0.04279882724367293  0.04492432798894098
  0.04716619260126008  0.04963582021292914  0.05223917312768830  0.05634667837841132
  0.06315893036021507  0.07239405216167570  0.08745320362032652  1.00000000000000000
 -0.00207920565632465  0.00804364417009288  0.01679396679436757  0.02609885564297137
  0.03634822931471301  0.04677130578666663  0.05727762663397943  0.06841168327960201
  0.08022902774124571  0.09261055738709280  0.10480820898991558  0.11717736291462956
  0.13002316846638673  0.14194236962283069  0.15320735788518300  0.16397506884253074
  0.17444524991442678  0.18439917725223362  0.19398097518493346  0.20342416813693079
  0.21281459192827434  0.22226146681533945  0.23254757236720042  0.24340239288295168
  0.25442628543918483  0.26604645331989574  0.27740052051522751  0.28800500824216418
  0.29821366406051181  0.30814070693008394  0.31874715524507624  0.33017072053900715
  0.34072623853879874  0.35024303063554657  0.35943978174139202  0.36866803278549204
  0.37803633211380400  0.38692832486846052  0.39627906195429607  0.40642211498292791
  0.41668691900267235  0.42806101635514604  0.44026602807188109  0.45269312375403181
  0.46448830860508000  0.47567505195856574  0.48582373111440563  0.49506625383855074
  0.50391091549009159  0.51299077202052024  0.52296117084504345  0.53443683157379573
  0.54621791207647230  0.55855882853479832  0.57057260453634295  0.58213294538575422
  0.59276088909638613  0.60257279649427598  0.61263056772678981  0.62335946283168164
  0.63429737029651290  0.64504232494266944  0.65559587925175333  0.66583727733264264
  0.67550369060428050  0.68441458473808015  0.69377299312398932  0.70325918698157941
  0.71333592824445013  0.72392633348605151  0.73608319863038074  0.74814419323331860
  0.76018052573508454  0.77139374039982755  0.78276523543305132  0.79385087241774710
  0.80496347368041865  0.81573824323079880  0.82636359566030648  0.83651369254602015
  0.84622301938375544  0.85590260288445763  0.86638980954399925  0.87656369187528949
  0.88704898679781696  0.89749155887131626  0.90866548292832561  0.92006973840168960
  0.92992473089240613  0.93942871457157551  0.94920586666748297  0.95846713737262001
  0.96828359495687799  0.97758632024451464  0.98918433041860721  1.00000000000000000
  0.05902458389010036  0.06144911006737761  0.06333913138992932  0.06546608129359907
  0.06746416091606763  0.06933184139907624  0.07112082139913396  0.07282735021103133
  0.07445064198378014  0.07601095965156540  0.07750559229089655  0.07895517297320510
  0.08039793280599511  0.08181639349306265  0.08317385158342343  0.08445010343970830
  0.08567584243318849  0.08689912231706709  0.08812706268410596  0.08936295873334392
  0.09062837279572816  0.09191772795563544  0.09320521613976712  0.09447881299683397
  0.09573532585470305  0.09693299664608417  0.09812341551374289  0.09931351440346166
  0.10052405475787142  0.10177667403321843  0.10307868711225576  0.10440286406187074
  0.10571672347901909  0.10687774500488928  0.10803712414487980  0.10917767341008283
  0.11030894864774073  0.11145535367560165  0.11264341247720860  0.11389540859120613
  0.11518577939845924  0.11651546112378303  0.11789084589457481  0.11931047874550041
  0.12067934502251867  0.12202546218288787  0.12337038139938349  0.12474180816446387
  0.12622171577724284  0.12789378312930261  0.12974855053830331  0.13157069167910460
  0.13338608175352357  0.13502230862449541  0.13654588076585195  0.13811295284700500
  0.13977413715673029  0.14159293979615087  0.14365657557809988  0.14547521316226919
  0.14769595744246780  0.14993643036205861  0.15228436214270361  0.15457211586329442
  0.15676030960789769  0.15889623889916718  0.16093997346912692  0.16287968667204644
  0.16485214698871861  0.16716154539657163  0.16978168305620348  0.17265358300208505
  0.17564680503293001  0.17878002007341506  0.18226024510380132  0.18580302932640658
  0.18970835655011711  0.19412628525343539  0.19929933365484290  0.20478109874769390
  0.20984763706928891  0.21495046338997956  0.22090014848715664  0.22907070347143588
  0.23413310696349385  0.23700633500868759  0.24024789757659681  0.24390890676331883
  0.24763356587416879  0.25179459045977864  0.25877192880701572  0.26734404069389661
  0.27801024182264039  0.29699969422037581  0.35516127280728155  1.00000000000000000
 -0.00293113447726089  0.01299581226540004  0.02619166546167938  0.03824329603211841
  0.05021237260172449  0.06135258415784656  0.07385513020842119  0.08767369014466447
  0.10127989455986706  0.11548325673351208  0.13073017945953783  0.14688001747773791
  0.16084230492466670  0.17323630921920524  0.18548462058737725  0.19860757844424518
  0.21278665131018026  0.22610690321837681  0.23714475898683457  0.24644707053780363
  0.25554626467731689  0.26433153141415811  0.27312697892529403  0.28186156982638000
  0.29097382684075229  0.29995679427307986  0.30863822705053495  0.31658410828881511
  0.32449523044708201  0.33266814307588666  0.34137050632703764  0.35018718183461262
  0.35857876156437113  0.36696567452022294  0.37493492189943195  0.38344152855548114
  0.39179239148736633  0.40025617440276501  0.40898599456880852  0.41790447543134834
  0.42675159724567097  0.43530960438577715  0.44368093858675312  0.45205861467429037
  0.45972110851937353  0.46644477643454269  0.47332034412486007  0.48032956667588683
  0.48785867633848784  0.49668600425798637  0.50507659371467817  0.51403517844781610
  0.52308219531717604  0.53225889095007972  0.54178190140060456  0.55046744142767634
  0.55877040040500925  0.56677673235707926  0.57486012210669712  0.58311141223040253
  0.59125700056649089  0.59962750533688536  0.60819117755391960  0.61775543595547444
  0.62759169066646758  0.63777758075118585  0.64781887609299327  0.65763171598831549
  0.66713964349469712  0.67639043416500011  0.68560674869558136  0.69498389128763904
  0.70459909267387888  0.71463347722068571  0.72498492755228039  0.73549323015300361
  0.74616094715192038  0.75717328295758735  0.76836011395857018  0.77972175964124690
  0.79128182358417498  0.80277960039076990  0.81469085313354606  0.82676279603363467
  0.83880704272723416  0.85094602384769902  0.86399258824994851  0.87827550128879328
  0.89351020281807070  0.90946689141096704  0.92656944893832649  0.94414091039005510
  0.95922424396000205  0.97283192310591882  0.98574490922933589  1.00000000000000000
  0.05312806246796485  0.05382186938539699  0.05488530911490785  0.05577371050202278
  0.05657525969843399  0.05730696225178033  0.05801963838386650  0.05872117390949597
  0.05940862719927498  0.06006510719986072  0.06070185463923557  0.06134236660391243
  0.06195827157185282  0.06261039456864474  0.06338748380045350  0.06415101662901261
  0.06490822136553723  0.06567798767605129  0.06643785326623246  0.06724700012534560
  0.06805208586548828  0.06884811910160113  0.06966623894060636  0.07049239866055780
  0.07130504425110780  0.07209597574276971  0.07287235574578178  0.07365937031913639
  0.07443889906819783  0.07521575042883945  0.07599573690346331  0.07679330661744832
  0.07760812250386551  0.07845802992317313  0.07931972469292656  0.08018233547104864
  0.08107928507288104  0.08199996679036028  0.08289467391077297  0.08378308760333945
  0.08470489298042139  0.08564785190951676  0.08657058851219873  0.08761393801911273
  0.08861835807171339  0.08963709535751742  0.09061301983169613  0.09160784670595451
  0.09257609310274184  0.09357618541671620  0.09462968047114681  0.09572568997575229
  0.09685267854962334  0.09800966803658819  0.09908050902717724  0.10024597201384866
  0.10150059288174630  0.10269165812349544  0.10372068738358244  0.10490352259931861
  0.10608930004340368  0.10733956487843184  0.10880591886345935  0.11040296656591385
  0.11139947651415573  0.11251414797312941  0.11370674917117100  0.11491729933491178
  0.11593255012772452  0.11702287731164381  0.11856889842582141  0.12036563865316240
  0.12210758512565405  0.12380607143596864  0.12560223091196943  0.12756476496902139
  0.12967241133350818  0.13210875950393497  0.13479381071836105  0.13750743384249378
  0.13960099244999583  0.14166063180576388  0.14368819838403793  0.14578697851027886
  0.14823548583863339  0.15052971895709313  0.15290661391567686  0.15554064401117712
  0.15885459063784366  0.16139817140700030  0.16438895821895605  0.16800841937662381
  0.17227776991923535  0.17923846175357691  0.18846950593716025  1.00000000000000000
 -0.00322171589005701  0.01213320443648464  0.02464122989935440  0.03760094335401686
  0.05035097175255105  0.06299092785009144  0.07589501129194159  0.08849837393794538
  0.10046571771139526  0.11170295212652309  0.12241648781867023  0.13329764490093057
  0.14416899390592405  0.15539352786148991  0.16631076941642575  0.17826565518974544
  0.19007567363496070  0.20178706239313007  0.21353011604889169  0.22436995700276779
  0.23427074056756061  0.24391331282394116  0.25419280005444900  0.26458324350289020
  0.27463509036655448  0.28450824591969348  0.29454596273706490  0.30418266626178486
  0.31378816624232531  0.32434164726061482  0.33555035571826353  0.34624627389115847
  0.35657108755142458  0.36733312914888611  0.37809930823161464  0.38850314822224263
  0.39906226169753556  0.41010517940060287  0.42135557165808812  0.43156272968039272
  0.44091549089526988  0.44981570287983524  0.45828051169706657  0.46739307574920841
  0.47802553193582598  0.48806733602498203  0.49743264455893749  0.50684831804311858
  0.51633664110426003  0.52623553269439416  0.53603420596965445  0.54662757707127096
  0.55756089042400436  0.56828248822955552  0.57870906395367006  0.58869175694365683
  0.59912656867301117  0.60923136741303008  0.61970339819243436  0.62996939062978863
  0.63933504233317417  0.64801011636757111  0.65662675534406179  0.66563835325032106
  0.67514033824744735  0.68509260195064803  0.69590174047380005  0.70794134702710987
  0.72006907970403344  0.73155321372276894  0.74258395747264316  0.75334493774889255
  0.76325436258932555  0.77366307750040442  0.78405713430594259  0.79426194483128809
  0.80332297814250275  0.81299496018903061  0.82242570533100268  0.83117322152203688
  0.83927309523568339  0.84722765171610293  0.85589298622073995  0.86580097422375579
  0.87619221796884550  0.88754059185663325  0.89740018847613423  0.90711950564177579
  0.91713202139202643  0.92900239727051981  0.94152665734039209  0.95270565449939681
  0.96468335094888724  0.97612437789497786  0.98844047006496094  1.00000000000000000
  0.13763986560379049  0.17753152913094788  0.20046285196858449  0.21652866660145281
  0.23545395087206070  0.25838400500576708  0.27664923062338814  0.29108898893722029
  0.30368877415402884  0.31513013661321831  0.32514599878736378  0.33428606969865732
  0.34229331142192054  0.35011468866558310  0.35731247238145342  0.36393583024617981
  0.37029468413785865  0.37622312549402931  0.38184979147598619  0.38747295842385304
  0.39311162617732892  0.39913728864090042  0.40592191625091684  0.41257686195085969
  0.41845594385887003  0.42402165055054436  0.42932497863159197  0.43571010171938940
  0.44166486087768947  0.44694533629526090  0.45183508510184195  0.45651744110842596
  0.46107981435690065  0.46565832644432287  0.47033004625776725  0.47513898422990808
  0.48001950048321984  0.48481903470355675  0.48955680086966069  0.49456111722696122
  0.49924075506589582  0.50392700655405898  0.50834155366953304  0.51262284020576721
  0.51675378363955882  0.52089739307428795  0.52527915655000179  0.52997681972167321
  0.53480816210697224  0.53945526951531719  0.54390536825575919  0.54849129608096248
  0.55300465336649618  0.55768662431554228  0.56249032445216229  0.56710820415714236
  0.57160037084924753  0.57610799328008755  0.58062272717610974  0.58516589084859794
  0.58975448322327206  0.59416948775627931  0.59882822676286906  0.60338977273362870
  0.60798155073893734  0.61252125238711352  0.61704390386885088  0.62143754111498506
  0.62618061273695491  0.63140759678088842  0.63695776728466447  0.64270948645721759
  0.64849551642409353  0.65421509420090951  0.65996707002809440  0.66584749771683671
  0.67183720602992880  0.67792740358621173  0.68401403727084098  0.69035769509261968
  0.69722087044351033  0.70432820107388305  0.71164745580632538  0.71939065861565121
  0.72740687261224568  0.73590577030663806  0.74479248212755378  0.75436859506610354
  0.76483574591395109  0.77631561575367836  0.78858481072669762  0.80322976706363214
  0.81662672323792274  0.83258463805442029  0.86986053964053434  1.00000000000000000
 -0.02246235209764733  0.13747236567115548  0.17830267689614882  0.20520971945873548
  0.22611391764045613  0.24324450812426951  0.25796861621876810  0.27031555421579967
  0.28153011227196956  0.29164225551534034  0.30080556156574351  0.30976408386917936
  0.31825398698011892  0.32613861298769248  0.33345531169053488  0.33996427256921236
  0.34610009721161250  0.35227598993681880  0.35852122607001502  0.36471003404326591
  0.37065595895599274  0.37635779343753700  0.38200152572097978  0.38784299887812146
  0.39329812444239631  0.39885835343817372  0.40424635533154057  0.40954479794315840
  0.41509687456007494  0.42026164530574134  0.42497786324203185  0.42952724842102946
  0.43398210871728926  0.43791728837180410  0.44175215372976795  0.44566960749038570
  0.44947914426732155  0.45338906871296591  0.45789048002364252  0.46219362501791023
  0.46640663170296925  0.47063960850418607  0.47481110964094592  0.47894549795885488
  0.48288532923826533  0.48659690355451340  0.49020401908757238  0.49371157118150000
  0.49717021343875822  0.50070834746115100  0.50433338117317483  0.50796328263071955
  0.51168902567130536  0.51546973509647132  0.51935823836327699  0.52339202361292991
  0.52749593514481252  0.53137625414417755  0.53528965981088072  0.53908431636563869
  0.54334674892900814  0.54846884417631214  0.55342105280363563  0.55842906434859585
  0.56335857874243456  0.56851527947324776  0.57368292117439024  0.57882277935860305
  0.58388483622293574  0.58887661030513383  0.59387352252451897  0.59924492119306971
  0.60484963463719410  0.61088831505322738  0.61711035858014340  0.62338905349613238
  0.62974384561945795  0.63606798225185368  0.64206077357649038  0.64803481721818668
  0.65410159889135311  0.66076506727600337  0.66835003975838470  0.67640564629896471
  0.68476945064946515  0.69411790462882805  0.70478804826078356  0.71655886243715849
  0.72933129821283871  0.74272119700579586  0.75668737969520405  0.77239924257496151
  0.79210269357435847  0.82073760443989596  0.86315142317413085  1.00000000000000000
   2.7210607964169770E-009  -1.0000000000000000     
 F F F F F F F F F F F F F F F F F F F F F F F F F F F F F F F F F F F F F F F F F F F F F F F F F F F F F F F F F F F F F F F F F F F F F F F F F F F F F F F F F F F F F F F F F F F F F F F F F F F F F F F F F F F F F F F F F F F F F F F F F F F F F F F F
  <DiscreteSampler_grid>
  grouped_processes
  1 # 1 for a reference and 2 for a running grid.
  10 # Attribute 'min_bin_probing_points' of the grid.
  1 # Attribute 'grid_mode' of the grid. 1=='default',2=='initialization'
  0.0000000000000000 # Attribute 'small_contrib_threshold' of the grid.
  0.5000000000000000 # Attribute 'damping_power' of the grid.
 # binID   n_entries weight   weight_sqr   abs_weight
    10   10   6.768167980748419E+002   2.845140570901204E+006   6.768167980748419E+002
    16   10   6.768167980748420E+002   2.845140570901204E+006   6.768167980748420E+002
    22   10   6.768167980748419E+002   2.845140570901204E+006   6.768167980748419E+002
    28   10   6.768167980748420E+002   2.845140570901206E+006   6.768167980748420E+002
  </DiscreteSampler_grid>
