  0.01401002045057597  0.01476941734101301  0.01522567841262593  0.01557709930708251
  0.01588690726337296  0.01615177712928914  0.01638603355477438  0.01660827988962253
  0.01682180492143360  0.01703012543559241  0.01723496663709484  0.01743607266073418
  0.01763013974984617  0.01781369030831848  0.01799009380251234  0.01817311685693344
  0.01835439134244177  0.01853401674804004  0.01871725128529585  0.01889780026725267
  0.01906869358291955  0.01923153241938657  0.01939042181237070  0.01955003221263584
  0.01971335580710860  0.01988125125498872  0.02005339880254688  0.02022916174663419
  0.02040739969726639  0.02058470723323963  0.02076166592325694  0.02093937049016309
  0.02111477384332456  0.02128693769912809  0.02145874844960926  0.02163679410429236
  0.02182351970185562  0.02202161581115774  0.02224162242605891  0.02246451543231620
  0.02267685269797686  0.02289244417572769  0.02310444634331658  0.02331857295901706
  0.02354322904647387  0.02377635374287048  0.02401576253341276  0.02425575060960638
  0.02449279404004824  0.02473117578724085  0.02498758445933206  0.02526438752301670
  0.02555186719112465  0.02583837559665282  0.02612623272905738  0.02642283758359875
  0.02672832794335120  0.02703701364227072  0.02734114406988453  0.02764931776508818
  0.02797061010611658  0.02830720080868693  0.02865380453693613  0.02900966937640834
  0.02938181076724014  0.02978316941683007  0.03020422061609611  0.03062821641523004
  0.03105636900646925  0.03150618235492936  0.03198310653437525  0.03248643526720233
  0.03302165059840870  0.03363066933645011  0.03430272664046143  0.03499185893587102
  0.03572112370176477  0.03648308871864954  0.03726483798603448  0.03808675210277827
  0.03894312515750992  0.03983756753832648  0.04085403691961614  0.04198178296386613
  0.04337171509592645  0.04508869525492590  0.04715564166320590  0.04958506305356335
  0.05245459524814010  0.05589354889057150  0.06111012250864596  0.06904787068445907
  0.08727355444757887  0.18192972634552396  0.69558938104094248  1.00000000000000000
  0.01398760579541563  0.01467599191453777  0.01517661378109363  0.01554620453277307
  0.01585403855675014  0.01613253678292637  0.01640034345671685  0.01666337619197260
  0.01691551526037560  0.01715402052738224  0.01737718345755963  0.01758980539660241
  0.01779814167287476  0.01801538132090155  0.01823503822539086  0.01845155279430165
  0.01866146526565318  0.01886631133694913  0.01906989595941404  0.01927314306935501
  0.01947446252101423  0.01967644031434555  0.01986675286019711  0.02006503946457038
  0.02026974340660586  0.02047800792364469  0.02068672433651590  0.02089455706250729
  0.02110407736912708  0.02132074006481445  0.02154301834828870  0.02176379678124696
  0.02198205689646581  0.02220414430237608  0.02242795913888762  0.02265047893899343
  0.02287867168414533  0.02309991473016086  0.02330347122947407  0.02350587471622230
  0.02371602286797057  0.02393051824654605  0.02415108000979642  0.02438282780965782
  0.02462347930476148  0.02487080034631287  0.02512008926588419  0.02536864070847421
  0.02561560062444911  0.02585336591993949  0.02608458221874176  0.02631741213515703
  0.02655853299856530  0.02681114994303039  0.02709600673196430  0.02741397701670472
  0.02775428757437736  0.02809894602489140  0.02843852005113637  0.02878083847118543
  0.02913561041833448  0.02951498100718994  0.02992220637120844  0.03034712614303573
  0.03076687984129463  0.03117448514214695  0.03159251991508050  0.03202643701350136
  0.03248560771311615  0.03298761035973698  0.03352847935946142  0.03406779420203901
  0.03467573195500982  0.03529813894632677  0.03595393870643447  0.03664852624903780
  0.03737478066235395  0.03817489389548320  0.03909232367647716  0.04005968280304394
  0.04102395096243577  0.04200660843769302  0.04308667767764612  0.04429149889512032
  0.04555637038821644  0.04692715657307976  0.04858670738967209  0.05057804199536024
  0.05279052399873228  0.05545060714222091  0.05901191374146558  0.06385658284607400
  0.07161049992121393  0.08672625356310504  0.19621892548176068  1.00000000000000000
 -0.01122375443344552  0.04948081066140978  0.07252141483093157  0.09558583171028334
  0.11585071192634189  0.13245681298661838  0.14757171703770375  0.16354926642453679
  0.17791962016239365  0.19152536370705567  0.20501155729951706  0.21795696258153946
  0.22951792486085751  0.23967351947218909  0.24986032442937295  0.26072886006989443
  0.27124251623502066  0.28090785775598259  0.29022336229948742  0.29945444931668297
  0.30835958948644476  0.31694637733684222  0.32488413608172961  0.33234104601140430
  0.33962990208096488  0.34693862048941704  0.35418754499263899  0.36131783428797648
  0.36847895391850238  0.37550649522575030  0.38247999821544348  0.38928617948025412
  0.39602903727306721  0.40267440772396274  0.40940262972876496  0.41599731175368693
  0.42238805996332329  0.42862803233915803  0.43471837995107920  0.44057446825268975
  0.44613225475531376  0.45144637115650071  0.45679176026868695  0.46233586553180905
  0.46794596738695243  0.47343394679106698  0.47870131284724821  0.48365635272503554
  0.48872193476110748  0.49468457064932919  0.50096373852961640  0.50694656297747642
  0.51264820467810923  0.51843026170552298  0.52426303018929565  0.53024892671758783
  0.53640854169840824  0.54281450398374842  0.54882923502523440  0.55518342508632434
  0.56181463710979840  0.56868884493384064  0.57574844664228464  0.58281426449790341
  0.58978569669368142  0.59656662614390488  0.60291154036711858  0.60875752280656792
  0.61469633585265770  0.62110033952843580  0.62772192497170176  0.63453272340405420
  0.64134901353829299  0.64799633542954704  0.65447336131931699  0.66136631511784139
  0.66932341701465425  0.67750106429236878  0.68606070998659041  0.69553821417535444
  0.70553577739184636  0.71545434256486529  0.72529575998458951  0.73548352716134735
  0.74633747807690953  0.75798219394492172  0.77035491364118913  0.78362926439054581
  0.79757404370770779  0.81217734561377575  0.82996045540159114  0.84897604438819885
  0.87142496825249005  0.89746363939790175  0.93236695538510417  1.00000000000000000
 -0.00212508038630677  0.00872880145398603  0.01782794280521877  0.02729742817864413
  0.03686832920571494  0.04651956783895584  0.05571009984112427  0.06529557372935109
  0.07561600809472142  0.08609733850004442  0.09619954256284743  0.10601526447036172
  0.11559575105732453  0.12551574784310299  0.13571535332381560  0.14611704181886961
  0.15717727766353715  0.16861082410608672  0.17954664585841179  0.18962182790281254
  0.19949050726344228  0.20946530793798537  0.22017913978264059  0.23145707430665091
  0.24249978650019616  0.25319007439056607  0.26369009679554239  0.27416609354356247
  0.28451316618611788  0.29488362851756034  0.30566330461505764  0.31614904800152782
  0.32581539606117360  0.33538095993798928  0.34510674257114254  0.35498123148359861
  0.36460091419927776  0.37377094841277303  0.38277053265829197  0.39153681748478836
  0.40066081868292019  0.40955953916154880  0.41894205177467025  0.42968079099063244
  0.44086977006139783  0.45187431816986384  0.46250886711260114  0.47274192345083144
  0.48252858626978912  0.49205175990576644  0.50229762037909753  0.51212568769453637
  0.52378605427737734  0.53614202531418531  0.54786710659047966  0.55897749477984993
  0.56989980334555201  0.58073251696790573  0.59144813789134110  0.60244197074055450
  0.61364633171019589  0.62486497713060640  0.63562787291281442  0.64598448493553839
  0.65634173291593623  0.66704917105506034  0.67789950202213911  0.68847264713352962
  0.69901954226285257  0.70957348148618782  0.72031320975434465  0.73116874894206663
  0.74202497728520067  0.75321533890672410  0.76472464806104490  0.77626574080010269
  0.78770008153409998  0.79942015439161673  0.81123943256764253  0.82310512889928245
  0.83487835178768155  0.84637863948074932  0.85744656049058754  0.86809214986327476
  0.87865263344232025  0.88923344038630769  0.89991470589150180  0.91080891015325149
  0.92176707286111725  0.93278504257070149  0.94404507466136101  0.95542659704065258
  0.96646280448729671  0.97728928559050277  0.98911561232868506  1.00000000000000000
 -0.00929745937803404  0.04408348043422237  0.08069025217004810  0.11011679093134291
  0.13472662893026832  0.15615767827563637  0.17528144872606702  0.19319206816776877
  0.20928097359848677  0.22332559929415838  0.23474943387152983  0.24545807772172284
  0.25587761900314471  0.26592297957641109  0.27554207566344402  0.28454649600527332
  0.29316292400886645  0.30157496144495977  0.30989335960319836  0.31818813303006988
  0.32632698216047262  0.33426845111234654  0.34232641704891603  0.35050500397363216
  0.35840715442561866  0.36613984313294184  0.37324422760144849  0.37978826873175586
  0.38602206477847772  0.39268031766444761  0.39904148790364508  0.40545000346471416
  0.41163122287954262  0.41781069618863015  0.42366549037473950  0.42959923335743389
  0.43543836628073185  0.44131581286581062  0.44709299530687047  0.45283194644752700
  0.45868078564227499  0.46459369832647657  0.47042307751015505  0.47624547210800855
  0.48199639387603960  0.48794036255299239  0.49404233942112014  0.50000386214184556
  0.50590889593032140  0.51198638209027680  0.51791160877487852  0.52388458533714100
  0.52993892671277165  0.53622527612895876  0.54264978689180465  0.54911585094953641
  0.55546131221141548  0.56161078977144874  0.56785407528593645  0.57446584131188283
  0.58115956918038303  0.58725019493154318  0.59259083810165647  0.59816295782528794
  0.60412918550747152  0.61026841891139594  0.61661952452212199  0.62296280937003412
  0.62942491606399842  0.63597808911526510  0.64231414130248510  0.64887240718898931
  0.65612997799852624  0.66393268049440379  0.67216590419957067  0.68077435123588337
  0.68961716461813505  0.69867330668459027  0.70790579023543709  0.71712935513308085
  0.72685001635948343  0.73695787516058064  0.74612579075727714  0.75458272227382306
  0.76388414107611491  0.77494548974270205  0.78714020123526318  0.80014642450627960
  0.81433480063076302  0.83009101853709655  0.84731901952159261  0.86584312079789838
  0.88663631385471120  0.91211463782392754  0.94840384253803034  1.00000000000000000
 -0.00222634457586068  0.00902036971601519  0.01877159020899693  0.02893309693597733
  0.03906541951542491  0.04964380804197112  0.06090611806551189  0.07206514125844191
  0.08244048991154530  0.09279848483121705  0.10290702838857027  0.11353636559554244
  0.12428200510191480  0.13546484703886735  0.14714807008054773  0.15728807101735623
  0.16803500274532088  0.17834129880590605  0.18982665391659131  0.20050574171956972
  0.21092280274294589  0.22192935212054687  0.23300521923237991  0.24460514403628919
  0.25609409135971767  0.26736759916181796  0.27903461282213704  0.29061017286579144
  0.30143617343184315  0.31200178027701075  0.32292120330617258  0.33421583718392217
  0.34593182751776436  0.35744998237849679  0.36849318560388944  0.37925237429790420
  0.38966173817005384  0.40010502273415971  0.41084682662283856  0.42116033669320457
  0.43108484493612637  0.44088118215733102  0.45059913673969765  0.46070674284083735
  0.47102290240397388  0.48184964920473189  0.49280179332496610  0.50373663717431927
  0.51456366594265923  0.52527755097404638  0.53610256793930744  0.54656464112846870
  0.55665574803710238  0.56637199711697328  0.57603984204520509  0.58658554517747186
  0.59809051766237564  0.60910792879535358  0.61917606061692143  0.62932895641309761
  0.63972921432164009  0.64996104524128517  0.65995064110880175  0.66984827044589468
  0.67978259290466270  0.68973468468579058  0.70000909632160235  0.70997114151055463
  0.71912291360245140  0.72825410285116676  0.73756803063043319  0.74678424227304718
  0.75517200952801899  0.76354126641369546  0.77280753054486828  0.78345990613842098
  0.79429123174958249  0.80483159665694104  0.81512720040786935  0.82537378678056195
  0.83567980456343094  0.84653983765494922  0.85804021893194737  0.86948035894855136
  0.88030606960057767  0.89102297574603762  0.90120785694789829  0.91178667287539628
  0.92208996220151462  0.93340226018908179  0.94515898830995904  0.95710903063447483
  0.96891646210251237  0.97944088562212317  0.98979223016619478  1.00000000000000000
 -0.03640800170578663  0.16342895826296894  0.21831625343307520  0.24646038081530594
  0.26552608067368022  0.28103055618139094  0.29401722449084761  0.30539936649701827
  0.31490568922744711  0.32332976257540091  0.33106667445126658  0.33836083155006197
  0.34532127899840992  0.35219313906177024  0.35890447697571243  0.36524933535424375
  0.37131372588110845  0.37706208497971333  0.38261599235186877  0.38806864072632857
  0.39336359711838126  0.39845720912228960  0.40343381768969344  0.40828902137945738
  0.41299933517623993  0.41755875389557529  0.42194856530336444  0.42618401458934740
  0.43030428432195050  0.43435915422620003  0.43845394647380492  0.44258752116115996
  0.44670659067602020  0.45080654186763058  0.45483600130452895  0.45857335580603992
  0.46231248896139504  0.46584919682602710  0.46936433970968794  0.47293717455641421
  0.47650957083044410  0.48008515339484209  0.48363756045835410  0.48715837481732077
  0.49073543131198066  0.49435229961534122  0.49797525970530399  0.50158165092096452
  0.50518632437793232  0.50880553069273804  0.51239050530672869  0.51592318530674697
  0.51939657286735841  0.52281781403657590  0.52624984765114680  0.52964579934693623
  0.53322670498780012  0.53688586934915938  0.54054583809526424  0.54414289459116616
  0.54764204673345940  0.55126259821531143  0.55494905326746080  0.55871524054164179
  0.56237289817851199  0.56612798920497265  0.57020807284442276  0.57435850406648503
  0.57856074522046941  0.58296269514327081  0.58746108123194740  0.59209613570894626
  0.59694084335377962  0.60192989798574259  0.60653609973600897  0.61087581686443326
  0.61521103079768868  0.61986958866959629  0.62463225259395982  0.62941222728769575
  0.63442633678534677  0.63954549113054293  0.64491725078737272  0.65086803143374505
  0.65741816363113004  0.66439058108214355  0.67239108687606686  0.68168584186925163
  0.69099196434721877  0.70078510989234322  0.71228186471669264  0.72712787775968413
  0.74754126916844787  0.77728789098897311  0.83767320837915615  1.00000000000000000
 -0.00229344641339037  0.00932194816917672  0.02053863130249782  0.03119559950130035
  0.04219891011870445  0.05289007937544144  0.06406223919222130  0.07425101809246523
  0.08414924839189949  0.09441724594532483  0.10398809475479888  0.11468069715600512
  0.12488121429312590  0.13579116723284776  0.14708772547794202  0.15773332740249751
  0.16836272858786233  0.17913718767444131  0.19035770932494109  0.20185009874273577
  0.21282199137341795  0.22287487933243458  0.23217600179900530  0.24115683288761516
  0.25080241978533135  0.26109926317559140  0.27180902526992129  0.28253536429707277
  0.29358535786351053  0.30491662096344962  0.31591235491913777  0.32629125042482776
  0.33693477387459803  0.34808821856830524  0.35762163999562913  0.36639767005712304
  0.37557277692522800  0.38483467652060849  0.39392156656414695  0.40261949280915399
  0.41093588605206460  0.42022978897651797  0.43133370309841107  0.44244919972179336
  0.45300284751741876  0.46377512434010937  0.47486083212590119  0.48599886022946992
  0.49652347091354909  0.50624246929496475  0.51577095706696408  0.52512911885404079
  0.53529407662518169  0.54642231723322632  0.55706914966371279  0.56783285848282283
  0.57939467961250968  0.59116591405584940  0.60313439315178774  0.61476876717825302
  0.62583663267954137  0.63638232124394067  0.64668091568754560  0.65658460217254111
  0.66648557517975260  0.67703368378981532  0.68781642453854208  0.69869488223707532
  0.70953791562151947  0.71990612917287800  0.73014904891268217  0.74064555272627564
  0.75179117295259357  0.76372273987415795  0.77599483254762114  0.78800020415958405
  0.79971258966673942  0.81115588922700621  0.82279620373797124  0.83463999051132376
  0.84482028363896045  0.85484508372946777  0.86511819205405327  0.87579882586785252
  0.88645709988196220  0.89713996339671698  0.90782383405761791  0.91894620488385559
  0.92986692382817604  0.94042344977864334  0.95066699463896875  0.96083479785514470
  0.97091792208346006  0.98063865353792967  0.99031533617409029  1.00000000000000000
  0.04329648554278070  0.36385440137769065  0.43100395960086096  0.46219545591107103
  0.48791930978170783  0.50896119898922076  0.52562307114876872  0.53932008796432629
  0.54967807021115889  0.55965163532305051  0.56887159407494270  0.57700665734642587
  0.58457816661439388  0.59168961094494099  0.59841003612425347  0.60486135378808525
  0.61116335757094942  0.61693182331607754  0.62219303032948370  0.62725715603751397
  0.63228792936526135  0.63708153180369331  0.64179661213686490  0.64624601383953439
  0.65047380184269221  0.65450855442440414  0.65833770398132252  0.66213203353066330
  0.66606010246707770  0.67004542467255968  0.67395876545693190  0.67779036316393781
  0.68148282546536876  0.68509844077698456  0.68857890807235822  0.69188166967985443
  0.69511770101936798  0.69838690894799604  0.70170233112442082  0.70503403100244122
  0.70833949939125973  0.71157496537538523  0.71469797615818764  0.71765460520893787
  0.72041836548848470  0.72323446707916594  0.72615200918944567  0.72888454855047724
  0.73151332767295252  0.73412727275763734  0.73674008196717966  0.73936318959776426
  0.74190245187576154  0.74427727886968120  0.74649790938084726  0.74875765356540358
  0.75103117675551934  0.75335406618090306  0.75572752128249843  0.75812139004162404
  0.76049494561686015  0.76291270134554934  0.76536331052051831  0.76785288791105699
  0.77034502279076422  0.77280778049537469  0.77526762934802562  0.77773210391004333
  0.78022756700183526  0.78275246550485533  0.78537165466559433  0.78800859134097445
  0.79066497977301331  0.79333206493778685  0.79602506157199249  0.79877118795208091
  0.80170058509051445  0.80478687346850064  0.80779726094505622  0.81070100762100161
  0.81368354674977716  0.81685278840692221  0.82029037266514115  0.82386292646614356
  0.82748432722274035  0.83116334811501269  0.83506031406949532  0.83926407655336377
  0.84373902793051314  0.84846356005074564  0.85373402556761324  0.86043621487240640
  0.86892551519545747  0.87953243231876632  0.90020453859239069  1.00000000000000000
 -0.04187568292664307  0.17722150984154092  0.21964674333279557  0.24204534444466630
  0.25918647280939633  0.27407497109409207  0.28633701668352507  0.29689022278140192
  0.30641052084964232  0.31485066410578327  0.32249172758463734  0.32986417112583272
  0.33673057311797089  0.34334681596703220  0.34948696221636005  0.35536663083035402
  0.36077972497994770  0.36617452418849783  0.37157080892852007  0.37700529366442381
  0.38247366867243721  0.38762413988748912  0.39245113525875447  0.39740639242602083
  0.40269568062431860  0.40832086137724977  0.41367349268409398  0.41865528435632643
  0.42339267153542637  0.42783757637464981  0.43203621570333950  0.43615092976585640
  0.44020919090945226  0.44409980042321695  0.44796313318939313  0.45201525973584022
  0.45607546824229217  0.45979835853500395  0.46317783933293016  0.46654476098480552
  0.47003466790298104  0.47349531088709246  0.47686882457018481  0.48024405238453810
  0.48366237906634824  0.48702230942843616  0.49031468597985717  0.49356532289146704
  0.49684122177082057  0.50018023859261429  0.50357905228202726  0.50697565336911665
  0.51035530644478422  0.51376998494288573  0.51708021768692802  0.52060808295789784
  0.52466987727620151  0.52882433405784901  0.53296205221565807  0.53697804670763838
  0.54097729370291125  0.54502398390192197  0.54918185425385813  0.55350178960743324
  0.55793721124549511  0.56246792075756236  0.56699296922572651  0.57150285813502766
  0.57592502274752966  0.58054702588212526  0.58535552112265687  0.59038798352416344
  0.59554346469543606  0.60092065587712218  0.60645199137346451  0.61198226780128373
  0.61748749252682644  0.62298851304023661  0.62869982305105898  0.63484289634100355
  0.64133869299205215  0.64810977982752993  0.65520929042403286  0.66261956405932876
  0.67037902397486704  0.67851521191781250  0.68703301212587453  0.69597096326795638
  0.70559968256043715  0.71595979592196535  0.72721129200072288  0.74041302465907732
  0.75805383303647411  0.78273869168357102  0.82491980281564570  1.00000000000000000
   7.3673306682289187E-016  -1.0000000000000000     
 F F F F F F F F F F F F F F F F F F F F F F F F F F F F F F F F F F F F F F F F F F F F F F F F F F F F F F F F F F F F F F F F F F F F F F F F F F F F F F F F F F F F F F F F F F F F F F F F F F F F F F F F F F F F F F F F F F F F F F F F F F F F F F F F
  <DiscreteSampler_grid>
  grouped_processes
  1 # 1 for a reference and 2 for a running grid.
  10 # Attribute 'min_bin_probing_points' of the grid.
  1 # Attribute 'grid_mode' of the grid. 1=='default',2=='initialization'
  0.0000000000000000 # Attribute 'small_contrib_threshold' of the grid.
  0.5000000000000000 # Attribute 'damping_power' of the grid.
 # binID   n_entries weight   weight_sqr   abs_weight
    10   10   9.853721333806173E-004   5.281753849709284E-006   9.853721333806173E-004
    16   10   9.853721333806173E-004   5.281753849709286E-006   9.853721333806173E-004
  </DiscreteSampler_grid>
