  0.00000410695062995  0.00001159242327360  0.00001748420895548  0.00002280299975450
  0.00002807180666259  0.00003319921135871  0.00003829913468054  0.00004347663729124
  0.00004869460849002  0.00005397378905416  0.00005933221351696  0.00006473252239099
  0.00007026216924684  0.00007586597452144  0.00008150041725837  0.00008719172597950
  0.00009300455273249  0.00009898136899020  0.00010506246018440  0.00011129881897720
  0.00011768273526358  0.00012426611167064  0.00013095695074271  0.00013772841720892
  0.00014458977093603  0.00015156423854480  0.00015872461888102  0.00016605789320253
  0.00017350393121156  0.00018112769383721  0.00018875001470849  0.00019669093372012
  0.00020498759489841  0.00021351807239181  0.00022250061766202  0.00023170536293192
  0.00024114466110003  0.00025100621266385  0.00026101552713900  0.00027133530077520
  0.00028217495475652  0.00029316781465907  0.00030517546981499  0.00031722873160758
  0.00033004202104986  0.00034333077947069  0.00035699738720312  0.00037145368036584
  0.00038626018834268  0.00040200630009601  0.00041845020482373  0.00043543003606534
  0.00045324539576155  0.00047177926686897  0.00049125396445212  0.00051170038367938
  0.00053292431807435  0.00055586273578938  0.00057961969951545  0.00060562970049813
  0.00063313726269482  0.00066297075911280  0.00069546351724495  0.00072900086603137
  0.00076549652919260  0.00080316193393384  0.00084426655209207  0.00088760639387483
  0.00093419791504300  0.00098449326776810  0.00103917376839924  0.00109889633789707
  0.00116274095195004  0.00123243148522575  0.00130995703783522  0.00139473330702727
  0.00148803410103851  0.00159030429019440  0.00170315930216698  0.00183254053019686
  0.00197765604870459  0.00214227603543789  0.00233117141129357  0.00254699628957939
  0.00279022719883563  0.00305997877678778  0.00337609779523964  0.00374335724989126
  0.00418465778253835  0.00475509580083548  0.00550186930478401  0.00638799329546831
  0.00753584479693980  0.00926626725333270  0.10207497439956055  1.00000000000000000
 -0.00234143164895109  0.00908033756797320  0.01900173525233692  0.02909184024876796
  0.03940383091509278  0.04993385872231685  0.06049536787562129  0.07092723331865133
  0.08134555524224352  0.09194973189905720  0.10260292165295705  0.11313298869537430
  0.12369269278901755  0.13434764828272069  0.14503608793236036  0.15556546941791408
  0.16612164103760502  0.17667326494136984  0.18730587824757056  0.19827950921157600
  0.20921141732234827  0.22031816301799018  0.23098344834630341  0.24177896318101824
  0.25246849776325875  0.26330734072732942  0.27400090774441388  0.28477393420507419
  0.29548609198832310  0.30599166602136063  0.31631507877244580  0.32657164723939192
  0.33684791461068575  0.34725736564391524  0.35774844542066259  0.36837920543864189
  0.37894656737896915  0.38949523242912459  0.39992793452609682  0.41026556539238546
  0.42051662293155229  0.43084111937608555  0.44120407950854101  0.45153679415065734
  0.46182757071920189  0.47215229323751490  0.48240895683442236  0.49265559477488446
  0.50289462243514593  0.51316320811169891  0.52348174839298589  0.53405541166129888
  0.54479137967478630  0.55550490430736277  0.56617437948553651  0.57678695207991870
  0.58723676744830589  0.59763791805783351  0.60831746669648179  0.61923431517336169
  0.62993290322986184  0.64029791973146888  0.65089885652553259  0.66188693640742235
  0.67290576143096037  0.68382199860535609  0.69453000872021786  0.70524398604110339
  0.71570286639838454  0.72613515614471458  0.73632813560755217  0.74676073245419716
  0.75741397965389068  0.76812891960686402  0.77881548535866074  0.78960546836274370
  0.80076461145696776  0.81194293821013575  0.82273722525595683  0.83340951900703319
  0.84385828853202671  0.85437416548794087  0.86456845695689466  0.87490775778759067
  0.88533744517839053  0.89574408243747783  0.90601701280307234  0.91628749931212583
  0.92692949792651069  0.93743185178873634  0.94801328314494859  0.95829433977763578
  0.96864961995745458  0.97889532675692636  0.98947605017017493  1.00000000000000000
 -0.00405756977464084  0.02610886808257816  0.04816403552362312  0.06674003463412739
  0.08338926866987946  0.09871742778991312  0.11311704239718659  0.12680663339739051
  0.13982045945021546  0.15224188868348235  0.16415601880939332  0.17562614270953489
  0.18668531349147499  0.19761742120640657  0.20847463181469297  0.21919505268124889
  0.22964074428909728  0.23986774454094784  0.24985667126928840  0.25974140359362557
  0.26939917560827376  0.27903142378751217  0.28849267270440426  0.29798227776370406
  0.30744849303898625  0.31671185772244165  0.32596032427204680  0.33506770713413325
  0.34391117176927494  0.35261496533592079  0.36104320255086220  0.36942715734092457
  0.37772268143973903  0.38595632847412353  0.39423915470616649  0.40264131622841243
  0.41110139827535269  0.41953287674374251  0.42794372003666981  0.43630992451614742
  0.44460070840131644  0.45284283365586692  0.46101126355726701  0.46897988462375301
  0.47684584266026475  0.48466501295228848  0.49245334966068344  0.50023191621845897
  0.50820866656164909  0.51604075854417764  0.52385621416063022  0.53165698612726742
  0.53961716335629439  0.54767502671377932  0.55571799844226621  0.56361251109824140
  0.57143537430040015  0.57928339232781989  0.58708041102503117  0.59485722749321623
  0.60266646191584317  0.61049089092329734  0.61836380705400562  0.62630275494089971
  0.63444939811778256  0.64271120504876200  0.65091964862463136  0.65901462665424748
  0.66702811166947851  0.67506337820347373  0.68321110051732792  0.69139697832817604
  0.69968192353331982  0.70800819234272572  0.71652768182749549  0.72519830127374352
  0.73408496804534473  0.74316503618240215  0.75240963710195108  0.76185216712341552
  0.77132231063005208  0.78092452415086377  0.79062420625825602  0.80069425311361331
  0.81093275308209889  0.82152632634739975  0.83248156892049163  0.84417458485079522
  0.85627598614925327  0.86911506559206686  0.88260554349695997  0.89717711278496459
  0.91329984009807796  0.93201623387621713  0.95740775038490344  1.00000000000000000
 -0.01874663801302080  0.10685745657454257  0.14288719675297681  0.16474026445104989
  0.18232673764407378  0.19737108982960738  0.21062159866157909  0.22277417159954427
  0.23394480447107549  0.24433063493244384  0.25410515235833814  0.26343162567001804
  0.27239815056428440  0.28100687860900647  0.28937337275801528  0.29748565128163323
  0.30534725732113538  0.31300462398545870  0.32039184619789002  0.32761409365931782
  0.33466774434822660  0.34153135556136727  0.34830584470679909  0.35495059434229281
  0.36143472081687633  0.36780877075333973  0.37413049484200361  0.38043006084861170
  0.38670063153570633  0.39290838533157529  0.39904335536344815  0.40516350492770575
  0.41127173123033367  0.41731285797350759  0.42322658685361608  0.42907719997638283
  0.43492085684589249  0.44071282305336368  0.44643731440597267  0.45212564297472624
  0.45782059172606648  0.46354035574435737  0.46929585793217105  0.47508102720064760
  0.48084230881546769  0.48654927544409865  0.49223999289118608  0.49785143491777339
  0.50345648649125496  0.50909134693600699  0.51472750924483168  0.52036254681057303
  0.52599102823962818  0.53159973884904799  0.53723287295844502  0.54289559083472205
  0.54857121241966988  0.55430778733888342  0.56004829225293074  0.56585774031813796
  0.57168573561709157  0.57752686471255488  0.58338424222742846  0.58930830076737961
  0.59533008323269865  0.60144156386409009  0.60768233367890923  0.61396359118939725
  0.62027913085722464  0.62669666008758074  0.63326289989936413  0.63994608222400873
  0.64666196443637380  0.65337440634288180  0.66012741102467720  0.66699785405343270
  0.67401698872689664  0.68114495469638336  0.68842058232439218  0.69590382820745822
  0.70355786228707906  0.71147340703686968  0.71973236568273447  0.72831904399925951
  0.73729779126698780  0.74652222351002828  0.75624859572257441  0.76665963664046288
  0.77788170996712258  0.78997327642100756  0.80305987864150230  0.81776477367543254
  0.83500580033343708  0.85695241629479568  0.89260590698006559  1.00000000000000000
   3.4298390715080916E-003  -1.0000000000000000     
 F F F F F F F F F F F F F F F F F F F F F F F F F F F F F F F F
