  0.00019531096407959  0.00033125139372150  0.00039460956063843  0.00044019893368994
  0.00048640383570391  0.00052919977157769  0.00056920124538379  0.00060662820518110
  0.00064151788130534  0.00067310982232800  0.00070190403597130  0.00073095776842082
  0.00076089813438306  0.00079072054181965  0.00081797195121187  0.00084542749890676
  0.00087173331233470  0.00090280538299830  0.00093487700656297  0.00096413442601116
  0.00099296554605450  0.00102309609290985  0.00105402090680177  0.00108529633958857
  0.00111776096782694  0.00115084549169498  0.00118282043492225  0.00121389297389210
  0.00124468193821071  0.00127579354928661  0.00130761378047424  0.00134159448444951
  0.00137829146745209  0.00141417827575747  0.00145052368659963  0.00148683116790118
  0.00152238150452149  0.00155931839701879  0.00159784450047308  0.00163751706638148
  0.00167723519725971  0.00171622563882965  0.00175539866831449  0.00179566045302360
  0.00183695303912635  0.00187810564407334  0.00191827097297612  0.00195961600328307
  0.00200661988822159  0.00205969704839982  0.00211034877190239  0.00216177960016839
  0.00221540772731878  0.00227020654186719  0.00232795011912070  0.00238816894561981
  0.00245636158650111  0.00252336613047241  0.00259229488890529  0.00266912683992378
  0.00275233295447499  0.00283642540890480  0.00292001996890448  0.00300346517237482
  0.00309011193007833  0.00318410053247240  0.00328619940613515  0.00339396768870714
  0.00350662564260137  0.00362590505621001  0.00375335956967422  0.00388807816496039
  0.00402683640254073  0.00417231417143354  0.00432445903704201  0.00448945109693789
  0.00466632867908061  0.00485405655532260  0.00505485792862726  0.00526367530206672
  0.00549181742250020  0.00575423288849324  0.00606661755433279  0.00642122129464967
  0.00680926828840476  0.00726186946462108  0.00781560158076260  0.00849130800054548
  0.00929336113473751  0.01033635181925321  0.01167866785757471  0.01335337500030454
  0.01572022861238662  0.02147237317391073  0.05766426581420708  1.00000000000000000
  0.00353602184399608  0.00367833078385166  0.00378069250188496  0.00386963919365058
  0.00395853450602447  0.00403547416960255  0.00411471364629407  0.00419241292978185
  0.00426855664186473  0.00434891754354156  0.00443072713118189  0.00451512663918153
  0.00459683059293604  0.00467094113833924  0.00474318018341761  0.00481613099783208
  0.00489092147364504  0.00497036485776313  0.00505332762499117  0.00513396611067071
  0.00521257350683257  0.00529565355632003  0.00538986563894325  0.00548691501147868
  0.00559036532361430  0.00569968333935248  0.00582552790028201  0.00595684354427102
  0.00607806556838113  0.00619667276598232  0.00631281256286076  0.00642872325608807
  0.00654723711788402  0.00666612175943051  0.00677841620561057  0.00688314869914122
  0.00698949985590097  0.00710170780029461  0.00722166691121987  0.00735206555789260
  0.00748615129480111  0.00761097945471446  0.00773121855797420  0.00785735668373184
  0.00798795453925033  0.00812707994656102  0.00827626186477129  0.00842742972646623
  0.00857708444453965  0.00872591541194639  0.00887956206974027  0.00903695851568744
  0.00920149321354271  0.00937434109043151  0.00955203624795392  0.00973238799524364
  0.00991326195836664  0.01009152113728031  0.01027704811297661  0.01047817311138016
  0.01068995090798552  0.01092409971900962  0.01115980965590819  0.01141198070544842
  0.01167596420801035  0.01196815440500234  0.01228647545347116  0.01263148993495203
  0.01297208609523549  0.01331975795128627  0.01366621892215461  0.01400887584193322
  0.01436555875888912  0.01475315044713705  0.01517604924178390  0.01561602997494782
  0.01608312217387029  0.01661039195886911  0.01721909903122016  0.01788121642635511
  0.01858699746327094  0.01938144798078279  0.02031548943450107  0.02134584303154696
  0.02249776656119033  0.02381597423007322  0.02531531211586806  0.02710830702178831
  0.02928061962417609  0.03213282683918531  0.03589086547693428  0.04041503010721970
  0.04916038950203273  0.07075730333128502  0.52953601348652646  1.00000000000000000
  0.00064334178663776  0.00157150214768974  0.00200238691954969  0.00245781096477951
  0.00275419141354476  0.00292739158190652  0.00299888056945497  0.00308621245032405
  0.00319131514102210  0.00327342487368759  0.00333450470666006  0.00338833543276218
  0.00344523350834125  0.00350928938688924  0.00360411991944892  0.00369504167705755
  0.00377452918525864  0.00384724790035769  0.00391546153268241  0.00398828764739480
  0.00405773139278675  0.00413255512489507  0.00421208389794922  0.00428600164761351
  0.00437301985200451  0.00446286530820187  0.00456077644004774  0.00465597487855790
  0.00475246063867326  0.00484641674791896  0.00493951222710473  0.00503741920621736
  0.00514080075719533  0.00524527181436186  0.00534901183370375  0.00545200906475728
  0.00555655704556765  0.00566325289971619  0.00577115343157574  0.00587593685032906
  0.00598630318126398  0.00610246739959789  0.00622915861196011  0.00636420949244719
  0.00650525047353209  0.00664220094202460  0.00677376156789039  0.00691446124177004
  0.00706192347974645  0.00722370355928305  0.00739491319000977  0.00757040319087973
  0.00774838624253844  0.00793700579684780  0.00813949800225248  0.00835324725537816
  0.00856522061412586  0.00877838597518490  0.00899353338592060  0.00921439153248744
  0.00943842610080713  0.00966412674757135  0.00990096030799744  0.01015128975642580
  0.01041010422181299  0.01068854782876007  0.01099373103207503  0.01130587948141281
  0.01162075948895761  0.01193833895216755  0.01229136609002498  0.01269714195657560
  0.01310870503153951  0.01356003727456910  0.01405909212250955  0.01460443160428269
  0.01519966981457885  0.01583567643472666  0.01649725394594137  0.01721822709622651
  0.01799078501804027  0.01881488842548133  0.01970777725065422  0.02067171367751045
  0.02169562654918902  0.02285756887231873  0.02416585532288823  0.02570111611746957
  0.02759876505686817  0.02986470078661348  0.03249534852328586  0.03588106144901931
  0.04046320381785388  0.04881399790544697  0.10838132517582105  1.00000000000000000
 -0.00279029665009282  0.00959841712043909  0.02103981372417225  0.03169808229871972
  0.04216219313943908  0.05223284944972569  0.06249722480353002  0.07314630259435953
  0.08308559779058369  0.09299530064217575  0.10306227483075914  0.11373743966064843
  0.12481480190810587  0.13615314629203309  0.14889752573769502  0.16181317570851392
  0.17438967635279964  0.18584137699356831  0.19614757264773761  0.20588072525113982
  0.21564778796890338  0.22583118273256395  0.23627196457185903  0.24646469051794831
  0.25650034956999118  0.26670838029088539  0.27703448454820845  0.28746719205196297
  0.29775581086592440  0.30801504844877087  0.31816543069858971  0.32793958248480326
  0.33784202678069097  0.34823212756052857  0.35861616457695833  0.36826217857541954
  0.37737059063612960  0.38651115148208587  0.39608390433127905  0.40553639879297426
  0.41423858965089816  0.42375466444168891  0.43418282823357968  0.44477893398050994
  0.45526414102536289  0.46597933637465305  0.47730755165757199  0.48909843889205662
  0.50088174899191351  0.51210933593154861  0.52218202634203226  0.53121798873953796
  0.54023966962585079  0.54949069604130674  0.55885885531904222  0.56852460493344825
  0.57850501085314032  0.58962882060848243  0.60184428128164857  0.61316215233837423
  0.62396724943261450  0.63427659140372672  0.64434989293915357  0.65397880736672098
  0.66332984588311616  0.67303473424785454  0.68359734195793154  0.69461116566498771
  0.70530624873958647  0.71616919234664100  0.72672599909635316  0.73665389025227923
  0.74668805651968917  0.75697973713702937  0.76762178964294714  0.77818869175952610
  0.78956027676254426  0.80084867714601560  0.81196365261520864  0.82322106846916343
  0.83473114487569644  0.84586336424486408  0.85649849978619486  0.86709419047347980
  0.87821715341874551  0.88907523362417507  0.89984761736040597  0.91043295851421913
  0.92080406036734530  0.93101178012734143  0.94070067926882450  0.95207919881562031
  0.96315312913239015  0.97569081693612481  0.98772520454947010  1.00000000000000000
  0.05432287727002565  0.07274628653233112  0.07982617670387888  0.08422063215772951
  0.08735453917154178  0.09007405966134589  0.09254383073619418  0.09479230637073104
  0.09688826767197409  0.09884831842242260  0.10071678094048327  0.10257334682790679
  0.10435563835994227  0.10607095957704718  0.10767977582231557  0.10924175822484487
  0.11082677470579937  0.11248776530879742  0.11412963757781074  0.11561954094310593
  0.11696167170669979  0.11828735415746812  0.11962008025880856  0.12094789164831542
  0.12231796446656638  0.12377353867350471  0.12530169192387591  0.12679478185131668
  0.12822003144816593  0.12964122077926429  0.13107878047304033  0.13252947251642078
  0.13396865937948810  0.13539460768315964  0.13683602168335107  0.13829944640605343
  0.13976230152635791  0.14116860556440847  0.14251821215571775  0.14387006216780199
  0.14526894358302669  0.14674656604361078  0.14821704495360027  0.14969717630249324
  0.15124222427832082  0.15281156633946100  0.15437761784745513  0.15594618264098239
  0.15750013630116677  0.15903026372821805  0.16054016714612274  0.16211898296029348
  0.16373258227479900  0.16528650209160520  0.16691529135733577  0.16858908507743506
  0.17040622242900114  0.17211339681060026  0.17388680236163293  0.17574433280862586
  0.17771189744615010  0.17977018949572812  0.18173418065312913  0.18351535403173846
  0.18528164527434882  0.18705044558861156  0.18945121760628947  0.19181744293438222
  0.19412666064581949  0.19645858884376843  0.19878762681627560  0.20118103048174255
  0.20377036619714448  0.20632234703132971  0.20873283573523169  0.21093738620895902
  0.21306496732305011  0.21543409365836411  0.21807296704393173  0.22088925035579884
  0.22430186390927601  0.22777890407659646  0.23113946495851179  0.23448542774781886
  0.23786754903226520  0.24162808950907930  0.24670817444076207  0.25221858727981211
  0.25694816582419505  0.26213621223815203  0.26813177411241518  0.27539954177655035
  0.28372094242145263  0.29428031494900175  0.31540707414613761  1.00000000000000000
 -0.00202743494314463  0.00860256840856799  0.02016997138845411  0.03134341501295750
  0.04238212299703600  0.05378782842882866  0.06473416926585719  0.07569213169268779
  0.08713957636415899  0.09859946461923119  0.10912026370073201  0.11937799359445303
  0.13022491050686338  0.14121670595495092  0.15147773625845698  0.16120698284816154
  0.17120385492697207  0.18136589569440931  0.19131710953748862  0.20129533369506003
  0.21193184577101551  0.22299259183099771  0.23356890221766835  0.24294811062254223
  0.25224038993218334  0.26202446880664371  0.27262739515712525  0.28380935555416786
  0.29530909912228054  0.30700477867742293  0.31869452182111413  0.32997287516944490
  0.34105504835498229  0.35160054624089027  0.36168731440846225  0.37155722079411790
  0.38129459584309416  0.39088250285286130  0.40007888182372198  0.40965702696899370
  0.41955718154017863  0.43042215940045120  0.44105466384983849  0.45200369746744701
  0.46275514715343952  0.47313676242312191  0.48331743182380599  0.49355998794362410
  0.50352868958354435  0.51341570598067965  0.52319638753821551  0.53351199646352054
  0.54430624413145690  0.55539239441773791  0.56570074546676807  0.57518777382776787
  0.58465886671380829  0.59386302808088354  0.60297533525301727  0.61192150291211900
  0.62093713631995040  0.63071768417436003  0.64142252910158537  0.65214019932463030
  0.66259200406760566  0.67237633460218293  0.68210651423547464  0.69224747488762972
  0.70234186218839978  0.71181591426594448  0.72082776583135300  0.72963093321821393
  0.73889681689464726  0.74865803400848441  0.76034012061741718  0.77224171883288750
  0.78325205740624460  0.79404246636191866  0.80555988583362448  0.81684404933970667
  0.82752942447566136  0.83857384168557692  0.84993500298999802  0.86139190853778802
  0.87306671700829441  0.88448760541683780  0.89611716866749991  0.90755470610255784
  0.91931492627070643  0.93035800538400149  0.94119705621183991  0.95364284882800399
  0.96546469517421296  0.97714641261712509  0.98856758879300766  1.00000000000000000
  0.01441116561077345  0.01641166316289747  0.01750607437140486  0.01832565746443168
  0.01903334303692914  0.01967105263891404  0.02026794985976817  0.02083502431004476
  0.02150656494623011  0.02218282067192526  0.02283071823839316  0.02346352273042778
  0.02407675916258955  0.02467000127801374  0.02528896942637713  0.02592071322052115
  0.02655108311685040  0.02717439900298936  0.02779765008089542  0.02844786712478671
  0.02912198467997752  0.02980577683734196  0.03050002761668171  0.03120001773650617
  0.03191371634363176  0.03263889725222371  0.03334837620793069  0.03407574359394081
  0.03482894849249628  0.03559650417954161  0.03637626200027819  0.03716231597882858
  0.03793741913821545  0.03869040640473837  0.03945616247457100  0.04025197032479687
  0.04107875557219297  0.04191865553307308  0.04280659201313977  0.04372448874441158
  0.04461056758329716  0.04549571068944962  0.04636654639925310  0.04723788108951614
  0.04812019644180903  0.04904660950807590  0.05003283405252999  0.05102759104869692
  0.05200033753977658  0.05297395751592712  0.05395376183769648  0.05492372427103536
  0.05583825064442786  0.05671980217991770  0.05768255843782224  0.05874319210548904
  0.05974013521746573  0.06065526273060804  0.06159158284005246  0.06274449009669038
  0.06410369469895029  0.06540574748870148  0.06660632126043578  0.06777541314058166
  0.06899100110297916  0.07017432311971906  0.07141287545254146  0.07265786009614790
  0.07377574540211083  0.07494874760506871  0.07611194148921890  0.07730260747826270
  0.07847377774339839  0.07946299256030502  0.08035005475434039  0.08121890826404460
  0.08209928166700617  0.08340485300741880  0.08502383800257646  0.08671939602466491
  0.08837964198706628  0.09005310697376860  0.09185969748301341  0.09357861208829275
  0.09509225244603714  0.09654856578384920  0.09780574957791718  0.09920821788062552
  0.10080755270560811  0.10279300848932188  0.10509014509953370  0.10894603200965619
  0.11411855734373109  0.12081890842568523  0.59901814715649393  1.00000000000000000
 -0.00189139004139808  0.00734583994211221  0.01565220325880639  0.02427139686645935
  0.03406425731605886  0.04316798200686094  0.05216044006237040  0.06073653439407153
  0.06945573153911903  0.07820556002737146  0.08710844218126616  0.09668549697462732
  0.10599116429890926  0.11491944273042537  0.12376846537555070  0.13254083908875075
  0.14148071052997613  0.15075435373098986  0.16034982191505642  0.16996032720673623
  0.17933322717027309  0.18879890766689841  0.19792718644319840  0.20692211992413903
  0.21577054546703198  0.22517567179867815  0.23569670684527386  0.24686831383323971
  0.25797579240240970  0.26909620755711328  0.28050483431846002  0.29162006447655492
  0.30158578442006462  0.31125678868625811  0.32102435251121175  0.33082416845790474
  0.34138489743874023  0.35208141822095529  0.36317445971058498  0.37523039404907416
  0.38901127217280962  0.40360441498823318  0.41734527872519828  0.43047348445199823
  0.44353491762066555  0.45740359804197683  0.47354565853290004  0.49117812515162690
  0.50624377773294038  0.51955498686438584  0.53176986473359056  0.54485382085225353
  0.55789589159738107  0.57076365830784814  0.58404389053722061  0.59785041503055070
  0.61163400379814215  0.62519957841896356  0.63854749950058709  0.65140439685923157
  0.66336941010874684  0.67466106449234076  0.68567751852453662  0.69692640320317034
  0.70848066824275557  0.72033477618947406  0.73216677155875187  0.74390386926256447
  0.75523535726194879  0.76603297324697484  0.77654568156404902  0.78672413629459770
  0.79624962293963897  0.80536303423282807  0.81468444384320537  0.82435364209011053
  0.83405671220153255  0.84354365322492197  0.85277266872544633  0.86173360032413815
  0.87058646733222733  0.87953262158780576  0.88881583674413800  0.89799563344020772
  0.90691909381958191  0.91572637719321981  0.92489066252412144  0.93414277106186583
  0.94279246971142838  0.95065751410032506  0.95849994563370378  0.96651677209699571
  0.97526253060212831  0.98356805572932371  0.99207510076443528  1.00000000000000000
  0.08778274585178159  0.14569227730527473  0.25246742186276649  0.29327774014726471
  0.32248932692877674  0.34111214694201725  0.35663724775846595  0.36917954039646766
  0.38113682851478176  0.39314161743450404  0.40424808954806873  0.41440833960062873
  0.42346473278879632  0.43190336544257574  0.44001563686638340  0.44792705272783728
  0.45573970742944503  0.46305980286173892  0.46944775870434180  0.47534209802143512
  0.48044046287088032  0.48546746061007257  0.49062288567926476  0.49611174634557087
  0.50166224663139869  0.50697376202850652  0.51191550255487517  0.51660920496097018
  0.52119273899281449  0.52577130875343769  0.53028817263534589  0.53465180677125657
  0.53893203537489243  0.54309202493104292  0.54712599992754829  0.55104615477283203
  0.55489903553633035  0.55866520046907453  0.56230358688006166  0.56586307882677744
  0.56961246411244904  0.57348755207044233  0.57739439367965273  0.58121731135585919
  0.58484476263094054  0.58842901358583644  0.59205941348595226  0.59570274844766491
  0.59947236446069163  0.60332498599632189  0.60705170882272275  0.61058378973630301
  0.61407053623898600  0.61770285582990692  0.62129280014856092  0.62471183348983561
  0.62799830598016160  0.63144063507189374  0.63509575638226778  0.63892479284761339
  0.64280971022079270  0.64625608418259417  0.64948793986446807  0.65267451245728714
  0.65599984472023087  0.65954902354726919  0.66321196287097561  0.66697121740466381
  0.67081785501853664  0.67514950572321064  0.67954125808436994  0.68385912762573753
  0.68802585840296571  0.69221687795981801  0.69639103015590231  0.70058974450922695
  0.70501900881458768  0.70955766227679773  0.71409627360583061  0.71877269751029993
  0.72342632788964090  0.72819851896621746  0.73310231474567999  0.73835568792547002
  0.74423515374130567  0.75049607388609318  0.75731129882671766  0.76413669056033484
  0.77153041144292744  0.77991296036750257  0.78971793515022737  0.80077821610198863
  0.81353374053956828  0.82977611020529563  0.85937086096729365  1.00000000000000000
 -0.03861534228077149  0.17274337132326539  0.21221712091854691  0.23651615484038455
  0.25610736191208827  0.27165629422987314  0.28399815728903943  0.29452677300014468
  0.30407285794147354  0.31320589878326627  0.32176750381801605  0.32971648886102928
  0.33713124581466036  0.34421543146371802  0.35106840064543754  0.35751987864785351
  0.36346600877601165  0.36880822402060676  0.37390819568392258  0.37902149408823449
  0.38411795343147875  0.38931720840292799  0.39426407692936749  0.39861305169627570
  0.40283818627379819  0.40718806503957666  0.41161704977546421  0.41609968913307649
  0.42035013226757373  0.42445747242258064  0.42853749970056459  0.43259240509521718
  0.43665987147188545  0.44069738688598709  0.44458996569270787  0.44835267769255649
  0.45206057420620044  0.45587485790058874  0.45976589362963255  0.46361507827912785
  0.46746314649857534  0.47133080270117916  0.47520070566296707  0.47912951835138873
  0.48306050806892020  0.48692647325156568  0.49057824276783718  0.49421808781722343
  0.49798865527560421  0.50185734054703468  0.50576452865840138  0.50968551017879538
  0.51360040641857785  0.51744484822255910  0.52119969139914302  0.52506207514895598
  0.52918330785627377  0.53348884330061941  0.53798710422399521  0.54273638818009518
  0.54766530763994214  0.55262477315459269  0.55741484062915514  0.56218115394685486
  0.56677390019673179  0.57117294428435328  0.57540385019122198  0.57950958098865801
  0.58353360970418422  0.58758519646659824  0.59188273210563425  0.59664926836192722
  0.60188463777982681  0.60731726830282085  0.61263135430160975  0.61800098031003725
  0.62332438578230986  0.62883302112498918  0.63455502457162982  0.64070579608735134
  0.64665445884695938  0.65271247467762894  0.65915767763052246  0.66638053764151595
  0.67415052853503477  0.68219139372568438  0.69025086288098136  0.69803638031992077
  0.70657363183798316  0.71681253847505821  0.72960728225600213  0.74458151673122108
  0.76168216549341927  0.78358181106736702  0.82585841173578800  1.00000000000000000
   1.3382619921233788E-010  -1.0000000000000000     
 F F F F F F F F F F F F F F F F F F F F F F F F F F F F F F F F F F F F F F F F F F F F F F F F F F F F F F F F F F F F F F F F F F F F F F F F F F F F F F F F F F F F F F F F F F F F F F F F F F F F F F F F F F F F F F F F F F F F F F F F F F F F F F F F
  <DiscreteSampler_grid>
  grouped_processes
  1 # 1 for a reference and 2 for a running grid.
  10 # Attribute 'min_bin_probing_points' of the grid.
  1 # Attribute 'grid_mode' of the grid. 1=='default',2=='initialization'
  0.0000000000000000 # Attribute 'small_contrib_threshold' of the grid.
  0.5000000000000000 # Attribute 'damping_power' of the grid.
 # binID   n_entries weight   weight_sqr   abs_weight
    10   10   3.508004665555289E+001   5.820715726787339E+003   3.508004665555289E+001
    16   10   3.508004665555289E+001   5.820715726787340E+003   3.508004665555289E+001
    22   10   3.508004665555289E+001   5.820715726787337E+003   3.508004665555289E+001
    28   10   3.508004665555289E+001   5.820715726787339E+003   3.508004665555289E+001
  </DiscreteSampler_grid>
