  0.00172053001284384  0.00300602413563017  0.00361042710321656  0.00407313580092541
  0.00445685853232160  0.00480520265597642  0.00512602939176035  0.00543211747833191
  0.00573536061127493  0.00603774569430870  0.00633759027846011  0.00663390566829505
  0.00692466835807978  0.00720223334682550  0.00747066881847439  0.00773248412474274
  0.00799480841229194  0.00825560084334239  0.00851109949585611  0.00876198515985190
  0.00901917167161841  0.00928551785518172  0.00955631836822300  0.00982097208430240
  0.01010001831520137  0.01037415175771265  0.01064607722120587  0.01092241902444989
  0.01120745721019257  0.01150253056014023  0.01180395144047176  0.01210215050178571
  0.01240138131774015  0.01270091226292445  0.01300678327426991  0.01332207604615357
  0.01365714206512294  0.01399632752794844  0.01433129294673681  0.01467541865337568
  0.01505170426716809  0.01544662672902376  0.01584273950982689  0.01624785938326439
  0.01666432215730588  0.01708994310122568  0.01751881371105335  0.01795136690577077
  0.01840651443100199  0.01887303222087629  0.01934830491360336  0.01984536824477756
  0.02038475037240019  0.02094406649570015  0.02151213189182383  0.02210795980165655
  0.02273723016782495  0.02338287726164174  0.02402447586932258  0.02469406669321267
  0.02539757187359724  0.02612435051305280  0.02688014699449058  0.02766328236009662
  0.02847550847084177  0.02931383961034212  0.03019950254373911  0.03113510164076190
  0.03208726859074897  0.03307246019561442  0.03410041103413072  0.03515294575320206
  0.03622227314784424  0.03735870629785686  0.03861117945745292  0.03989653339345905
  0.04135368032804760  0.04288927868736236  0.04447716333406057  0.04627371188330596
  0.04808892982761608  0.05013095854182722  0.05233878077626078  0.05485262999275171
  0.05764402785640502  0.06080517507386425  0.06438263939769009  0.06869835078564483
  0.07371617920928759  0.07930145365362577  0.08698183441370591  0.09718594035213693
  0.11432985475813590  0.15786123925296880  0.75589498481350148  1.00000000000000000
  0.00198299163124601  0.00418936202801180  0.00460499337064918  0.00502853579605322
  0.00537456858581237  0.00567949500011585  0.00598700235616729  0.00631232261923631
  0.00661652240941330  0.00691439523046707  0.00720754278895656  0.00750632972527924
  0.00781260143980633  0.00810774777768616  0.00839847714525989  0.00868814299257360
  0.00899536968622952  0.00931152172158200  0.00963490150595532  0.00995251243405593
  0.01027805156481978  0.01060342763625537  0.01091641906061855  0.01122755813641810
  0.01154614003341606  0.01188403890172726  0.01224456584903451  0.01261219465050706
  0.01297559402842980  0.01333150581612606  0.01370237127496884  0.01408065412444926
  0.01445962733141425  0.01484715273606420  0.01524884276451314  0.01565733285413238
  0.01608269357240244  0.01653231523757717  0.01698855445907034  0.01744600609083943
  0.01791407033558086  0.01839984636068626  0.01888919328846897  0.01937237459315106
  0.01986043572574835  0.02036476024800573  0.02088504680319399  0.02141459772350063
  0.02195067156108979  0.02250473745427983  0.02308150407762336  0.02367923211817015
  0.02429404161753364  0.02493106657555978  0.02558798405995538  0.02626265908672484
  0.02696083112522490  0.02771387891471601  0.02847798100435209  0.02923608672970507
  0.03003339058481511  0.03085444032981896  0.03169874236667938  0.03257204571723896
  0.03350047740108356  0.03445619774713995  0.03542711864550124  0.03644084903460641
  0.03752598120525927  0.03865788403649580  0.03983058974382771  0.04107287934402374
  0.04236370586502194  0.04369925858234416  0.04513903696805355  0.04673006775328067
  0.04844160573005214  0.05024220234010417  0.05206378137369089  0.05391658656832563
  0.05591460420155637  0.05809997647311058  0.06050911947544085  0.06319070761945172
  0.06613105892700501  0.06965569204331341  0.07359721945741088  0.07802865038842900
  0.08306314817644904  0.08922508353025926  0.09728996529730471  0.10845797712048716
  0.12428995993359833  0.14925646577188614  0.75006377873667718  1.00000000000000000
  0.00409145660750581  0.00485433990149848  0.00550730841123581  0.00607373120391068
  0.00663976033874489  0.00710369313530033  0.00753439705277328  0.00795444893350413
  0.00835992999335117  0.00875014708356038  0.00913728473971194  0.00952464070833926
  0.00991260522922175  0.01030219600745365  0.01069087225669098  0.01107620612447777
  0.01146400221173644  0.01185867468031569  0.01224866214847463  0.01263544771006932
  0.01302640706308895  0.01342632480686932  0.01383187765228100  0.01424494482113449
  0.01466132147670009  0.01508185328911883  0.01550648796968815  0.01593957231360731
  0.01638464846082551  0.01684219330927819  0.01730679845236922  0.01777110738462142
  0.01824367193505328  0.01872252498232693  0.01919882535330751  0.01967761660386174
  0.02017567600821821  0.02069281171750944  0.02122453541452000  0.02176161852961161
  0.02233028919810364  0.02292346982211367  0.02354531333677431  0.02418196581962322
  0.02482370143261648  0.02547615926758194  0.02614653267254180  0.02682145211282516
  0.02749110686400224  0.02816947863356302  0.02888076622374403  0.02963264557031832
  0.03040731057081002  0.03120139411889311  0.03201789130051345  0.03284913703908297
  0.03371977111736832  0.03462284011979129  0.03554500211179941  0.03648750914790571
  0.03747308773549851  0.03849828806856487  0.03955398997389693  0.04064331901639533
  0.04178950953904671  0.04294207978956605  0.04411464492303995  0.04530099264041079
  0.04655155020733581  0.04785696959692311  0.04919132491020094  0.05064495278833645
  0.05215057834297544  0.05373752580395229  0.05534549015005283  0.05705177933328971
  0.05890592513054512  0.06081785929835992  0.06274843342995402  0.06474395223288691
  0.06683204684558945  0.06907833077026160  0.07153888470013925  0.07416505561015173
  0.07683691381106332  0.07949188955144824  0.08217625924660246  0.08482472059202054
  0.08784273510115716  0.09116626451866773  0.09474335403059889  0.09866314575332506
  0.10303029284235517  0.10883781000707080  0.11750999359455835  1.00000000000000000
 -0.00264938854338214  0.01027720130013249  0.02052460466201467  0.03135704754994601
  0.04189116232196750  0.05337023021636475  0.06480461054491873  0.07576188864668983
  0.08668017934285133  0.09776396126362887  0.10896192539647767  0.12007831462393495
  0.13105867561125312  0.14185981619134599  0.15231233359268095  0.16257072934214875
  0.17270514179917487  0.18300423254327450  0.19333452925266284  0.20379190733597605
  0.21423464800912115  0.22439194730566170  0.23481052833568314  0.24505047208395642
  0.25552144906922686  0.26592747319678117  0.27691828516661254  0.28811710303216748
  0.29887496313874973  0.30925496981240558  0.31968629092035933  0.33029097208976338
  0.34079749833885709  0.35113112758822296  0.36131086442351484  0.37157664520791484
  0.38190704420554972  0.39206156012059451  0.40211559024950955  0.41219089038404988
  0.42251520160432504  0.43307332657300895  0.44339149404986733  0.45364325336301337
  0.46365069280103466  0.47369931356905470  0.48369411164868326  0.49390703041448120
  0.50445329649963766  0.51504022386873372  0.52550352913398424  0.53586382591932091
  0.54649449805821293  0.55684744182513723  0.56694458187811625  0.57680166394862764
  0.58715495659213202  0.59762198510026110  0.60813269378215196  0.61857330856164250
  0.62899720217248611  0.63920610151613932  0.64965477421160811  0.66025113782056255
  0.67087945756158840  0.68145916273233686  0.69183626041460933  0.70257183138409740
  0.71340196855264781  0.72414205130936393  0.73456769117832099  0.74485615890695489
  0.75541093648519042  0.76618990839945211  0.77720225003122134  0.78814540757562779
  0.79911528074382876  0.80977800770238295  0.82060482387166178  0.83150352491087309
  0.84272926934697778  0.85353135179422812  0.86387768180238389  0.87405351986249524
  0.88440378425381472  0.89499298357996404  0.90548836226096019  0.91593507763406812
  0.92626110067885392  0.93649936213713414  0.94671002968300833  0.95699893098240874
  0.96756525643993152  0.97826292245655710  0.98910885091614587  1.00000000000000000
  0.01713933755635353  0.02004010392486390  0.02190416633087572  0.02385487652841086
  0.02554990632274662  0.02706928844665078  0.02845106389718178  0.02973401366669862
  0.03094200287409182  0.03209508270444403  0.03321204641835025  0.03429662408092177
  0.03535723390893743  0.03639154866775615  0.03740797367539363  0.03841332936537054
  0.03940448713277576  0.04038403049394729  0.04133906255874173  0.04223375647885898
  0.04311077066415110  0.04399917507182941  0.04489038794361701  0.04577832518356398
  0.04665950298238846  0.04754452326403594  0.04843421850370988  0.04933599808930107
  0.05025309659935731  0.05118267350791371  0.05211332816179072  0.05303064218505822
  0.05393640194591952  0.05483261789248410  0.05572992973962065  0.05663219519187344
  0.05754320303811995  0.05845246916999315  0.05936490271182649  0.06028880434009441
  0.06121123401586855  0.06216002530909021  0.06314763123396394  0.06417051920062428
  0.06520890433897658  0.06622249787833819  0.06724827160943556  0.06828556553784566
  0.06935305099498834  0.07042387772188891  0.07150278603490201  0.07259319153373467
  0.07370363352854883  0.07483877052556269  0.07602502306859356  0.07721080865991185
  0.07841726416219993  0.07961641139839754  0.08080920483672908  0.08201926008269465
  0.08329219809266665  0.08468729163761014  0.08615525102313747  0.08763736122672176
  0.08915813140862651  0.09073487050960385  0.09236113139041326  0.09401429298625219
  0.09563805770343500  0.09728546302649511  0.09900595103344616  0.10073497564614939
  0.10245642662419291  0.10425822914161739  0.10637643458638514  0.10867823592598085
  0.11100632210782833  0.11338730202094391  0.11588106680312302  0.11862578522170224
  0.12161334249636802  0.12479853419883252  0.12835103949990523  0.13231388612845957
  0.13676288995463154  0.14141634718287491  0.14615036600676612  0.15108842970745645
  0.15683985789952284  0.16403295477270305  0.17418412685744888  0.18745099013868255
  0.20252190719795540  0.22935999099535459  0.75668557596376007  1.00000000000000000
 -0.00203569762109527  0.00881357926034491  0.01827611859526192  0.02767043650722179
  0.03746249036618706  0.04788522905131850  0.05818136211855128  0.06863286298068054
  0.07841191039966382  0.08849122984739305  0.09898063061638260  0.10927077723799734
  0.11978607042152253  0.12992428958229171  0.13992879781455403  0.14979569255674927
  0.15985231595805113  0.17041360566291122  0.18149508514198448  0.19256257420507530
  0.20333284612087524  0.21384646137750438  0.22416053148661105  0.23419656798301006
  0.24419278923474796  0.25407609987650892  0.26407820950511640  0.27418075788653462
  0.28460334784513203  0.29501901529692032  0.30582226148392888  0.31683755380707562
  0.32806015204500377  0.33875919474563349  0.34968493299108466  0.36065125974755041
  0.37191299502882441  0.38265149657101849  0.39346534744498307  0.40440218885421203
  0.41582450425370732  0.42714251435725903  0.43884845631944602  0.45004483143603996
  0.46133957029002221  0.47236628601105535  0.48292047869421056  0.49327710409193304
  0.50385895651472012  0.51482609586761130  0.52573655082241377  0.53639591326096281
  0.54785432112064170  0.55927930121532921  0.57046856133524315  0.58097993164365513
  0.59249587117152236  0.60395408358508129  0.61554725996485993  0.62638689608776499
  0.63707066890504471  0.64761823591600232  0.65788971345487413  0.66853018170759759
  0.67913133782791257  0.69003447006528484  0.70114826178381084  0.71245458859314770
  0.72338125934274311  0.73410835162566868  0.74474616373521707  0.75543722603431762
  0.76565457214786536  0.77614815526129921  0.78649050467141468  0.79685368793718914
  0.80678155525554074  0.81657489398168948  0.82666985561765816  0.83667329351683017
  0.84678434258444446  0.85678576730397693  0.86719267625353569  0.87745276681605266
  0.88767195202314020  0.89780569906762253  0.90772683925486941  0.91748724465419795
  0.92782199493910877  0.93818708416740570  0.94881261703216924  0.95900312380027763
  0.96917679627547682  0.97961838204651386  0.98960507525030961  1.00000000000000000
  0.01401888907724690  0.01540188363788511  0.01608508361136643  0.01665863593377474
  0.01717551334071058  0.01766536224549037  0.01813712599306736  0.01859695529551749
  0.01904903360337073  0.01949095444941952  0.01992874590992606  0.02034842388896641
  0.02079217420997172  0.02132136442256083  0.02188133167141270  0.02246840251248996
  0.02305870905536898  0.02364730386737008  0.02422955765338439  0.02480467353763164
  0.02537373826231362  0.02592926475745452  0.02649157740816567  0.02704883793205669
  0.02762085221113510  0.02820709435674394  0.02880094403657382  0.02940133760259430
  0.03000523737734046  0.03060738819870118  0.03121739879130872  0.03184519853025275
  0.03247215784369951  0.03311250382089422  0.03375887351672387  0.03442035285436826
  0.03508290770552809  0.03575135922278574  0.03642962916133265  0.03711184735689701
  0.03779588544034009  0.03848304066530176  0.03918099735158546  0.03988369790130436
  0.04059328531033882  0.04132313231686750  0.04212124614972906  0.04296982706983572
  0.04382172067997925  0.04465812645751593  0.04547441349405709  0.04627623304681794
  0.04708475577225683  0.04793053707090720  0.04880640192278559  0.04968754338796145
  0.05057061895810099  0.05148410477255932  0.05243561092894861  0.05342283873653335
  0.05439372528204279  0.05536100034092954  0.05630667939742689  0.05726131789918162
  0.05824243477426145  0.05921925853845559  0.06026482432796278  0.06136508812841172
  0.06250742068469788  0.06381008416096033  0.06515861813289262  0.06650361999249703
  0.06785243667053664  0.06925588803606213  0.07071984362357923  0.07219838808448802
  0.07371518000897065  0.07532009151668721  0.07692946155709729  0.07851828101267201
  0.08000935909720704  0.08146212522058634  0.08299832564265265  0.08489597809354926
  0.08731860952384911  0.09000309336728692  0.09274999687647377  0.09526276900516034
  0.09801217719826477  0.10133258598258807  0.10585758330151609  0.11294360750633134
  0.12078627747865285  0.12715483942684103  0.60080443776013837  1.00000000000000000
 -0.00221596586518366  0.00857247617926652  0.01835582976324814  0.02830155528057092
  0.03873395666751680  0.04923881903531598  0.05982916721348634  0.07043823428146223
  0.08114841459146199  0.09196963891081669  0.10284303642755729  0.11350695643352106
  0.12406268198579976  0.13481714230276737  0.14575002492055358  0.15685879249141305
  0.16780824472050579  0.17872648615126030  0.18967328586249385  0.20013238645963619
  0.21034442067801978  0.22036018019897152  0.23066827504763743  0.24106930883202038
  0.25158233141814040  0.26163444283957615  0.27198370230007052  0.28262438066841000
  0.29325415771571539  0.30375488822155078  0.31406754163157102  0.32427820156383036
  0.33451622998521557  0.34475509336042320  0.35531812464018914  0.36627897155748618
  0.37745939020347291  0.38856490680479183  0.39947223809172605  0.41011602627724247
  0.42062516992031052  0.43091173260830473  0.44111557041594396  0.45111283393295537
  0.46129029392792475  0.47168904827631558  0.48208947095262250  0.49250220914399651
  0.50281405222270448  0.51283346993872003  0.52322937819848470  0.53384608266691536
  0.54471664898703398  0.55515205681423496  0.56527781610610117  0.57557086372515298
  0.58612359176924111  0.59697319476935395  0.60793574886229873  0.61859283860083392
  0.62888737723034249  0.63917409621094656  0.64940199111383368  0.65975021552375157
  0.66983966910017156  0.68014901820643181  0.69101323512310597  0.70272586256554936
  0.71420275664213395  0.72531929671614248  0.73609410518024732  0.74670791231025679
  0.75707429398042758  0.76733036519826225  0.77771015998671722  0.78821824962540787
  0.79902800893962866  0.80999958255919968  0.82099203627041906  0.83173291647981884
  0.84256659302097581  0.85321600250422347  0.86331746034106538  0.87336076740309587
  0.88340022722981082  0.89344289208782657  0.90340301784441734  0.91336085781088228
  0.92351874775098031  0.93397685683703158  0.94478398083167603  0.95551048716057663
  0.96636279000336633  0.97710668676264023  0.98853643628203469  1.00000000000000000
  0.15132336070396393  0.17692388269972051  0.19353417534368972  0.20957228197325892
  0.22503885686670846  0.23848993645623412  0.25086938826400385  0.26247560529715325
  0.27349590073862190  0.28374601556528806  0.29350834748604665  0.30282999429095231
  0.31180863740759512  0.32041554144496587  0.32872138033328463  0.33670604496117185
  0.34417568787089553  0.35138579494966898  0.35823575324577678  0.36492285945997971
  0.37160061538643979  0.37831315697786089  0.38490201383628792  0.39117467857103572
  0.39733237321588666  0.40347109803606673  0.40964759454869731  0.41579016447021566
  0.42180063227344583  0.42784282439091220  0.43404692134791734  0.43996948662878155
  0.44555767750569114  0.45092847183582557  0.45617360614724206  0.46134767897260409
  0.46649776613012672  0.47169546639492638  0.47692717587343259  0.48210263365250144
  0.48712684360844966  0.49205158055842074  0.49696933459482390  0.50191339657983181
  0.50690050420934918  0.51188065067680566  0.51684267452678145  0.52173967732308912
  0.52649934560789624  0.53129812245391694  0.53601351528523888  0.54077712548236401
  0.54551124927727757  0.55025775181733250  0.55502264358299780  0.55980949901929145
  0.56464385471130951  0.56952460800106874  0.57439819393706015  0.57925037254627798
  0.58418008812186373  0.58916421139869501  0.59409686408581364  0.59897769798662404
  0.60383104286977507  0.60880286600218203  0.61389522167825128  0.61905145424575225
  0.62428420241319971  0.62946703004304727  0.63468505213908910  0.63993729992412673
  0.64523942575972171  0.65063221223778545  0.65607321495544746  0.66155514948577121
  0.66711028044356124  0.67279906053713856  0.67862305441521187  0.68459588684309669
  0.69083812317513105  0.69732916208614115  0.70405812589244343  0.71110349321514088
  0.71859518839172420  0.72647160628325524  0.73455494067075777  0.74304700469256180
  0.75219703842870500  0.76219601383935343  0.77315231649994032  0.78564945730377256
  0.80107397463147711  0.82163691554424145  0.85853775709319391  1.00000000000000000
 -0.03234675320123373  0.15998583529329735  0.20308183495773177  0.22913946011742051
  0.24761106220602069  0.26248086638275836  0.27524101857076222  0.28634451083344042
  0.29644739850868629  0.30590470081843457  0.31481773516539502  0.32297706247334423
  0.33051275360500904  0.33775155546213914  0.34500859010812840  0.35216915718296232
  0.35895271660609507  0.36532909299821270  0.37136905886808513  0.37710955176085403
  0.38256644268428702  0.38777559339737561  0.39283435210895001  0.39778945237704988
  0.40263053624499101  0.40749242799217317  0.41231925584609580  0.41706936424808116
  0.42172759083992062  0.42635804177961539  0.43082364800496947  0.43525798708144803
  0.43970197790241716  0.44399090435299993  0.44816974217757433  0.45222746708897843
  0.45626874985608690  0.46025188765934244  0.46432613573034076  0.46840923096288856
  0.47245115686015776  0.47646721391220281  0.48043784429791858  0.48432266579104977
  0.48813196574036044  0.49191500405162547  0.49568590750465691  0.49946476710055121
  0.50321920984659263  0.50702592384713951  0.51091382794663398  0.51483465975545917
  0.51876663723356453  0.52267966568485202  0.52660453639298943  0.53055276240280480
  0.53452871710660255  0.53853177962476140  0.54258799772174815  0.54667407426333325
  0.55081396687033701  0.55499186281616153  0.55922329728452247  0.56351036319943515
  0.56777081142494212  0.57203947654081977  0.57632547086981734  0.58061932020521445
  0.58501654045819529  0.58957550300931572  0.59425907336077710  0.59899657785953919
  0.60393532216014323  0.60902225371412677  0.61430951712908510  0.61960138407263143
  0.62502364580963743  0.63062265405427664  0.63638853535622142  0.64226668861384084
  0.64834933182679022  0.65476588870016150  0.66168784687248550  0.66906654615692651
  0.67675049815429500  0.68474764497156915  0.69326283220159512  0.70248643709228364
  0.71275663654208909  0.72416086600841734  0.73733753469532815  0.75292343295884523
  0.77244266589514865  0.79805821780650599  0.84138400091081689  1.00000000000000000
   1.7491234427719747E-012  -1.0000000000000000     
 T T T T T T T T T T T T T T T T T T T T T T T T T T T T T T T T T T T T T T T T T T T T T T T T T T T T T T T T T T T T T T T T F F F F F F F F F F F F F F F F F F F F F F F F F F F F F F F F F F F F F F F F F F F F F F F F F F F F F F F F F F F F F F F F
  <DiscreteSampler_grid>
  grouped_processes
  1 # 1 for a reference and 2 for a running grid.
  10 # Attribute 'min_bin_probing_points' of the grid.
  1 # Attribute 'grid_mode' of the grid. 1=='default',2=='initialization'
  0.0000000000000000 # Attribute 'small_contrib_threshold' of the grid.
  0.5000000000000000 # Attribute 'damping_power' of the grid.
 # binID   n_entries weight   weight_sqr   abs_weight
    10   10   4.825456451184221E-001   9.648289806137017E-001   4.825456451184221E-001
    16   10   4.825456451184219E-001   9.648289806137011E-001   4.825456451184219E-001
    22   10   4.825456451184221E-001   9.648289806137029E-001   4.825456451184221E-001
    28   10   4.825456451184224E-001   9.648289806137029E-001   4.825456451184224E-001
  </DiscreteSampler_grid>
