  0.01433454425279142  0.01484819357703193  0.01515745954072707  0.01537837907367156
  0.01558012676843495  0.01577323964312418  0.01596807090434458  0.01616509430489357
  0.01635614493095054  0.01654131513815761  0.01672037417130666  0.01689156869467262
  0.01706679708010631  0.01724639191943703  0.01742105388194856  0.01758896575459571
  0.01775367285406829  0.01791931347260984  0.01808852242389465  0.01826048278950979
  0.01843511510811201  0.01861236034569478  0.01878078785512978  0.01896286938212315
  0.01914337674260521  0.01932126113704757  0.01950413798258984  0.01969053066953137
  0.01988110913642096  0.02007114989229402  0.02026403810807425  0.02046045242660915
  0.02065786140545104  0.02085246796847796  0.02104627100866186  0.02124787199428646
  0.02145594681217390  0.02165933657521691  0.02185972783537222  0.02206871658051691
  0.02228845431790233  0.02251762263741530  0.02276086957460409  0.02300835154644816
  0.02325382762992845  0.02349693011388974  0.02373917418147341  0.02398667923126811
  0.02423601817209390  0.02449568735662458  0.02477482768241395  0.02507185872537179
  0.02536158913667217  0.02565166195639507  0.02594275460452880  0.02623989285099359
  0.02655048762712502  0.02688840722608520  0.02726191846519017  0.02764924750952607
  0.02803254731734387  0.02842086072693462  0.02882304996986248  0.02923371712108669
  0.02966564449124742  0.03013782951636317  0.03063637567019448  0.03113840316531338
  0.03163093750856739  0.03212146696276794  0.03263303611441389  0.03318608274426398
  0.03376601845245255  0.03437789499498610  0.03502028886689561  0.03570521595859143
  0.03645801317383476  0.03727444538611920  0.03814351997527216  0.03911200770622067
  0.04019404704199934  0.04137707678874194  0.04264844991413144  0.04395680114113492
  0.04540029041304812  0.04718517516104544  0.04936688130223293  0.05188741442954244
  0.05448269165387379  0.05727192180409604  0.06063705555253782  0.06580067580436302
  0.07430100162576928  0.09482811053481797  0.55863578901184263  1.00000000000000000
  0.00212603845121859  0.00395242408964927  0.00444058011093934  0.00471372071700955
  0.00502809011593148  0.00533918629560110  0.00562890817306750  0.00587711797061984
  0.00607690307288267  0.00626000055008804  0.00645538718211014  0.00667249650420795
  0.00687386780064139  0.00706903081267620  0.00725528028112187  0.00746347620681336
  0.00768111395870421  0.00789575893058149  0.00810480007394390  0.00831403742267842
  0.00852842453067335  0.00875543065909977  0.00898742546591846  0.00921145276049123
  0.00942194944722327  0.00961790382649187  0.00981467248710529  0.01003289542539955
  0.01026456744422929  0.01049607719713162  0.01073054415254142  0.01096811440749569
  0.01121178577374171  0.01145663191280433  0.01170615749751629  0.01195439898859098
  0.01220333611823041  0.01244420342850939  0.01267167155126682  0.01290275790282501
  0.01314066594594360  0.01338909015545302  0.01364922536367565  0.01391568340586644
  0.01418110695683942  0.01444559029929728  0.01471598589100564  0.01500811369813906
  0.01530478473904059  0.01560441163063657  0.01590586224858980  0.01620890761606678
  0.01651705809083784  0.01683020284287329  0.01714052593344403  0.01744787745444423
  0.01775969735679757  0.01809694024095020  0.01845421328836673  0.01883089324664228
  0.01921807704618819  0.01962210688337703  0.02004125467490623  0.02047478196500550
  0.02091985754117591  0.02138451149045826  0.02187176429292475  0.02241268870521367
  0.02295054556985374  0.02352622861511301  0.02411513219039955  0.02475324319441823
  0.02541615342351646  0.02609221568971617  0.02679968501742786  0.02755876550582695
  0.02836957171274357  0.02920504060194396  0.03007735971661228  0.03103905440445618
  0.03208048271818539  0.03319098709273861  0.03438405019729878  0.03569811823297693
  0.03721168145347535  0.03888978911800392  0.04069179900012695  0.04261126254765842
  0.04485515098266043  0.04759975144107616  0.05094751051899385  0.05509934261121840
  0.06062294753090740  0.06950645245983869  0.09084734271080577  1.00000000000000000
  0.00461812810956214  0.00538893271185494  0.00587617029199472  0.00635288493505643
  0.00686445917514018  0.00740032617858569  0.00793944846564613  0.00846345956297381
  0.00895529740047740  0.00942964386870348  0.00988201166081034  0.01035289472717833
  0.01083348816290366  0.01131298191167806  0.01178948607764865  0.01222518154997751
  0.01263009074132546  0.01302711326223435  0.01343413445252868  0.01385741234819745
  0.01428765528289635  0.01470657428431279  0.01512094411430245  0.01555893806512121
  0.01602784084696762  0.01649954862906819  0.01696746007412321  0.01742096179591483
  0.01786288481318691  0.01830611060227121  0.01876786717193846  0.01925019865451640
  0.01974888564570526  0.02026832061378189  0.02081048826846031  0.02138153467933591
  0.02196283623545971  0.02252203729003498  0.02306196322104315  0.02359809828209192
  0.02413052508257046  0.02465576753240261  0.02518523412483142  0.02572539449959999
  0.02626370036071464  0.02679374144107580  0.02732349421476392  0.02785359955611805
  0.02838374793692269  0.02891482418246800  0.02945503480429894  0.03002536196642954
  0.03060957977211471  0.03119199902134664  0.03178902092335695  0.03241844081175587
  0.03306931382219333  0.03373334035300873  0.03442511672654679  0.03515836691580311
  0.03591374121525865  0.03668649839800897  0.03752835760402219  0.03842938205819058
  0.03936928690102915  0.04033380575248523  0.04130249803278765  0.04228453086918185
  0.04332763292915158  0.04450873484450015  0.04574712304466249  0.04692981838844330
  0.04810547779026123  0.04923161400536615  0.05038704803587126  0.05158588022822101
  0.05285157621514407  0.05418643971880201  0.05570284149551214  0.05736008174328514
  0.05921215460813201  0.06110574024333357  0.06296866989780441  0.06496822819056720
  0.06716992785388629  0.06983923270794334  0.07328620081503102  0.07740171369135870
  0.08200383642244682  0.08730960394158074  0.09399961283501086  0.10312008308686037
  0.11483967498650571  0.12813550000972113  0.64789087318320293  1.00000000000000000
 -0.01426731863398875  0.06527789600222850  0.10405301558113608  0.13227945030091889
  0.15429525654591444  0.17205663245219696  0.18676195203714249  0.20110206728071639
  0.21504651004835351  0.22846046924564326  0.24101223268646760  0.25264551831102644
  0.26343475443949593  0.27298824549862993  0.28180674231515285  0.29053998009720067
  0.29860783461207191  0.30597934712397329  0.31315647286196840  0.32028806746394128
  0.32700446419420193  0.33393663335557155  0.34169012965782330  0.34975623738872597
  0.35715024336171652  0.36391084678918023  0.37051148026522246  0.37702655833959881
  0.38315597960189179  0.38912852532053033  0.39498813769075725  0.40083299678775491
  0.40682838198606647  0.41288475258899437  0.41894922750064878  0.42495390793430449
  0.43070723525132892  0.43632590324764320  0.44194562294842660  0.44765041394546995
  0.45357246064866275  0.45962228306397424  0.46569278694885169  0.47167094658593556
  0.47714685458500078  0.48256730176512524  0.48780239208076881  0.49326433677318321
  0.49850797723593510  0.50358413870434582  0.50872335912422761  0.51428551859664906
  0.52022610609822317  0.52623794118296907  0.53206318507453065  0.53755348218538379
  0.54288432063912295  0.54801661618882080  0.55334569566702629  0.55854506017449013
  0.56422542056810254  0.57040477509290111  0.57668205222458702  0.58293044615986622
  0.58910837706974373  0.59527505028411543  0.60154894932406267  0.60785178064027501
  0.61394177715119436  0.61987458472846624  0.62598052281099681  0.63256267707697467
  0.63963479966024406  0.64689916491587185  0.65402599196903666  0.66120922322201314
  0.66887366608018928  0.67709211154084992  0.68580820258742281  0.69466521373398438
  0.70331162987391316  0.71184875317909790  0.72074437409770453  0.73084856192225556
  0.74193626172195970  0.75286481175571951  0.76385484788194491  0.77578139399033497
  0.78933529926473844  0.80409654187580404  0.82057848336100969  0.84083948049954405
  0.86487624128493890  0.89211044123952310  0.93237682449348314  1.00000000000000000
 -0.00248876963161225  0.00977592145240777  0.02073679146844805  0.03088058470941814
  0.04173914325759807  0.05195736038747052  0.06238811779308837  0.07288595036936595
  0.08345822955668192  0.09373066698259129  0.10320174027938080  0.11312195233612132
  0.12289837654911810  0.13334287695075353  0.14350639138806395  0.15328449787386450
  0.16288105313639323  0.17266820820283466  0.18211124635957684  0.19180303684429428
  0.20163977648168274  0.21168183096243962  0.22195851651319415  0.23258567032065117
  0.24357214822375731  0.25464419334586408  0.26557076091662790  0.27672769340850961
  0.28799066403508988  0.29886677528640693  0.30935488989237914  0.31966647130118214
  0.32958482924376209  0.33934888449090861  0.34943660485554501  0.35986740848681725
  0.36996939026078163  0.37942659078703733  0.38889505122938356  0.39858950135905008
  0.40825219439546984  0.41755150517484463  0.42711890407747022  0.43708521286040203
  0.44751981042737360  0.45802055219406534  0.46903194782939461  0.48011940521884533
  0.49107261587629264  0.50223544594124725  0.51338025049434932  0.52387347013781649
  0.53371613803133899  0.54366460686416962  0.55401101934228236  0.56493867156265842
  0.57620705385546522  0.58771104147197240  0.59887668162632124  0.60882444149300152
  0.61803350085512709  0.62783080240093558  0.63780797396115663  0.64743756934404328
  0.65651887559095190  0.66589695609583155  0.67683830509822485  0.68940896343201796
  0.70148724520934158  0.71309014668969684  0.72428095143448701  0.73545913751936831
  0.74644668280013593  0.75708235968334059  0.76735782325015411  0.77766845872366963
  0.78854889381380822  0.79978026051942896  0.81074703771709311  0.82132866621270562
  0.83185868601416213  0.84301718722630159  0.85431859511393426  0.86547195552034428
  0.87634157216964459  0.88725448767922765  0.89829393307091576  0.90965936971006867
  0.92119348907153975  0.93194064077731309  0.94232371648060875  0.95274263768804390
  0.96382257704231444  0.97563520947736093  0.98729756112624012  1.00000000000000000
 -0.00207623615496854  0.00843440037457446  0.01713118651849786  0.02660190742156579
  0.03647363468948675  0.04692487752742030  0.05799030924987159  0.06930461929988806
  0.08080520189818724  0.09195293115627144  0.10240155895674373  0.11227593441953281
  0.12269417715976513  0.13277910922719499  0.14323098330696485  0.15381872332168853
  0.16541260600333482  0.17819358802043445  0.19075934661277660  0.20156096594495926
  0.21173180837417643  0.22181870848869309  0.23202358519477656  0.24226474205362084
  0.25264704345550004  0.26305287354972751  0.27341281995259947  0.28389831951296773
  0.29416357927726067  0.30400210513828130  0.31387112306779991  0.32414630792775312
  0.33506282862419690  0.34611885489609440  0.35699903716582204  0.36747733010909295
  0.37766234976129998  0.38769636635769766  0.39798342929306313  0.40915577671016207
  0.42068980838558512  0.43180302576412144  0.44205679728971325  0.45225664903304907
  0.46255722533229604  0.47300557707223084  0.48357494457629013  0.49382972677129500
  0.50473270579895635  0.51572113100774031  0.52649134081824367  0.53661314008851191
  0.54659979917559454  0.55684921267859289  0.56765321228860888  0.57906578931908792
  0.59092301914692758  0.60282188559429817  0.61420606318738791  0.62493223507498397
  0.63498142802082913  0.64510887767098335  0.65620476722532939  0.66767300312555378
  0.67827387676998763  0.68836415947671337  0.69863399175495466  0.70882737754938907
  0.71887062516049860  0.72902459947272136  0.73916992622159206  0.74921174200860130
  0.75916743856293334  0.76931657053487457  0.77954533670296200  0.78917737586176173
  0.79890573278850208  0.80879010065151968  0.81908669871493589  0.82959154732900409
  0.84005676086106751  0.85045514105953102  0.86113600619923314  0.87150108897474843
  0.88176538517235736  0.89186565204444435  0.90219302306308491  0.91199994518493910
  0.92272740469424319  0.93294337178975062  0.94442136158929313  0.95599114059384316
  0.96732264345700569  0.97857428205644126  0.98923913118179585  1.00000000000000000
  0.01720226945849453  0.02843596965022221  0.03307396082552601  0.03622921582731580
  0.03888963553260052  0.04126439625372762  0.04327629472704854  0.04500416473176916
  0.04660827466513496  0.04811422337744620  0.04952068599220470  0.05088793933062449
  0.05222966061713404  0.05353712422493576  0.05481845074396216  0.05610790724948238
  0.05745175990425212  0.05877271535084268  0.06001370202569382  0.06121991182534219
  0.06240378494729319  0.06354482943237078  0.06467556930171112  0.06581116421953052
  0.06695483843181106  0.06811804679196218  0.06931326487551567  0.07055334758366921
  0.07180015302058231  0.07302267606325655  0.07419816744961806  0.07534747839387103
  0.07648335377760965  0.07756151295989802  0.07863245511128528  0.07971981363218235
  0.08086878814047946  0.08205656448699905  0.08327415631312779  0.08450724113378233
  0.08574776559008590  0.08698709918338109  0.08821374775139479  0.08944228995032313
  0.09066945490904495  0.09189728257316485  0.09311085288572415  0.09428620156172930
  0.09545194635101481  0.09663542552311606  0.09782702690604260  0.09903208351907795
  0.10028159201659015  0.10154629987148900  0.10279727209641512  0.10406701095961239
  0.10539186451297256  0.10682602746031680  0.10820059386558936  0.10971168039995911
  0.11125849635751259  0.11278238691887031  0.11444618349628015  0.11634766239505749
  0.11825536075157921  0.12011521201545329  0.12188656528229599  0.12363465559909605
  0.12538013561773850  0.12705349880276159  0.12879849071299346  0.13059243532048823
  0.13250504476447106  0.13463620369952506  0.13690865724770770  0.13928220774669703
  0.14180422744113882  0.14460349402334657  0.14761895679255715  0.15061711010945281
  0.15337259298582565  0.15580629399457330  0.15832461230800535  0.16076673892964374
  0.16288755650834252  0.16607625021489356  0.16968352465800779  0.17378429414087426
  0.17857579672500526  0.18413851157502595  0.18961589961363215  0.19364200568385481
  0.19844299465236687  0.20747080920724159  0.23046843419424376  1.00000000000000000
 -0.00225203204098675  0.00843728767904866  0.01847933026881982  0.02736338392059981
  0.03631019087329376  0.04573419287136780  0.05530564234934737  0.06513784662351015
  0.07453452683162215  0.08401465730906392  0.09327197635391628  0.10241348249738910
  0.11130683760331189  0.11978960403895891  0.12774349420120748  0.13546242101056835
  0.14349961988535986  0.15183380317144421  0.16040003664862892  0.16924460967809093
  0.17810727864999371  0.18678872289863771  0.19589347461091219  0.20537059231049618
  0.21543549641649615  0.22578106810812815  0.23588451148622927  0.24550089742100598
  0.25488555353042380  0.26449958210611879  0.27494039727168318  0.28550363696491782
  0.29645052905202501  0.30747224011479618  0.31935747800568248  0.33212680894542129
  0.34538238678038685  0.35876825252659295  0.37183556543260032  0.38502321091582797
  0.39874344070102502  0.41294772889807801  0.42713331852449848  0.44100289142622434
  0.45491535223993174  0.46977181506302834  0.48480042672858409  0.49810544582774557
  0.51070423115532759  0.52389484661374763  0.53806883945498574  0.55230759781468552
  0.56589068190951264  0.57926161041660973  0.59204789208955555  0.60465897256929224
  0.61752125834428906  0.62975975378578619  0.64096876403218139  0.65205547234682359
  0.66411429786033915  0.67626900002014512  0.68751657616483319  0.69772411570812987
  0.70767535408748328  0.71796963342854869  0.72887378613869136  0.73986802035400989
  0.75011084682485307  0.75962511191148308  0.76879964064612460  0.77809596549515503
  0.78762026121794093  0.79682324781541147  0.80571397403896572  0.81493352650222661
  0.82453610902996477  0.83406289346497997  0.84294455003405144  0.85122455266392605
  0.85985642171901022  0.86928861897249110  0.87910267311337897  0.88919922431643128
  0.89913443255115633  0.90904305504052896  0.91851847508129236  0.92823717821481211
  0.93789195646538159  0.94721169044864262  0.95639449483003502  0.96531213427772811
  0.97411156429933909  0.98270384018419954  0.99140653726874728  1.00000000000000000
  0.08490893165936021  0.31427143163007565  0.37492605709933241  0.40528247694613534
  0.42707025733878679  0.44511651630279570  0.45970813139425198  0.47132718653466649
  0.48259880988938691  0.49285176675337933  0.50180302154341971  0.51024599182219843
  0.51873872244262553  0.52694583413858864  0.53465017828727213  0.54171150189927919
  0.54832780737948694  0.55453625427412778  0.56046886528972373  0.56612810112007639
  0.57140922094014379  0.57646566215364126  0.58129361707734251  0.58597221176792613
  0.59060434701619158  0.59511667226976850  0.59952052239285403  0.60383764195911904
  0.60812157384287502  0.61231189109129303  0.61661183019317167  0.62064780288972854
  0.62480212223103049  0.62841860326669885  0.63191408480633893  0.63538182037921309
  0.63881093446195392  0.64229383129819906  0.64568759711244794  0.64887627098848943
  0.65192978808334712  0.65505228910052038  0.65827885400602137  0.66155795378537141
  0.66477399018307648  0.66786722523728592  0.67090519100188117  0.67392880348891837
  0.67697416469596750  0.68001994823558998  0.68299138693562733  0.68596001088631897
  0.68899587843087551  0.69207930338287904  0.69510063238675879  0.69802864861244851
  0.70099794063615195  0.70391641347804201  0.70699511383912861  0.71019338374189200
  0.71333991060313551  0.71640388274024380  0.71951052467594689  0.72268288263826985
  0.72588839013710060  0.72917159044528312  0.73231543976688118  0.73538562318231204
  0.73853852946397536  0.74181100746113404  0.74515540678067238  0.74849737665504334
  0.75175222246062401  0.75496750546346914  0.75836247996022288  0.76199031993761701
  0.76581034156643946  0.76964546869786410  0.77335950638994477  0.77712591407089715
  0.78103549512724058  0.78499735824695827  0.78904468531201744  0.79332351905873078
  0.79788074929247266  0.80255415700364896  0.80732765306440835  0.81244450712161231
  0.81829901704704877  0.82475450747423495  0.83163289509650939  0.83941644039398700
  0.84894572953289871  0.86246556463642898  0.88615068036413014  1.00000000000000000
 -0.03700969998829653  0.16621984435475742  0.21160748730808271  0.23697419930845037
  0.25478460170537898  0.27034511546480233  0.28367215208308522  0.29503710265702610
  0.30485719350092072  0.31367369148990482  0.32184306439526977  0.32969740134703590
  0.33705815947652784  0.34410723863928616  0.35044527034295442  0.35665152839587494
  0.36243432574331652  0.36808078873767752  0.37377998453480371  0.37912794978709891
  0.38435654895459381  0.38957506729978036  0.39448980603613198  0.39947557004971723
  0.40410547374123756  0.40894639024759905  0.41368720582132806  0.41839702308777721
  0.42293665951030618  0.42745553078395365  0.43208610817338899  0.43664006939551120
  0.44086708716795531  0.44483685896756647  0.44873246156359559  0.45272542048491199
  0.45675532498891086  0.46067564028076086  0.46445922326409483  0.46821032122502343
  0.47198805256638421  0.47581886593455358  0.47970583122323973  0.48355993556281318
  0.48735499307800817  0.49105449398625450  0.49462439384447160  0.49813094368595140
  0.50173549055485100  0.50540913818068445  0.50918723774566144  0.51316813981154008
  0.51709995533484721  0.52113231300500584  0.52507093200301880  0.52903152982566859
  0.53306372246884060  0.53713829759917897  0.54130430908164873  0.54547553142321803
  0.54947621069433528  0.55340991975606069  0.55726233244167045  0.56124793704273424
  0.56543190968266110  0.56978655936842759  0.57420386269081836  0.57843397313620781
  0.58266683190884916  0.58705518867377404  0.59147824057062892  0.59588872699036000
  0.60012835428864486  0.60463984102769142  0.60952777655654500  0.61462331687479166
  0.61973738856753002  0.62500015107944273  0.63062999278664489  0.63636128113147516
  0.64210343362480438  0.64843926562724619  0.65545500308602200  0.66278951068047198
  0.67070024266275341  0.67902773744935185  0.68773987532152403  0.69699461724614342
  0.70684629168792201  0.71792786271328690  0.73093278282276197  0.74633750533052445
  0.76355293746409780  0.78776675856654177  0.83401705388022851  1.00000000000000000
   6.1605769768881212E-013  -1.0000000000000000     
 T T T T T T T T T T T T T T T T T T T T T T T T T T T T T T T T T T T T T T T T T T T T T T T T T T T T T T T T T T T T T T T T F F F F F F F F F F F F F F F F F F F F F F F F F F F F F F F F F F F F F F F F F F F F F F F F F F F F F F F F F F F F F F F F
  <DiscreteSampler_grid>
  grouped_processes
  1 # 1 for a reference and 2 for a running grid.
  10 # Attribute 'min_bin_probing_points' of the grid.
  1 # Attribute 'grid_mode' of the grid. 1=='default',2=='initialization'
  0.0000000000000000 # Attribute 'small_contrib_threshold' of the grid.
  0.5000000000000000 # Attribute 'damping_power' of the grid.
 # binID   n_entries weight   weight_sqr   abs_weight
    10   10   6.390191750521142E-002   1.097504702221990E-002   6.390191750521142E-002
    16   10   6.390191750521142E-002   1.097504702221990E-002   6.390191750521142E-002
    22   10   6.390191750521142E-002   1.097504702221990E-002   6.390191750521142E-002
    28   10   6.390191750521142E-002   1.097504702221989E-002   6.390191750521142E-002
  </DiscreteSampler_grid>
