  0.05299198052204388  0.05408576236608036  0.05460758577269964  0.05519583788655918
  0.05576708986006280  0.05629292994615358  0.05680726145325622  0.05728800739580823
  0.05776759853516072  0.05824806774365797  0.05873353325947395  0.05922217988564912
  0.05970346298163035  0.06019784356594519  0.06068937190500524  0.06116994814307198
  0.06164540738391001  0.06212923997615882  0.06262087807246768  0.06312490070962851
  0.06362753537417824  0.06414394311428692  0.06466969606644890  0.06519211304820581
  0.06572117248397039  0.06625005919858878  0.06677317849046306  0.06728924389573773
  0.06779566063438547  0.06830818248104013  0.06884228955038164  0.06937716359687936
  0.06992208583100079  0.07046896349134603  0.07102586225718505  0.07158244928893505
  0.07215877823308268  0.07277082084635318  0.07341247717533882  0.07408103051186550
  0.07476256173370158  0.07547037815068246  0.07619812272928866  0.07691381440609824
  0.07761004182423806  0.07830813529171253  0.07902952348786207  0.07975271636859979
  0.08048635844125732  0.08121687424984581  0.08197931968817451  0.08278596735939471
  0.08361234993766828  0.08446202055321764  0.08532760774750402  0.08622223925552001
  0.08712995040549788  0.08804831404312945  0.08897046993113282  0.08990161218354210
  0.09081297354650797  0.09176617692598088  0.09280181047792628  0.09391241341011461
  0.09506324502804850  0.09623336929508326  0.09743473416233320  0.09872847493076824
  0.10007913224286047  0.10145977520990933  0.10285945288836898  0.10434392364940498
  0.10604299466203196  0.10781644491332697  0.10955923732139537  0.11119470482476869
  0.11289869193685714  0.11483947239054326  0.11691995307286408  0.11945688508864577
  0.12193237180118074  0.12465581813251415  0.12752360093463813  0.13022534823286586
  0.13292446405193081  0.13567558215827280  0.13895820507439952  0.14286808328738512
  0.14739372498249725  0.15294591462940951  0.15835583374065934  0.16362451213823548
  0.16993500920674906  0.17775270650171596  0.19251161970551389  1.00000000000000000
  0.00025424809316668  0.00032588749999617  0.00036302739990577  0.00039109498382002
  0.00041456850933277  0.00043678839297834  0.00045884947852417  0.00047960086498576
  0.00049884438205940  0.00051596158181555  0.00053519004627719  0.00055637807795832
  0.00057667491045207  0.00059606990327891  0.00061578854160223  0.00063592285627338
  0.00065616093623829  0.00067647494115556  0.00069701285753027  0.00071750549424016
  0.00073770442202738  0.00075785162970115  0.00077845881390301  0.00079982935358104
  0.00082017539891902  0.00083958909455669  0.00086013635345057  0.00088077718690322
  0.00090215386350643  0.00092377307972586  0.00094534786916162  0.00096655103480581
  0.00098812262076156  0.00101068657356274  0.00103457655777208  0.00105988431276255
  0.00108628727876885  0.00111298649766391  0.00114018993223219  0.00116697564752580
  0.00119551295938217  0.00122518204838161  0.00125509836619399  0.00128517550394501
  0.00131594935805926  0.00134895128308876  0.00138523029559774  0.00142307522274703
  0.00146270790595711  0.00150339540980803  0.00154521594438958  0.00158784862088420
  0.00163241851687266  0.00168028300753034  0.00173092942242340  0.00178357668829323
  0.00183884931822971  0.00189561325432420  0.00195359743746445  0.00201558106853803
  0.00208236444354294  0.00214908199617358  0.00221815542765130  0.00229304038177150
  0.00237312900619730  0.00246144508357710  0.00255208267899639  0.00264774715175893
  0.00274875880454721  0.00285885071301622  0.00297738817015890  0.00310435782149257
  0.00324156343356818  0.00339318382823210  0.00356226767984285  0.00373809213194285
  0.00392436767372974  0.00412641638191593  0.00435512997859070  0.00461968979204975
  0.00491457492499450  0.00523672550222042  0.00560008229667429  0.00602466581619173
  0.00653810738800201  0.00715379355076532  0.00788425297742014  0.00876739532040681
  0.00995593567065751  0.01160122877407455  0.01396319056063877  0.01792169463096880
  0.02651192066888397  0.11534186028255500  0.61519201518726163  1.00000000000000000
  0.00034304087763123  0.00063622060797367  0.00080245089667075  0.00095684508075382
  0.00109663743237874  0.00123335623342820  0.00138299875515678  0.00155394928340772
  0.00173424648814821  0.00189510475776689  0.00203329108443251  0.00215978189272077
  0.00229417088665014  0.00244155177879624  0.00259868121605478  0.00276367828989843
  0.00293561128237704  0.00310226247184619  0.00326375112476100  0.00342641093170607
  0.00358848827171099  0.00374944730723445  0.00391270629790796  0.00408173131194565
  0.00425632237718539  0.00443125608393117  0.00459794001657493  0.00476700454862655
  0.00494398190661825  0.00513005828260028  0.00531689142441321  0.00550790408864791
  0.00569928512106916  0.00589773082709974  0.00611650704631636  0.00634315155032214
  0.00656027363572829  0.00678988591956574  0.00703108028538108  0.00728453037012614
  0.00755696325370304  0.00783283227180276  0.00811893662071839  0.00842952699422801
  0.00876197745785958  0.00909118456865071  0.00943135506550870  0.00978667904805998
  0.01015980781076248  0.01055573301905317  0.01097448428783478  0.01139987891333585
  0.01183420370478168  0.01227554454713293  0.01273128813589149  0.01320106521364411
  0.01367689754322526  0.01416864044590288  0.01466549643080204  0.01518722486123975
  0.01573537663995735  0.01631611041044790  0.01693214989723772  0.01757780513556262
  0.01825658597230899  0.01900683871201023  0.01983245361221981  0.02071663958594833
  0.02165170394844382  0.02262240099349969  0.02364115886376002  0.02470853238469335
  0.02584772920596904  0.02708673007244367  0.02837803121197255  0.02966606011209356
  0.03095057479452752  0.03225251958674798  0.03363233640336322  0.03511908086371779
  0.03670156397824970  0.03838360301559317  0.04024163408838584  0.04235954444155037
  0.04477180382291508  0.04752269920869655  0.05049747757684993  0.05370968660486374
  0.05757812670956183  0.06246635559137400  0.06927690732832611  0.07724778284860394
  0.09339349735107448  0.21085196979296755  0.64251885508025430  1.00000000000000000
 -0.00960100527051686  0.04344156599927104  0.08013280993654689  0.11123425770263023
  0.13833034489942170  0.16258602932869551  0.18409646076787725  0.20242446683170812
  0.21830249686602821  0.23260739351154502  0.24590313831725688  0.25795199948661479
  0.26894258765078766  0.27918224437562716  0.28891246479612165  0.29838885865915227
  0.30773627633424017  0.31698541785138573  0.32599145563741905  0.33432121324850483
  0.34218385602460183  0.34977718003424429  0.35717116309617908  0.36439290976537719
  0.37144290728343188  0.37802293632428929  0.38432343280810993  0.39054142313994072
  0.39682160156279545  0.40254589583156586  0.40810927821545268  0.41344864797939795
  0.41867866426300215  0.42378896755293149  0.42935126085536679  0.43503959707543655
  0.44054827944916675  0.44592957267383421  0.45116077303605334  0.45628595267550132
  0.46171771300330144  0.46704905556274962  0.47240832986356468  0.47759052036075034
  0.48279020331232542  0.48808808606319509  0.49357294663014251  0.49905304140423951
  0.50437681301147674  0.50958729175590034  0.51483708511099058  0.52032083746431768
  0.52588578254067253  0.53144264526312501  0.53701795873478908  0.54250755436055442
  0.54788243577263174  0.55317728037252112  0.55845317665749317  0.56382059607737833
  0.56935839832588708  0.57511273849649014  0.58092953726895069  0.58679909588868628
  0.59273318262711983  0.59877661689949957  0.60500224070733022  0.61139697502205903
  0.61813383416146706  0.62501818865749093  0.63186662162686258  0.63856553358843982
  0.64547344792587535  0.65266515592842178  0.65997156755827846  0.66740446643500395
  0.67527696391389092  0.68345837508603990  0.69191451558937822  0.70100115990502321
  0.71061188077231274  0.72060008871714731  0.73069574706669849  0.74099085908573503
  0.75190371780373688  0.76325677755589216  0.77562154247074599  0.78881083567996346
  0.80400489789975826  0.82139876140082535  0.84227504314709389  0.86557391596591671
  0.89018767327006498  0.91753406295591178  0.95269427185332556  1.00000000000000000
 -0.00213015734462945  0.00860579375728146  0.01905233442790255  0.02952109566563171
  0.04058480936090613  0.05161608174536952  0.06282194076018224  0.07405119551708478
  0.08522781813868602  0.09665903744595676  0.10817743916290236  0.11967252398881181
  0.13080399668124243  0.14141451643904604  0.15175391203494629  0.16218235489138499
  0.17300336630925270  0.18398713166174130  0.19496814939830343  0.20570763506331788
  0.21640527157040143  0.22700150411951131  0.23781068410887296  0.24861727937118644
  0.25933870168597595  0.27003905698011477  0.28087347921605488  0.29174195294109451
  0.30261535981381932  0.31322124389306066  0.32366736542717067  0.33432012543064982
  0.34511782621307424  0.35551768175782855  0.36542805126547995  0.37557419347714815
  0.38616942337124155  0.39714323194108780  0.40806633410124299  0.41868165613670183
  0.42888782067681780  0.43869028349511907  0.44820604274935744  0.45740808104718461
  0.46654430816031794  0.47588553868728783  0.48575730021136110  0.49599081354299968
  0.50616252663794969  0.51623746452961350  0.52582508267965344  0.53663547595236349
  0.54719668895355322  0.55791327349324249  0.56905228283697273  0.58000742396472116
  0.59029679700556914  0.59989044524422364  0.61002052792015815  0.62064475313122891
  0.63118432871774466  0.64177404339467325  0.65224837624699272  0.66335490384600060
  0.67421002317701895  0.68539070301494198  0.69641379902244382  0.70742970014082218
  0.71819647250272423  0.72902204731040898  0.73936017831597178  0.75009730865003721
  0.76085657005536933  0.77220826183993196  0.78335181736710102  0.79388908068059494
  0.80398309276897062  0.81399110318543166  0.82429035706231601  0.83449998808405246
  0.84478553770441889  0.85509213525034267  0.86550603404656345  0.87540834453873684
  0.88514391456225994  0.89501325994092407  0.90491024361180761  0.91468960109342468
  0.92458099834054397  0.93536348844940664  0.94669777331441385  0.95839382744612078
  0.96989032342032611  0.98104820297229622  0.99092652439697593  1.00000000000000000
 -0.00260886098043161  0.00984095066674310  0.02050497950011219  0.03110721933719946
  0.04148425941640414  0.05179817027047767  0.06168777189199687  0.07198581467459868
  0.08208050599814314  0.09302896158470990  0.10367001938381028  0.11449042517218827
  0.12583395514884430  0.13710878003671115  0.14768937734796067  0.15828471226656060
  0.16845172868222844  0.17755588641193840  0.18777087894244465  0.19778880436818966
  0.20794838229339080  0.21765612732485390  0.22732021347614015  0.23711579626632356
  0.24737746031905100  0.25831868402183494  0.26998123135094804  0.28128643684587945
  0.29219353228805406  0.30294092511845389  0.31368582478070156  0.32433643549343810
  0.33485716191320075  0.34581162623218470  0.35687921858269339  0.36791391047098115
  0.37957094286780352  0.39128274842907973  0.40216668851861015  0.41265792775909771
  0.42325828773980478  0.43385764658488263  0.44453417722991728  0.45496106652587975
  0.46537880448760244  0.47537262847895484  0.48534749315844894  0.49543250256740401
  0.50554733211043923  0.51545012534323387  0.52584367212269179  0.53691948341641837
  0.54832451407329430  0.55985395866286680  0.57145027827910844  0.58311008809457254
  0.59439624986564910  0.60544555308025494  0.61609102490701484  0.62658283494086231
  0.63708853271977073  0.64781392781913905  0.65843280782118196  0.66887931343523677
  0.67919123858571884  0.68951745272884735  0.70020268697328492  0.71121927365404514
  0.72224826927544405  0.73303379361241905  0.74342585498263103  0.75385434926746175
  0.76450697031076498  0.77532222819097185  0.78600646224426718  0.79650579338709859
  0.80704774768612342  0.81752189344459880  0.82776019561711456  0.83774986758219527
  0.84761376444304215  0.85749202437508631  0.86748255997814760  0.87764400726052516
  0.88777622292308078  0.89804640864790342  0.90820151282469830  0.91866697875057179
  0.92901570611133599  0.93936698594386658  0.94907756793755038  0.95919455340114390
  0.96957157978724140  0.97990648775624867  0.98996995590924042  1.00000000000000000
  0.05974308577510425  0.06107889410279616  0.06212279652823638  0.06329739290538412
  0.06464306331610574  0.06602782718798100  0.06742310204819209  0.06881752140774007
  0.07022930040829480  0.07167320204076087  0.07314093768764220  0.07460729852819267
  0.07605307322631112  0.07749213656899576  0.07895381011375192  0.08046435106164664
  0.08199434309275953  0.08346180362094528  0.08487424489806168  0.08625380432971215
  0.08763766555357287  0.08903261842852593  0.09041248635078791  0.09175840089770797
  0.09308817190056741  0.09444336054571419  0.09583560130512615  0.09725394350703256
  0.09871108278914890  0.10017793865976395  0.10163423088679829  0.10307020305110556
  0.10450741226010028  0.10594961445873768  0.10738434738450478  0.10881899587400873
  0.11029780536487699  0.11181031545180939  0.11332429137032476  0.11483141297889636
  0.11635855502696860  0.11790532990722741  0.11946904006169588  0.12106214819159311
  0.12266625765931943  0.12427260795288313  0.12587827353373790  0.12749050436519374
  0.12911482488235407  0.13075221304510812  0.13238222147897816  0.13404509719299401
  0.13574510819664096  0.13750714835529135  0.13928679112563180  0.14108939984921448
  0.14288478484754472  0.14461220001490124  0.14637694986404565  0.14823117009553799
  0.15009735923109138  0.15193705555614778  0.15376097183768553  0.15562698438045414
  0.15746715867350183  0.15941019547277169  0.16146810021092228  0.16373235169288508
  0.16608729349305484  0.16837962042089610  0.17072468841326141  0.17317919285084274
  0.17577628070985205  0.17842144839549104  0.18126781654623578  0.18418761502169645
  0.18731997434964265  0.19057156898411035  0.19388643413651571  0.19720930882195392
  0.20053330988482448  0.20404068118502477  0.20773120606736412  0.21147910687478713
  0.21523253477545118  0.21932696119567691  0.22429028615386598  0.23036011199469111
  0.23679338288593371  0.24385873413205097  0.25179722754714384  0.26042555751017876
  0.27012847031539555  0.28435609463537181  0.31835335044795954  1.00000000000000000
 -0.00187574187036588  0.00672468226951647  0.01439771097048011  0.02229336286835119
  0.02998026202691737  0.03756378138686042  0.04539729886135576  0.05341785620024612
  0.06120638414668166  0.06870681030360160  0.07602119647869762  0.08346466540724876
  0.09141201315144509  0.09941624185083994  0.10741593743789060  0.11531333362483669
  0.12320090699047888  0.13126587983885238  0.13961438266791454  0.14818757537429866
  0.15692402307607492  0.16571958977584544  0.17420681318656675  0.18296045066794342
  0.19208812440279652  0.20129182172866875  0.21016186581187796  0.21901711509322028
  0.22826740563013564  0.23837129554330980  0.24871442997699841  0.25902944521229160
  0.26917577890196398  0.27946821925428622  0.28959757193828017  0.29998588170881690
  0.31121479284976394  0.32395365321516206  0.33671070140436626  0.34886433487359880
  0.36252339544731293  0.37629351240783587  0.38942027862660128  0.40303993140157712
  0.41826491797388055  0.43346118995311600  0.44903870692045716  0.46663277047371099
  0.48571554853255244  0.50421997719140610  0.52173789883705957  0.53851268685340836
  0.55490484047800126  0.56937333235622156  0.58385320312867628  0.59958824970934543
  0.61460999463380284  0.62914362463671381  0.64439862193260378  0.65966230460693687
  0.67400084437128027  0.68755422921425691  0.70029007616784711  0.71262486607077813
  0.72466473634576833  0.73629319605046384  0.74657494659794610  0.75672688253091269
  0.76635613663374602  0.77567005359923979  0.78453163916302970  0.79326384592809207
  0.80250039842543108  0.81161146279861396  0.82032988508349958  0.82906712109376057
  0.83777514245158791  0.84654894239418255  0.85541666708414787  0.86439987361880921
  0.87344580375518788  0.88232849877238562  0.89109177847678467  0.89987023020655776
  0.90871290809301941  0.91752665607436645  0.92617512480123043  0.93463292655227648
  0.94299885216632162  0.95134585309542052  0.95962689661669442  0.96780263247047638
  0.97595448569330401  0.98398450173001817  0.99187467479022473  1.00000000000000000
  0.13023110300980709  0.19411786923402047  0.21953045700929605  0.24023275472697583
  0.25507000455934786  0.26853594729481756  0.28169306693089852  0.29337402662336870
  0.30324798364854250  0.31227400536196409  0.32078344945020232  0.32886483715631265
  0.33674828538284307  0.34462423159640060  0.35289679148912778  0.36097389629364934
  0.36891750728797956  0.37634231132304674  0.38307822742093484  0.38936944386891997
  0.39549119983992526  0.40140561787982609  0.40729015388398787  0.41324234236435448
  0.41920374060712745  0.42514305009222614  0.43091554436446849  0.43636631098440287
  0.44162392311063098  0.44683210934541950  0.45205471445432360  0.45727635490269047
  0.46251099124028339  0.46770214101441487  0.47263262712727566  0.47733044156051857
  0.48188070444852377  0.48635789843081617  0.49093046912996796  0.49558607989670095
  0.50012620203764013  0.50468500938963534  0.50931326426970591  0.51396246728529782
  0.51846286062186875  0.52274181782114804  0.52706802385564988  0.53135435093905048
  0.53575592573895681  0.54024808207252029  0.54491242603981704  0.54952852110900841
  0.55407679593799031  0.55852644735209955  0.56288485566799884  0.56714579210986305
  0.57134711184772369  0.57548714206527896  0.57967240443246071  0.58378495080420667
  0.58785930528076902  0.59187672689074966  0.59604642872687008  0.60033718888312304
  0.60475579210760022  0.60915359034307481  0.61350803671277621  0.61796177625304127
  0.62243230479331857  0.62723212622096203  0.63232036677055814  0.63747051308722291
  0.64261418774463774  0.64774851167833336  0.65285229158646252  0.65807667381771473
  0.66358460943411313  0.66918900700816220  0.67474638560223399  0.68023409070266794
  0.68571589628685048  0.69135100868549915  0.69727001453606485  0.70362312381584002
  0.71048670159302596  0.71792334039065309  0.72577204511028537  0.73429500500360323
  0.74352744943089755  0.75345961260491345  0.76399703171402789  0.77566581934098500
  0.78981488493617957  0.80907479232692037  0.84378777007018990  1.00000000000000000
 -0.03876787204666917  0.17283587749396473  0.21463537108338510  0.23822748299359872
  0.25628299794545734  0.27127500600551857  0.28415623008057050  0.29528312866389639
  0.30550071870493245  0.31489989557789111  0.32390780367999250  0.33240001741640990
  0.34037755157238658  0.34780159332159566  0.35441414461014598  0.36063428170272160
  0.36663009483253856  0.37242796452759241  0.37808312934024785  0.38359109493479560
  0.38895958131517128  0.39424560607583725  0.39923720931441958  0.40393041054018725
  0.40850573693626374  0.41289169482600713  0.41714794495738722  0.42130755940646675
  0.42533047430317278  0.42928738621020618  0.43320876851777901  0.43723962927406484
  0.44135937751049192  0.44544520447019731  0.44947651503819080  0.45340277332654316
  0.45733126817630826  0.46131485547803680  0.46533989266448450  0.46941777920552191
  0.47337125605935587  0.47731215104450486  0.48100617273596774  0.48469854325623207
  0.48842456300410614  0.49217688638179302  0.49594077164690958  0.49980325155404309
  0.50374862873179371  0.50771515521058397  0.51166776766223110  0.51561741173408981
  0.51951463607090109  0.52331173581569856  0.52705092062122449  0.53081477995657333
  0.53465846858742205  0.53854294344727416  0.54248578570658101  0.54636798107180684
  0.55034178022557356  0.55447494432675593  0.55862323802462654  0.56280031071686065
  0.56709337033565055  0.57136938459788178  0.57562248606889810  0.57985276360605686
  0.58404337826125752  0.58819614430404987  0.59241442737688899  0.59663730717291463
  0.60103487555028789  0.60557918480817452  0.61037774135512513  0.61522653648962899
  0.62027531678140047  0.62574989365112788  0.63144322387609186  0.63706900834648839
  0.64254954046868173  0.64839195325456578  0.65468031150156458  0.66124036242472894
  0.66831157005533737  0.67622255652064656  0.68503755449083592  0.69490418232710849
  0.70571076302030422  0.71739325756465566  0.73012544210629671  0.74400933712516082
  0.76059407042923710  0.78466248585139708  0.83106512616780392  1.00000000000000000
   2.8319310791342833E-012  -1.0000000000000000     
 F F F F F F F F F F F F F F F F F F F F F F F F F F F F F F F F F F F F F F F F F F F F F F F F F F F F F F F F F F F F F F F F F F F F F F F F F F F F F F F F F F F F F F F F F F F F F F F F F F F F F F F F F F F F F F F F F F F F F F F F F F F F F F F F
  <DiscreteSampler_grid>
  grouped_processes
  1 # 1 for a reference and 2 for a running grid.
  10 # Attribute 'min_bin_probing_points' of the grid.
  1 # Attribute 'grid_mode' of the grid. 1=='default',2=='initialization'
  0.0000000000000000 # Attribute 'small_contrib_threshold' of the grid.
  0.5000000000000000 # Attribute 'damping_power' of the grid.
 # binID   n_entries weight   weight_sqr   abs_weight
    10   10   1.641777257409525E+001   1.038727770393340E+003   1.641777257409525E+001
    16   10   1.641777257409525E+001   1.038727770393341E+003   1.641777257409525E+001
  </DiscreteSampler_grid>
