  0.00004615632152886  0.00005172810658991  0.00005532267004924  0.00005909817341824
  0.00006285462777070  0.00006648983687854  0.00006985025631122  0.00007315375735918
  0.00007684927829097  0.00008084859360163  0.00008544864794946  0.00009018139320904
  0.00009513741764712  0.00010017744317283  0.00010543303120400  0.00011070673997326
  0.00011645126941687  0.00012259499200999  0.00012894648166396  0.00013520884308587
  0.00014141810289738  0.00014764840861058  0.00015395294238328  0.00016048762335146
  0.00016719018637154  0.00017405551758086  0.00018059883747280  0.00018718353710951
  0.00019433804018125  0.00020192770724908  0.00020981397721820  0.00021830714852222
  0.00022786640303716  0.00023755935401523  0.00024864214631244  0.00026059019272902
  0.00027237653049035  0.00028405613816244  0.00029592389692961  0.00030785367549277
  0.00031980300238479  0.00033190076648548  0.00034379481711965  0.00035629468037083
  0.00036915364417388  0.00038263970589100  0.00039697478453627  0.00041335775259371
  0.00043032984901880  0.00044766044590685  0.00046535237595391  0.00048310679506105
  0.00050101668630838  0.00052039615334532  0.00054074498087858  0.00056105673619698
  0.00058097366685982  0.00060157046615510  0.00062244629732929  0.00064418667755033
  0.00066833445400595  0.00069402054633805  0.00072081684967755  0.00074855927778140
  0.00077731842283181  0.00080563570652965  0.00083487029685073  0.00086863072108899
  0.00090384784170454  0.00094174866471606  0.00098284405436571  0.00102644428007493
  0.00107361715282960  0.00112591520313261  0.00118352809442429  0.00124651527427283
  0.00131556455635294  0.00138887693231084  0.00147189514656314  0.00156688739643424
  0.00167490708232643  0.00179212176276405  0.00192241052772591  0.00206614877801061
  0.00223021039046632  0.00242771686604596  0.00266207931726877  0.00295015950209758
  0.00330467558089898  0.00374855176119793  0.00434528006483045  0.00531524902374414
  0.00735195142871454  0.01208299990075609  0.15565790731719797  1.00000000000000000
  0.01648044243494173  0.01758719706415764  0.01778797920589444  0.01795455257009295
  0.01814745851523645  0.01835307246168264  0.01854871942442036  0.01873990471048978
  0.01893813484500672  0.01914757334218301  0.01936319374863660  0.01956227202213568
  0.01975176848405165  0.01994229670079671  0.02013673321555921  0.02034195889205386
  0.02057508499354082  0.02079707369381738  0.02101772478492095  0.02123820615974889
  0.02145108222521345  0.02167092686386982  0.02190406810443780  0.02213696241374222
  0.02236313887149149  0.02259360599008296  0.02283624605685974  0.02308433167882359
  0.02333654739890261  0.02359429688451222  0.02385935670064202  0.02413260387651398
  0.02440416216583008  0.02467153576630838  0.02495764548834457  0.02525970547700060
  0.02556936201953510  0.02588406404137976  0.02621549976745163  0.02656746942997572
  0.02692943422650690  0.02729108098992173  0.02765045881215395  0.02800653953254583
  0.02836718071370570  0.02873986555308945  0.02911962010293260  0.02950422040944251
  0.02989818484784895  0.03030883150820152  0.03074641044235882  0.03119745612141989
  0.03165274755027680  0.03211288432330640  0.03258084742402326  0.03306424687409065
  0.03357784237143945  0.03411776698028393  0.03466950003556905  0.03525298552758088
  0.03588366980836711  0.03654807008479497  0.03724268233015964  0.03796453896581841
  0.03871608247451406  0.03951310291720159  0.04036127333508226  0.04125774317051022
  0.04220711984736764  0.04320766532896636  0.04426339000322826  0.04534466899075765
  0.04641911634853555  0.04754117055680650  0.04874465360942991  0.05001012746385840
  0.05133001717428749  0.05275410718492906  0.05436743659881159  0.05621217494369544
  0.05823110957888115  0.06037083081718467  0.06262981649448549  0.06502642785764999
  0.06773489694685546  0.07101543649265935  0.07507342131592358  0.07988287988584004
  0.08504415083589505  0.09084998371268571  0.09855411165814124  0.10986353174077405
  0.12895803136814110  0.16561220882819963  0.77308412086715239  1.00000000000000000
  0.00181167095392981  0.00436073399219507  0.00589864326146231  0.00703263762654824
  0.00763291646938236  0.00820216471167399  0.00873896178545424  0.00923575677491008
  0.00971249177735298  0.01017951298936887  0.01062963252643478  0.01104811242395311
  0.01145415565658957  0.01184568977279263  0.01222156317496417  0.01257775451932154
  0.01291838450974925  0.01324788134172546  0.01359012702998457  0.01393992463456303
  0.01427795557924315  0.01462148605322937  0.01496548733109853  0.01530851358285708
  0.01564571727142448  0.01597540944890053  0.01631954019155258  0.01668175979720959
  0.01705677983804240  0.01743529050034036  0.01781921938819713  0.01820669681715452
  0.01861760799191670  0.01905452247999719  0.01952023027461666  0.01999956030805542
  0.02046099959130345  0.02093254380551212  0.02142589196870284  0.02191465883684083
  0.02239575174140985  0.02287298964273561  0.02335414006886299  0.02384861996667456
  0.02436220415196761  0.02487997548846260  0.02539592076237865  0.02593445872590958
  0.02650512760800354  0.02710976788969520  0.02773870368586123  0.02837494957626797
  0.02900712082242903  0.02962777276282026  0.03024203704288083  0.03086006658801755
  0.03150527631738020  0.03219557079929268  0.03289641043021580  0.03358447999395735
  0.03429080494324949  0.03504083862036421  0.03584070258685037  0.03668463824687332
  0.03755918467146439  0.03842425480878650  0.03935747655793895  0.04029098887619889
  0.04133236024215279  0.04239014421041041  0.04346995218455592  0.04456297021009037
  0.04566989527356046  0.04679969596637040  0.04799254703193416  0.04924579550611551
  0.05055466135319623  0.05197042256921919  0.05348579182670081  0.05510325528298634
  0.05683661393901305  0.05878964572741954  0.06096776482843524  0.06330045818714057
  0.06604146349747186  0.06908263673787425  0.07231091783297827  0.07626777455009236
  0.08125414983112496  0.08751415041087396  0.09562389003503755  0.10515172929239228
  0.11655148880491013  0.13343936015829294  0.67721935326281357  1.00000000000000000
 -0.00160145067687921  0.00678501263746713  0.01379117576561652  0.02132263123619437
  0.02925684266879301  0.03718579456184130  0.04549488791173668  0.05489534232960726
  0.06463838422919417  0.07451220965541173  0.08468097373295486  0.09477418062318406
  0.10506559977768853  0.11627766612575857  0.12740127519971187  0.13850592494201594
  0.14927071184557542  0.16048925242070111  0.17175153727475939  0.18370397549266101
  0.19647214412713424  0.20916246813056560  0.22074131899790006  0.23151601348625192
  0.24181821053154548  0.25220957068886329  0.26266279355024580  0.27309911835630024
  0.28325075988996917  0.29381498050863758  0.30529449331482628  0.31740524649307367
  0.32952465275473053  0.34124630275020684  0.35240387169382953  0.36313568755049147
  0.37398428165834025  0.38527561111684649  0.39644844729169149  0.40698556785166573
  0.41719076108984249  0.42749413874766257  0.43786555691986251  0.44819076494532850
  0.45881458036737460  0.47017398543100197  0.48192161296863351  0.49356252741209067
  0.50494807291217281  0.51631946488394187  0.52763298589500274  0.53847194033074097
  0.54907485522861965  0.55969174053542470  0.57034235138382516  0.58129337434633055
  0.59264884737525048  0.60446593211941901  0.61601429572803190  0.62763567441359103
  0.63940364114060233  0.65103673063772205  0.66254918022975018  0.67387741308217119
  0.68490761018912416  0.69598724831439429  0.70726816853949503  0.71895240855759057
  0.73099036369427262  0.74335381583416582  0.75595542770942648  0.76866068985212033
  0.78114128994730192  0.79294755056600030  0.80405470053774719  0.81475623427254928
  0.82546196272687622  0.83627546146475229  0.84691369319495646  0.85724734958996796
  0.86743240711830749  0.87762349607177592  0.88786975248470823  0.89819349654744096
  0.90822632601223230  0.91723576231266679  0.92535894960977416  0.93318689435480318
  0.94142590733863241  0.94982818673038594  0.95844261562396282  0.96643295522361294
  0.97430130588684150  0.98266692857357052  0.99138097515010815  1.00000000000000000
 -0.00217452842792902  0.00878996202282327  0.01897719719711170  0.02986703880793749
  0.04102251391045356  0.05196228894210699  0.06267035750079583  0.07298157992333985
  0.08343320579516406  0.09388792327069430  0.10486250480689401  0.11644893722255616
  0.12843557025897723  0.14019277732893873  0.15166118746412274  0.16261469649918561
  0.17336543836914867  0.18401400773694448  0.19507074107383604  0.20638103567024543
  0.21821422770512361  0.23041924411103049  0.24232328273781623  0.25350537302529025
  0.26406958296998140  0.27450276872270329  0.28482807893074202  0.29474669103806622
  0.30428692702013582  0.31398784315410572  0.32446182309595084  0.33602897492929801
  0.34813226886716542  0.36007983143800659  0.37142932116849608  0.38181509569372479
  0.39176153757422127  0.40107988019349949  0.40982007328362619  0.41845730343116938
  0.42711057342703640  0.43587428679244727  0.44510043819669931  0.45460175428733390
  0.46499165304696921  0.47575991098242360  0.48615802714977885  0.49640542398947379
  0.50668987194925441  0.51702014716343114  0.52755331714317044  0.53809093819394849
  0.54842840363811696  0.55863420771511674  0.56905368029513714  0.57942930243494695
  0.58944951447206018  0.59965833324065476  0.61063936133373709  0.62262418247796358
  0.63399394465692505  0.64546958138866650  0.65623863553468698  0.66671518043830980
  0.67645133139433700  0.68625838836619490  0.69629792315366112  0.70676321999827108
  0.71786399677476764  0.72940661690809694  0.74148724040635816  0.75327647574563950
  0.76491470804360384  0.77617961363757815  0.78691810716855815  0.79741526209394054
  0.80739627287229132  0.81713073753997101  0.82712182100162213  0.83745507078667791
  0.84813168811308992  0.85876131823621282  0.86957469665447806  0.88029340241754206
  0.89075168824769579  0.90102067881496650  0.91096320930229546  0.92087870384872905
  0.93066426337988217  0.94044987955539960  0.95019477267252450  0.95996288160899024
  0.96977347239464140  0.97986896320183459  0.99003079684596540  1.00000000000000000
 -0.00653520121634202  0.03462297149735870  0.06582124904900614  0.09390155875820994
  0.11744718105574457  0.13687103809084961  0.15550508730777668  0.17230445294127103
  0.18803488184841749  0.20381364789093442  0.21922254150471437  0.23359616668461264
  0.24626268966216419  0.25752876622009790  0.26767010286584103  0.27702961939880866
  0.28617418166440034  0.29513333567772343  0.30347794005615691  0.31123493213705461
  0.31844626128455439  0.32545356130576897  0.33247928720626685  0.33949923586059017
  0.34637190656939576  0.35296250059343304  0.35899707343772802  0.36479534774684852
  0.37043526627642670  0.37615295867863718  0.38197166108850472  0.38781084018660561
  0.39348543654437940  0.39909231880623930  0.40464474766409259  0.41014067472816418
  0.41548884728427210  0.42097330544107764  0.42656455077345551  0.43208370570061111
  0.43746155695634192  0.44258803852524897  0.44749895212039525  0.45248497122187825
  0.45765425481615624  0.46287773989769537  0.46811683435649454  0.47332443930952128
  0.47844988187664428  0.48369507308670223  0.48902270972932099  0.49433116591025211
  0.49964419608180755  0.50501732025448165  0.51061501124259412  0.51631971551192313
  0.52210154236730355  0.52793233323093536  0.53369263120152766  0.53954093572826112
  0.54538307878030134  0.55118425702891227  0.55691883251549890  0.56262361362442626
  0.56848033169496603  0.57456528003729779  0.58079186433417496  0.58712074679064230
  0.59346040320813942  0.59994727145509508  0.60670457290577207  0.61350861081862340
  0.62051665430128300  0.62756626028049400  0.63546821036875356  0.64332645062049842
  0.65179332456649208  0.66050076795316437  0.66947431232692223  0.67858782225422032
  0.68806493113279932  0.69885975537337330  0.71044465794751710  0.72250615158215559
  0.73533938012104205  0.74906840716267842  0.76362286619717434  0.77885178509549668
  0.79583179932590065  0.81484252914883315  0.83656860455928417  0.86064085694322079
  0.88592443188697778  0.91550135338170602  0.95591417258406475  1.00000000000000000
 -0.00283762826055887  0.01050184741760765  0.02135539699754194  0.03127123951283926
  0.04112981668801730  0.05116668690108855  0.06122713466519112  0.07056973508155873
  0.07986179635602174  0.09000433660968016  0.10049528252289394  0.11079916892590105
  0.12117439978160559  0.13204903271308591  0.14356346180468843  0.15511513832405074
  0.16653028163916911  0.17790463755823577  0.18941925229368783  0.20072548730550352
  0.21163267179122072  0.22213331415927373  0.23261581387109295  0.24303765551054862
  0.25279342840868640  0.26245957191484354  0.27205153697881540  0.28160734434787116
  0.29109095903793192  0.30080201651311772  0.31066654823745976  0.32015524146443297
  0.32929408956821016  0.33885766961684066  0.34938764412979778  0.36045009847825765
  0.37159197061513316  0.38278335795059854  0.39360507596658217  0.40385362953856874
  0.41365584455999316  0.42336846653503257  0.43334447557802763  0.44297010180766444
  0.45232257174791463  0.46183402340737240  0.47194798290860146  0.48250505577495284
  0.49302848430263924  0.50353724308291081  0.51376435768272932  0.52409431580852150
  0.53443640009056692  0.54525289739288119  0.55618215854904529  0.56637407757633629
  0.57642455193690734  0.58689628793745463  0.59820121998715647  0.60949345176999326
  0.62088808519020344  0.63215332041685435  0.64369009212315931  0.65476367316094775
  0.66576531632936087  0.67630932413277300  0.68658368089444988  0.69720159248018554
  0.70789214870083850  0.71801733338564744  0.72786362366812041  0.73837703074098204
  0.74942007502908936  0.76025580799645343  0.77122644839919896  0.78306856849216155
  0.79480464673083095  0.80568184236388474  0.81655978004416685  0.82793476221977380
  0.83967605002911638  0.85116331322767036  0.86214263348581477  0.87302995647449277
  0.88519480307639553  0.89642161391732877  0.90609241631825799  0.91557876865697874
  0.92537245872177198  0.93519160218976882  0.94472358995632655  0.95479402035591998
  0.96617808747187894  0.97765999444775864  0.98889062258555382  1.00000000000000000
 -0.00197897859855310  0.00867231744846701  0.01831042652144001  0.02791514134520438
  0.03774473141164224  0.04817670610548991  0.05929545545027733  0.06996090598044540
  0.07987313126948313  0.08975203060835513  0.09983760598146854  0.10982276421186356
  0.11934493229582906  0.12906847099559407  0.13952705460672646  0.15020886048494292
  0.16076788323050772  0.17148594658301677  0.18269536988732418  0.19424650758200665
  0.20579367057753387  0.21740108453090695  0.22932738381181084  0.24085340590969762
  0.25206223867313415  0.26275522840847954  0.27299501664888437  0.28325073328173489
  0.29362125203543316  0.30400389931923649  0.31400372442460167  0.32395109327204380
  0.33413475141466537  0.34472018642397362  0.35541822069480677  0.36613810238157213
  0.37720874553189698  0.38865180666107318  0.39983968911380185  0.41069776694756094
  0.42152021157476915  0.43230342389931303  0.44329141122662058  0.45374181209416831
  0.46438277227902475  0.47496675116407261  0.48494328700096234  0.49428871474262742
  0.50347756238390340  0.51278118276762419  0.52213953487380205  0.53138206657395071
  0.54071013964971748  0.55044690577116528  0.56049947015810597  0.57091940018036613
  0.58167268197660960  0.59279298239404310  0.60372935694182217  0.61409468859937744
  0.62425344510649572  0.63430018655475895  0.64470998961605608  0.65495630784211323
  0.66576497432486914  0.67644670710387333  0.68708085573946143  0.69723843450828460
  0.70762899512378752  0.71884498590875656  0.73046934249862538  0.74209402976816519
  0.75364158107396528  0.76499340170513674  0.77635142914468813  0.78756635921826235
  0.79842306165280641  0.80891456948290397  0.81921524354899933  0.82952410547499633
  0.84009162593764319  0.85077079570707181  0.86149145863962839  0.87228062678411689
  0.88304191046607827  0.89404406809265480  0.90475544162919963  0.91515393463627415
  0.92547332033944540  0.93586671125336862  0.94698837629830190  0.95790310567062575
  0.96848766099815375  0.97935422431960539  0.98980557909630296  1.00000000000000000
  0.07948675073169334  0.15162488411643918  0.18089018712936147  0.20108758582747011
  0.21643920769527319  0.22940948752053958  0.24142778627202108  0.25270185570004611
  0.26364027571791315  0.27360212309701282  0.28309362990100384  0.29158464014595536
  0.30027352823721876  0.30893814982697071  0.31742185478079826  0.32564724693069524
  0.33372704725736940  0.34149554802392268  0.34912230968864122  0.35630990749852964
  0.36293556116141606  0.36927107201136822  0.37538580490914025  0.38128624410971673
  0.38716563417774374  0.39312318051343215  0.39880488966943384  0.40395519877151476
  0.40890700499387123  0.41376713259407610  0.41860787177040693  0.42349736838401225
  0.42847441307964551  0.43341333620357658  0.43824542630905394  0.44283842963654452
  0.44744604649886477  0.45217456971344100  0.45706444861283002  0.46214882353249281
  0.46729498964930738  0.47232157549563952  0.47719386960402316  0.48194372796497315
  0.48664882761113615  0.49129649980669732  0.49592640318577497  0.50063341944072359
  0.50554449268331880  0.51059595721868356  0.51568175777699621  0.52055408802630110
  0.52536052411527134  0.52995989223307283  0.53458605748179067  0.53921148923163598
  0.54389392893318544  0.54860360232096761  0.55320942379720417  0.55774519027170866
  0.56223267186171277  0.56660158219724366  0.57102737604747733  0.57555356808345792
  0.58002230795913978  0.58461077953011420  0.58941940948861249  0.59448378272797253
  0.59969164216590898  0.60501280677530722  0.61016793757155730  0.61532780994125713
  0.62051830870163482  0.62571699624928845  0.63129266836075615  0.63692378835130325
  0.64260804946857697  0.64828518344614716  0.65416584655593113  0.66003576249904183
  0.66631585081858846  0.67310264250319907  0.68023269890452986  0.68771319036687328
  0.69561187368580846  0.70391182041882960  0.71255345277800852  0.72155663284192495
  0.73116367775041080  0.74176224254639866  0.75395681478139387  0.76841059534268941
  0.78584564587871542  0.80803526542438753  0.84607476624578370  1.00000000000000000
 -0.03161014027982710  0.15846081589718405  0.20380363461301923  0.23053963886861428
  0.24917681011708395  0.26380612234646417  0.27654470575763340  0.28783158514701607
  0.29811764288883691  0.30772077488987820  0.31671901693425974  0.32502342262227896
  0.33269695515841374  0.33993273203795576  0.34686072748971353  0.35366579519422836
  0.36015799863873871  0.36631393767000486  0.37221013740947650  0.37770732088198405
  0.38288155431871301  0.38791265671507646  0.39296465177537188  0.39797698394690195
  0.40285844051821851  0.40750946473802308  0.41213361499053253  0.41676892510867170
  0.42135680061320335  0.42581130309388221  0.43012538513005855  0.43435109046344222
  0.43845055110274650  0.44244955655723001  0.44634093992339630  0.45020346845304010
  0.45431842294022995  0.45857410102723695  0.46274607948149954  0.46679884448660802
  0.47071272098021172  0.47454172893154634  0.47837412141679159  0.48227399997796039
  0.48622695831724599  0.49011703229092413  0.49395419547073055  0.49770589556756500
  0.50148911368773808  0.50539178235003668  0.50937141583117518  0.51334603605834828
  0.51730270851443971  0.52132670038447526  0.52542647353473948  0.52953073749526491
  0.53368628192370360  0.53803738140923418  0.54246737864315886  0.54689002985034751
  0.55141623456947442  0.55595342133091952  0.56053069055593319  0.56499959481398698
  0.56955534717655776  0.57422235347071304  0.57896813754575693  0.58371328729658811
  0.58834637894660302  0.59286971359209217  0.59733294100586087  0.60191029243813055
  0.60663322111888818  0.61153525562043454  0.61652972574848086  0.62176424805918706
  0.62718694289742782  0.63264222429858796  0.63809780904385427  0.64353204239959505
  0.64922497904383702  0.65520751456371829  0.66152059606070135  0.66848783169688719
  0.67610324332591887  0.68398482431808594  0.69214789611680683  0.70101006913116937
  0.71117909219268549  0.72298168163418775  0.73597103292988986  0.75057581318333788
  0.76898016192158558  0.79621527648089507  0.84039078330948369  1.00000000000000000
   1.2554070581610363E-010  -1.0000000000000000     
 F F F F F F F F F F F F F F F F F F F F F F F F F F F F F F F F F F F F F F F F F F F F F F F F F F F F F F F F F F F F F F F F F F F F F F F F F F F F F F F F F F F F F F F F F F F F F F F F F F F F F F F F F F F F F F F F F F F F F F F F F F F F F F F F
  <DiscreteSampler_grid>
  grouped_processes
  1 # 1 for a reference and 2 for a running grid.
  10 # Attribute 'min_bin_probing_points' of the grid.
  1 # Attribute 'grid_mode' of the grid. 1=='default',2=='initialization'
  0.0000000000000000 # Attribute 'small_contrib_threshold' of the grid.
  0.5000000000000000 # Attribute 'damping_power' of the grid.
 # binID   n_entries weight   weight_sqr   abs_weight
    10   10   2.061959135876462E+002   1.831274260246068E+005   2.061959135876462E+002
    16   10   2.061959135876462E+002   1.831274260246068E+005   2.061959135876462E+002
  </DiscreteSampler_grid>
