  0.05310610785667202  0.05360559541347730  0.05380408143375118  0.05400481312858621
  0.05424258322550256  0.05446001070583119  0.05466451321813478  0.05486244318482154
  0.05505595936045594  0.05525220423960641  0.05545254603118768  0.05565260360838025
  0.05585093978662402  0.05604948544940370  0.05624799937639930  0.05645013386184556
  0.05665974868836075  0.05687027266804458  0.05708372548311233  0.05729431380133437
  0.05750999723310712  0.05771911125997132  0.05793103868959337  0.05814687573872972
  0.05836512170289808  0.05858596762417013  0.05880949199603912  0.05903776758815892
  0.05927368457054073  0.05951688816417862  0.05976316757747278  0.06000663239731049
  0.06025894291310019  0.06052068105069520  0.06078197827555498  0.06104094589345940
  0.06129619321562529  0.06155035425394169  0.06180565745426653  0.06206498269973519
  0.06233532417627492  0.06262043677479498  0.06291397487321998  0.06320568869709269
  0.06349603524722644  0.06379404956982961  0.06408719483307668  0.06438915544337591
  0.06470910639468844  0.06503383636566942  0.06535200947562651  0.06566815170952359
  0.06600392289584613  0.06635971865258632  0.06673627272860079  0.06713105925614797
  0.06749938141017779  0.06789781850057340  0.06829425337190492  0.06870720554710620
  0.06913623652094071  0.06958652923063463  0.07006917671874051  0.07059302688043693
  0.07110957889648077  0.07162380124904051  0.07215119453125884  0.07272433999563971
  0.07332160935420580  0.07394836098623847  0.07459752894807865  0.07534305102220450
  0.07612193631003944  0.07693380262669149  0.07775607554100795  0.07859798998314665
  0.07949483687538182  0.08050045743229380  0.08162394642858387  0.08281797641542298
  0.08404710615068399  0.08532971285463704  0.08674726799079013  0.08832609437577348
  0.09008797360357401  0.09220691633217193  0.09451044826664814  0.09669922955520689
  0.09935523089815761  0.10307547655119277  0.10766150783586688  0.11348176982787644
  0.12175231495870588  0.13564626398132787  0.16603572315075632  1.00000000000000000
  0.05730281403350063  0.07095392031561737  0.07840961860349410  0.08361610387927396
  0.08800023010313006  0.09189326338365189  0.09554711634635842  0.09892752381159899
  0.10184039292264681  0.10463202824525010  0.10733203858260346  0.10990519048919954
  0.11245706296271103  0.11484055511427903  0.11712666534864205  0.11943548504524523
  0.12172280550548849  0.12386390094901377  0.12583733805127281  0.12773840216971696
  0.12964088125806869  0.13145930999845779  0.13323789517995449  0.13495294853671758
  0.13669925745144623  0.13850862357771027  0.14034245102316706  0.14206199996433347
  0.14373750265509325  0.14551930601624971  0.14726115873110859  0.14898979695817027
  0.15078448994985708  0.15263428677524565  0.15466215136110811  0.15678887390605159
  0.15887939815072666  0.16100651804342320  0.16317865789631181  0.16535674472752818
  0.16750295690256170  0.16955756901106539  0.17166301686533897  0.17399744173801115
  0.17648450718819761  0.17909378602527704  0.18167209804509549  0.18407941274929579
  0.18637573895743564  0.18883018982820898  0.19156266486686910  0.19441122032352454
  0.19714715952200013  0.19968934017256398  0.20219314094816393  0.20461241158361987
  0.20710970578263010  0.20971381258920674  0.21232919992697089  0.21464412986390263
  0.21724529661359784  0.22043644706990501  0.22340276981763815  0.22644393201299517
  0.22953815512376996  0.23257794910689439  0.23564554142865005  0.23883866461056888
  0.24222784794328492  0.24575082198901568  0.24955206551048195  0.25340462609347481
  0.25740283794437435  0.26141583451186501  0.26528119666522837  0.26888058388022795
  0.27212427249736820  0.27512522731974959  0.27825348418238172  0.28170439748898651
  0.28539489650042954  0.28917816682073499  0.29304150319624456  0.29710364765952874
  0.30161048418675135  0.30680703980620305  0.31276007279886564  0.31962951570258502
  0.32752013989093870  0.33570739753053130  0.34532619932918784  0.35640901710719558
  0.36941434475263413  0.38182330317377333  0.40206284364454337  1.00000000000000000
  0.00016627215855760  0.00042848029506705  0.00054481235370556  0.00063014428311062
  0.00071452778252827  0.00079441596513829  0.00086783469211122  0.00094006244741652
  0.00101351023889994  0.00108659224142457  0.00115836442052118  0.00123278408873230
  0.00131063030274744  0.00138719226335104  0.00146215153766999  0.00153702886583989
  0.00161089154658679  0.00168330024324621  0.00175839049076092  0.00183709182518816
  0.00191861084042726  0.00200375007489491  0.00208703271319694  0.00217262902220698
  0.00226163491616121  0.00235325045142998  0.00244235103259750  0.00253048052061850
  0.00261873347499404  0.00271515462301186  0.00281631584008047  0.00291908950788840
  0.00302573530056554  0.00313459681995968  0.00324208736184624  0.00335114781649269
  0.00346571549381103  0.00358117586274156  0.00369862230280144  0.00381972282575853
  0.00394321008348395  0.00407093332189488  0.00420177617964582  0.00433998834449777
  0.00448116659397975  0.00462075191128274  0.00476182955666302  0.00490520531106365
  0.00506983908247482  0.00524486873264230  0.00542348065562300  0.00560954061881465
  0.00580907568011882  0.00602115194304621  0.00625190042219791  0.00648262769702543
  0.00674074216949999  0.00702185110990969  0.00732818817477734  0.00767031617041798
  0.00804947818828619  0.00841489272710043  0.00878113909043787  0.00918400319853270
  0.00962836333371174  0.01011275064432177  0.01063277471386226  0.01118446481311589
  0.01178586681822440  0.01245385867310966  0.01318441084042047  0.01396259464307232
  0.01478621882545646  0.01568481339880878  0.01659721133673488  0.01753420711584628
  0.01852842115811837  0.01956189573843839  0.02068007342537924  0.02194082510680091
  0.02330298730153087  0.02485245570123469  0.02672251990702529  0.02850173311091593
  0.03052306056186755  0.03285442448698587  0.03555130178822339  0.03877979764611571
  0.04256300116771066  0.04679056031739740  0.05198741676766488  0.05912800514091633
  0.06887833717155400  0.08274814289603807  0.23814351899172387  1.00000000000000000
 -0.00719185826626927  0.03226400799304900  0.06295809661295508  0.09101079649058250
  0.11427910101685333  0.13420576871898721  0.15235888855902627  0.16958072591764514
  0.18543195588309616  0.20009591168196955  0.21427614322842270  0.22769040495420603
  0.24026287324458645  0.25219910605788115  0.26385356482584765  0.27435180309538676
  0.28265384076845174  0.29074174877313869  0.29888544619790580  0.30689918011184808
  0.31468160844871668  0.32198819668058332  0.32908498634168926  0.33665243525888561
  0.34477259479454925  0.35272375797818861  0.36035135179939559  0.36787194369137960
  0.37525907539075876  0.38269607606931655  0.39020604658454849  0.39777234718273274
  0.40503108897337675  0.41169353068588721  0.41811629548322682  0.42445286355797435
  0.43086725829051065  0.43722314764391201  0.44351017217421379  0.44968390407898862
  0.45570683602630513  0.46213334703867387  0.46859169014902624  0.47485110742324965
  0.48091907426160752  0.48692478756757646  0.49278890387185159  0.49846600277333075
  0.50413940647351396  0.51005942335622267  0.51617757193663893  0.52245168471480086
  0.52886852935677076  0.53538696620976756  0.54197416782437247  0.54859093941677883
  0.55515300828920433  0.56165255784897539  0.56827402556079576  0.57496739987436918
  0.58162922435796005  0.58824906550722678  0.59528554329922478  0.60231276991526805
  0.60946295742824730  0.61663189675078556  0.62396947028495720  0.63159367983293047
  0.63941305187246467  0.64706951117571643  0.65479646661765922  0.66274513510629651
  0.67037499450419868  0.67739691172355421  0.68510705441271580  0.69322885389895217
  0.70108298767529220  0.70891587179506166  0.71717421286627681  0.72554954465544652
  0.73467828881678310  0.74499943496989429  0.75612591377094163  0.76812019821898292
  0.78139973181694466  0.79583714133381345  0.81110540041910695  0.82688151597776560
  0.84317177122618470  0.86034893660335943  0.87885127257960460  0.89958275438256319
  0.92275234758329228  0.94674096000957386  0.97388576189263387  1.00000000000000000
 -0.00261589321323693  0.01041315364659097  0.02056647924983503  0.03152668544228987
  0.04122414935010203  0.05225995417171304  0.06310532934171102  0.07382361661071243
  0.08480981865077611  0.09617168565448733  0.10741981809313238  0.11777014912609705
  0.12780012765044291  0.13573201637057558  0.14570935138172453  0.15538790414533205
  0.16516251063926293  0.17466973837349048  0.18404116722138367  0.19412843420779394
  0.20463287025417334  0.21488485177310040  0.22522278331294876  0.23607590391743455
  0.24642357000080067  0.25607882172120539  0.26582832991400135  0.27628271922095005
  0.28749179915266787  0.29860551662775697  0.30945402154505841  0.32050562903643653
  0.33197055041557616  0.34354157750203551  0.35501822205500039  0.36641192786508048
  0.37775795168980969  0.38901090808974198  0.40040949026377048  0.41152239569415017
  0.42275009711909661  0.43417790683491486  0.44520048037681914  0.45583111544138599
  0.46596671539463341  0.47602009091795427  0.48669375529270908  0.49751659461008413
  0.50809491761711367  0.51801782205741953  0.52817031850945961  0.53926406984415776
  0.55050206328188145  0.56207244139213763  0.57339204107870723  0.58434754233044239
  0.59560830372304985  0.60752585828297001  0.61917490451888479  0.63059614286579702
  0.64177936990947226  0.65263504986844134  0.66328366127773541  0.67349974751993058
  0.68353286727533624  0.69365153284868286  0.70385564537695733  0.71412544945795486
  0.72467460406934514  0.73564253698329074  0.74653809983867903  0.75708301173867953
  0.76722558612180813  0.77674988070120687  0.78642273247310823  0.79664569991271417
  0.80758182439824266  0.81851744977177676  0.82879059728419047  0.83867278262163991
  0.84838004286314772  0.85818200802963007  0.86861637780222256  0.87959686973530027
  0.89037519745062699  0.90132687616146612  0.91194191674587799  0.92115001469505742
  0.92996925287506160  0.93945030966343179  0.94931185300169529  0.95892776100743493
  0.96815379621437059  0.97722726815670169  0.98772148169934149  1.00000000000000000
 -0.03449560219160373  0.16163613054555226  0.21213742054652102  0.24146210712521907
  0.26169043715363582  0.27820210696297037  0.29197944334331827  0.30358793410368590
  0.31424581101262267  0.32437703185523081  0.33346534389226201  0.34181760919325993
  0.34964571389540039  0.35721086722410894  0.36453523346921329  0.37127184488054044
  0.37725867941823449  0.38230748899482359  0.38761087743146599  0.39287401039724990
  0.39772884335362296  0.40215912689765582  0.40655048113800046  0.41090224782627643
  0.41526612836403926  0.41956837188493379  0.42373325173993753  0.42765871861005245
  0.43145329216699635  0.43535092895748295  0.43950898103233627  0.44374126696793559
  0.44773769535572872  0.45141056861730761  0.45496050143840600  0.45869256886554138
  0.46263107788618596  0.46661721229557956  0.47058431936207779  0.47451797743927931
  0.47840800381765636  0.48229641769153797  0.48624820678927999  0.49020575130005312
  0.49406110915108070  0.49791600172285949  0.50193587775404891  0.50614760012830640
  0.51026712894339754  0.51422133342815124  0.51816145969539107  0.52219490965993820
  0.52637327222267405  0.53045773301975574  0.53451295750596906  0.53873720194093200
  0.54318213281614902  0.54779646868904541  0.55246008416940118  0.55705378775672287
  0.56138714068604445  0.56581956029516034  0.56976186484662683  0.57378221296950538
  0.57786632662441462  0.58205856229239572  0.58645716756195576  0.59107305540116206
  0.59579242265840171  0.60043643769762833  0.60510312726124438  0.61002289667582410
  0.61508030226869681  0.62039757246057492  0.62570973192643353  0.63091867552194891
  0.63630556395439242  0.64216373178750685  0.64828493891633632  0.65440956421325602
  0.66059152884148509  0.66712889041806434  0.67402684425450832  0.68110258885987174
  0.68858276089695347  0.69671648933530705  0.70561755663263726  0.71514246642188284
  0.72607322469466573  0.73832027707858250  0.75219398005120108  0.76721401532829037
  0.78657836861775099  0.81264268135612205  0.85736204823065498  1.00000000000000000
 -0.00259741192048850  0.00909246958571765  0.02101796061685300  0.03299787886235538
  0.04468022046131216  0.05587883082068500  0.06658761693113019  0.07717244782382239
  0.08791780601889246  0.09861546514034605  0.10936581467034902  0.12030849847096314
  0.13116702029967181  0.14172912392908341  0.15191263052700432  0.16176450251886759
  0.17162072567017647  0.18182588815189388  0.19209850834285508  0.20222170594267153
  0.21216572257686808  0.22235421566610949  0.23302375669621284  0.24371824964125929
  0.25415848206104530  0.26461225534372318  0.27556917521601859  0.28723488398447083
  0.29825238154399686  0.30885662902257383  0.31986633718461061  0.33125292422739155
  0.34277842635976874  0.35432455216129383  0.36591760587857880  0.37766449431069637
  0.38934912912042313  0.40064140089056688  0.41125682847643863  0.42126665132161584
  0.43112290821319399  0.44106441299373655  0.45113574213677954  0.46127146485362897
  0.47191029115218286  0.48284282813331747  0.49370635603445062  0.50452671728301091
  0.51524611922377217  0.52613571867244602  0.53693940259494510  0.54655981885704708
  0.55548833479451498  0.56469700301437475  0.57407452313806795  0.58351319846765148
  0.59287879393373366  0.60202863546166996  0.61166120033997762  0.62215351778574823
  0.63287457588274931  0.64428088429435826  0.65490869672439878  0.66509353603388521
  0.67563924274871279  0.68682828331591528  0.69872493306686523  0.71098378775470794
  0.72353784472431881  0.73646696430657310  0.74860890735995211  0.75873785027358698
  0.76800613415875107  0.77761789298791162  0.78729897545018912  0.79665916490548594
  0.80570435206745672  0.81619201946512765  0.82819195487339625  0.83966092482435872
  0.85022000556300370  0.86069853281039266  0.87132505853992992  0.88151588220635513
  0.89095442786430445  0.90119096854572223  0.91256442362124435  0.92226864115460594
  0.93146984216869644  0.94130733592087890  0.95203871957319353  0.96198688648080077
  0.97076121362051193  0.97940758576205034  0.98865271727892978  1.00000000000000000
 -0.00166802179583166  0.00792719122262228  0.01596014505178161  0.02450705382816998
  0.03371118981305804  0.04329085210654314  0.05313090534134817  0.06295881241030075
  0.07272239228064827  0.08260076463964973  0.09274921456814374  0.10365226267260039
  0.11532152599335628  0.12723077560809487  0.13887026114988713  0.14982174819636232
  0.16005762365337609  0.17012542071906844  0.18021092874570016  0.19052223646659125
  0.20101342471237768  0.21216257098590593  0.22386755970713368  0.23518457972740919
  0.24599219530240302  0.25698006427615205  0.26884558070558956  0.28054430983541179
  0.29196230950848762  0.30308478143329626  0.31367501928547709  0.32406032939662066
  0.33461198468329334  0.34527501018119233  0.35585063710248149  0.36611466742676591
  0.37639122202335112  0.38656144192755737  0.39663207875359291  0.40712336248604364
  0.41782802595967244  0.42835370238631354  0.43878310462742026  0.44930900668824747
  0.46010545287183247  0.47116053521101658  0.48231669236825009  0.49293956377145243
  0.50361870378431361  0.51486459607480739  0.52593413269130351  0.53769987972137512
  0.54822645041853446  0.55864585516855669  0.56750901225740524  0.57613931371279148
  0.58524491589941108  0.59385430671096029  0.60272913855211052  0.61218943122587910
  0.62211146996954170  0.63284256588376786  0.64422450744787874  0.65528102668676635
  0.66559585816141076  0.67514542049935267  0.68454898982788703  0.69420970447994768
  0.70393215299070622  0.71380697211736133  0.72409193871723954  0.73487448327716098
  0.74580024159621083  0.75646921074292295  0.76693386564747390  0.77731626426799794
  0.78769306447473064  0.79829468182777630  0.80929129345027651  0.82052399193652392
  0.83183021976520088  0.84307418552687041  0.85424638328483082  0.86554509085235698
  0.87702997426766127  0.88865994204786591  0.90026441207358232  0.91191041087019786
  0.92381545239046214  0.93543545026376351  0.94632690829252819  0.95616854179030975
  0.96679195433554699  0.97761505227623147  0.98820695120621715  1.00000000000000000
  0.11597476908814097  0.23983205568548280  0.31409465088622140  0.35576048769212748
  0.38229754288261014  0.40089860419003154  0.41792160869113643  0.43197064903857785
  0.44395155849041207  0.45507970763499378  0.46572225753348895  0.47542329082875745
  0.48410725480034450  0.49198920286450570  0.49929320123271681  0.50643100570906707
  0.51356357012790910  0.52040609825645068  0.52715301995432529  0.53378960423679567
  0.54005490933845857  0.54606070915226623  0.55190590737107725  0.55758570649546302
  0.56315326745026506  0.56851960536021007  0.57375243495712203  0.57893844223017088
  0.58377779038986588  0.58822250669220622  0.59247349883439770  0.59661690549387802
  0.60065222048302802  0.60459528597363177  0.60844813571604051  0.61229543103101614
  0.61612385339823106  0.61987741228535576  0.62343255219378579  0.62686046836099607
  0.63015139622511951  0.63335881608903444  0.63649183602878245  0.63963712984473231
  0.64282431275837748  0.64615411964460068  0.64969215680501780  0.65322368352330706
  0.65669879382085228  0.66012938301256852  0.66352534667261454  0.66694824397677654
  0.67043015064143785  0.67400452315284176  0.67753835831090470  0.68102738009444397
  0.68457365032620410  0.68815730456871238  0.69178085682667723  0.69547405037506937
  0.69911074985262145  0.70268921658933836  0.70622321631890550  0.70969566737441425
  0.71314342618757687  0.71661557808761267  0.72014066619006234  0.72368875404716426
  0.72729660925410056  0.73092302288058897  0.73462697440307223  0.73817755590665335
  0.74186218956441186  0.74559639000863287  0.74948954759642217  0.75364878869549445
  0.75802802258375934  0.76244018675731118  0.76680892146471724  0.77114930975836338
  0.77556259703828545  0.78010003260775496  0.78486088003384957  0.78991285980200021
  0.79537266662531747  0.80111225930786545  0.80689150061260417  0.81297245298393428
  0.81981954141267799  0.82734323308172386  0.83523347108362744  0.84395237668152667
  0.85422983508709160  0.86906480228911565  0.89664246819381377  1.00000000000000000
 -0.03857906153511979  0.17181792665673290  0.21425309702820719  0.23819408006962603
  0.25627261257452910  0.27136241599376831  0.28391024096778406  0.29508588307400296
  0.30567326104099235  0.31555178741949469  0.32441687967866073  0.33241175137871920
  0.33968255434000022  0.34656682495410956  0.35330500920425478  0.35976331058340999
  0.36595429260378665  0.37198164554878932  0.37789599347718611  0.38369658819754049
  0.38939322166772583  0.39492283747369028  0.40010529595810335  0.40485994458287994
  0.40937060633375477  0.41382395728013988  0.41819612928809313  0.42263459126665559
  0.42714577936620968  0.43154328726348129  0.43581879054340666  0.43985861153279260
  0.44376447903395122  0.44754205947628356  0.45123096480818609  0.45481242518975007
  0.45850532589683524  0.46237212182551823  0.46633136095504141  0.47036953015682370
  0.47436852942031343  0.47837787380269164  0.48226914737477217  0.48613770381029758
  0.49008638164266694  0.49416498778779583  0.49829704842387124  0.50235264606402064
  0.50626137839532837  0.50997405058152723  0.51370424100540257  0.51769671510146986
  0.52170176611421060  0.52547126661224486  0.52918438239645305  0.53284737521235437
  0.53643520629711827  0.54001887481038058  0.54367159218322425  0.54739862278416240
  0.55124077839117669  0.55502774411694633  0.55877282268853912  0.56256787179078160
  0.56659158699692047  0.57086943748554120  0.57515921831601902  0.57933988552862281
  0.58343517751530294  0.58772639150740746  0.59235798701251663  0.59697134783588424
  0.60169228184740575  0.60644386193369926  0.61126861842585389  0.61612210107026077
  0.62113025679938683  0.62621629950140212  0.63142758820318412  0.63687849921838013
  0.64285961922424895  0.64949231903617299  0.65656216045276272  0.66355400333320891
  0.67075992554624420  0.67851091973462130  0.68720337147634136  0.69691069206154621
  0.70726072954317720  0.71815949776337651  0.73000220432669172  0.74363499546523193
  0.76092596875944263  0.78523316748564642  0.83099525381646833  1.00000000000000000
   3.8239622855177258E-015  -1.0000000000000000     
 F F F F F F F F F F F F F F F F F F F F F F F F F F F F F F F F F F F F F F F F F F F F F F F F F F F F F F F F F F F F F F F F F F F F F F F F F F F F F F F F F F F F F F F F F F F F F F F F F F F F F F F F F F F F F F F F F F F F F F F F F F F F F F F F
  <DiscreteSampler_grid>
  grouped_processes
  1 # 1 for a reference and 2 for a running grid.
  10 # Attribute 'min_bin_probing_points' of the grid.
  1 # Attribute 'grid_mode' of the grid. 1=='default',2=='initialization'
  0.0000000000000000 # Attribute 'small_contrib_threshold' of the grid.
  0.5000000000000000 # Attribute 'damping_power' of the grid.
 # binID   n_entries weight   weight_sqr   abs_weight
    10   10   5.489867685882061E-004   2.201427027828627E-006   5.489867685882061E-004
    16   10   5.489867685882059E-004   2.201427027828625E-006   5.489867685882059E-004
  </DiscreteSampler_grid>
