  0.01414792944818288  0.01473017616404764  0.01490950486509589  0.01498011328787355
  0.01504504920677431  0.01510901139734720  0.01517396669375194  0.01524896985919711
  0.01532378146007691  0.01539805232008220  0.01547388102955114  0.01554762168926874
  0.01560761857223834  0.01566780999355361  0.01572618551208538  0.01578801162478135
  0.01585177539867387  0.01591749952417775  0.01598701910559958  0.01605667739601978
  0.01612524849989313  0.01619488894417939  0.01626432690882817  0.01633382103284809
  0.01640435776246584  0.01647403053493498  0.01654526534131527  0.01661557460245111
  0.01668627787161399  0.01675731388640983  0.01682984580682790  0.01690528459473696
  0.01698348066067015  0.01706295624768559  0.01714268608103860  0.01722354918029591
  0.01730807317087273  0.01739850913992092  0.01748686714864395  0.01757238056750864
  0.01765684135329214  0.01774275960160204  0.01782865172979376  0.01791767935885882
  0.01801591881572326  0.01811798319198839  0.01822854168257889  0.01834123914058583
  0.01845810033116536  0.01857700958002821  0.01869348760183626  0.01880800653973761
  0.01893062831007642  0.01906319063665089  0.01920385640713785  0.01934932547730322
  0.01949795315864243  0.01964880450255184  0.01979980786496214  0.01995852182187217
  0.02012872580697054  0.02030714222293101  0.02049510913644599  0.02069144330615632
  0.02089864366538420  0.02111420384979904  0.02134128573692104  0.02157811305317413
  0.02182446778967014  0.02208667331873100  0.02237025417354632  0.02266126033495413
  0.02295344749059932  0.02329457790401277  0.02366127525891555  0.02405069780669111
  0.02447742320684823  0.02495946541303147  0.02548899968714887  0.02606017365117990
  0.02667935409686452  0.02738481131466223  0.02815803258918064  0.02900072004231799
  0.02997671143327493  0.03112212447685330  0.03241320199396073  0.03396218483976187
  0.03579609154488071  0.03810217734270291  0.04102973612696815  0.04509051722398417
  0.05103967276135551  0.06206958396292133  0.09301628865212773  1.00000000000000000
  0.01813408599527852  0.01844153479440940  0.01864514703859457  0.01882176281526786
  0.01897279638488615  0.01910859674080101  0.01924199872019834  0.01937697748153804
  0.01949885101499015  0.01963801605960161  0.01977666564827974  0.01990982855933313
  0.02004396111784697  0.02018140065896355  0.02032619765204667  0.02046643234033101
  0.02060329398068379  0.02074239845669747  0.02088480097655199  0.02103279992631856
  0.02118308770015384  0.02133097986965905  0.02148586847211506  0.02164627178864405
  0.02180994146023659  0.02196571173346697  0.02211898681541436  0.02226921574849665
  0.02242809301115693  0.02259423190816802  0.02275756650310427  0.02292283891347911
  0.02308891124120540  0.02325760430709269  0.02342673648588239  0.02359553333991629
  0.02376808986719574  0.02394455605291589  0.02412284562425766  0.02431372281447172
  0.02451723232671471  0.02472239324689766  0.02492936226946614  0.02513491681767418
  0.02534570294852949  0.02556860202980593  0.02579833292167884  0.02602922244322223
  0.02626247555745537  0.02649802840764952  0.02674285743549137  0.02700023612538270
  0.02727861652271842  0.02756815057369116  0.02786551699185105  0.02818727701088580
  0.02853984342166145  0.02891834500953139  0.02930884303826230  0.02970006864068455
  0.03009587413273566  0.03050782075499206  0.03092078937916395  0.03135041534778524
  0.03183853463433783  0.03233894432106560  0.03286148378105677  0.03341331624895252
  0.03399159305218799  0.03461067539856952  0.03528135985703672  0.03600374446406734
  0.03677064563683966  0.03756821663803333  0.03841511031009184  0.03932615815359850
  0.04032004491817781  0.04140087470212059  0.04257763511407842  0.04387778825503692
  0.04531491618326343  0.04692760577546916  0.04869518214327997  0.05068590578503007
  0.05293245914013347  0.05557895880939049  0.05864051051372514  0.06222632272282366
  0.06659236458236290  0.07221317226846957  0.07945531637184779  0.08970888458665266
  0.10589119985612286  0.14231799559586586  0.75669258795099203  1.00000000000000000
 -0.00729826396398701  0.02345736273521471  0.03799354780215849  0.04644754504308413
  0.05497835928920491  0.06252627847043374  0.07085136810183046  0.07992515939190981
  0.08872167985568254  0.09643361736654506  0.10582287051677217  0.11538714524572262
  0.12468134124976242  0.13382080618351988  0.14287572623287600  0.15135321017608797
  0.15976567319567575  0.16994974233181959  0.17961490815662318  0.18839565919533302
  0.19669083196758919  0.20473473583362284  0.21306727646143209  0.22220366320264942
  0.23167069253655986  0.24056108599422296  0.24919661382832647  0.25820953462602036
  0.26778585204120475  0.27742155054105128  0.28688609839006712  0.29600711049673645
  0.30484491550666598  0.31361597384422030  0.32203352287766002  0.33069899052021140
  0.33953996106175754  0.34879680916372729  0.35851776636167176  0.36780164854723235
  0.37655188433156783  0.38595470250062086  0.39444138661239969  0.40322584134584993
  0.41168982704775758  0.42006856014224403  0.42811439114829475  0.43661608126500179
  0.44579168904084965  0.45578614553126573  0.46624520706388028  0.47681715063871277
  0.48564231715555151  0.49555292482605195  0.50540206339159199  0.51446745319137654
  0.52412986424112051  0.53476495741342733  0.54544698766557487  0.55558256423047692
  0.56574853065898845  0.57616636022480561  0.58710927475355368  0.59870529854302312
  0.61041337932728224  0.62143136657369491  0.63189590983704114  0.64220033679443655
  0.65267987148973450  0.66324613050162606  0.67420343334388533  0.68438712083936126
  0.69549670653176965  0.70649521514337477  0.71702924101558296  0.72713035469596887
  0.73743051471672383  0.74805573346132881  0.75884500236457575  0.76996294649789321
  0.78162224774867095  0.79399031240928797  0.80681295365501993  0.81937760980864327
  0.83208532356498432  0.84514544604151287  0.85735110147442473  0.87055104958353435
  0.88483800491051767  0.89939487214847857  0.91429179745407108  0.92955657807745184
  0.94532336382300852  0.96203368550726631  0.97992569906054250  1.00000000000000000
 -0.00245014182208580  0.00911596910194736  0.01979377690611065  0.03108702533466743
  0.04317772024077698  0.05532269493558620  0.06736043008371180  0.07902980302021231
  0.09013631965972649  0.10089279513637960  0.11125411434041364  0.12124388623254069
  0.13117220722451992  0.14102447605148000  0.15080390013678516  0.16055646308977684
  0.17026644567043547  0.17998642168241472  0.18983402270779634  0.19961329976536757
  0.20889651869654169  0.21773515856149858  0.22663951217195155  0.23652632676087693
  0.24716687637277632  0.25804923105729877  0.26890210620896371  0.27992224434966939
  0.29091720486421729  0.30101092776661720  0.31077754818170328  0.32061515963993353
  0.33080738856920644  0.34086412683423706  0.35103810466926821  0.36190321618212451
  0.37309297025505372  0.38287496166423496  0.39200643494777171  0.40102492561874153
  0.41047990190659411  0.42052369541496093  0.43082172615472025  0.44126281672587853
  0.45245696341288827  0.46371624788439336  0.47448779228237248  0.48495420343270901
  0.49513869737494209  0.50536470393127120  0.51537759971418429  0.52570483912360289
  0.53611176964903240  0.54674258758020366  0.55781930103081079  0.56923246255370985
  0.58052029269555772  0.59046728325097519  0.60005978737824062  0.61016616001742363
  0.61982762593235996  0.62920047698866044  0.63851626652458304  0.64851227089661378
  0.65964979497580900  0.67148711010825324  0.68312741062602311  0.69459557618052092
  0.70561766281199767  0.71614383405861926  0.72685537079942952  0.73748858853151089
  0.74860994670338921  0.75957599188132618  0.77070864814865392  0.78223913739485007
  0.79375976367261336  0.80507961751609702  0.81616728375608882  0.82758133496599873
  0.83871622747518670  0.84974501530704727  0.86069029709535816  0.87186534985694697
  0.88316979130608642  0.89461462597524721  0.90582805612634298  0.91737405842550612
  0.92947594585330451  0.94059846503206290  0.95080146994122039  0.96069950019345463
  0.97078541265496532  0.98059607156677409  0.99036069198439913  1.00000000000000000
 -0.00249084195051190  0.01205562701324687  0.02443988699433269  0.03816407676211344
  0.05052123462728109  0.06208898915936910  0.07329276225020348  0.08467462985511331
  0.09562390238057324  0.10596518960264012  0.11778522092396561  0.12969942154569666
  0.14233825853269089  0.15433987503956662  0.16602362372174420  0.17705173174510064
  0.18808649759930182  0.19916061621521466  0.21004536392425077  0.22062505139443012
  0.23144442201409748  0.24267933531957983  0.25390646190646332  0.26431597670668638
  0.27413715310333836  0.28344549167553107  0.29268756841214710  0.30189308790102271
  0.31073623210879642  0.31929670709666547  0.32745510127442878  0.33582076445424541
  0.34451728913870938  0.35342007073031223  0.36229497785181591  0.37097417931323279
  0.37985636697736352  0.38874471306036346  0.39758612183765124  0.40656596859848165
  0.41572220905435825  0.42481847424249841  0.43413196430611090  0.44332853543018341
  0.45236986418720582  0.46165412960186081  0.47117524928340082  0.48048375347983174
  0.48945933325695018  0.49835176138679743  0.50746684672441122  0.51711136827108428
  0.52674253872740717  0.53614086421303819  0.54576014836215170  0.55476638525580402
  0.56369867192713763  0.57228794004265360  0.58130691943301138  0.59091118856168146
  0.60100356662068932  0.61067807956958242  0.62018206756485095  0.62937203765616989
  0.63830476898202004  0.64736729387401082  0.65713211771675151  0.66670674352175796
  0.67564354055961873  0.68474798328645214  0.69411818715342588  0.70367836259127936
  0.71319885683769135  0.72261769507807938  0.73286569352153752  0.74392973111831562
  0.75557687323981615  0.76755475822692965  0.77920108560423185  0.79048408852875618
  0.80212827825446931  0.81428106552935819  0.82685982759338617  0.84027526025165433
  0.85451049216284392  0.86915364947926510  0.88362404805400629  0.89711060426590072
  0.90930135596318362  0.92122344493264208  0.93353830594793918  0.94585569010401738
  0.95807053987815771  0.97169214288160011  0.98504606573247133  1.00000000000000000
 -0.00200365973441949  0.00868154844638896  0.01845645302997497  0.02782577726335793
  0.03815196318439905  0.04807769525157410  0.05809703529127710  0.06864010362631594
  0.08017991201933217  0.09081651310927967  0.10061075643289193  0.11060088182313646
  0.12082829674118147  0.13110171949660657  0.14100054887863880  0.15134302555137583
  0.16182220064434355  0.17226865779137998  0.18260088664551860  0.19297425557478617
  0.20338883842929412  0.21323002346865999  0.22343080550963687  0.23383184027164317
  0.24506270522185350  0.25587554570820226  0.26796078364752485  0.28012255951598541
  0.29221157544492266  0.30386277892310409  0.31520576446929222  0.32650909961074737
  0.33763690424735965  0.34843757607202341  0.35915800012885757  0.36997399438550649
  0.38053145778018355  0.39083679160243956  0.40120759509652176  0.41167906839369656
  0.42215721056140498  0.43226289399445506  0.44242335292028406  0.45315583741519044
  0.46371910202403033  0.47423036651464051  0.48466574109466282  0.49478363108532242
  0.50473938901112603  0.51404998017836201  0.52319968804897088  0.53249968658878943
  0.54238221112263163  0.55301425414874394  0.56378357213570740  0.57321590733563321
  0.58251865098728262  0.59288004984864295  0.60422496464449960  0.61438613319424784
  0.62467018590452661  0.63535147570086159  0.64628030675027781  0.65643899785674942
  0.66695670524205786  0.67776623421508675  0.68901931524460802  0.69986578461109761
  0.71006987153100576  0.72110607955913542  0.73183423920820034  0.74267776937678609
  0.75340103744254783  0.76449989753339520  0.77513833100805196  0.78556994703983352
  0.79627271059744087  0.80730079170851832  0.81823096202108758  0.82898672402475326
  0.83991130475495857  0.85025655454425852  0.86113717761478936  0.87212068540386478
  0.88272608631507987  0.89288525350563874  0.90341059051542261  0.91429048755078435
  0.92510874546987210  0.93560411775821617  0.94635651470223237  0.95708310664966878
  0.96750463755638694  0.97835514551748104  0.98870411164585092  1.00000000000000000
 -0.00298597874627423  0.01220977980706848  0.02445503934370081  0.03812102294052314
  0.05044764528470237  0.06221714595225896  0.07379901411692626  0.08492757355695928
  0.09564776250940803  0.10672881722437172  0.11850279590418231  0.13034045518562321
  0.14198778713883703  0.15386656741193874  0.16570792859507794  0.17703874294876043
  0.18788428380578165  0.19767573416249726  0.20707034065984570  0.21668789689528078
  0.22654442101928479  0.23628662653925500  0.24591356515299584  0.25612878680341539
  0.26668551434676718  0.27685632298948870  0.28653496442119958  0.29661994834679839
  0.30775511769377173  0.31767277143749822  0.32684318449486816  0.33590504188266879
  0.34490630600528910  0.35418659940731689  0.36342928795626761  0.37233395879321785
  0.38147081478122058  0.39104384935216357  0.40022786740101485  0.40931961990893800
  0.41859223671711132  0.42839549157571455  0.43832809368354897  0.44804345441233900
  0.45733198783139434  0.46657014102109762  0.47592592022727409  0.48540045562458584
  0.49510285078616639  0.50503507265038838  0.51466968400914126  0.52411886370239547
  0.53355844327851387  0.54294713179342768  0.55270382185090383  0.56274237082698686
  0.57360186203232788  0.58457416529615391  0.59497956506800287  0.60526956945593224
  0.61548679604854206  0.62557051590671264  0.63445521045844555  0.64340414164357995
  0.65269792192806753  0.66252283988289207  0.67233344571369213  0.68188804332929376
  0.69124018342522764  0.70061501524177838  0.71020024621831701  0.71991110540690995
  0.73032815047430122  0.74039823350947720  0.75059294671575549  0.76089960140905266
  0.77138103140524128  0.78223698836890132  0.79361124752002832  0.80534260446893935
  0.81658805295019254  0.82694349821761559  0.83753760128358945  0.84857642506781006
  0.85956574570071165  0.87010756594130156  0.88114826321580786  0.89298726722982802
  0.90549076359334946  0.91795736663761041  0.93093621405356397  0.94406459982034219
  0.95729183162813214  0.97198106108770277  0.98576590440682865  1.00000000000000000
 -0.00281891258831789  0.01068863735609743  0.02156561334297929  0.03248737129921954
  0.04337484941287089  0.05509183717681156  0.06614415584060110  0.07676115172529732
  0.08776159297015672  0.09892660817295225  0.10926067677618646  0.11918847127612217
  0.12976114450985890  0.14077715661337167  0.15154716874413124  0.16245545982959469
  0.17368286747389836  0.18532056277611031  0.19722323007787262  0.20890084583803120
  0.22000311785050569  0.23069618355344271  0.24139367175859153  0.25174422098365723
  0.26151485832302190  0.27155747570881544  0.28201045654355333  0.29260915311765567
  0.30300829998716189  0.31357672727548874  0.32443588464173284  0.33563469156755060
  0.34717679723562966  0.35883186401736517  0.37020649957683005  0.38137607662224704
  0.39249252267560086  0.40319310130181146  0.41347099077336280  0.42358758891384629
  0.43375946083795330  0.44405077695041534  0.45429297116511441  0.46423316401611781
  0.47355137786041973  0.48305629620561175  0.49262934396923136  0.50230764440873854
  0.51166679105470669  0.52078762040490467  0.53016745068324655  0.53966998722139314
  0.54916157562718182  0.55880725619397642  0.56867510608470728  0.57906232430006876
  0.59006558489752292  0.60135953699921363  0.61229616216628657  0.62269850868428389
  0.63320506739749871  0.64392065789406050  0.65501663073882688  0.66620490540448141
  0.67660565966025132  0.68710521776237488  0.69782137186367488  0.70839570224761828
  0.71878463520684188  0.72928346981747438  0.73990208791612255  0.75049441279373152
  0.76118471344035488  0.77197580534646137  0.78254127697378639  0.79266602741697001
  0.80322985541043934  0.81474288037511944  0.82623793148753855  0.83652408703606118
  0.84573060527795363  0.85497681987402729  0.86497483571968514  0.87516084945450401
  0.88554122674665503  0.89509237125868479  0.90718954874139324  0.91869858114692948
  0.93008992746527641  0.94093282869892736  0.95201339401464979  0.96231908955348866
  0.97249613472039242  0.98228322019856196  0.99131231070062586  1.00000000000000000
  0.14481957097909964  0.16356768282455411  0.17939996288924315  0.19356640829628449
  0.20693305532024936  0.22058486455838486  0.23332860942549283  0.24467021068137806
  0.25460617948771969  0.26327426793688880  0.27117036963770969  0.27887771606352019
  0.28680731444474206  0.29452579871335260  0.30170244722903372  0.30862023397663363
  0.31544690694976069  0.32243578300405845  0.32911659236674667  0.33564096867835846
  0.34192042232758224  0.34816813720826029  0.35440816867705183  0.36072603379012952
  0.36711527819797191  0.37308156025528305  0.37849239164654824  0.38350678209109257
  0.38870845724826358  0.39402105789165592  0.39937298417158190  0.40460957803204750
  0.40993160547879409  0.41552610797055267  0.42094125549991124  0.42627081611833795
  0.43096399892416248  0.43571324557396757  0.44050764877026050  0.44546522944570349
  0.45042162963159998  0.45552349749274862  0.46068842704410407  0.46582587231750999
  0.47090956831268871  0.47593024620608049  0.48093472981546931  0.48605322186023198
  0.49132865494808348  0.49661514880253016  0.50175854663373287  0.50665499093987132
  0.51131578819490575  0.51598949309300657  0.52073680526622246  0.52550395333561029
  0.53025896691981389  0.53509568380616523  0.53991572817230293  0.54491273941778151
  0.55013345832733584  0.55545672550449487  0.56089486326411386  0.56642276079033593
  0.57215444692715900  0.57778961149094032  0.58347439440131232  0.58899929453394206
  0.59456914250803206  0.60015961674670493  0.60551973721927277  0.61063517453438720
  0.61577182120962104  0.62112090523211083  0.62667520355378914  0.63240538352915066
  0.63818939920638085  0.64400578865826463  0.64965726283087655  0.65534226910467308
  0.66129912526919266  0.66770094889619536  0.67491433275216517  0.68256056733137449
  0.69008534977427149  0.69797129960269821  0.70569310087351411  0.71471846900878777
  0.72454070502101486  0.73538918479193116  0.74721391193905395  0.76098767725428629
  0.77753822043245657  0.79957570507851550  0.83899949799833384  1.00000000000000000
 -0.03154892933033164  0.15526048236342763  0.19826127613984115  0.22528362768069318
  0.24487283235808277  0.26138176747506958  0.27555305162229243  0.28739789029200402
  0.29815950279823605  0.30766625986680851  0.31609840799319849  0.32405113718079337
  0.33169445671790992  0.33908571924015407  0.34621800139367925  0.35313611500091824
  0.35958959976555344  0.36563646380928511  0.37155162268142389  0.37736383636765147
  0.38297750906055200  0.38822067131840826  0.39309678749260696  0.39815512116885549
  0.40333063596739216  0.40856906520830044  0.41361547494443318  0.41844297065864117
  0.42295029135416568  0.42732765960629421  0.43170103097553869  0.43608404002509643
  0.44035520818380641  0.44435043051631473  0.44825540566327166  0.45215607833442012
  0.45610357303269611  0.45994368103530248  0.46373523387955368  0.46748699575618186
  0.47125354314811385  0.47505782506508032  0.47896303946971441  0.48291448479882759
  0.48696908033122149  0.49109108277297875  0.49522410934479416  0.49932630278807488
  0.50348391795233172  0.50767237167952417  0.51183789261933599  0.51597526771356128
  0.52017263814886971  0.52453575214897286  0.52898565842707912  0.53354444484664132
  0.53813932211145199  0.54274693138886476  0.54722657703183275  0.55159813205879193
  0.55595737136800660  0.56028786258652130  0.56459131476424673  0.56892867595988172
  0.57332156967826153  0.57775596092354142  0.58222711610361166  0.58680051221054241
  0.59141415896395944  0.59616741678344665  0.60090533847315597  0.60564813330565814
  0.61043620199606685  0.61524284469887180  0.62002062746690800  0.62480114064744352
  0.62986553768291875  0.63518587035764096  0.64076104408415324  0.64644581660551348
  0.65244167110571893  0.65880094628786801  0.66528857835654565  0.67202766434623795
  0.67896766247434914  0.68631487455344475  0.69477796088909571  0.70442196330890394
  0.71483556749515653  0.72617450346197754  0.73899432389054842  0.75436171258960028
  0.77327810873614267  0.79858248916296548  0.84103408702472027  1.00000000000000000
   4.2118383413303755E-012  -1.0000000000000000     
 T T T T T T T T T T T T T T T T T T T T T T T T T T T T T T T T T T T T T T T T T T T T T T T T T T T T T T T T T T T T T T T T F F F F F F F F F F F F F F F F F F F F F F F F F F F F F F F F F F F F F F F F F F F F F F F F F F F F F F F F F F F F F F F F
  <DiscreteSampler_grid>
  grouped_processes
  1 # 1 for a reference and 2 for a running grid.
  10 # Attribute 'min_bin_probing_points' of the grid.
  1 # Attribute 'grid_mode' of the grid. 1=='default',2=='initialization'
  0.0000000000000000 # Attribute 'small_contrib_threshold' of the grid.
  0.5000000000000000 # Attribute 'damping_power' of the grid.
 # binID   n_entries weight   weight_sqr   abs_weight
    10   10   4.907872435693980E-002   7.128336866877945E-003   4.907872435693980E-002
    16   10   4.907872435693981E-002   7.128336866877946E-003   4.907872435693981E-002
    22   10   4.907872435693984E-002   7.128336866877956E-003   4.907872435693984E-002
    28   10   4.907872435693984E-002   7.128336866877955E-003   4.907872435693984E-002
  </DiscreteSampler_grid>
