  0.05303611919786078  0.05376481458327777  0.05415821045028225  0.05454244891373304
  0.05491761010192216  0.05527220703674242  0.05560908664170187  0.05593598121221875
  0.05626194421318067  0.05658117712675412  0.05689095914782488  0.05719530944089456
  0.05749743201823879  0.05779848607154973  0.05809788568293320  0.05839242467232881
  0.05868288198888371  0.05897351762591686  0.05926934181822916  0.05955915386126956
  0.05985208644197017  0.06014477912677669  0.06043720032235413  0.06072733921448128
  0.06102805230119991  0.06133588568107564  0.06164922487496543  0.06197328314007157
  0.06231031863953473  0.06265481872276574  0.06299937902415050  0.06334592358106536
  0.06369833839630952  0.06404685960490203  0.06439296396524789  0.06474229634732265
  0.06510326703117332  0.06548222256907035  0.06588579638350861  0.06628972673840090
  0.06669497275404425  0.06710313493206579  0.06751425125991418  0.06792810108595182
  0.06835054229168326  0.06878097114312463  0.06921368355884389  0.06964907840044078
  0.07009429071460010  0.07055701994967951  0.07103426471860153  0.07153033459808512
  0.07203434680770324  0.07254197039153680  0.07305671219986250  0.07357994997262270
  0.07410858571591189  0.07465590625776411  0.07523420595194753  0.07585339520612674
  0.07650382882912982  0.07715462818438133  0.07780908502290593  0.07848619643346663
  0.07918871641709459  0.07994275591490249  0.08074379368965101  0.08157828483245548
  0.08243193497794012  0.08332927279372682  0.08426404175665003  0.08522590288953859
  0.08624959278325807  0.08735421545313650  0.08852735657197572  0.08978135964822269
  0.09110405021115286  0.09254056413466619  0.09403728116508196  0.09559608853693652
  0.09723749946106461  0.09915069961049491  0.10134154427244224  0.10388693052962163
  0.10671485561575375  0.10985065333532457  0.11349129261207100  0.11791240589061594
  0.12330305969073038  0.12955377666587004  0.13719112979362785  0.14678702662040999
  0.16328239937302855  0.19992432557674583  0.70821826096947926  1.00000000000000000
  0.05815851453991317  0.06305376993692641  0.06528412177460419  0.06747470955510494
  0.06952360739095280  0.07143936182467142  0.07325286165136319  0.07496392893897384
  0.07661414915295300  0.07824259757452520  0.07989243575795121  0.08155662592833152
  0.08319172958375445  0.08477067321827121  0.08631066609669799  0.08783166380592267
  0.08936433142580952  0.09087560765952195  0.09235221288585130  0.09384662549265102
  0.09532647903304169  0.09683321011285086  0.09832367473281013  0.09978760178869137
  0.10123182684898371  0.10266004408041221  0.10406179672708891  0.10546186135939893
  0.10690361937236018  0.10836436013913746  0.10987698702516877  0.11143368152071169
  0.11299270848567690  0.11454893769316282  0.11608589361373590  0.11758839036333529
  0.11908953015744018  0.12058985393063686  0.12209354239797174  0.12359832513978532
  0.12512499935792901  0.12667737611590796  0.12820781224262465  0.12974366009143951
  0.13126426915093212  0.13280170859744431  0.13434950072350546  0.13588563036720042
  0.13743115235896608  0.13899715034399820  0.14059213698246534  0.14223334105915586
  0.14387220105798984  0.14569623283041727  0.14741274380860817  0.14924356661565913
  0.15112678575862232  0.15302037007775168  0.15496245661087626  0.15690227408408844
  0.15882357307876194  0.16074082257641584  0.16269403738525523  0.16472629722094134
  0.16680950197147607  0.16894869207815660  0.17115216396452049  0.17348388035329762
  0.17595762678017524  0.17855888876700948  0.18127815867706182  0.18414285096476199
  0.18715987494269029  0.19026588411573225  0.19347976532982963  0.19674313984224182
  0.20005925992523058  0.20342516347115613  0.20686504906174613  0.21039448030191385
  0.21403345562242435  0.21790862592922969  0.22224635646615606  0.22710714347443176
  0.23248303127058614  0.23789566754463126  0.24355009470510725  0.24998549074710505
  0.25757836778828697  0.26628109633578373  0.27613868936336555  0.28667103353907791
  0.29828196801338713  0.31374424686542851  0.33832680822161054  1.00000000000000000
  0.00020716454679847  0.00029025484258360  0.00033200531040608  0.00036574692933777
  0.00040605776733540  0.00043919957503402  0.00047094778613665  0.00049903951458915
  0.00052482371435439  0.00055159084775406  0.00057882353542357  0.00060736820533803
  0.00063691537237366  0.00066711120697699  0.00069771464353375  0.00072769296398598
  0.00075690921946611  0.00078618300793190  0.00081587878587510  0.00084587663980228
  0.00087632190930338  0.00090756795802160  0.00093986881188308  0.00097323986693770
  0.00100800617598557  0.00104384957395540  0.00107939814376419  0.00111763601480234
  0.00115713510199947  0.00119774617863444  0.00123981793838982  0.00128162125006740
  0.00132407226762731  0.00137010310332124  0.00141823088719396  0.00146826173677957
  0.00152082047148067  0.00157568765091102  0.00163237473857708  0.00169170149301817
  0.00175385200702687  0.00181952489945503  0.00188916743786606  0.00196098340464091
  0.00203389686634632  0.00210902797284338  0.00218819845881590  0.00227109962643738
  0.00235358437157654  0.00244032839082675  0.00253026895036437  0.00262724064988667
  0.00273250308233741  0.00284482062120560  0.00296153500545877  0.00308352475290984
  0.00321166018795797  0.00334616502486789  0.00348633609014094  0.00363103165044115
  0.00378004124158914  0.00393214480263996  0.00409629883783884  0.00427480269059137
  0.00446321390928891  0.00466280495014915  0.00487463569062493  0.00511052736757205
  0.00536488214926359  0.00564272775442764  0.00594722523670715  0.00628930343594973
  0.00667660839174254  0.00709436916888031  0.00753900436238267  0.00802321754231294
  0.00856437873092475  0.00917128625291152  0.00984940449243656  0.01059546431839676
  0.01139787171631830  0.01231581504973795  0.01340811868435408  0.01471346883145304
  0.01630805079306916  0.01809754824585233  0.02015257943263397  0.02263000337529137
  0.02576299250338976  0.02988846367021753  0.03531691654391079  0.04306714822013651
  0.05527112487251788  0.07871025156518965  0.33542194255530100  1.00000000000000000
 -0.00194587428961526  0.00758558729003048  0.01593510558822046  0.02504550113632581
  0.03470094772073039  0.04504787363386365  0.05486631808271360  0.06477896585217090
  0.07507177751438651  0.08557541344239614  0.09519186200208178  0.10535227407191911
  0.11587284963359183  0.12640640760358002  0.13642722657754411  0.14657871241557657
  0.15710141785975731  0.16777114051376929  0.17830272623200372  0.18885735873521542
  0.19880524577338801  0.20871703862507487  0.21884592208828021  0.22920346378032513
  0.23949169856536850  0.24971759507526733  0.26042670761558140  0.27109923991470186
  0.28158831902047354  0.29212568019749219  0.30299572701083965  0.31385251820352894
  0.32447202587523061  0.33467167710256818  0.34523081026643770  0.35601433436636643
  0.36672492225027620  0.37718193691682206  0.38780343925810273  0.39867798913763097
  0.40965545017207422  0.42077693252397869  0.43228728740522432  0.44426365977004750
  0.45640165565720436  0.46825848603978587  0.47982228326377591  0.49114541952614182
  0.50263354053935738  0.51391340992667001  0.52508167930611982  0.53587096876922136
  0.54636509566455294  0.55686405418166807  0.56761933244323548  0.57843476174628394
  0.58898594500243051  0.59947930381280501  0.61014564947583705  0.62106266007494282
  0.63201347494261795  0.64287602343354289  0.65438930022399666  0.66636135548719233
  0.67828125757329405  0.68938785126864410  0.69972764074545646  0.70987263634525843
  0.72014331139801036  0.73094858601842072  0.74215948491793371  0.75361425792901671
  0.76468664950669818  0.77526249888894838  0.78518429224619102  0.79515669097332331
  0.80535038379065982  0.81560389107413445  0.82579185690893819  0.83589990122233804
  0.84636986717604890  0.85688688341854946  0.86740569283468238  0.87810123432026721
  0.88873628840591345  0.89911668697116598  0.90890517407702476  0.91902285774446713
  0.92942222468839708  0.93980391700115073  0.95056004052768606  0.96121323800800540
  0.97150181162639859  0.98154325544342724  0.99082423096201289  1.00000000000000000
 -0.00233898481533298  0.00902720960982895  0.01867711399915242  0.02915992650489157
  0.03973780818207402  0.05038767445650259  0.06058050329704324  0.07103988879128748
  0.08186173726580692  0.09249112581116348  0.10284414617184479  0.11244658826103046
  0.12277034647144794  0.13263150395023715  0.14308597312884402  0.15374090218102179
  0.16466550354923420  0.17515682046213416  0.18543621451534886  0.19599307852289372
  0.20645646570178952  0.21724323082296307  0.22796271287287292  0.23893218253230508
  0.24981285224137806  0.26129901994329713  0.27296130555811510  0.28412758781113778
  0.29486271390627006  0.30538840041245668  0.31585809111873403  0.32694381721189858
  0.33791423219434547  0.34851521174794198  0.35903573419943913  0.36947370564313498
  0.38017792094019354  0.39080578590808829  0.40180543276540642  0.41218981000723043
  0.42244502536844608  0.43232030845577762  0.44214043110832651  0.45193193414901128
  0.46207536950827727  0.47260363329907529  0.48324426862731107  0.49371157787463127
  0.50435973629169584  0.51501210172212397  0.52531600353019492  0.53497457486947053
  0.54443015094366853  0.55388558692469325  0.56351337116427969  0.57315537856425669
  0.58295089957125668  0.59255561326309747  0.60192785841318541  0.61170031571864592
  0.62195074386158489  0.63255600553215496  0.64340607876849176  0.65446250173757003
  0.66555660125997007  0.67661953261680607  0.68753657316511418  0.69842637777701344
  0.70938487183595766  0.72034701395023470  0.73126406992620563  0.74183621317337289
  0.75224591757971893  0.76250590799122253  0.77272147554090065  0.78298199347617847
  0.79357484981872295  0.80527235012387799  0.81707194982697484  0.82904926733229611
  0.84018416434572374  0.85137269351140898  0.86153948300705829  0.87170956240684316
  0.88201287974141762  0.89253141132978286  0.90300869184075783  0.91333528069663206
  0.92372652871120542  0.93486471337188448  0.94595874833435012  0.95702968093085627
  0.96752572377285462  0.97825374452272640  0.98908513956548161  1.00000000000000000
 -0.00343910759005010  0.02507175320774073  0.04169380954239251  0.05690667283768695
  0.06976767432481780  0.08107523580586484  0.09158588561139142  0.10162312974512359
  0.11130387309218448  0.12061579163952496  0.12995352203089153  0.13913088733337459
  0.14837800454952416  0.15779215151009585  0.16724938378180454  0.17662079090519583
  0.18575172016428362  0.19453801764464390  0.20308884275877748  0.21141618855516089
  0.21944817760886151  0.22754590841651340  0.23573737981122037  0.24395704940724078
  0.25193326807886268  0.25971407443120575  0.26742523184425704  0.27510200279077673
  0.28285627829505833  0.29061033249848639  0.29806821537036393  0.30522428685762176
  0.31235025001261613  0.31950033251542403  0.32692206339173485  0.33442324891640429
  0.34194955076389216  0.34913252683029827  0.35622640921563253  0.36366289605854740
  0.37168204277830647  0.37960619316949573  0.38742246304210165  0.39519515085277079
  0.40313497346882732  0.41129452209251660  0.41953348635304222  0.42777582402394598
  0.43612217237929379  0.44471187942876655  0.45350521841381686  0.46230245157570177
  0.47099665073319141  0.47969327281377366  0.48833426004025376  0.49700074387073923
  0.50557600483225373  0.51394474769091991  0.52249409939710023  0.53123342873350188
  0.54031663560550358  0.54908922659856774  0.55799576570177190  0.56713883081438443
  0.57640651340541216  0.58553411320729276  0.59449822702835986  0.60344415756552983
  0.61337197040560976  0.62366995465126707  0.63387847550478948  0.64417471708932184
  0.65416932994381538  0.66419681176882250  0.67423302628297976  0.68443098817782577
  0.69506777131547526  0.70621826781115615  0.71750973588242817  0.72903912629181167
  0.74072257375853712  0.75246602858391265  0.76435423880252018  0.77709592786706905
  0.79046535037087262  0.80386882952365668  0.81719925777020197  0.83060734611135523
  0.84472593458667666  0.86029010794558514  0.87688804063522696  0.89457002495883431
  0.91357453872131766  0.93484168002186296  0.96078001022477755  1.00000000000000000
 -0.00264342757646588  0.01061737411781952  0.02142240467762503  0.03231153698539730
  0.04292063287185342  0.05307044474324270  0.06290548105758112  0.07253050512984544
  0.08264805303483970  0.09304099779637198  0.10328853932093812  0.11308919059719591
  0.12251353752087452  0.13212932512890221  0.14202229117681828  0.15229435194897503
  0.16234937174180594  0.17231602735858373  0.18250426742484291  0.19294060356971371
  0.20349980121830474  0.21391625378542062  0.22432092380882968  0.23512770917036904
  0.24631057790723712  0.25725330204299057  0.26772774399267657  0.27838923617434230
  0.28918122116461414  0.30006219583396487  0.31014786307352837  0.32031055915750484
  0.33067172029893471  0.34088898250521332  0.35103762162123031  0.36130477026791225
  0.37181210928125474  0.38268989092850109  0.39293553795500924  0.40277621313504908
  0.41225308531155924  0.42218662548881919  0.43219599797726777  0.44247336246128871
  0.45275603171347295  0.46352024810564391  0.47526230825597665  0.48684752618818505
  0.49827617972278154  0.50943122829249021  0.52072717084778730  0.53214350813518974
  0.54294281954279011  0.55322761983485347  0.56348201271516785  0.57327159653052195
  0.58295423143273950  0.59210380462276724  0.60125026014250993  0.61030178107067967
  0.61944872449679023  0.62902740131552204  0.63896635374608590  0.64923813509853123
  0.65963186949625296  0.67048848426193730  0.68155214123325059  0.69235595490632018
  0.70295767822774802  0.71359176591352025  0.72426357967215893  0.73459480686417344
  0.74477894926562993  0.75536987438044600  0.76629020929144254  0.77731025453990410
  0.78834823557203149  0.79959456760316905  0.81093495406597182  0.82230536346011740
  0.83368082278063549  0.84461426525296679  0.85532737322185703  0.86618483767633792
  0.87715366160413100  0.88823583845243548  0.89908652157719382  0.90960644389997924
  0.92014578726287477  0.93095226679746690  0.94187886799412479  0.95298264838544822
  0.96434368160966721  0.97588982714071681  0.98782397774225927  1.00000000000000000
 -0.00234519109688632  0.00879596251549474  0.01928449857507805  0.03091274150784620
  0.04192043983365599  0.05261056650591269  0.06275681150593435  0.07304859491334567
  0.08350645050801865  0.09406394502631409  0.10461937882568893  0.11493872615391615
  0.12537731236742247  0.13597620548209433  0.14695495702388778  0.15827818684906991
  0.16952154008168302  0.18055856206218771  0.19139300410529234  0.20211048388594480
  0.21258515046992885  0.22285364334823338  0.23298249471001023  0.24315696855284688
  0.25351782813478163  0.26427686658955074  0.27491070909455800  0.28546737999687943
  0.29566695133591420  0.30564178426600669  0.31550711392722880  0.32536372759651461
  0.33538643107235017  0.34542965841457934  0.35570669420857243  0.36653173750013557
  0.37759209040765207  0.38837551393841352  0.39901893374613567  0.40968018535216094
  0.42039190844566576  0.43104905794183673  0.44140417292565054  0.45162545069332399
  0.46170127605637251  0.47193843010764730  0.48243813984744160  0.49305124694501473
  0.50331899943493941  0.51364173652600331  0.52400822324482788  0.53439086309842776
  0.54465667415404273  0.55511642895082769  0.56584886106613375  0.57604405288818017
  0.58662879134253876  0.59703710328870396  0.60746931112773328  0.61761850484684144
  0.62798446987916567  0.63881466381329699  0.64944549234562721  0.65996441314160192
  0.67053521750942269  0.68158525022862415  0.69221716444113202  0.70261358501811544
  0.71274932705666905  0.72275528380230136  0.73293360844296995  0.74323601601641687
  0.75370640807044631  0.76420432867788168  0.77475200071198835  0.78520146615106734
  0.79531146846617895  0.80513670449231201  0.81514756480836159  0.82573566461168446
  0.83647931535354292  0.84727025618966467  0.85766672872694749  0.86769563523185966
  0.87792881995691285  0.88823265216901448  0.89873475146131554  0.90924753062462305
  0.92021588816744859  0.93191240611100312  0.94393985631050448  0.95589104920004520
  0.96719866916400077  0.97843445602896806  0.98913313195846508  1.00000000000000000
  0.13228760748745627  0.14537298007146382  0.16215373700733390  0.18610610515305348
  0.21508446412297111  0.23961118815377405  0.26101289806656802  0.28057013178902768
  0.29747891878618005  0.31249040368474884  0.32611024846021891  0.33798114457741524
  0.34904247734051413  0.36036843333987201  0.37119586392775128  0.38079875702483518
  0.38948718209342775  0.39794265222276998  0.40634783800785490  0.41482076660859862
  0.42277459784569466  0.43052913726549297  0.43784884343696573  0.44501750376594457
  0.45183012906851516  0.45853815601871578  0.46497839313850964  0.47126501990202757
  0.47750499241995431  0.48373201481806782  0.48981176366405627  0.49580406963038753
  0.50168237794479209  0.50754334375646037  0.51306431632599125  0.51839352676622308
  0.52366691819449329  0.52896990182458692  0.53415200838076304  0.53927788169220636
  0.54434833221983203  0.54945138955195605  0.55459454796614771  0.55968640378158119
  0.56457014200731093  0.56958756916049891  0.57469399321738879  0.57982960495371172
  0.58476167784727240  0.58944081771645829  0.59399338767332810  0.59857504810575424
  0.60322984958168413  0.60777821050609038  0.61216699467950098  0.61651427507082301
  0.62082257320252787  0.62507734846196961  0.62925831816487898  0.63339031807334578
  0.63759285227829809  0.64190100858436838  0.64626620369138388  0.65067679362246622
  0.65509185886674004  0.65949973708173748  0.66385625523777825  0.66811865186185415
  0.67235083825130226  0.67666782932018454  0.68101296998828442  0.68547045191367606
  0.69014550564453991  0.69496873369394996  0.69996238480552508  0.70491246500735061
  0.70987202867850852  0.71500529391189604  0.72027922399045607  0.72569345636784832
  0.73148169461764567  0.73743325790542225  0.74361292797393386  0.75000421235447534
  0.75673849641170643  0.76374830240097247  0.77103377778792925  0.77865994164917729
  0.78680692576425404  0.79586401989188471  0.80616057425341270  0.81770070184864474
  0.83133437155896639  0.84914950623189900  0.88011684737903406  1.00000000000000000
 -0.03209477030980191  0.15610091167036338  0.20036241369455829  0.22666181637423505
  0.24602472054428240  0.26134283772114747  0.27438925384540669  0.28634488931652219
  0.29688135319550191  0.30622528318948461  0.31466079369888272  0.32237112864041240
  0.32963983595728802  0.33658607673863278  0.34330451022621394  0.34987601034684834
  0.35630532255660818  0.36252796403896492  0.36843815798841750  0.37409459818503715
  0.37949463222318058  0.38485466843057947  0.39036992830858913  0.39569403317260116
  0.40065695187717948  0.40544342616483980  0.41023090718519989  0.41515071971221795
  0.41988912611575790  0.42446659211261195  0.42896318726506527  0.43331183917936955
  0.43757645675928708  0.44174190414694814  0.44586825590040868  0.45001194396479727
  0.45423721314772852  0.45842316543621037  0.46253366427876580  0.46653018827763620
  0.47042264295276737  0.47424675815611522  0.47806696183776826  0.48200482079519497
  0.48605615441541483  0.49015123882373840  0.49427804216973947  0.49842638861063399
  0.50260692025222520  0.50667198514976264  0.51070150624064992  0.51464641811551859
  0.51872922061428317  0.52278410048870605  0.52687947236259158  0.53102375794845857
  0.53518269804501395  0.53933153935844413  0.54349558547111276  0.54775488466026223
  0.55213382592587856  0.55644725261988592  0.56082513384240817  0.56515845095300787
  0.56958175719955428  0.57412986488429918  0.57870366882509705  0.58329656265352714
  0.58803782603224852  0.59272917093822530  0.59741907500239189  0.60214370769561099
  0.60694103316169590  0.61185134733742685  0.61692793064046580  0.62209272558300122
  0.62740824290506014  0.63284745313058333  0.63840979032561629  0.64426502160272070
  0.65053496560036606  0.65715862376627432  0.66408328985145881  0.67133042115218611
  0.67876543225653807  0.68654832026797419  0.69507368371481126  0.70451924553079559
  0.71507102103341869  0.72668257696760985  0.73974526280056452  0.75468797832651235
  0.77386206781505629  0.79970183152190011  0.84409983210415684  1.00000000000000000
   5.3791353757098746E-012  -1.0000000000000000     
 T T T T T T T T T T T T T T T T T T T T T T T T T T T T T T T T T T T T T T T T T T T T T T T T T T T T T T T T T T T T T T T T F F F F F F F F F F F F F F F F F F F F F F F F F F F F F F F F F F F F F F F F F F F F F F F F F F F F F F F F F F F F F F F F
  <DiscreteSampler_grid>
  grouped_processes
  1 # 1 for a reference and 2 for a running grid.
  10 # Attribute 'min_bin_probing_points' of the grid.
  1 # Attribute 'grid_mode' of the grid. 1=='default',2=='initialization'
  0.0000000000000000 # Attribute 'small_contrib_threshold' of the grid.
  0.5000000000000000 # Attribute 'damping_power' of the grid.
 # binID   n_entries weight   weight_sqr   abs_weight
    10   10   9.975789494495936E+001   9.808540046710629E+004   9.975789494495936E+001
    16   10   9.975789494495933E+001   9.808540046710632E+004   9.975789494495933E+001
  </DiscreteSampler_grid>
