  0.01409821421195390  0.01460228330009125  0.01511770334426939  0.01542210127368883
  0.01565792457791241  0.01592013131197969  0.01615926384589025  0.01637629970837190
  0.01658734069125523  0.01678629364901065  0.01697590901937612  0.01718098638265647
  0.01739299166598390  0.01759682035150415  0.01779257557097796  0.01798132593721107
  0.01816558907456860  0.01834892172007798  0.01853264854701400  0.01872022634522248
  0.01891121083625318  0.01910138513448313  0.01929213508722618  0.01947956678147177
  0.01966869863818327  0.01986232772425721  0.02006330832150074  0.02026824001194269
  0.02046658987644518  0.02066213417250250  0.02086065637966542  0.02106852208947590
  0.02128209535869407  0.02150218485281357  0.02172199065715847  0.02193800662957817
  0.02215575723125352  0.02237641913735315  0.02260110019057099  0.02282746621058106
  0.02305586356215612  0.02328471762377508  0.02351518543920015  0.02375219660791665
  0.02399588850804707  0.02424746241895060  0.02450191085310290  0.02475501833297580
  0.02501058612629090  0.02526678668435371  0.02552245936047360  0.02577799454903448
  0.02603232390949657  0.02629517574947413  0.02658564124684730  0.02688854172180028
  0.02718453529871851  0.02748106676224212  0.02779455935485166  0.02812220317843439
  0.02847709269202216  0.02883287740743757  0.02919485678425815  0.02956639815107165
  0.02995798955584731  0.03036797207023243  0.03078815656726138  0.03123295550977684
  0.03171295231470166  0.03221788385253500  0.03273608257249816  0.03326221738886199
  0.03379210182564629  0.03433836122445792  0.03495197092348148  0.03563893393240017
  0.03638568465564280  0.03721766441740267  0.03812944846752508  0.03910858956321853
  0.04015369734231579  0.04126968470260531  0.04253145061531723  0.04396694694628489
  0.04559071365319257  0.04737624392536390  0.04943814458500169  0.05175798304757347
  0.05434398829483510  0.05762951422520092  0.06211845729358351  0.06823794372358521
  0.07898162437556082  0.10527856943351095  0.56233629948558628  1.00000000000000000
  0.05777368377263650  0.06214523784788361  0.06417411322624401  0.06642473348227296
  0.06850265947306530  0.07054690135559213  0.07258295804578205  0.07461609877714423
  0.07642635943166755  0.07811431905776003  0.07977664881274327  0.08144941074111456
  0.08307791496703842  0.08478114709457356  0.08651277726568721  0.08820734970436667
  0.08984192322386961  0.09143765467149893  0.09303165222878015  0.09465530309980225
  0.09631524674692434  0.09797905244777909  0.09964728666288260  0.10134458305658842
  0.10300124188190317  0.10459156906429776  0.10617819681100378  0.10778837506032854
  0.10939097221817422  0.11093448210257091  0.11248367543721680  0.11406885961011441
  0.11564417970242433  0.11725087463337652  0.11886721856372649  0.12039723620016014
  0.12198091273474421  0.12356076333697959  0.12526893934148806  0.12700518489906262
  0.12875146330325840  0.13047003182961814  0.13218849293210869  0.13395483723528620
  0.13579289738775915  0.13767818519868430  0.13952119155648687  0.14130754048452079
  0.14304317466873256  0.14475945209608507  0.14642906578503193  0.14805663521339876
  0.14969463210668993  0.15137316682357638  0.15310948666369958  0.15500394296368750
  0.15701430493584187  0.15888688187350555  0.16067980274954857  0.16251181789906244
  0.16441462521080843  0.16631036207266572  0.16820243764688800  0.17010983769781468
  0.17207127680415654  0.17417622380176129  0.17654215841209239  0.17902128053486424
  0.18149212398743914  0.18395603941055674  0.18645592239168637  0.18911421072180079
  0.19216314535648521  0.19562754737178134  0.19868927507751219  0.20201807933032115
  0.20518854296331829  0.20834398519720676  0.21179448589282127  0.21565377319438725
  0.21998501530079964  0.22468113255985528  0.22936978603219199  0.23331355506531298
  0.23780624979483481  0.24326615936091320  0.25012681237420675  0.25857496474973030
  0.26933696064328555  0.28073387682175849  0.29344504390857379  0.30709505306979196
  0.32272057054635994  0.37031012708866151  0.87186999410297461  1.00000000000000000
  0.00017014666206370  0.00039112894365656  0.00050219258184757  0.00059136511241775
  0.00066469438619720  0.00072990681052000  0.00078987512912500  0.00084902548869710
  0.00090887698068669  0.00096825524480967  0.00102577621222272  0.00108308158926227
  0.00114053063660730  0.00119789724579963  0.00125473466254131  0.00131246052116002
  0.00137315319505932  0.00143595648206607  0.00149806429434797  0.00156659298966114
  0.00163804751495588  0.00171211924638738  0.00178845840229775  0.00186556595020379
  0.00194472970096719  0.00202425900604334  0.00210532899223166  0.00218947072657553
  0.00228038764621895  0.00237628780874896  0.00247343371010580  0.00257325245271161
  0.00267871217258553  0.00279218729766756  0.00291058652951482  0.00303242046581791
  0.00315866467240185  0.00328742745662619  0.00341856823468039  0.00355749487952277
  0.00370784987201043  0.00386987628238485  0.00404569100894849  0.00423130678847394
  0.00442866446652626  0.00464870507296471  0.00489764474774997  0.00516099766908608
  0.00543310920907099  0.00571442084895992  0.00601134488566493  0.00630748018227804
  0.00662559525292581  0.00693226880082178  0.00725635601920620  0.00760350362262843
  0.00798244568255135  0.00839383781785032  0.00884767693873408  0.00934109676350173
  0.00987177731523161  0.01043100202224147  0.01104089191693371  0.01170599373687640
  0.01244213659355402  0.01322630001048830  0.01406386982324962  0.01498320095262864
  0.01594745797399622  0.01693831814402398  0.01795068930851940  0.01903706976989487
  0.02023376087889389  0.02154970353356685  0.02293065095381162  0.02438928062365870
  0.02602338532415090  0.02782082152784078  0.02974473157250251  0.03190443237637612
  0.03457996387112643  0.03746002480627515  0.04027056157059908  0.04328157272580304
  0.04655617774611489  0.05015193439690670  0.05448761841289317  0.06012146376631100
  0.06714580125290021  0.07460662890238322  0.08371171109588539  0.09764215392786744
  0.12168145006883574  0.31342334239807179  0.65220073947985635  1.00000000000000000
 -0.01263165336645235  0.06098455804217611  0.10866055177969983  0.15014841506607943
  0.18000956166539933  0.20366975838200713  0.22299168246885984  0.23902208709440045
  0.25287647199897284  0.26582544776066325  0.27814502907934707  0.29025989194189095
  0.30146162261789700  0.31158229270091492  0.32093935742312785  0.32980826039778638
  0.33881388718076372  0.34785986721357381  0.35686413727536409  0.36553459921493531
  0.37356050864681384  0.38080874825721239  0.38737559713164232  0.39354562115962494
  0.39963304605539207  0.40580846694192652  0.41200969010605404  0.41809704832346173
  0.42405754226837661  0.42971422548463312  0.43520451701577412  0.44041015440841003
  0.44540169679156039  0.45021597365301375  0.45509851432564863  0.46014068356241394
  0.46534609682062655  0.47046693253530969  0.47546813343516092  0.48043008752115873
  0.48542477616538454  0.49038505213926376  0.49526786938519923  0.50008059993725229
  0.50470815627493582  0.50917514878486236  0.51368616292730229  0.51822359286247632
  0.52274886280676436  0.52713348667446769  0.53150873467852100  0.53601109284088944
  0.54062717915195813  0.54532309335872664  0.54991314371932565  0.55440659413868287
  0.55898960895558236  0.56387347770503748  0.56906033629792474  0.57418980272633313
  0.57911207179572022  0.58409183401246956  0.58930290144984998  0.59473006761746772
  0.60039223393230656  0.60615568942925624  0.61204336041961238  0.61782906723160824
  0.62338579587355436  0.62898745619831387  0.63499325303770615  0.64149162358202505
  0.64835783005379366  0.65537064789437227  0.66232662478763704  0.66944233745313997
  0.67656739229619012  0.68391679464145960  0.69173818847837698  0.69982590529805344
  0.70824837748001035  0.71723067968143928  0.72638784151924973  0.73663831557369652
  0.74747365843510294  0.75922347194985174  0.77204214949041194  0.78582185865594922
  0.80064479719925774  0.81672116794272009  0.83489079917254949  0.85564971752527497
  0.87670211603530734  0.90283252084946908  0.94145970901649412  1.00000000000000000
 -0.00252917986269634  0.01015383369924160  0.02102214040676810  0.03179426079480584
  0.04263592351252868  0.05383922487600343  0.06494818554774003  0.07539181724083897
  0.08530194175252465  0.09548918256943206  0.10595044622417675  0.11690120356165981
  0.12841648458649549  0.13975227080507011  0.15078040300682477  0.16143894502506578
  0.17230232899761147  0.18353477091824311  0.19440897574161184  0.20517752878420881
  0.21627035107749240  0.22794511290041775  0.23965136102589271  0.25110338474035837
  0.26260191428545898  0.27414734635256899  0.28567916068268229  0.29680753185624276
  0.30738209188713639  0.31774365209834177  0.32804179481669904  0.33839104513193913
  0.34912177172416281  0.36019406224743217  0.37136323015848316  0.38241538623603083
  0.39313061378582664  0.40355024084557850  0.41384754941289298  0.42408534739487275
  0.43454714725682475  0.44515665727576642  0.45544694836950017  0.46546226198228463
  0.47572242976291468  0.48637334832622420  0.49687040658648934  0.50682891212687831
  0.51644110247048336  0.52612853679269034  0.53627953627079172  0.54724518008774758
  0.55862081379661999  0.56974539295503424  0.58062416308264331  0.59161990811441223
  0.60273786218512559  0.61369412988647087  0.62457504079116799  0.63534593621030433
  0.64577119338737443  0.65609989311891814  0.66653018722214896  0.67701982623870549
  0.68726414815561943  0.69666421282316815  0.70583178303146699  0.71520303713254674
  0.72473542008431835  0.73404812448015544  0.74308542251062593  0.75257032276987434
  0.76291880929853340  0.77396497986974500  0.78526582752664176  0.79620699372294934
  0.80672946489075115  0.81652588811638149  0.82623559446321382  0.83621408476203118
  0.84627765477235117  0.85640251051949978  0.86642219346378702  0.87670620803398547
  0.88738011821588381  0.89799946913235529  0.90874796137248559  0.91894310487996123
  0.92865761760583942  0.93826080305785198  0.94826088749045556  0.95741634302727585
  0.96672139577587635  0.97591637381048413  0.98566262097363266  1.00000000000000000
 -0.01313011517396757  0.06838790732274647  0.11453951190061415  0.14982497856665850
  0.17799023996712257  0.19999470335193739  0.21806983160676807  0.23347128866102454
  0.24697425731911857  0.25930107360640348  0.27118257410030983  0.28222329786403216
  0.29272554735863782  0.30232180746571641  0.31112469081016814  0.31887838856103884
  0.32613776736630484  0.33327766882709881  0.34041366688333319  0.34740588174737175
  0.35413990767761871  0.36049012705218408  0.36692633207862085  0.37329070897950767
  0.37946366784028329  0.38545193693342428  0.39127567429506477  0.39686274188537290
  0.40219940809381693  0.40743649924266373  0.41261549431051892  0.41754602873995988
  0.42223301142333181  0.42689383113617657  0.43160920702217698  0.43634495763732384
  0.44106853843601951  0.44570135281757151  0.45017395410108296  0.45466336493247339
  0.45923563463203615  0.46390476936191333  0.46854146431701954  0.47312525305151609
  0.47762922674618308  0.48206947757830415  0.48656690066154895  0.49118491855186841
  0.49570245583808559  0.50013881582495823  0.50453183087068365  0.50879439951874816
  0.51307438366743086  0.51757328788224066  0.52213787009070489  0.52668937174545338
  0.53120866442780779  0.53579065662568803  0.54017130291729543  0.54479153122339330
  0.54962901703880596  0.55433240404906414  0.55907548789918848  0.56400026489266197
  0.56912691142998428  0.57442208961118213  0.57985213093801080  0.58519562523049751
  0.59069807013015663  0.59654363586529702  0.60245224426071697  0.60833244632302286
  0.61433415839262495  0.62080303189850872  0.62743229569430725  0.63399979008788365
  0.64071905059217549  0.64765882498219007  0.65464222726336052  0.66168077090734034
  0.66911822048215530  0.67732113965842544  0.68594740968794743  0.69457998730030346
  0.70360709042553915  0.71326706139345797  0.72409554289935396  0.73622816507523381
  0.74973074766009862  0.76497427629952519  0.78281379763199177  0.80376944572946629
  0.83036212403124321  0.86744741580439910  0.92062227278671460  1.00000000000000000
 -0.00235028161010317  0.00961092630967097  0.01931592124443789  0.02950509455141686
  0.03965833848377018  0.05046701725953472  0.06136834697924286  0.07162517434175603
  0.08198903490608714  0.09235723224292713  0.10288183730819589  0.11322826837443549
  0.12327077848958524  0.13333099341768148  0.14387093497176678  0.15469915386881750
  0.16586591065413500  0.17732474028077241  0.18933999571927906  0.20147112299336317
  0.21344245779693949  0.22472038081840676  0.23542989954589405  0.24552300766918403
  0.25521476548137029  0.26505824482285983  0.27540355506641051  0.28600167891537526
  0.29675821754781062  0.30702607688192679  0.31767461749333065  0.32921842609712115
  0.34089877321032380  0.35233940563244320  0.36375346273373971  0.37555657234306761
  0.38661834538899886  0.39698887759971480  0.40720486999107430  0.41796834420078421
  0.42903303853928348  0.43936798196888144  0.44870961114548730  0.45830186597962413
  0.46834315193811676  0.47854547185895602  0.48837554893317126  0.49829395864219139
  0.50915527121386905  0.52077118292794411  0.53158003615070826  0.54170471112333884
  0.55173926958271746  0.56197529493641252  0.57260572753505490  0.58317278863741895
  0.59436888775193431  0.60570501329264537  0.61589921318115359  0.62533413605361310
  0.63433149151552548  0.64347007089491204  0.65267919044474965  0.66189511503616327
  0.67142620683348220  0.68185471779709794  0.69300343536016662  0.70425809182094390
  0.71491819322143513  0.72482348639736605  0.73436082224138166  0.74410831350154993
  0.75440669128441018  0.76522755130499165  0.77646769696348716  0.78793529473131574
  0.79924088865460996  0.80986912480452844  0.81991480421110663  0.82984335807160270
  0.83976262505696309  0.84995194914702143  0.86018082968415510  0.87021413525953129
  0.88064394640526678  0.89079084244083717  0.90094604567415160  0.91143270612790361
  0.92275589505573707  0.93514266733794404  0.94743720752958693  0.95859863861144989
  0.96893569885652564  0.97911127063470182  0.98958195848181352  1.00000000000000000
 -0.00204650881215315  0.00826991355634885  0.01857316732880831  0.02867285791127420
  0.03912627817229832  0.04978684937674491  0.06008759910642394  0.06995213005038517
  0.07910537308274254  0.08926521223420589  0.10006767581541762  0.11047529739582058
  0.12051664833680921  0.13090788461626104  0.14199301896619049  0.15348566997852450
  0.16458838567933570  0.17524142259959458  0.18592055046267522  0.19667311612690661
  0.20711505792187651  0.21736799256549055  0.22723835974285783  0.23691185401304993
  0.24631931487428138  0.25601499459802651  0.26632393269362625  0.27661278354414653
  0.28662168468666488  0.29674948636299292  0.30688996709041677  0.31664868937109159
  0.32585077690696546  0.33540113790123660  0.34600823417840876  0.35711518091729372
  0.36789275677031541  0.37806122950521909  0.38804024056880249  0.39790790844991697
  0.40831762206814148  0.41927774356854230  0.43019431742444392  0.44100369739368789
  0.45170606949288794  0.46336172596129366  0.47498866942273105  0.48573932800391867
  0.49581888330713259  0.50562809728385327  0.51560867590979387  0.52576430620369630
  0.53635589295832797  0.54744008850189441  0.55844205885792142  0.56879645682633195
  0.57867069232286383  0.58853758728998273  0.59865904287515870  0.60896574462888531
  0.61944135443888193  0.63045711173122754  0.64188930954670120  0.65304662701105753
  0.66377893673888289  0.67473451636387849  0.68583281476678171  0.69661441697389781
  0.70695209634656708  0.71687416186124542  0.72714464110924082  0.73795309077348648
  0.74887720542908442  0.75962359677992075  0.77037515505621423  0.78128431026766809
  0.79231457992629928  0.80358935241784335  0.81492212887346482  0.82613621031484685
  0.83762294692091688  0.84902562174912910  0.86020973067000051  0.87068634055551719
  0.88075613077046522  0.89091362367959603  0.90113002055469205  0.91150223586768675
  0.92243231141191606  0.93396483013284770  0.94572429309204942  0.95710159951084972
  0.96848282169747191  0.97969173083567440  0.99005929533646098  1.00000000000000000
  0.10336550221178044  0.22801953252932708  0.27165265831184593  0.29984862439274518
  0.32250181068576100  0.34075112354530113  0.35664349772162757  0.37095687055304660
  0.38434383777840753  0.39716543756862188  0.40875640372808014  0.41878455477895798
  0.42800752046534013  0.43674487395875738  0.44492183305088612  0.45234920378473997
  0.45950833934487512  0.46659465939216954  0.47354040059968178  0.48025299070380412
  0.48664588340018033  0.49287360382704104  0.49896969719296336  0.50491893009896582
  0.51068748922964380  0.51629171790434714  0.52155008949306780  0.52621170539137696
  0.53084671260107141  0.53529671784769239  0.54001566336415474  0.54453017644614277
  0.54909696888917969  0.55360482506650577  0.55833444919796626  0.56325257245101146
  0.56810367381694615  0.57279131865475708  0.57734960151260728  0.58181500828426758
  0.58621366104123884  0.59047951918811170  0.59477179907752831  0.59920322270570514
  0.60360886683640336  0.60786877101015813  0.61184091287312437  0.61567939442656883
  0.61936342286414303  0.62314215311074128  0.62689641909501659  0.63055449217549808
  0.63418782183788658  0.63784192899539416  0.64155650980198653  0.64534143256870646
  0.64915563542561427  0.65288449717867680  0.65660243379624306  0.66035492789122952
  0.66406144508435438  0.66790262772884201  0.67182089103578113  0.67574958348311998
  0.67973643985291887  0.68363327179984701  0.68748168076789840  0.69140396511904856
  0.69544454178399073  0.69956948999829438  0.70371286672104272  0.70784440083101829
  0.71203738052098453  0.71640671893818797  0.72089780579147289  0.72545163187775930
  0.72991472442938254  0.73427964069130891  0.73867255003348653  0.74308677048016447
  0.74746459489999229  0.75210718926354303  0.75720140270706682  0.76270988737329815
  0.76835086361536364  0.77397152525875990  0.77977084527362572  0.78602194436240747
  0.79304299655838906  0.80125852407888476  0.81045168955291880  0.82080608379388509
  0.83280510306076017  0.84904348876335367  0.87795031754142594  1.00000000000000000
 -0.03668717927305880  0.16924290015743498  0.21447742952559637  0.23969970100738530
  0.25846969767422368  0.27330572365412920  0.28608183020101763  0.29691849373349977
  0.30639661088740106  0.31513988541150534  0.32338374628393174  0.33111902615362065
  0.33831096027109514  0.34490032361504463  0.35111403795267959  0.35704180773715283
  0.36267562244850010  0.36824675055884015  0.37382399480802092  0.37947962383945760
  0.38508421506410495  0.39045744745723021  0.39560997021113825  0.40055170642776849
  0.40519195865603835  0.40959255635566805  0.41389346358534668  0.41820377757005878
  0.42265923459499255  0.42715819482776218  0.43148773375654847  0.43561498234574120
  0.43958334678972738  0.44359153081785924  0.44761891025908240  0.45161456502715119
  0.45552805996736384  0.45936324598760603  0.46327460214569632  0.46732514907520767
  0.47137944650916641  0.47523838031207200  0.47897321796491843  0.48277356240636393
  0.48684519745478638  0.49100770025640017  0.49510581245658636  0.49940893100192962
  0.50317073221923214  0.50685674169772355  0.51069881175051068  0.51460466066131072
  0.51855482059608038  0.52246138645521856  0.52629752451786282  0.53016506157351029
  0.53412999818787488  0.53809286845086468  0.54189055868114799  0.54543576545368899
  0.54885814754335782  0.55246891593847025  0.55616318190719793  0.55998080343368162
  0.56389143100214989  0.56813266697250986  0.57261705713271294  0.57724605764473580
  0.58198777405839652  0.58683619549815802  0.59173235414489134  0.59646435157732369
  0.60104662765007910  0.60558605442857516  0.61015058510009423  0.61491103034630434
  0.62006028036414895  0.62531801477008797  0.63071846423210431  0.63643276892724798
  0.64237262890526170  0.64869299528115243  0.65534552699896076  0.66227256488535613
  0.66974704035618304  0.67751356665795981  0.68556685105427739  0.69416854457655386
  0.70374094516256469  0.71476340757421908  0.72748750115784622  0.74211713686067815
  0.75991311158125974  0.78438213803286705  0.83152280813738244  1.00000000000000000
   1.6250258329523124E-013  -1.0000000000000000     
 F F F F F F F F F F F F F F F F F F F F F F F F F F F F F F F F F F F F F F F F F F F F F F F F F F F F F F F F F F F F F F F F F F F F F F F F F F F F F F F F F F F F F F F F F F F F F F F F F F F F F F F F F F F F F F F F F F F F F F F F F F F F F F F F
  <DiscreteSampler_grid>
  grouped_processes
  1 # 1 for a reference and 2 for a running grid.
  10 # Attribute 'min_bin_probing_points' of the grid.
  1 # Attribute 'grid_mode' of the grid. 1=='default',2=='initialization'
  0.0000000000000000 # Attribute 'small_contrib_threshold' of the grid.
  0.5000000000000000 # Attribute 'damping_power' of the grid.
 # binID   n_entries weight   weight_sqr   abs_weight
    10   10   8.452975221890850E-002   2.405258676209040E-002   8.452975221890850E-002
    16   10   8.452975221890850E-002   2.405258676209040E-002   8.452975221890850E-002
    22   10   8.452975221890850E-002   2.405258676209040E-002   8.452975221890850E-002
    28   10   8.452975221890853E-002   2.405258676209040E-002   8.452975221890853E-002
  </DiscreteSampler_grid>
