  0.00003872702526743  0.00003957984341422  0.00004045842527643  0.00004138415240207
  0.00004248034402543  0.00004370419593941  0.00004492778160230  0.00004615512118605
  0.00004737618571990  0.00004863731252423  0.00004991983922958  0.00005119852837017
  0.00005250284659879  0.00005388914874942  0.00005535359079258  0.00005689400848757
  0.00005845844950628  0.00006005527887114  0.00006167144470350  0.00006337788867344
  0.00006520387529383  0.00006706704586203  0.00006896858506066  0.00007097429482310
  0.00007310932489453  0.00007534313170823  0.00007766356969085  0.00008006948014831
  0.00008259152200686  0.00008521957605159  0.00008797779136071  0.00009095318704143
  0.00009406902546513  0.00009725198605614  0.00010057044290445  0.00010413040779147
  0.00010787609218104  0.00011174981516014  0.00011581714999877  0.00012015927076389
  0.00012467910788255  0.00012933749486166  0.00013402357530692  0.00013887181104465
  0.00014383805511641  0.00014900873751931  0.00015445517665773  0.00016028757682505
  0.00016653868507970  0.00017302545726772  0.00017982436197048  0.00018673500432567
  0.00019414349458770  0.00020179114527775  0.00020962458620248  0.00021800752551384
  0.00022701002968885  0.00023664366965124  0.00024686745868479  0.00025737500154540
  0.00026809879351866  0.00027934194680238  0.00029120633281998  0.00030368169318781
  0.00031707915731981  0.00033169829561859  0.00034727167442765  0.00036372574498860
  0.00038116595220492  0.00039968026510607  0.00041968604334128  0.00044088628299214
  0.00046351640917799  0.00048790838532862  0.00051431431836179  0.00054416202879368
  0.00057715733441109  0.00061162969796191  0.00064863445703547  0.00068991242029559
  0.00073463406313453  0.00078446862167334  0.00083985822935459  0.00090373387849397
  0.00098183145597265  0.00107588011229115  0.00118832385061622  0.00132592991349241
  0.00149989307455403  0.00172750759728154  0.00205272658199662  0.00255590005231209
  0.00348612477562894  0.00597828053859980  0.01587185779210237  1.00000000000000000
  0.00054735612107157  0.00073177173736268  0.00082991640032871  0.00090977870407559
  0.00100498478119439  0.00108432727094566  0.00116123553558488  0.00124793893763754
  0.00132567246329693  0.00140031545402445  0.00147409993028687  0.00153924464976212
  0.00160449809837786  0.00168603499424779  0.00177561468343565  0.00186088046038023
  0.00194198929038426  0.00202179746231513  0.00210166132120187  0.00218664293896386
  0.00227360588831137  0.00236233797137553  0.00245072932832633  0.00253998086081324
  0.00262584960473632  0.00271342613423653  0.00280351376325984  0.00289487191919333
  0.00298752437196268  0.00308153683847287  0.00317982781019993  0.00327540009094783
  0.00337357742045142  0.00347325084256432  0.00357516513660254  0.00367910122250926
  0.00378383388674465  0.00389109801450072  0.00400105378198806  0.00411249028853547
  0.00422943521793064  0.00435259023296181  0.00447882656684027  0.00460856807834471
  0.00474202166769450  0.00487894394725563  0.00502214577502064  0.00516941576715778
  0.00532082258382152  0.00548056505916904  0.00565015272910078  0.00582429526462789
  0.00600209155706614  0.00618707811545181  0.00638143584485912  0.00658819531701633
  0.00680642310517181  0.00703108479812108  0.00725975383174598  0.00749786400143951
  0.00775545798214428  0.00802789761469511  0.00831670030301145  0.00861576784425156
  0.00892656437196241  0.00925751505259532  0.00961178891298691  0.00999588199050450
  0.01041517239107918  0.01086502001085347  0.01133957651937434  0.01183582166995851
  0.01236529762808925  0.01293550541251352  0.01356528780475448  0.01427120668568393
  0.01505411141690434  0.01592190703328691  0.01689033599435448  0.01797184423642579
  0.01917623243332676  0.02052764959081877  0.02206420390111052  0.02380916475729106
  0.02580173676673912  0.02812059825305395  0.03089880799906976  0.03422905451585666
  0.03817519211845410  0.04317567104289896  0.05006139741258791  0.05959122651264245
  0.06993202313861702  0.07919881472892733  0.34089785538995465  1.00000000000000000
  0.00179013361171363  0.00335169326976115  0.00400516836127190  0.00466127846612855
  0.00530935442827846  0.00592680864197501  0.00649764720818817  0.00702138486732462
  0.00738662264785676  0.00781146774845080  0.00826210638946469  0.00872218063662571
  0.00918025979772339  0.00965156553087283  0.01012150490302142  0.01059838879999758
  0.01107663759229112  0.01154145309983324  0.01202022419483641  0.01250592503853749
  0.01298939178535513  0.01348677191490665  0.01402610262904751  0.01460425119879275
  0.01517123328717263  0.01574434520066811  0.01634992709291918  0.01699103405559734
  0.01766736186731540  0.01836664945048449  0.01910649006950284  0.01988573674078522
  0.02066793609644677  0.02147302496039843  0.02228443776227242  0.02307616274670879
  0.02387069529725506  0.02467123052515613  0.02550113960463873  0.02635833811460709
  0.02723135187628613  0.02811225603630390  0.02899714289781827  0.02987265892778084
  0.03075646137311613  0.03167692715946148  0.03264383037050850  0.03363587201923837
  0.03462375163899006  0.03559787165562478  0.03657216614042347  0.03757043126790360
  0.03861590693616765  0.03971494220016906  0.04086306278936061  0.04203290238274276
  0.04321784632738892  0.04445947052672721  0.04576496302729926  0.04709113932883536
  0.04841263602157964  0.04977694153464023  0.05116516327226078  0.05253773418319362
  0.05390523752025134  0.05532654761490524  0.05682557359651993  0.05828849409721412
  0.05994497195682189  0.06179658591322296  0.06372650729713544  0.06566329355937751
  0.06764946325764339  0.06963932350035359  0.07159749918233568  0.07360280999393028
  0.07572035195279710  0.07783712660208618  0.07997128434167089  0.08217896241075431
  0.08455967575996770  0.08703815309748648  0.08964969869757987  0.09244832210122746
  0.09544339975945978  0.09862625992948224  0.10169024361886231  0.10475511337316765
  0.10780509449886738  0.11070850135934653  0.11387542849699889  0.11774396153577527
  0.12203390319487054  0.12683321265830164  0.13231359379931532  1.00000000000000000
 -0.00147012847531111  0.00576628672178698  0.01286817369198818  0.02018104622603722
  0.02780275112496277  0.03551470797998193  0.04352565262673452  0.05180425130776325
  0.06026302558367731  0.06878405423872494  0.07749295724083309  0.08635034826537755
  0.09537988235396226  0.10446755832264946  0.11353056205405185  0.12278364151364725
  0.13237316095588128  0.14237194832442165  0.15259681845804629  0.16302995937158163
  0.17358731695432153  0.18438695663531804  0.19533526982244215  0.20642596104904562
  0.21740804551882334  0.22847409860318121  0.24006058609724601  0.25194031268362305
  0.26393245979881264  0.27570923428598038  0.28718232621308515  0.29855384785580980
  0.31004816114266032  0.32144023892438806  0.33267166230892248  0.34419246309731100
  0.35602198154565035  0.36796449408714532  0.37991916750356841  0.39128105834608518
  0.40267162517526373  0.41414751367174063  0.42603511060529919  0.43811260433958349
  0.45053271608598278  0.46258217658383416  0.47465236030763902  0.48679616143898546
  0.49901725181658035  0.51137868980886425  0.52413935269115819  0.53738122254289944
  0.55042589117906005  0.56314505625138411  0.57586523988930183  0.58872672781459279
  0.60166233956666804  0.61463452896299831  0.62742671870602262  0.64000847807395367
  0.65242782659972065  0.66482947455612140  0.67692192600321455  0.68851935320713853
  0.69989309373093900  0.71138473076930975  0.72298369202706880  0.73460128491577270
  0.74606970559800778  0.75749227815648157  0.76913260295215757  0.78098023318675025
  0.79261650423657648  0.80374658395119591  0.81452558198992886  0.82521487489859890
  0.83570978401238427  0.84584718950861892  0.85557389997593380  0.86515158055613794
  0.87462773212233669  0.88415373809934195  0.89351256699561055  0.90260201262983553
  0.91151553112625350  0.92026776015669542  0.92882677431182292  0.93710700903348365
  0.94507753580665566  0.95287724462995960  0.96063132437390286  0.96841132578936462
  0.97621684431780542  0.98405647810531260  0.99201062877491197  1.00000000000000000
 -0.00250222844875541  0.00979691338030137  0.02011809286375729  0.03065869571750292
  0.04115787730376401  0.05114054459693404  0.06138375825233703  0.07107315835168741
  0.08125479347591769  0.09140659924003991  0.10163637253496537  0.11157173039839476
  0.12145139438833628  0.13168464961473669  0.14229250068327473  0.15277930547823412
  0.16363029857093764  0.17467739905410490  0.18623295835496953  0.19753086931817540
  0.20850468674935033  0.21962502346512591  0.23056296506772930  0.24137915585544320
  0.25217493819351550  0.26275119932215901  0.27345888250106287  0.28427853594677727
  0.29495019382881632  0.30576757634691032  0.31634015322252440  0.32735239271496969
  0.33835417718509087  0.34929236690931709  0.36007309825812212  0.37066366757207880
  0.38100009544806734  0.39122687938863365  0.40168148421251676  0.41221792637642474
  0.42261029621852109  0.43288684265965116  0.44357769692381221  0.45472934789310532
  0.46550817040222070  0.47582076294951120  0.48595661964377646  0.49625362676044943
  0.50673864209711317  0.51741050447473869  0.52787987289687466  0.53829456699351363
  0.54832575344098844  0.55838874329239352  0.56854980072488137  0.57865109303775530
  0.58857717142989618  0.59824938761031188  0.60842250412560761  0.61852299395795440
  0.62882270646112659  0.63838527822953539  0.64809435321526299  0.65788042297077742
  0.66818669854440071  0.67846303338800995  0.68872719296164275  0.69945519379194254
  0.71045182580498678  0.72159498685249623  0.73254538789851686  0.74304310953377251
  0.75338144639659610  0.76341212322535879  0.77342169298945163  0.78374905656203342
  0.79430516000589146  0.80486676813794367  0.81519136913541113  0.82558642964705897
  0.83625184987397772  0.84711428456267479  0.85813905846466820  0.86918186855858492
  0.88024755859838821  0.89134261173708473  0.90262057147979291  0.91442068796820408
  0.92592272543235299  0.93750302870563651  0.94832751895250655  0.95923934902214025
  0.96966521428704744  0.98019210057171047  0.99008909501450315  1.00000000000000000
 -0.00237232420543781  0.00899727973105930  0.01999010864744555  0.03001552528801366
  0.04039024675896286  0.05002978673277054  0.06047879630897272  0.07025600374630787
  0.08023242286955115  0.09048489449158026  0.10108149834702236  0.11150600939766148
  0.12202701135803590  0.13219366966891394  0.14181830970115455  0.15126358069702217
  0.16063691738286096  0.17046416302574396  0.18080194815876660  0.19158809850843672
  0.20266286500500777  0.21363631085834461  0.22427945738272004  0.23482138017321577
  0.24535109872989233  0.25611791724345140  0.26710864760055414  0.27804765305130841
  0.28896028755349329  0.29979510146956517  0.31053173668681011  0.32127296863223981
  0.33214490438547317  0.34338058870093519  0.35458767919985484  0.36536152240734515
  0.37553392681622538  0.38557555702607610  0.39582003024369677  0.40655979171037926
  0.41726074009341119  0.42764487382339816  0.43799728841790514  0.44860535493761172
  0.45930959549062650  0.46942771397286048  0.47957499149889371  0.48984655880627698
  0.50028547382082900  0.51057399641953793  0.52118106232165073  0.53189585921253912
  0.54257583342513616  0.55291646983201714  0.56340387136193737  0.57419714295827329
  0.58512999574639846  0.59612191772755174  0.60677921972989535  0.61764950222896875
  0.62798057223588422  0.63821637250158780  0.64857985351737324  0.65927059924018117
  0.66995573322220503  0.68025646636380654  0.69038588039588200  0.70067417550417566
  0.71143466709912973  0.72265660308351887  0.73327920787346512  0.74397903669659082
  0.75411572369125657  0.76468904968224927  0.77571540511152959  0.78647168590447447
  0.79723591698239349  0.80778064309253184  0.81903455874323450  0.83050495723243556
  0.84152302377428490  0.85265240087541261  0.86377510114207912  0.87500605856925584
  0.88561684730989332  0.89652393971388200  0.90741693646495369  0.91782133784274156
  0.92782544728674610  0.93804640443178378  0.94893504291478448  0.95978229366469847
  0.96998916527572521  0.98029420207870555  0.99001722905087652  1.00000000000000000
  0.05296451666587151  0.05448682738355377  0.05589987641060117  0.05695279968844334
  0.05788997847311069  0.05876650671533933  0.05960222316889446  0.06040229625870747
  0.06117426186967762  0.06193219449165713  0.06269480193036391  0.06347341554938349
  0.06425816640073423  0.06503280423567320  0.06579493771388854  0.06654306721704514
  0.06728424245710948  0.06803133774067181  0.06878020892495977  0.06954161540702021
  0.07030746273803462  0.07107358298816280  0.07185008745301304  0.07264710140762981
  0.07342990870536778  0.07419103153402079  0.07495142420432076  0.07571690729557197
  0.07647991014356952  0.07724840286652453  0.07802678316594990  0.07881429204996961
  0.07959965039785019  0.08038604470584582  0.08119363393724678  0.08202130866480252
  0.08285201127885120  0.08368433714961150  0.08452988452893151  0.08538202429270711
  0.08623464668698275  0.08708662434085475  0.08794742800945302  0.08883477549017697
  0.08975526625573184  0.09070051615698174  0.09166039261265561  0.09262099669649475
  0.09360155390271942  0.09459336283300808  0.09561057491471600  0.09665805759189802
  0.09771766255090912  0.09877303226900108  0.09980796774631981  0.10085417779346162
  0.10194319226552440  0.10309408597989204  0.10429092626279758  0.10554637821676996
  0.10681931702164034  0.10810563841019276  0.10940621993557582  0.11070979926899374
  0.11202973180392986  0.11337365218081132  0.11473015728265830  0.11609024699798025
  0.11744600183382974  0.11883399714763770  0.12031709905665126  0.12188522269426344
  0.12349255177633280  0.12516475164573937  0.12699365528193238  0.12901926457462431
  0.13112090084419142  0.13332265102136626  0.13564014808466110  0.13810537571589229
  0.14062871920047371  0.14316857698659249  0.14561117124359213  0.14877930677049719
  0.15206333113951864  0.15544119648967883  0.15888337312430922  0.16229302885904245
  0.16651558829111385  0.17170364833557689  0.17734859344207077  0.18446814638331271
  0.19453275598488601  0.20762917133881573  0.22429990942990152  1.00000000000000000
 -0.00181105691307404  0.00724337979942469  0.01568171719476005  0.02432199777984415
  0.03351165052114825  0.04277893830898892  0.05177617612437131  0.06093748164372498
  0.06960248280354805  0.07816029452246026  0.08667714145192087  0.09539460907783544
  0.10445922896986659  0.11355399538604716  0.12248819839877063  0.13159348122331088
  0.14106444423136780  0.15057308323778507  0.16024654496247936  0.16996083323789274
  0.17989698006674534  0.18994062874342868  0.20013428755839974  0.21012315625653213
  0.21999759600328991  0.23011244151633406  0.24015148234606623  0.25028104071819096
  0.26068703009730737  0.27158981160764611  0.28285235829548311  0.29428631441665010
  0.30597179384868506  0.31796551623718644  0.33022224092419278  0.34313570447044067
  0.35580328733118805  0.36827469012296582  0.38019370737782604  0.39222941478360207
  0.40517362611834068  0.41794076902141536  0.43058388221612603  0.44307820807012160
  0.45599599252331074  0.46847091015712844  0.48077098063477730  0.49348305795518899
  0.50618240806603754  0.51923204225477659  0.53166624912932114  0.54380004564311335
  0.55615998073954354  0.56851838728369020  0.58095053115939033  0.59349717893615739
  0.60589487125706443  0.61749564408258739  0.62892695186023562  0.64035134549911987
  0.65185279995969736  0.66357946496350240  0.67550467883076026  0.68736166867550530
  0.69896369431880878  0.71035950309588380  0.72161476240069311  0.73275659885210331
  0.74391703896130534  0.75485177013161675  0.76562636877952150  0.77608200366240543
  0.78638454435967220  0.79643415002842677  0.80606695128823824  0.81548137437963153
  0.82474962460816781  0.83408668482219495  0.84348160564745434  0.85293593395134237
  0.86269382091638669  0.87258680671374311  0.88238113299202126  0.89207577815415240
  0.90170846137549987  0.91121308862757955  0.92055283076674221  0.92965819597528998
  0.93872675090323965  0.94775823319581853  0.95654035517721170  0.96517467931571999
  0.97374036306425915  0.98236999278590231  0.99136723617297939  1.00000000000000000
  0.08273116194464933  0.13923531258801275  0.16284460543022952  0.18280895593619284
  0.20028774342521588  0.21538239307932397  0.22806804895171082  0.23857544497120875
  0.24841586093900409  0.25756889400755262  0.26591413834593236  0.27404963880738259
  0.28205350084922792  0.28977878383108863  0.29722454992882164  0.30454009120524578
  0.31153263482555732  0.31840103798288444  0.32509385144588532  0.33169338956489336
  0.33812236782249006  0.34451280434743736  0.35088562104369703  0.35711861061092753
  0.36324444718141258  0.36925404475360096  0.37492271985096887  0.38025057050486760
  0.38543194911824186  0.39055861795537661  0.39564282189793792  0.40061149002621965
  0.40547849577052120  0.41035386731443640  0.41525875694995795  0.42014720005617640
  0.42506070369424714  0.42993414895422039  0.43467103663794393  0.43927121407404662
  0.44394065069039967  0.44861559840194004  0.45328603744245360  0.45793368793556555
  0.46234018636489854  0.46679500978339084  0.47128268434085557  0.47580452786057614
  0.48039739859597713  0.48514074302266930  0.48972053545381783  0.49434060973065214
  0.49900399963401471  0.50375166690692552  0.50854076819227334  0.51336700974442229
  0.51817356904454392  0.52299478815785305  0.52779688932041791  0.53261694517000402
  0.53750888548433584  0.54241153439688072  0.54733402178297541  0.55233976541030205
  0.55739873892837888  0.56246771835189735  0.56752940084866832  0.57261258238050461
  0.57774815889064168  0.58300152159840901  0.58843799209377445  0.59395066848220979
  0.59953687195930383  0.60522659058350403  0.61097843650049755  0.61686857439673926
  0.62286475767092286  0.62896080363881457  0.63524615518289418  0.64177057511103441
  0.64854594478142391  0.65545503967757990  0.66255139119587469  0.67000479259160928
  0.67793941189558760  0.68604534810646278  0.69487508545774446  0.70444100449440783
  0.71477228120420766  0.72595881468496903  0.73834579737621875  0.75265682075761464
  0.76961263905308397  0.79200646858466206  0.83201320201430462  1.00000000000000000
 -0.03831761635658217  0.17166297730757518  0.21378571844022307  0.23861876490396616
  0.25673044732011785  0.27163895001045035  0.28466797101848024  0.29600877411374205
  0.30578832680465817  0.31458400804246150  0.32272192952972406  0.33029696599486713
  0.33746947372388136  0.34428244395882251  0.35088740352171693  0.35732466406418723
  0.36358478087839241  0.36960034054343005  0.37535301271280752  0.38099836357209599
  0.38651006364959051  0.39176661573033950  0.39685133245574150  0.40124557376804798
  0.40555495894541627  0.40994086759696702  0.41434394993711976  0.41878967552849883
  0.42312031733665978  0.42737825368254329  0.43157585169139412  0.43572916886061352
  0.43984417828246536  0.44390722134267835  0.44790557882301701  0.45184358420676340
  0.45575285153072786  0.45968924096505581  0.46368048821664176  0.46767242827139754
  0.47161402100782140  0.47554436266879846  0.47950134325507787  0.48346443284235163
  0.48738510137566837  0.49117520091500511  0.49490146857654238  0.49855601574491698
  0.50224774054352717  0.50609490547065517  0.50992117660950964  0.51380951387751794
  0.51765245401895099  0.52151154265251864  0.52543196357803645  0.52933566695244361
  0.53323108024576715  0.53718244968280682  0.54117127007008170  0.54512206584790168
  0.54905628932399508  0.55305925094414132  0.55714604197302597  0.56127555589909217
  0.56536776124158694  0.56955209017883734  0.57380224638851818  0.57811867761578406
  0.58251620175238039  0.58696975177089328  0.59157775215672681  0.59624944212927655
  0.60101575866662471  0.60577968174395580  0.61070387356196476  0.61576570079735915
  0.62097427654386339  0.62638242112099785  0.63206156896561350  0.63790601192533181
  0.64387858368835160  0.65001819167730401  0.65642700220022454  0.66317764069518714
  0.67040170671357757  0.67825431387271984  0.68675476336284780  0.69605001556636159
  0.70609838679056436  0.71716462296468408  0.72995739691692230  0.74468609219496473
  0.76244487823250917  0.78594981886311022  0.82814087696363814  1.00000000000000000
   9.2748806503101579E-010  -1.0000000000000000     
 T T T T T T T T T T T T T T T T T T T T T T T T T T T T T T T T T T T T T T T T T T T T T T T T T T T T T T T T T T T T T T T T F F F F F F F F F F F F F F F F F F F F F F F F F F F F F F F F F F F F F F F F F F F F F F F F F F F F F F F F F F F F F F F F
  <DiscreteSampler_grid>
  grouped_processes
  1 # 1 for a reference and 2 for a running grid.
  10 # Attribute 'min_bin_probing_points' of the grid.
  1 # Attribute 'grid_mode' of the grid. 1=='default',2=='initialization'
  0.0000000000000000 # Attribute 'small_contrib_threshold' of the grid.
  0.5000000000000000 # Attribute 'damping_power' of the grid.
 # binID   n_entries weight   weight_sqr   abs_weight
    10   10   1.147393039168418E+003   5.503032730214648E+006   1.147393039168418E+003
    16   10   1.147393039168417E+003   5.503032730214648E+006   1.147393039168417E+003
  </DiscreteSampler_grid>
