  0.05299198036960800  0.05408575445060397  0.05460756588851647  0.05519580802820098
  0.05576705322538854  0.05629288269639166  0.05680720558808811  0.05728793902176266
  0.05776751985694109  0.05824797938864743  0.05873343258629191  0.05922209319420842
  0.05970339035749648  0.06019778646911346  0.06068930509644808  0.06116987125961632
  0.06164532508927558  0.06212915034977493  0.06262077848719062  0.06312479291446942
  0.06362739031751780  0.06414373714624165  0.06466942689023214  0.06519181436990804
  0.06572085816669244  0.06624973757665165  0.06677285418277387  0.06728891806983003
  0.06779533644405956  0.06830784044826087  0.06884191825850712  0.06937676229586004
  0.06992162850688928  0.07046846168996615  0.07102532672393727  0.07158190534675261
  0.07215818868392360  0.07277016744473667  0.07341177005934443  0.07408028071788192
  0.07476180069820423  0.07546957870887812  0.07619731213093185  0.07691302476436863
  0.07760925617886470  0.07830732209560845  0.07902866361284237  0.07975186487234337
  0.08048546006021021  0.08121599269762397  0.08197831828022055  0.08278494285250017
  0.08361126843125422  0.08446093601863115  0.08532646209468743  0.08622106260921381
  0.08712873337650348  0.08804709242341109  0.08896920108482961  0.08990037514031514
  0.09081168285478684  0.09176476450872337  0.09280025930923365  0.09391076175380762
  0.09506151274079978  0.09623160062645225  0.09743282128567485  0.09872658268155776
  0.10007730457595373  0.10145802401671798  0.10285757300363743  0.10434173287800641
  0.10604074554076964  0.10781403047641273  0.10955680699989347  0.11119263879735569
  0.11289678124768333  0.11483746472016812  0.11691759394187978  0.11945432757951886
  0.12192979641391319  0.12465288854801133  0.12752044453293163  0.13022233974032354
  0.13292138941813317  0.13567177552071669  0.13895352441069833  0.14286318932113151
  0.14738800945333400  0.15293898232761829  0.15834912815942748  0.16361618397525243
  0.16992402787527869  0.17774351426559745  0.19250021439367518  1.00000000000000000
  0.00025424807683213  0.00032588825953399  0.00036302812823991  0.00039109573804919
  0.00041456926398812  0.00043678925725893  0.00045885047182831  0.00047960187324363
  0.00049884534755873  0.00051596268916723  0.00053519144670698  0.00055637975570546
  0.00057667648865985  0.00059607222518995  0.00061579262502998  0.00063592887943271
  0.00065616802581625  0.00067648217522759  0.00069702013580855  0.00071751253757026
  0.00073771137479686  0.00075785863919882  0.00077846631827012  0.00079983666328739
  0.00082018205286612  0.00083959635204707  0.00086014361864901  0.00088078484944456
  0.00090216183392674  0.00092378129334764  0.00094535600888858  0.00096655920717653
  0.00098813107234470  0.00101069557650195  0.00103458613925314  0.00105989456975553
  0.00108629767300506  0.00111299695599230  0.00114019887040386  0.00116698334804444
  0.00119551993618298  0.00122518913365385  0.00125510558464888  0.00128518308339312
  0.00131595756320356  0.00134896061475536  0.00138524063563514  0.00142308689620072
  0.00146272091988040  0.00150340942824892  0.00154523025962007  0.00158786305103491
  0.00163243397459628  0.00168029936082893  0.00173094628889098  0.00178359546009536
  0.00183886980412358  0.00189563507130685  0.00195362117281108  0.00201560765107548
  0.00208239135481403  0.00214910983876276  0.00221818528691941  0.00229307110801728
  0.00237316235592239  0.00246148055086091  0.00255211934944484  0.00264778551053612
  0.00274879923426011  0.00285889393991062  0.00297743415744768  0.00310440812468034
  0.00324161850443167  0.00339324658257370  0.00356233609498061  0.00373817212126359
  0.00392445949371507  0.00412652234691207  0.00435524647769535  0.00461982217887129
  0.00491471902814213  0.00523688571019006  0.00560028126566625  0.00602497565373205
  0.00653849770452730  0.00715424304764520  0.00788467690441465  0.00876805541391595
  0.00995685635649604  0.01160204552143749  0.01396384076185940  0.01792278087498255
  0.02651552878295990  0.11542575563011387  0.61522567093773950  1.00000000000000000
  0.00034304075033060  0.00063622383313627  0.00080245497159931  0.00095685069567906
  0.00109664448725583  0.00123336223539220  0.00138300441280424  0.00155395598207371
  0.00173425563648409  0.00189511513165595  0.00203330249063934  0.00215979529157281
  0.00229418840183618  0.00244157338524704  0.00259870665318384  0.00276370703826678
  0.00293564341539558  0.00310229504220395  0.00326378653255127  0.00342644973993134
  0.00358853125749675  0.00374949510368880  0.00391276057263390  0.00408179115167377
  0.00425638646591294  0.00443131885311520  0.00459800370258412  0.00476707325916718
  0.00494405657315526  0.00513013953694859  0.00531697257983778  0.00550799480953732
  0.00569937427907441  0.00589783087483268  0.00611662084311587  0.00634327119478720
  0.00656039012346916  0.00679001590312614  0.00703121941554000  0.00728468100711731
  0.00755713017520221  0.00783301047830499  0.00811907965703385  0.00842963267796946
  0.00876209513089280  0.00909135913462988  0.00943154276130837  0.00978688642348145
  0.01016005589161677  0.01055609853790559  0.01097490510249582  0.01140031953096362
  0.01183466614372753  0.01227602099012098  0.01273178741711023  0.01320158398422928
  0.01367743067141775  0.01416919085180576  0.01466599503179489  0.01518776064737267
  0.01573596311644401  0.01631682384620945  0.01693279347515424  0.01757848656973560
  0.01825731820878674  0.01900778880277075  0.01983354650270824  0.02071783398637157
  0.02165299388637221  0.02262356720534803  0.02364209379929586  0.02470936024112802
  0.02584880093421233  0.02708826485464783  0.02837989694531413  0.02966790101788811
  0.03095246263919629  0.03225443706347206  0.03363442992450678  0.03512140693162025
  0.03670397476837222  0.03838586800078772  0.04024390563860577  0.04236212346640266
  0.04477553093253467  0.04752808682029281  0.05050383836608754  0.05371800386776590
  0.05758935349434235  0.06248013643513463  0.06928858962151249  0.07725785938407420
  0.09341226489286682  0.21100365930702103  0.64251765765860669  1.00000000000000000
 -0.00960101910725046  0.04344361543410738  0.08013552546965730  0.11123649032912328
  0.13833211191713310  0.16258748984797677  0.18409817725224123  0.20242719068906101
  0.21830600094419772  0.23261140604058866  0.24590688379796638  0.25795553529544735
  0.26894607643506491  0.27918570372477652  0.28891591546490542  0.29839230111726461
  0.30773967690376802  0.31698878225852190  0.32599444224994883  0.33432389405339047
  0.34218634352108129  0.34977934252471049  0.35717277488204363  0.36439429297548759
  0.37144444796553994  0.37802486904008686  0.38432561974092455  0.39054360903001017
  0.39682356747399683  0.40254782956443980  0.40811113027175738  0.41345044374456447
  0.41868040487546182  0.42379086043243713  0.42935239206378167  0.43503981920376961
  0.44054770240142738  0.44592889827448579  0.45116010781511745  0.45628547343629133
  0.46171690333807086  0.46704855186207950  0.47240783320568502  0.47759009308408085
  0.48278961974005591  0.48808753914257930  0.49357240402554142  0.49905256591430824
  0.50437617182258576  0.50958644428346933  0.51483600971010390  0.52031979705832210
  0.52588476223922676  0.53144165121233433  0.53701693710476894  0.54250649581925892
  0.54788129586253520  0.55317610644253534  0.55845196859194801  0.56381924528921212
  0.56935688706694798  0.57511100833556372  0.58092767466770245  0.58679723629126812
  0.59273131358699926  0.59877479789504662  0.60500041497545143  0.61139510777096540
  0.61813188318277190  0.62501626473569605  0.63186468908961779  0.63856360005889068
  0.64547132241875749  0.65266280800707510  0.65996911534890024  0.66740181324777004
  0.67527412581070345  0.68345565007346831  0.69191188432347117  0.70099852272682805
  0.71060915592246832  0.72059721646900032  0.73069285151167218  0.74098781712368422
  0.75190030148929832  0.76325340644030515  0.77561767323457087  0.78880723352607984
  0.80400060006254237  0.82139418324782876  0.84227155540279053  0.86557266325240811
  0.89018778371457852  0.91753413130218586  0.95269439420293422  1.00000000000000000
 -0.00213016657815517  0.00860584492410907  0.01905235061905405  0.02952101219500730
  0.04058471789252974  0.05161601074504405  0.06282190893353179  0.07405109831240315
  0.08522770621134647  0.09665891795749870  0.10817732940830906  0.11967240149628526
  0.13080385782681150  0.14141438582787494  0.15175381218499326  0.16218280685689898
  0.17300451995376862  0.18398894171865757  0.19497002458091750  0.20570939075818676
  0.21640699744845326  0.22700333749905058  0.23781278322987484  0.24861951885158637
  0.25934096577127724  0.27004127837707442  0.28087572773758279  0.29174423792428872
  0.30261772769100287  0.31322360693573298  0.32366974822748246  0.33432262525249634
  0.34512037416899555  0.35552012329303256  0.36543040072416572  0.37557660369341822
  0.38617187403613823  0.39714565564759619  0.40806864937905890  0.41868392207978655
  0.42889001840629493  0.43869241550467947  0.44820808325038719  0.45741009081843503
  0.46654638412796839  0.47588771312821720  0.48575961308543109  0.49599332865640355
  0.50616288282002508  0.51623544243848507  0.52582029545390430  0.53663065715792158
  0.54719189233055165  0.55790843081637520  0.56904753013845299  0.58000289546315820
  0.59029246084646647  0.59988575342718808  0.61001565806038716  0.62063998232518713
  0.63117961604894102  0.64176945628119675  0.65224343595122714  0.66335021254374116
  0.67420450433303969  0.68538444044636260  0.69640695566124478  0.70742276280879368
  0.71818979415683071  0.72901542163342714  0.73935409070611469  0.75009107594212399
  0.76085058616234946  0.77220202946759475  0.78334597722050581  0.79388359333714642
  0.80397772205866691  0.81398577201201772  0.82428488071099815  0.83449474390622580
  0.84478016698334601  0.85508670226952643  0.86550039947522350  0.87540294790928008
  0.88513851565383395  0.89500789948518478  0.90490507688763910  0.91468459439069627
  0.92457665329618532  0.93535973795867067  0.94669495486892663  0.95839099939503869
  0.96988750693422854  0.98104617888324175  0.99092546053539210  1.00000000000000000
 -0.00260887662230136  0.00984103678719281  0.02050512181804607  0.03110743973521527
  0.04148456354515714  0.05179850799347203  0.06168809660973342  0.07198608055220766
  0.08208104246189107  0.09302978302880660  0.10367115692597065  0.11449171888044886
  0.12583534372359534  0.13711020535334181  0.14769109851824377  0.15828664719953012
  0.16845370416169844  0.17755794513977208  0.18777310213357995  0.19779111798407831
  0.20795063309444276  0.21765839366514358  0.22732254961433973  0.23711826650322207
  0.24738010732054777  0.25832155980801064  0.26998403512198144  0.28128883569779983
  0.29219558887467240  0.30294276850831969  0.31368773337225503  0.32433842057338569
  0.33485931885592907  0.34581386325243446  0.35688142696450020  0.36791608675905846
  0.37957324522865665  0.39128509002846301  0.40216882976858481  0.41266006430664354
  0.42326085284372100  0.43386048759104712  0.44453728088628214  0.45496407397532967
  0.46538182638080211  0.47537557134874053  0.48535048564453004  0.49543556533242405
  0.50555034263713661  0.51545326592146856  0.52584697186496288  0.53692288510657182
  0.54832794926039730  0.55985745266627285  0.57145389870420760  0.58311386376950769
  0.59440006337352602  0.60544937509774521  0.61609468281849733  0.62658643037648865
  0.63709218858692163  0.64781764591644764  0.65843635530009714  0.66888280612582751
  0.67919452720856976  0.68952113517777536  0.70020697253501518  0.71122435508601389
  0.72225415796551051  0.73304030925400687  0.74343309240171707  0.75386193967617032
  0.76451472628070039  0.77533006406293392  0.78601419778601000  0.79651348913467424
  0.80705521208924369  0.81752909437493715  0.82776706533896660  0.83775716654157684
  0.84762160824953792  0.85750066846288409  0.86749154874666357  0.87765324730051786
  0.88778499267463806  0.89805461888687266  0.90820884267974100  0.91867473606820482
  0.92902356441431022  0.93937309139260639  0.94908104553989958  0.95919563535249475
  0.96957259664985884  0.97990742023545963  0.98997064598543216  1.00000000000000000
  0.05974308126912739  0.06107948291159887  0.06212404696611855  0.06329971071467108
  0.06464633940037059  0.06603203491873848  0.06742822192728003  0.06882352570430003
  0.07023637409674353  0.07168166184286022  0.07315067480315435  0.07461795203142171
  0.07606413578056609  0.07750398454795196  0.07896691894671820  0.08047912994914809
  0.08201016333413601  0.08347768915353075  0.08489058134579582  0.08627070393891249
  0.08765560559519774  0.08905158729904115  0.09043208909505286  0.09177784751623876
  0.09310885215780582  0.09446557350177598  0.09585939357279669  0.09727952222290806
  0.09873784921073261  0.10020555793427903  0.10166216455096372  0.10309913705049460
  0.10453740806125596  0.10598055531413948  0.10741550077985763  0.10885203086711603
  0.11033304221768138  0.11184702132782115  0.11336148263874365  0.11486981678439931
  0.11639891675449718  0.11794706319471461  0.11951246088282494  0.12110756477282432
  0.12271257305032307  0.12432023737236712  0.12592650145611692  0.12754017427101927
  0.12916578445908442  0.13080361325599296  0.13243325761111807  0.13409984240154321
  0.13580275977142134  0.13757017955183623  0.13935022865433400  0.14115685279748166
  0.14295041840973371  0.14467575657460369  0.14644625683707715  0.14830329555673324
  0.15017143282687029  0.15201101926581512  0.15383959763771460  0.15570434371548902
  0.15755039826519124  0.15949837337763761  0.16156796819093805  0.16383868380577579
  0.16619231576337362  0.16848697180214001  0.17083672111448839  0.17329819909648725
  0.17590386429395849  0.17855066977980033  0.18141116312286157  0.18433258149811715
  0.18748162927184947  0.19073703821444479  0.19405846964517581  0.19737736215835561
  0.20071047602170897  0.20422930581118631  0.20792693779442584  0.21167403266561474
  0.21544975930160570  0.21959280748226379  0.22455846288909001  0.23070485297769774
  0.23715212430808399  0.24427762549275672  0.25229275342981655  0.26089868487472606
  0.27067532741735129  0.28488083179115858  0.31843295611103373  1.00000000000000000
 -0.00187575063643802  0.00672467771933184  0.01439770739119321  0.02229336424137448
  0.02998032628600135  0.03756392511849417  0.04539754992282113  0.05341814564931865
  0.06120667874155086  0.06870715080943063  0.07602157400180998  0.08346510291408675
  0.09141247744835525  0.09941671764750513  0.10741644334754490  0.11531385390149439
  0.12320144463368522  0.13126643004987851  0.13961492786164589  0.14818822622207098
  0.15692485768964876  0.16572057217027888  0.17420788691208167  0.18296162233840743
  0.19208932978865784  0.20129295751649076  0.21016293976181247  0.21901818009767998
  0.22826856494131859  0.23837249328041626  0.24871566931001343  0.25903068540352270
  0.26917717439162558  0.27946984702889555  0.28959943593806814  0.29998789835830764
  0.31121703739202083  0.32395602355225661  0.33671302794980873  0.34886563538931986
  0.36252411556783237  0.37629340070491740  0.38941998716841347  0.40303945617819381
  0.41826489800008348  0.43346262748276410  0.44904185166618998  0.46663632194184379
  0.48571828622331659  0.50422171000518967  0.52173934232317865  0.53851414342919901
  0.55490627109357904  0.56937467573721190  0.58385468144613872  0.59958953258004910
  0.61461112280447761  0.62914531950905694  0.64440036940506285  0.65966342954217094
  0.67400147606528127  0.68755438183224427  0.70029029091134165  0.71262540216261228
  0.72466561028090237  0.73629413367492458  0.74657441882903142  0.75672451986479961
  0.76635214110402683  0.77566618945762011  0.78452803616657707  0.79325999589682283
  0.80249666933152386  0.81160785054077633  0.82032630758243408  0.82906357013879139
  0.83777161836254666  0.84654540471913342  0.85541302456654211  0.86439610301701197
  0.87344193752865373  0.88232471206592245  0.89108810025803042  0.89986656053330349
  0.90870944419830313  0.91752367030121929  0.92617264863140747  0.93463076618408636
  0.94299672770498799  0.95134373518784809  0.95962471551934270  0.96780041939139083
  0.97595239339905959  0.98398309945687168  0.99187375816153467  1.00000000000000000
  0.13023109801911939  0.19411736733677612  0.21952960603525568  0.24023194925298508
  0.25506912494753525  0.26853491606915664  0.28169196936500274  0.29337301048639725
  0.30324700737804311  0.31227296129671794  0.32078249076324306  0.32886398084003898
  0.33674753795416595  0.34462344351662949  0.35289592989644375  0.36097304732958940
  0.36891663582518641  0.37634147624536524  0.38307744198729238  0.38936869531135981
  0.39549044196469474  0.40140487688802756  0.40728939022564403  0.41324156346713359
  0.41920297386962690  0.42514230710636114  0.43091484803480146  0.43636568007996668
  0.44162330989030640  0.44683151589879000  0.45205418473499531  0.45727596488204425
  0.46251070566136848  0.46770196132065256  0.47263249119665396  0.47733037921875843
  0.48188071338630717  0.48635794399730919  0.49093052135833404  0.49558616495147795
  0.50012629748172932  0.50468513583152341  0.50931338234912715  0.51396258086335589
  0.51846292490043477  0.52274188861206050  0.52706810747754884  0.53135450901699599
  0.53575615380630126  0.54024840737265378  0.54491275939651151  0.54952887550238749
  0.55407715360134024  0.55852682698498701  0.56288525118637012  0.56714621047514313
  0.57134753707932473  0.57548759549082062  0.57967287086883024  0.58378543539419803
  0.58785979981478742  0.59187721921025838  0.59604693984826507  0.60033772736093527
  0.60475636313005243  0.60915418053173709  0.61350863334202022  0.61796239156550536
  0.62243291981441429  0.62723280480253552  0.63232110354643478  0.63747126160196865
  0.64261492672282983  0.64774935272537248  0.65285337489561390  0.65807806583692119
  0.66358626936245058  0.66919072179573080  0.67474834067620237  0.68023642774584614
  0.68571850576672566  0.69135383108404480  0.69727286639820307  0.70362619812227445
  0.71048993111094327  0.71792675962339503  0.72577577839355123  0.73429918845324726
  0.74353184159067753  0.75346320794513499  0.76399925234435251  0.77566669271495947
  0.78981515311613359  0.80907458797474352  0.84378757382997194  1.00000000000000000
 -0.03876790601233913  0.17283611330042009  0.21463597569263768  0.23822858391376858
  0.25628433093544906  0.27127617806075049  0.28415717624567927  0.29528402890286198
  0.30550157670462824  0.31490071628085281  0.32390834278706399  0.33240027340773248
  0.34037759184883937  0.34780133351633841  0.35441362495369183  0.36063349469673145
  0.36662929594883814  0.37242722654003058  0.37808243586301515  0.38359049439899673
  0.38895893292850597  0.39424449241131843  0.39923543268742828  0.40392794841741564
  0.40850299515767391  0.41288909112940941  0.41714535896704974  0.42130502751254589
  0.42532801754199617  0.42928493366148140  0.43320629264359217  0.43723718272274609
  0.44135708390259992  0.44544299271758658  0.44947436352618719  0.45340060989203301
  0.45732903633175570  0.46131260208356972  0.46533756908786578  0.46941556589640099
  0.47336903658843005  0.47731006487557692  0.48100409909331698  0.48469645488152979
  0.48842248923195752  0.49217481705075183  0.49593868445015876  0.49980110472225625
  0.50374643299720223  0.50771296975938607  0.51166561386413367  0.51561527393711493
  0.51951255506747018  0.52330967978766318  0.52704884555736953  0.53081262566439669
  0.53465628491315409  0.53854068600416072  0.54248354811771815  0.54636571352331798
  0.55033941448537071  0.55447253496418103  0.55862083098784132  0.56279782343764084
  0.56709086928311192  0.57136686350395194  0.57561995430130153  0.57985023010597447
  0.58404089765686262  0.58819366435020826  0.59241198339085388  0.59663478591042252
  0.60103227689668326  0.60557649207031305  0.61037533890985207  0.61522442133054511
  0.62027325176042858  0.62574767708622037  0.63144104588087779  0.63706719633499287
  0.64254795136927767  0.64839051459245289  0.65467882598691896  0.66123879360085402
  0.66830981973065440  0.67622059861766071  0.68503537468245435  0.69490182545586621
  0.70570824566693191  0.71739048388258608  0.73012238107365357  0.74400591280386963
  0.76058969238777507  0.78465659581475844  0.83105755069229648  1.00000000000000000
   2.8319107294750098E-012  -1.0000000000000000     
 T T T T T T T T T T T T T T T T T T T T T T T T T T T T T T T T T T T T T T T T T T T T T T T T T T T T T T T T T T T T T T T T F F F F F F F F F F F F F F F F F F F F F F F F F F F F F F F F F F F F F F F F F F F F F F F F F F F F F F F F F F F F F F F F
  <DiscreteSampler_grid>
  grouped_processes
  1 # 1 for a reference and 2 for a running grid.
  10 # Attribute 'min_bin_probing_points' of the grid.
  1 # Attribute 'grid_mode' of the grid. 1=='default',2=='initialization'
  0.0000000000000000 # Attribute 'small_contrib_threshold' of the grid.
  0.5000000000000000 # Attribute 'damping_power' of the grid.
 # binID   n_entries weight   weight_sqr   abs_weight
    10   10   1.641777257409525E+001   1.038727770393341E+003   1.641777257409525E+001
    16   10   1.641777257409525E+001   1.038727770393341E+003   1.641777257409525E+001
  </DiscreteSampler_grid>
