  0.00366375900052532  0.00390169408316303  0.00409097647748127  0.00425187850166547
  0.00439277730679516  0.00456208968651132  0.00473728120121768  0.00491599706352764
  0.00510403097574307  0.00528955354968890  0.00547497237211062  0.00567176517742061
  0.00585979839305178  0.00604224545277318  0.00621000881694536  0.00637432531205386
  0.00653566407404742  0.00671296607689424  0.00687166092952082  0.00700463735349083
  0.00709925411805189  0.00721987862627203  0.00734424244043878  0.00746860311839242
  0.00759162796407823  0.00770772100217285  0.00780607393485275  0.00790619546253511
  0.00800608411620391  0.00813691967744355  0.00826791845598092  0.00839984239900132
  0.00853088337092492  0.00865423656013711  0.00876962619686706  0.00888518302957029
  0.00899828981338039  0.00911910652797250  0.00924190749656475  0.00936218614497212
  0.00948805692937636  0.00961307692698260  0.00973662988006138  0.00986034920807053
  0.00999189643387989  0.01013052338669686  0.01026711313589282  0.01039662912603638
  0.01052587757618238  0.01066140579692485  0.01080699292414568  0.01096110778988852
  0.01110776403333259  0.01125702421487832  0.01141029651302812  0.01157661554606925
  0.01176375597157321  0.01196287997596285  0.01215778890541722  0.01234763921814713
  0.01253567847127189  0.01274090625425391  0.01294679157419527  0.01314705454953593
  0.01335647483900410  0.01357831586404975  0.01381477496963091  0.01407179593240267
  0.01435862611006160  0.01466011134281236  0.01498164486413306  0.01532723797072677
  0.01567123338853952  0.01601271489110057  0.01636213963759429  0.01671736113818894
  0.01711300993225963  0.01757690731573094  0.01807241963124662  0.01859344753583995
  0.01916963343114777  0.01981574401033668  0.02053592509446971  0.02137529894738772
  0.02237593209815272  0.02343172884551267  0.02450697251944471  0.02579179551874711
  0.02756593104480954  0.02984691659966076  0.03295330315981465  0.03721341620392238
  0.04287671154616599  0.05568855585592068  0.63377896326428318  1.00000000000000000
  0.00221177569104489  0.00307634712925761  0.00327231104436895  0.00348056541548774
  0.00373762767467865  0.00398421651149862  0.00411839143945467  0.00422570771110947
  0.00432544964001438  0.00441396651936099  0.00449875018577656  0.00459328488881507
  0.00470417329138630  0.00478296252046678  0.00484261086595224  0.00489761525503044
  0.00494913292393203  0.00499538583298235  0.00503969902042551  0.00509324511078432
  0.00516618718812493  0.00523611610074578  0.00529514743009470  0.00535152761011141
  0.00541033838336907  0.00547421593142626  0.00554443393381391  0.00560809027876926
  0.00567789621818241  0.00575899992427648  0.00583416327751043  0.00590910514166104
  0.00599037891173292  0.00607319713945579  0.00615293531645864  0.00623741324489898
  0.00632940920086616  0.00641847479816153  0.00650516094890049  0.00659019493206315
  0.00667195190334027  0.00676522586187012  0.00685888987432079  0.00695029535362396
  0.00704433875390193  0.00715300669215099  0.00728889731577470  0.00742112927291239
  0.00754406721987231  0.00765799004409778  0.00776577117814252  0.00787218857496705
  0.00798246469715597  0.00810206762930896  0.00823706765454227  0.00838599036902233
  0.00854732793842749  0.00872010469497959  0.00889793572747894  0.00905985099826292
  0.00921374778534211  0.00936211138653427  0.00951484111194438  0.00969048073352083
  0.00988648177477373  0.01008684865678625  0.01028952309575233  0.01050338238058235
  0.01072677238318222  0.01095804749407869  0.01119291339674054  0.01143779623916021
  0.01170510386484218  0.01198048368558400  0.01228223601319225  0.01260216021758604
  0.01292421560011226  0.01327628254888876  0.01372133078828108  0.01421810961181297
  0.01475535471699543  0.01541682642436809  0.01616373452360890  0.01702339192113855
  0.01797258565575045  0.01907225844890382  0.02046349909854585  0.02221099450617114
  0.02433002916632698  0.02697604656168258  0.03070095183104756  0.03610556876894019
  0.04529127822947392  0.10701966964610632  0.55803904033818497  1.00000000000000000
  0.00273948953658364  0.00314563770935578  0.00345969613107309  0.00368738329935910
  0.00391315834507828  0.00407400962498655  0.00422511742529985  0.00430330929633129
  0.00438373237228042  0.00447403046385756  0.00452922476916508  0.00458545130891952
  0.00464683783203536  0.00470893360246908  0.00477318873200821  0.00483871218616040
  0.00489791957535169  0.00495002181582641  0.00499531268696328  0.00504625286641086
  0.00509843519243738  0.00514163225331160  0.00518238298294132  0.00522787389962209
  0.00528124103904717  0.00532958405526899  0.00540751771295560  0.00549254102251096
  0.00557161429629631  0.00564682981646538  0.00571982953985331  0.00579578164109099
  0.00587113726202208  0.00595800337471947  0.00605558212132216  0.00615814026997735
  0.00626683318519655  0.00638630559617497  0.00650530203953954  0.00661441127921137
  0.00671640143427692  0.00681546550757758  0.00691963991663474  0.00702762483330602
  0.00713594674287097  0.00724524487058673  0.00736558798857008  0.00749426700662449
  0.00763001876380044  0.00778323285302093  0.00793944751904264  0.00808530086147214
  0.00825499440171514  0.00842179709490910  0.00858397535035198  0.00874909678701088
  0.00891993863934019  0.00909216035384431  0.00927920899404402  0.00946573731725422
  0.00966232027288517  0.00986004583380919  0.01008634803427478  0.01032273080125467
  0.01056175126775716  0.01080957440834380  0.01106806603247887  0.01134349536788734
  0.01162696612400799  0.01193139389245606  0.01226878639385487  0.01264759189589827
  0.01305083044625187  0.01347878344632849  0.01391945682159258  0.01436673742933676
  0.01488775037071855  0.01552375416355259  0.01622227346505029  0.01697049937251311
  0.01774385709817367  0.01858994879497524  0.01955025600250955  0.02068216057524255
  0.02204941110479067  0.02366724366555337  0.02558843770923246  0.02780573985379041
  0.03049562799878697  0.03397342143172401  0.03851105569957510  0.04450180624394386
  0.05342630523132400  0.06389320226570129  0.26801301905741742  1.00000000000000000
 -0.00252441475134384  0.00855920741613008  0.01971371835166212  0.03172888636129722
  0.04421855215063704  0.05591512742978120  0.06708281185606109  0.07794577144609613
  0.08793394505844357  0.09765257887896184  0.10872524167563193  0.12124222815342407
  0.13441176130925747  0.14810297365428118  0.16105574222039548  0.17228633231407800
  0.18188442356898329  0.19063973108074392  0.19957922351698787  0.20936470497652704
  0.21996499622590965  0.23115617551552070  0.24190940250819509  0.25280393807038976
  0.26402374600946521  0.27510639838650280  0.28616983110968697  0.29741799939082864
  0.30868850663760478  0.31890079468010335  0.32857077326367140  0.33840185988255866
  0.34812160389023072  0.35666312451393412  0.36474867631321845  0.37269888256247380
  0.38157869796005323  0.39061836662140237  0.39984227501010211  0.40928219582508307
  0.41841285189905147  0.42788924019758362  0.43786468551498237  0.44759305291568446
  0.45681673566307091  0.46573939242283058  0.47486121410191140  0.48476184239579667
  0.49525533974665858  0.50606298632190683  0.51653754706970156  0.52649485028016740
  0.53637292448357188  0.54625676805861845  0.55634590275057527  0.56647024797630541
  0.57698506248899273  0.58841953203867681  0.59896586449622879  0.60906769857420129
  0.61909929604690483  0.63027541314501090  0.64262509858559402  0.65561272885346866
  0.66836022916484839  0.68097317563605275  0.69286066373747157  0.70431775492910720
  0.71563963783898354  0.72674492674928848  0.73804215070485291  0.74898611126479719
  0.75968823403447550  0.77040425158810266  0.78088110456029991  0.79184476829577977
  0.80412619888436454  0.81526146011878131  0.82612616695913021  0.83642199525169314
  0.84653140722771225  0.85714327409991131  0.86806170912594360  0.87798299016274595
  0.88711031497862336  0.89606069570651314  0.90614693518841527  0.91685550149481576
  0.92734963103327672  0.93725346346904759  0.94719183850153932  0.95763521305390742
  0.96786775151005300  0.97830231737508810  0.98879765527921870  1.00000000000000000
  0.01683452145278188  0.02543925233872232  0.02887684183540734  0.03118812656364057
  0.03315607375774164  0.03500607946665742  0.03673726241955328  0.03829516335595012
  0.03973752287046807  0.04110726168389318  0.04237611871742747  0.04352105852455273
  0.04461813068814215  0.04573304476539863  0.04683062103109939  0.04783009243633386
  0.04878382195994548  0.04966228071979256  0.05053322288829232  0.05143739346054197
  0.05242537769731125  0.05335263080682880  0.05422776765713533  0.05510967181840207
  0.05601109346403076  0.05689991077377300  0.05773803350343405  0.05854936674298856
  0.05948176099110154  0.06048040070080346  0.06153475470493923  0.06261457023523144
  0.06367157805979094  0.06468541201331741  0.06567570480608442  0.06667590021688716
  0.06768882652539962  0.06870007599414640  0.06967861286280658  0.07062131226717934
  0.07158613556897689  0.07260332611303054  0.07365016178335658  0.07466499939346337
  0.07565089841435391  0.07665728920615163  0.07770865371305054  0.07879796928723316
  0.07988414441299099  0.08098251083753612  0.08212617281316006  0.08331415930336983
  0.08458296938238052  0.08585403368540283  0.08704528426887269  0.08827073523866870
  0.08948981491375904  0.09065443588859441  0.09177362980542735  0.09295878314033741
  0.09411441284895844  0.09540477967054013  0.09666043912219593  0.09802023566135552
  0.09944940024091878  0.10100647851588959  0.10272273126462660  0.10460949573466115
  0.10664519241040334  0.10868080983540311  0.11076090456430877  0.11278083646458509
  0.11470901221897292  0.11659285434568183  0.11848368765693933  0.12048254828125436
  0.12282152399030713  0.12492839855279603  0.12713610677758744  0.12951192152386481
  0.13231717586941558  0.13543445338168969  0.13839424989969745  0.14119716262733495
  0.14421412038942930  0.14876538236796769  0.15397069576740124  0.15932393972383174
  0.16564736600518790  0.17396129644840971  0.18194125216046919  0.19185222440325075
  0.20791830174791839  0.24308092944902399  0.73986957665716857  1.00000000000000000
 -0.00269355307601985  0.01124018999736336  0.02266642257658792  0.03509033859011965
  0.04449408517632773  0.05508892623397768  0.06509591554840795  0.07286354085881439
  0.08213437155066744  0.09222773527909450  0.10195206812685348  0.11203348540153901
  0.12269803581022472  0.13465414868708533  0.14759266761119502  0.16058120252652205
  0.17252278552473546  0.18328246914636093  0.19412696003336294  0.20514184047361422
  0.21657454944940940  0.22831548529282794  0.24011301268871355  0.25146463954587833
  0.26150908303632941  0.27168278236417936  0.28230309153794658  0.29262212071764182
  0.30227082630669910  0.31155322611997255  0.32107292059611403  0.33193123120811807
  0.34370521500290807  0.35648366444642521  0.36943464608564153  0.38145058383141262
  0.39258866287845695  0.40238576462732878  0.41151468904859817  0.42075991480753833
  0.43031677634867965  0.44054569239275704  0.44948900819874965  0.45862809123441001
  0.46816506958994847  0.47797646748765482  0.48726261331515497  0.49674645411315044
  0.50598305519990505  0.51438557799986739  0.52235240572878050  0.53143274388473927
  0.54167107445334250  0.55204883289525009  0.56146272365754035  0.57058323879640627
  0.57980868177621514  0.58919677271045867  0.59903827083260763  0.60874390461281502
  0.61863929509398397  0.62844390691754182  0.63773042005634129  0.64669996038788335
  0.65671695240946482  0.66769841439321653  0.67832222214073556  0.68908470291319512
  0.70016154859385471  0.71114407926845724  0.72186160750097450  0.73250304897905538
  0.74315439325688537  0.75356307200067896  0.76396627149777840  0.77463849899503512
  0.78477255489402431  0.79438078180962279  0.80394083931384219  0.81395452376867594
  0.82466142751338201  0.83689653751543780  0.85039992150171895  0.86358931912737902
  0.87602854551366693  0.88800752185537035  0.90011405173782033  0.91193746385857366
  0.92277532241462035  0.93341892602866416  0.94421158873222855  0.95513066722264761
  0.96640922272439278  0.97752630270727581  0.98837984092463460  1.00000000000000000
 -0.00025882912443975  0.00128168691304551  0.00212599153381757  0.00269823492342240
  0.00319910310287498  0.00364061616182669  0.00405251174987540  0.00444576530354825
  0.00481563334678384  0.00517149127787261  0.00552966389331522  0.00589679340548723
  0.00627521455754327  0.00666358523500884  0.00705143402305169  0.00743353032667523
  0.00781781109464306  0.00819486214490997  0.00857261112487263  0.00894794401467551
  0.00932516409580077  0.00972162791264898  0.01014198732763658  0.01056639890536170
  0.01100150565808485  0.01145476744636668  0.01191673521202647  0.01236505259248342
  0.01279153912668836  0.01320957855931987  0.01363406374017598  0.01407733078610664
  0.01453803375163900  0.01499389688600048  0.01542892323967155  0.01585886237176909
  0.01628406212452549  0.01672897052714649  0.01719602830380181  0.01765190446890790
  0.01811564173988115  0.01862065888329584  0.01916921842498046  0.01972175479143800
  0.02026418919905311  0.02082276093612727  0.02143455822241743  0.02207059381074155
  0.02272193737986121  0.02336606401433163  0.02398615857926094  0.02460615451119591
  0.02521152449809545  0.02582569330091962  0.02649229846492025  0.02718447392389552
  0.02788775847331388  0.02862343925646610  0.02939887613854444  0.03014381030156262
  0.03085091215861142  0.03159864738820423  0.03243285283948035  0.03344513670909931
  0.03441544112246846  0.03520169914655354  0.03588998794559338  0.03659386370678828
  0.03731572818167862  0.03798757563568872  0.03865483946344289  0.03937656583962616
  0.04010749974348295  0.04085231857051783  0.04161031337531512  0.04224942231248280
  0.04300830800673817  0.04387018833206625  0.04472534875651311  0.04556650531666682
  0.04658656931271440  0.04753086643527592  0.04856532713785525  0.04967378199973614
  0.05150434642410155  0.05387666726200018  0.05570434634925822  0.05710584642509789
  0.05825655923593641  0.05958008849328187  0.06111544547035513  0.06311460803203123
  0.06626929374276155  0.07022624581812002  0.54314665925884664  1.00000000000000000
 -0.00168764617542196  0.00682368199077310  0.01518520813456974  0.02390476725102677
  0.03280033018339647  0.04118302968655137  0.04955298365977191  0.05782504556917865
  0.06601672218288114  0.07379394613764775  0.08134870387327810  0.08851239051415823
  0.09607467329746104  0.10417490377889159  0.11325592538205416  0.12220695752740442
  0.13020184059723186  0.13758889532627802  0.14492689242226314  0.15267263660561081
  0.16078765262897080  0.16979680816262313  0.17969095032550608  0.18989571823049500
  0.19994377535734048  0.20971053029599701  0.21943642255284357  0.22932948795194427
  0.23921218193736826  0.24944668193498545  0.26027225376811763  0.27117968914334417
  0.28158731127208703  0.29249523562943369  0.30385291224454103  0.31581864441483626
  0.32824515425537237  0.34325555300783872  0.36077900652565836  0.37843623312571439
  0.39451479709328086  0.40659359286866104  0.41876173162419428  0.43190139393549859
  0.44506512232051326  0.45784709385650391  0.47081579007194213  0.48448108070897911
  0.49914013232292476  0.51428714403732612  0.52918385858228156  0.54338749005652898
  0.55719188052750945  0.56994605619314487  0.58292516172564812  0.59699214510311904
  0.61176927118547675  0.62737674274499522  0.64245137182308809  0.65654711773174701
  0.67020382490817254  0.68381745769686930  0.69715989892227270  0.71221456660768701
  0.72665860906539859  0.73807942218595257  0.74921134881986895  0.75907118868155321
  0.76866169659466566  0.77756085071981307  0.78614233268263534  0.79442952163281333
  0.80281008888515004  0.81136310274701129  0.82090726855521789  0.83158698784163543
  0.84139507645568934  0.85148338090057585  0.86152724797331337  0.87192451377982072
  0.88263683036477347  0.89310821790631001  0.90315274993832340  0.91265952695025920
  0.92051871497014726  0.92669734506182810  0.93277042550233991  0.93966735160104697
  0.94663219922824160  0.95344616251455760  0.96017560511157185  0.96720504065909518
  0.97432882838070256  0.98164172663639804  0.99038486449285446  1.00000000000000000
  0.05700587232051597  0.31168927097147986  0.37062392998339788  0.40008010882751877
  0.42331618964113560  0.44620563028629806  0.46610657389373350  0.47859996850942027
  0.48611314729547889  0.49338849552987257  0.50141026244273035  0.50952190167846656
  0.51785733734126782  0.52635156992950294  0.53375518697679136  0.54008420080034658
  0.54619787797065611  0.55201624211444811  0.55791261137449888  0.56343908943537468
  0.56875284024888961  0.57396290482170509  0.57915382132301296  0.58407468608349844
  0.58861479833143915  0.59292156429429310  0.59713530581667384  0.60136197074924691
  0.60540755155657211  0.60930596429771910  0.61307616098570628  0.61675912090131502
  0.62045251670827739  0.62439252657190292  0.62827303384278277  0.63199661208121793
  0.63559705668900535  0.63917128476030249  0.64245352068718864  0.64564085142985983
  0.64902826020580695  0.65257538656906122  0.65592732169940249  0.65901159536506027
  0.66195817874698060  0.66524245404219706  0.66812207597972739  0.67140805135181447
  0.67445127233260571  0.67761523263076429  0.68082269546835272  0.68406662275255037
  0.68730574972981273  0.69034399243793720  0.69330000387197788  0.69643409290935154
  0.69952437209505292  0.70264064375872526  0.70563098146217751  0.70854383822258182
  0.71150280623759576  0.71455179354581488  0.71749535456862490  0.72056611703007190
  0.72365557902360644  0.72689672037226238  0.73013864442757659  0.73343248391964355
  0.73682604790727646  0.74018662832492321  0.74349302164136244  0.74681342196474076
  0.75013501943191097  0.75373962152003249  0.75740213715514004  0.76101063443523465
  0.76457705898390926  0.76817949981457956  0.77188865808390150  0.77576526415784808
  0.77974002296056755  0.78375042426222252  0.78809008011252990  0.79275639171310808
  0.79751698614292110  0.80245869171677420  0.80770163783113291  0.81343619531538613
  0.81969937021679551  0.82616350409247752  0.83294638279676514  0.84113371337321874
  0.85119189932466621  0.86443532318743677  0.88908762386387974  1.00000000000000000
 -0.03303797209430365  0.15854485856371639  0.20424705976351665  0.23124655639708164
  0.25005834141936950  0.26645998348991068  0.28081083113533051  0.29311364651089550
  0.30344407845989740  0.31247943282165719  0.32055307934918581  0.32802708032329697
  0.33549421240168181  0.34262062442664781  0.34951340713767826  0.35608455722337312
  0.36221137920289742  0.36834144488508430  0.37417338757667196  0.37987450490378577
  0.38497061552235695  0.38988506997705080  0.39457179924883401  0.39936868658498742
  0.40407631149021772  0.40856884282090811  0.41277584576814619  0.41659934887847178
  0.42065537594054070  0.42474741588723847  0.42898896619286631  0.43305077859304503
  0.43699802984831082  0.44108522886955276  0.44537574656016443  0.44978665736998691
  0.45422686513845284  0.45872916894494875  0.46333288399828559  0.46789959624530325
  0.47216204365968523  0.47631778866408120  0.48055697505102074  0.48462529914710123
  0.48856964844980194  0.49226194081744074  0.49609079265566897  0.49997079864841476
  0.50403164440748149  0.50829361369933612  0.51256616130634491  0.51672222432742121
  0.52078532531501764  0.52462110000324402  0.52825200055087429  0.53157826328359314
  0.53505237772275771  0.53847322064632597  0.54211880616305541  0.54609199438731415
  0.55011652023367374  0.55398528965840244  0.55777641931265620  0.56160697042177210
  0.56568798096536632  0.57014742311523658  0.57470080591728734  0.57899193978133900
  0.58341443766340839  0.58843294216473407  0.59335227934889034  0.59837213616251106
  0.60325272652777684  0.60843052439144429  0.61394918990311953  0.61946758368853216
  0.62493416398892221  0.63080147303161826  0.63687834629410633  0.64327227633339867
  0.65050682488078326  0.65793235384868132  0.66519525617962894  0.67280879729515619
  0.68142777598340931  0.69105011384330439  0.70094754250775482  0.71019831184135762
  0.72013980947165901  0.73076568040272105  0.74258308159690778  0.75628785655555109
  0.77425660794094087  0.79950595883650522  0.84432549015680791  1.00000000000000000
   7.1406087766233394E-012  -1.0000000000000000     
 T T T T T T T T T T T T T T T T T T T T T T T T T T T T T T T T T T T T T T T T T T T T T T T T T T T T T T T T T T T T T T T T F F F F F F F F F F F F F F F F F F F F F F F F F F F F F F F F F F F F F F F F F F F F F F F F F F F F F F F F F F F F F F F F
  <DiscreteSampler_grid>
  grouped_processes
  1 # 1 for a reference and 2 for a running grid.
  10 # Attribute 'min_bin_probing_points' of the grid.
  1 # Attribute 'grid_mode' of the grid. 1=='default',2=='initialization'
  0.0000000000000000 # Attribute 'small_contrib_threshold' of the grid.
  0.5000000000000000 # Attribute 'damping_power' of the grid.
 # binID   n_entries weight   weight_sqr   abs_weight
    10   10   1.837043969768982E+000   1.909859455913563E+001   1.837043969768982E+000
    16   10   1.837043969768982E+000   1.909859455913561E+001   1.837043969768982E+000
    22   10   1.837043969768983E+000   1.909859455913564E+001   1.837043969768983E+000
    28   10   1.837043969768982E+000   1.909859455913563E+001   1.837043969768982E+000
  </DiscreteSampler_grid>
