  0.01413181117876258  0.01470701895096189  0.01517505830440227  0.01557552922472001
  0.01590916015377840  0.01620661482117271  0.01648353340187039  0.01674699065415483
  0.01700935916868216  0.01727044743698118  0.01752691126105520  0.01777962242919312
  0.01802701532440735  0.01826839650045436  0.01849633826144503  0.01871803947921063
  0.01893655222439899  0.01914654962587935  0.01936215671525736  0.01957726000801616
  0.01979646796477693  0.02001995457906532  0.02024600350274369  0.02047163703103273
  0.02069439867382237  0.02091484269825845  0.02113733590216028  0.02136477530307417
  0.02159692354113317  0.02183592901270512  0.02208150171099362  0.02233035971948564
  0.02258380591252385  0.02283497834901186  0.02308867907908271  0.02334632073418526
  0.02361595162921403  0.02389193313295295  0.02417003332741438  0.02444435427289103
  0.02471552413780427  0.02498842493986110  0.02525710363105777  0.02552950190747432
  0.02581520602457274  0.02610580082086396  0.02640038548644935  0.02669561932628660
  0.02700185341349333  0.02731948669020929  0.02764625805057082  0.02797904892606788
  0.02833280464407378  0.02870413446666669  0.02907461235501013  0.02944745850895044
  0.02982758485055283  0.03022398746853312  0.03062997928442942  0.03105219867344479
  0.03150224850379895  0.03198297635175651  0.03248008458180661  0.03299778263676779
  0.03353879702363355  0.03409821665204601  0.03466103910950553  0.03522896913954885
  0.03582749833368298  0.03649287825732106  0.03722857438575611  0.03804439108163001
  0.03892741360375376  0.03983111017709123  0.04069421811938606  0.04155796608882895
  0.04250802928306876  0.04358193417398856  0.04475023586115444  0.04598723123327863
  0.04730589288180571  0.04876337187352108  0.05047364777404908  0.05238825707456184
  0.05455228966005796  0.05667266041540112  0.05902698451991716  0.06195453970699195
  0.06557928244512075  0.07036823598913237  0.07728337732724951  0.08694456881465940
  0.10361118068692336  0.13983968685100456  0.55408710608379663  1.00000000000000000
  0.01406192563480974  0.01491489480482486  0.01539333439026460  0.01576938749451139
  0.01616033671641501  0.01652619712253234  0.01687133886903027  0.01721575185340287
  0.01754554993674432  0.01786667527739404  0.01817969612048238  0.01848501189410818
  0.01877734485580794  0.01906409100706900  0.01933993154232552  0.01961134740747947
  0.01988419812234847  0.02015989985649917  0.02043663964205089  0.02071285272180236
  0.02099014401899744  0.02126774558441592  0.02154612097586026  0.02182095881154821
  0.02209941304467395  0.02239739812120384  0.02269651964104890  0.02299607654418789
  0.02330048002107234  0.02360895974655014  0.02392122754015623  0.02423284480983697
  0.02455054176542730  0.02486252614780345  0.02519030201209998  0.02551833828161750
  0.02585468734733328  0.02619990933124560  0.02654815071874118  0.02689366489287709
  0.02724201552086869  0.02760162488838739  0.02797557789272611  0.02836412549241481
  0.02875757374053468  0.02916369972217572  0.02957829847849021  0.02999394940672341
  0.03041522226786803  0.03084457608091651  0.03128457948701562  0.03172671448060347
  0.03216848162609284  0.03261681987001235  0.03308408398643221  0.03356319031886899
  0.03405997636600331  0.03455654893338772  0.03509878696635887  0.03564257926100983
  0.03619344256601439  0.03676723176426949  0.03737747387599372  0.03803298333474618
  0.03871664233622325  0.03941234918254297  0.04015735010515357  0.04100610660351969
  0.04192924535284842  0.04282141587249465  0.04368662629257965  0.04457322988078852
  0.04551733894730423  0.04660778485342431  0.04775252386909518  0.04895405716808308
  0.05016862225576921  0.05146343600096846  0.05290189769757525  0.05444228422133349
  0.05608148727493082  0.05786471807920940  0.05977327773985083  0.06178311195765331
  0.06418903107709953  0.06707802413443902  0.07058267093145848  0.07471479752564275
  0.08055836312890942  0.08650400206004183  0.09444040763214520  0.11068115212705729
  0.14554914446787937  0.49046949835224396  0.59414621783038979  1.00000000000000000
  0.00153282122123955  0.00989959734353096  0.01239278373213303  0.01427489875569261
  0.01575976718265845  0.01703054204663004  0.01815786482458603  0.01922461074931578
  0.02025546556851615  0.02123141329543636  0.02214471974085307  0.02301881331823453
  0.02388171964053662  0.02477025481880253  0.02564658128953457  0.02646767324280386
  0.02726875377787312  0.02806500345903207  0.02884449679356102  0.02961726376444517
  0.03039709724500191  0.03118633903197899  0.03200258598347500  0.03280013649563528
  0.03358355580287031  0.03434767372337357  0.03510898364156109  0.03586291825231307
  0.03660934850997627  0.03732738091088682  0.03800279780841474  0.03868128685680108
  0.03936829121337911  0.04006989642332900  0.04079971717027194  0.04152519046227356
  0.04222180766761602  0.04291906226974024  0.04364434175386053  0.04439580146125416
  0.04516568649143731  0.04595352507191344  0.04675267473749179  0.04754243264200357
  0.04830772388835700  0.04906086283275862  0.04983830889274594  0.05065328134686600
  0.05149304727468802  0.05235301625693906  0.05323741049509578  0.05412728050955370
  0.05502427061842739  0.05588667143261006  0.05672402676932735  0.05755508334656795
  0.05839870216197955  0.05926954778699531  0.06016368175663890  0.06109845952807274
  0.06206110150535023  0.06307368845670622  0.06414351734671822  0.06525557138898513
  0.06639101757301780  0.06754868713076981  0.06873843443906885  0.06995217236438890
  0.07117198067354412  0.07238476566685439  0.07365077293285989  0.07501344512027393
  0.07644408223426369  0.07796323729079559  0.07950686414941874  0.08104980231026805
  0.08260793479330110  0.08422214242725251  0.08595154220754568  0.08799539215897299
  0.09040227386311936  0.09307025822604559  0.09595383920823464  0.09895120261536366
  0.10206023787838663  0.10516006374913486  0.10869169704054443  0.11266671270519943
  0.11706504097334007  0.12210582982409923  0.12799059507583033  0.13601943437457534
  0.14704636219686204  0.16311487328253346  0.19520708423238978  1.00000000000000000
 -0.01441307766181496  0.06279942692734371  0.11466785801724030  0.14622876397804624
  0.17058538426133193  0.19219769136908069  0.21233999117394156  0.23025899862914087
  0.24574384312664671  0.25895632320377215  0.27086634873079202  0.28203465740814659
  0.29221526858705643  0.30137307993285140  0.31000977163247029  0.31856508381022869
  0.32680123732713046  0.33490512348815088  0.34276833132304502  0.35056881211175250
  0.35837808150193934  0.36621376430794955  0.37356527416731605  0.38041843829324323
  0.38699249637920147  0.39373489226834252  0.40045852158153089  0.40708081377848787
  0.41359621057227508  0.41987198959692706  0.42570778463342046  0.43143268382861755
  0.43722591127602245  0.44307748753090970  0.44864597630860958  0.45404861655229506
  0.45943017574177009  0.46488331959715401  0.47034624064078628  0.47555153870984240
  0.48078154458929873  0.48607809083366360  0.49145832497923514  0.49692537253424635
  0.50224749000063806  0.50753969651279485  0.51277833342713786  0.51800160442729448
  0.52318054688298554  0.52845027507564690  0.53382866330889833  0.53921606441990499
  0.54447800963224768  0.54976663033659967  0.55503298116866628  0.56036798315568193
  0.56585233274329594  0.57136292413767809  0.57681257437768596  0.58234860813859468
  0.58811120251533500  0.59413619172084753  0.60046848786990992  0.60668612420859558
  0.61277643736360699  0.61890391072962603  0.62505322674956754  0.63126547360217578
  0.63760324031833782  0.64401255601466612  0.65033622466289542  0.65659915589298368
  0.66292415867640253  0.66945783280982929  0.67622399972437075  0.68306525552222808
  0.68985731408882256  0.69672537330291406  0.70405467141364686  0.71197333253742845
  0.72037748363681031  0.72911155397350202  0.73843636798072898  0.74819890145400447
  0.75889157212791369  0.76935285566848710  0.78055231678636594  0.79306071597840355
  0.80619415165038188  0.82098926735493671  0.83777091185244346  0.85717356517455812
  0.88190227454861481  0.91436690610880977  0.95080047060279660  1.00000000000000000
 -0.00192206852327866  0.00844628706277677  0.01753589925304860  0.02728191251210555
  0.03737557699329802  0.04768697290418672  0.05797197097112551  0.06819269569206315
  0.07845563532967802  0.08883075032141065  0.09923163631742957  0.10953267413270061
  0.11986347706850101  0.13054515777849524  0.14118931324984577  0.15144552899706068
  0.16127790221832225  0.17101326249344262  0.18049346843679673  0.19038575943540154
  0.20069520220118428  0.21128984570265616  0.22175699590948258  0.23221233382374459
  0.24239082490384045  0.25239837646086472  0.26273665146267328  0.27323003191842615
  0.28348489392571030  0.29379663265890832  0.30426678559777531  0.31489850061240232
  0.32521013250688130  0.33563442766967555  0.34628935374383302  0.35698469194100590
  0.36739129823627381  0.37766364380071410  0.38781931330962738  0.39860132177667157
  0.40981925015119774  0.42125879034175623  0.43254518112869694  0.44340051614742371
  0.45402777373598313  0.46497846202955656  0.47605496856840590  0.48655317611560522
  0.49679957518282414  0.50691999585070135  0.51705264369402903  0.52693070740741343
  0.53644438204560052  0.54633137293543277  0.55662566597451446  0.56726059793577610
  0.57792209572028086  0.58901189062575254  0.60076075442883914  0.61235045762014839
  0.62344690047079732  0.63418048677737260  0.64460081757228971  0.65564888874005489
  0.66671572359197684  0.67739884832614528  0.68792419855183229  0.69856794269452793
  0.70917541585467558  0.71962793783247414  0.73017189849693764  0.74074433318503119
  0.75127996387375884  0.76138158948394785  0.77150486834860854  0.78213420799800937
  0.79313246741994414  0.80350853189465943  0.81391712638755565  0.82391550295486615
  0.83411271340004123  0.84414707531861410  0.85414640034134792  0.86448214294494474
  0.87514684718046498  0.88625372593080398  0.89763982535506615  0.90891339586314224
  0.92028494909193559  0.93130537600283569  0.94215630283067575  0.95332281531514740
  0.96470980914503990  0.97649713394967042  0.98777441052136628  1.00000000000000000
 -0.01235147023849088  0.05468710030137942  0.09118731093395090  0.11543834039026116
  0.13584876112874417  0.15423991289155356  0.17017548999992277  0.18454572030283750
  0.19780793046757228  0.21027636246026785  0.22207397319094124  0.23347284068957072
  0.24427495118777481  0.25433082160495490  0.26400198278578635  0.27320229143311431
  0.28173928526392022  0.28987237356590284  0.29806146270591499  0.30622265948368077
  0.31409828856924876  0.32169163692340397  0.32910057641820545  0.33625740166027973
  0.34313340973617040  0.34995502057905181  0.35637277591062955  0.36251055148762723
  0.36861263409434447  0.37474364802274607  0.38072767356895254  0.38640227692958234
  0.39209612787371595  0.39799846018950025  0.40388225217673762  0.40953149255657539
  0.41498255327132727  0.42046830801259744  0.42601436965652489  0.43161521064089492
  0.43710369718861763  0.44271656286297861  0.44828047212995187  0.45376395943329667
  0.45922194621166557  0.46474704970005132  0.47034867026014265  0.47601579850276482
  0.48163261092945608  0.48696792738825057  0.49204711297558307  0.49694841449898880
  0.50187783439051836  0.50705720945259336  0.51246357536710840  0.51805941949868983
  0.52360458153160572  0.52887328624563534  0.53397953129034581  0.53922924144926743
  0.54470190219792758  0.55072202150444993  0.55655420815398016  0.56259419271314526
  0.56862479316314429  0.57464780639467872  0.58098979018528984  0.58753048382231066
  0.59425044223254042  0.60122914296051533  0.60822265181816504  0.61507981606300188
  0.62182319574603939  0.62857767599394010  0.63566692404216163  0.64318538327989272
  0.65123645705667543  0.65964419318159606  0.66810898221491088  0.67663080270396658
  0.68527594274381431  0.69432730929455677  0.70421767386798373  0.71473253060831532
  0.72577597104021907  0.73761762704899358  0.75014326869835612  0.76336132061822926
  0.77809880247965568  0.79544024958493320  0.81541149566343274  0.83777738471152485
  0.86285165054349389  0.89309311939752611  0.93579869801090698  1.00000000000000000
 -0.00201963601039910  0.00813910300031986  0.01857985094515913  0.02939733452854503
  0.04044574184716736  0.05156992658649720  0.06249914756479720  0.07349811966823155
  0.08380792244281625  0.09455801837913783  0.10508614839380560  0.11465871036565957
  0.12429184896556486  0.13395818498420198  0.14381728640416214  0.15357835520132207
  0.16359473507118469  0.17393100580412960  0.18453346494473213  0.19532404748752727
  0.20609319204804416  0.21639531117154726  0.22641682985076919  0.23699817341813761
  0.24829281362175543  0.25829344383433744  0.26840830488881656  0.27830324448769816
  0.28856615762308824  0.29920580085133769  0.30993567930142779  0.32031699184733908
  0.33049602322236277  0.34021519740862927  0.35057031594499022  0.36164291340979077
  0.37308650751619959  0.38383179965058306  0.39400033807678764  0.40494546312076429
  0.41644534971563352  0.42833721496073612  0.43981749099703527  0.45094355731802621
  0.46171861994108809  0.47245861667903294  0.48342022319019795  0.49437801572987938
  0.50562521750967870  0.51676455239237140  0.52682726500259680  0.53615657373538617
  0.54574432436511067  0.55563185868389875  0.56638955833016769  0.57775931307255790
  0.58984376072739464  0.60191301354828430  0.61309160565737852  0.62400064971450875
  0.63487384680604253  0.64569492802828465  0.65614586339039271  0.66666769724521391
  0.67717512643075450  0.68771011994400344  0.69828319733964295  0.70877157018541637
  0.71920022849016063  0.72953184311300068  0.73967782108079505  0.74974181733185152
  0.75975748362068063  0.76976746745190527  0.77974619915974330  0.78990078890052284
  0.79979699545150962  0.80984182027174967  0.82011448941166210  0.83020264912811381
  0.84033751736781148  0.85060847076554214  0.86132198585575115  0.87232595441334371
  0.88352952654905126  0.89481542379570034  0.90611822207577319  0.91762907195233001
  0.92898775607537853  0.94003189567714307  0.95037580310133463  0.96068501390922778
  0.97087729267817846  0.98101509288080024  0.99041960688990938  1.00000000000000000
 -0.00232403169935187  0.00923781147683104  0.02007686387139489  0.03114271404487038
  0.04152517652603446  0.05220460559978521  0.06321099431415697  0.07458240165059885
  0.08534629787951256  0.09582040203048858  0.10556229348884433  0.11516862883483618
  0.12512121406130514  0.13561544562868949  0.14567142521985896  0.15568623086756730
  0.16700954210291877  0.17754885093243647  0.18902387581783558  0.19862040952801904
  0.21073952423628220  0.22104721619934317  0.23220144886068231  0.24307623052359567
  0.25410130924884072  0.26484160637918602  0.27581857270248950  0.28657990727316812
  0.29657557764989273  0.30607171757419060  0.31629956810359433  0.32792900188161905
  0.33930579324381449  0.35059995836066027  0.36216242646954966  0.37347784301145026
  0.38445934046756342  0.39545661773579160  0.40665284098646048  0.41757199805190970
  0.42812326911793985  0.43860575063457652  0.44905024048079512  0.45939925140426219
  0.46944700650533494  0.47960006537846228  0.49003612775889116  0.50054504678165690
  0.51054430048424249  0.52026281429836685  0.52989539582914402  0.53965254395488893
  0.54907304557781689  0.55860854645406421  0.56894326990831490  0.57932077209181809
  0.58986494149621671  0.60069221067881096  0.61201503409542557  0.62334125285526742
  0.63455766697673310  0.64511333579603714  0.65519452363219899  0.66542749480858432
  0.67624425747612271  0.68653708364485799  0.69659119668450209  0.70648003473916587
  0.71699188921499823  0.72748067425564944  0.73782665383090607  0.74781970061472314
  0.75748911093386306  0.76721712570863421  0.77738209581294848  0.78816203045705868
  0.79924298043746089  0.81023273664009898  0.82085952283968044  0.83116441345115788
  0.84155484293060789  0.85180843537956530  0.86221867676609976  0.87328067461961889
  0.88455034524646792  0.89619413189098462  0.90764519079505424  0.91821211537162806
  0.92783507687169431  0.93757550631815845  0.94733770971157361  0.95718835189469953
  0.96704790775802529  0.97712958155777618  0.98837941094456427  1.00000000000000000
  0.03799573906016043  0.32590329456611600  0.38544761869597466  0.41964598924942453
  0.44270921171245781  0.46141560078146465  0.47728097063466707  0.49004835919163653
  0.50169821211824961  0.51249212640533248  0.52233029683991350  0.53104416305620716
  0.53896609536130535  0.54651382638374990  0.55418990638321874  0.56176178903983287
  0.56888025703500156  0.57515493742371693  0.58099131241237312  0.58657893458784771
  0.59208506274320938  0.59741144919517031  0.60246732002737746  0.60697855454192196
  0.61121841639598595  0.61549361197686969  0.61983343652154876  0.62414759881242055
  0.62823409641405303  0.63218238178340835  0.63599807702515299  0.63966520166496610
  0.64327514566056965  0.64674814242565737  0.65039922338967771  0.65393839092411143
  0.65738007254392350  0.66072701744682305  0.66408445373395530  0.66753690328005089
  0.67093384467262740  0.67419848069872124  0.67731960691540827  0.68039582483599459
  0.68351513673675157  0.68666751072047827  0.68977483016353869  0.69280736680715205
  0.69573219482005622  0.69865394550367699  0.70163693460871213  0.70462711874151585
  0.70765652009509961  0.71072135489822108  0.71374870099158561  0.71678867703975335
  0.71979674571971308  0.72280731351123362  0.72575288125411697  0.72873212279791544
  0.73163831858404571  0.73453878234229297  0.73753332983681319  0.74038572989021134
  0.74336002314886485  0.74625079259312133  0.74915627923489647  0.75210431139317457
  0.75507536858083490  0.75807021126447383  0.76113719920656564  0.76428027362335971
  0.76746703958105766  0.77065238350071108  0.77378988374141133  0.77688618096905060
  0.78002230661639893  0.78326480582128299  0.78667509864439122  0.79014891427781342
  0.79368654363516788  0.79731426092592139  0.80103698940288037  0.80497203394199301
  0.80918690080365008  0.81367175045981566  0.81833537906354781  0.82313327774924927
  0.82809416183659434  0.83381075507353253  0.84087156004661001  0.84912235702449546
  0.85853417923716779  0.87007779094792581  0.89212630384589475  1.00000000000000000
 -0.04208217368576540  0.17979330631448165  0.22225370408251965  0.24572189007853867
  0.26141170882962206  0.27424916630857427  0.28617532124403339  0.29721067263084916
  0.30709602244262013  0.31566608136815216  0.32389609372989830  0.33178973544369350
  0.33926062303355348  0.34600823208688175  0.35218172124365366  0.35792906685137355
  0.36357020137913770  0.36913647827528884  0.37457227269251864  0.37967650012206877
  0.38457447305913300  0.38927298503045776  0.39384512227816693  0.39843101441282103
  0.40311709969496384  0.40782451654451823  0.41236759899774372  0.41681371290622893
  0.42118930832792256  0.42550557039194215  0.42975517426750720  0.43376052650778785
  0.43754076322798308  0.44142876875521525  0.44529839435407342  0.44935358765951344
  0.45346253314783436  0.45751229432123180  0.46151898131765601  0.46554420110899286
  0.46961147922125018  0.47360820459036040  0.47754729824193332  0.48147426401237758
  0.48538972602020608  0.48929420129327961  0.49311236745429665  0.49678227450542323
  0.50035995203505279  0.50384477085671242  0.50739175015270510  0.51113177687326816
  0.51485045583474465  0.51868149955150555  0.52257536771809798  0.52640257802934909
  0.53008689858640068  0.53369909102703328  0.53740408390243455  0.54089765243826460
  0.54488579315416397  0.54880152334608845  0.55272366132065887  0.55657382225826857
  0.56050355525371587  0.56457028308508594  0.56862347065760921  0.57270698492698424
  0.57690242610727016  0.58128699488126134  0.58578773616293667  0.59033789352949828
  0.59494476328949197  0.59961964987809313  0.60454939763949289  0.60992228601741716
  0.61566912315160738  0.62153611955270849  0.62735911729491145  0.63324025069906442
  0.63923267303598941  0.64528956125137416  0.65146117027270489  0.65802611528587862
  0.66535662883439572  0.67324975748300087  0.68125498030910547  0.68970276461989910
  0.69943282364291515  0.71105547411523817  0.72444917377045659  0.73909734673037131
  0.75646327217347709  0.78122230020493977  0.82544168426669762  1.00000000000000000
   1.9597992509176115E-013  -1.0000000000000000     
 T T T T T T T T T T T T T T T T T T T T T T T T T T T T T T T T T T T T T T T T T T T T T T T T T T T T T T T T T T T T T T T T F F F F F F F F F F F F F F F F F F F F F F F F F F F F F F F F F F F F F F F F F F F F F F F F F F F F F F F F F F F F F F F F
  <DiscreteSampler_grid>
  grouped_processes
  1 # 1 for a reference and 2 for a running grid.
  10 # Attribute 'min_bin_probing_points' of the grid.
  1 # Attribute 'grid_mode' of the grid. 1=='default',2=='initialization'
  0.0000000000000000 # Attribute 'small_contrib_threshold' of the grid.
  0.5000000000000000 # Attribute 'damping_power' of the grid.
 # binID   n_entries weight   weight_sqr   abs_weight
    10   10   5.877466014530354E-002   2.554157050125357E-002   5.877466014530354E-002
    16   10   5.877466014530356E-002   2.554157050125358E-002   5.877466014530356E-002
    22   10   5.877466014530357E-002   2.554157050125359E-002   5.877466014530357E-002
    28   10   5.877466014530356E-002   2.554157050125358E-002   5.877466014530356E-002
  </DiscreteSampler_grid>
