  0.00003846406417140  0.00003982137496413  0.00004084538474598  0.00004196434142425
  0.00004325671725021  0.00004488864389720  0.00004651362602292  0.00004794376435572
  0.00004953574128268  0.00005113809423560  0.00005294538058253  0.00005483773190746
  0.00005693647849635  0.00005899378244977  0.00006115247501223  0.00006328782901494
  0.00006549361480894  0.00006776105785376  0.00007029965288678  0.00007319499548019
  0.00007627075808029  0.00007942558113435  0.00008266924776590  0.00008604911507967
  0.00008975364719747  0.00009388962485618  0.00009851610607711  0.00010350695943140
  0.00010866358882201  0.00011396586001621  0.00011963723639040  0.00012566995961360
  0.00013197826258929  0.00013818573984546  0.00014436107880073  0.00015131887007018
  0.00015875930007372  0.00016649132093475  0.00017443382487447  0.00018259407977738
  0.00019135370132893  0.00020087989523518  0.00021084620606532  0.00022102771907924
  0.00023168205526352  0.00024280991733140  0.00025412841057748  0.00026594081039024
  0.00027844686195424  0.00029181002216923  0.00030519224913878  0.00031934563934681
  0.00033402361931359  0.00034981528389899  0.00036730910782547  0.00038583287493384
  0.00040468697057469  0.00042372072676515  0.00044292759254052  0.00046234771453120
  0.00048240894821487  0.00050318089328831  0.00052503028666757  0.00054858304327421
  0.00057418634562657  0.00060138717226723  0.00063035735018563  0.00066083284879860
  0.00069234677804341  0.00072405116955432  0.00075756072836089  0.00079294661760543
  0.00083050618581426  0.00086978334364614  0.00091062591764251  0.00095378003429887
  0.00099992435414177  0.00105052779607262  0.00110730666439833  0.00116982041159541
  0.00124042908720655  0.00131968317352399  0.00140882214763008  0.00151215339864476
  0.00163367449687193  0.00177811135587280  0.00195331174141379  0.00216921038185122
  0.00243997513536291  0.00280622180905113  0.00334119179909460  0.00420261506457567
  0.00587565979645200  0.01175571172827442  0.52001587611322364  1.00000000000000000
  0.00052037838506482  0.00086732462600917  0.00107536018435113  0.00120777689751620
  0.00132714016627512  0.00146032341126675  0.00159553629205045  0.00171909468979788
  0.00182781177765515  0.00193178234791556  0.00202121078278511  0.00211224181556689
  0.00221487520710952  0.00231230395945223  0.00240067759213110  0.00248153338221722
  0.00256552906709110  0.00265204898284639  0.00273605181343553  0.00281708606134300
  0.00290033830070736  0.00298818403385154  0.00309049681072704  0.00319356752334641
  0.00329453863921282  0.00339342050853388  0.00349191192464041  0.00359195082752162
  0.00369220952422669  0.00379025408164470  0.00388464418461510  0.00397484116087932
  0.00406446633689763  0.00415537641214338  0.00425060932769140  0.00435397038614317
  0.00446274820211607  0.00457569551660738  0.00468996345701277  0.00480385477756600
  0.00491605473856351  0.00502653121013164  0.00513853090984901  0.00525224098432542
  0.00536771952069571  0.00548954664448148  0.00561702328249464  0.00574844658105327
  0.00588430985268365  0.00602325366042991  0.00616203721529795  0.00630253522119138
  0.00644963991999134  0.00660454581314667  0.00676568822002275  0.00693109041328920
  0.00710187396398339  0.00727515102201003  0.00745260746486171  0.00763815082584224
  0.00783574883383573  0.00803448605642515  0.00823746870601883  0.00844329633275647
  0.00865682001785419  0.00888187311188778  0.00911644654651574  0.00935561038127761
  0.00960245499643038  0.00986569213627551  0.01015162587015338  0.01044417190840739
  0.01077652835857117  0.01113466956273239  0.01152043950503703  0.01194314525820356
  0.01238321339850149  0.01286026039201758  0.01337805929597371  0.01394235559200110
  0.01458267152527625  0.01527690465132720  0.01607316261295554  0.01699599020958285
  0.01804353787528601  0.01926792830323417  0.02074571496064959  0.02249541811785589
  0.02460564884595448  0.02731309265572495  0.03094400286945238  0.03578198851287864
  0.04442653525881202  0.08395760169922417  0.62487305314428931  1.00000000000000000
  0.00175985678899949  0.00318001461959687  0.00410038437042461  0.00457785026975659
  0.00510461470613779  0.00560880730608771  0.00605256868270635  0.00646321987556712
  0.00684151253237130  0.00709084539700179  0.00731403661012837  0.00755095703768430
  0.00778053690437293  0.00800673947563927  0.00823170865504290  0.00845516575893363
  0.00867779945434359  0.00889668865365137  0.00911994888848946  0.00935103735114714
  0.00958191950231300  0.00981230769859536  0.01004468332638705  0.01027614558122456
  0.01050421747222284  0.01072193173532652  0.01093714811970696  0.01115229433817753
  0.01136421187993398  0.01158125536042339  0.01180908792493278  0.01203073101155343
  0.01225216138190896  0.01247763840697440  0.01270725742636491  0.01294055653151632
  0.01318048370333015  0.01343082610387608  0.01368464400870721  0.01393566841054433
  0.01420024013162990  0.01448114865402251  0.01475946237052692  0.01503341222560371
  0.01531268839088939  0.01560187820704121  0.01588550049148947  0.01617528106504975
  0.01647988338798142  0.01679672550848261  0.01712904856571962  0.01748480129700695
  0.01783793384300961  0.01819827435855530  0.01855988897464911  0.01893956893630363
  0.01934715969245842  0.01977028087583508  0.02023132108160827  0.02070617268213304
  0.02121901520599067  0.02173601841263403  0.02227147163828439  0.02280793697371406
  0.02337208419254706  0.02397388718152168  0.02460879392933497  0.02526784009368089
  0.02596128802081703  0.02666386866527369  0.02740469451256359  0.02816518878416690
  0.02897338261432406  0.02981663811673813  0.03065979838804401  0.03159833995343436
  0.03266048972841894  0.03370803007688724  0.03473184262034943  0.03587677144043085
  0.03716393082175393  0.03862483157575345  0.04028017312578761  0.04205822636585344
  0.04385380783130371  0.04576300753219596  0.04780811360750650  0.05044983580033540
  0.05335819796340804  0.05638900346121609  0.06040375916144888  0.06619271704143609
  0.07306160357900074  0.08426657983591544  0.65034552292858627  1.00000000000000000
 -0.00219576112071031  0.00843647708683140  0.01636477216319805  0.02433891975066371
  0.03204379111181831  0.04021815770068297  0.04989652809961599  0.05942125802857506
  0.06877083218978000  0.07792762254841824  0.08765520445810573  0.09824052205502973
  0.10925964681802637  0.12026147940264535  0.13134780626067427  0.14278101600098411
  0.15443416825717163  0.16598239565958556  0.17710792292238417  0.18824130426880059
  0.19974955180390599  0.21109053817530044  0.22157759743698754  0.23176689991470878
  0.24225432173257935  0.25319465153827819  0.26415449737392860  0.27482267037721225
  0.28536151233169849  0.29630559118349553  0.30724247249765285  0.31791136436816886
  0.32800482536537678  0.33836423891867179  0.34891837552351551  0.35967831452004301
  0.37037461028624241  0.38124811744535153  0.39217516301266342  0.40255322669718446
  0.41343229146126359  0.42476502106479336  0.43618544663468678  0.44695345672834580
  0.45745266968654547  0.46833220831261285  0.47902256622365125  0.48996592466256922
  0.50096498555565083  0.51219280248594967  0.52343886384199545  0.53476144837533068
  0.54635226347378008  0.55834270647476936  0.57059946471885425  0.58258449170958926
  0.59391329146143779  0.60503270326540493  0.61572568170730391  0.62667360619602008
  0.63762538392859192  0.64863654213317112  0.65965488736042155  0.67093426458942296
  0.68247151752008484  0.69359259412489060  0.70429772391061729  0.71463070060528677
  0.72504139342232232  0.73557933427992162  0.74600440587136785  0.75651280611348048
  0.76790007763045043  0.78020088180647684  0.79282696693621124  0.80485051463384183
  0.81633387279212033  0.82727851916330353  0.83817556411416061  0.84857958043434345
  0.85875093585734719  0.86899679155212017  0.87961940160409613  0.89019475736023235
  0.90040531106364152  0.91043494006184766  0.92019558164381277  0.92946375539589654
  0.93830060159256545  0.94677526941991441  0.95528796911111158  0.96407147457497022
  0.97301931544412801  0.98200628857004812  0.99104534069357597  1.00000000000000000
 -0.00268481929346955  0.01009520734900582  0.02105217818247681  0.03187057582724893
  0.04246060293385417  0.05266674456384459  0.06242629943966197  0.07155606474826225
  0.08121343190959755  0.09157157174703018  0.10128379391160178  0.11096080239853288
  0.12089137753295348  0.13187858006607842  0.14291805001438790  0.15324844874866417
  0.16391791435057285  0.17458485377944782  0.18557518790064848  0.19623378396772512
  0.20693154636656838  0.21735359601348625  0.22765644729642417  0.23830213085517443
  0.24900246531418685  0.26005531938108711  0.27135986524262401  0.28265588119123652
  0.29415345457719921  0.30560535590758509  0.31668199196443614  0.32748461064382267
  0.33799761694934660  0.34823671161591413  0.35844652515747744  0.36854002034135447
  0.37886066215792746  0.38873972452510902  0.39898144587294582  0.40957153578834898
  0.41987555150095690  0.43000801042684267  0.44038686835872720  0.45053758182411358
  0.46079024440113864  0.47101100121806405  0.48171297755710468  0.49250553376970407
  0.50289229517601242  0.51294455300636022  0.52315819398725982  0.53341172617844557
  0.54349073097130951  0.55333106241082075  0.56318560770705328  0.57331164356090947
  0.58358921790918161  0.59368662475149436  0.60400018529596022  0.61358511385952197
  0.62327752287985194  0.63300320150757583  0.64263853533920867  0.65217570204411668
  0.66156738143766136  0.67140160816659611  0.68222970972064667  0.69363027110010811
  0.70567972154240932  0.71778934359104352  0.72960859890828444  0.74060229096264762
  0.75166524433471993  0.76187349799083492  0.77141775910282584  0.78112104054866616
  0.79142432649745720  0.80198425090820724  0.81278321527955166  0.82431647018694720
  0.83594700302476421  0.84731632332947815  0.85833079535627543  0.86914221513122181
  0.88003678184298029  0.89106146924802621  0.90248591323008542  0.91440297085349598
  0.92615871124590055  0.93820856413966058  0.94925313047405768  0.96024845054772279
  0.97047821942104107  0.98025367030179833  0.98991717199441720  1.00000000000000000
 -0.00290306313478944  0.01045605987846927  0.02218839604357160  0.03378293161762114
  0.04494483410808252  0.05557569843916777  0.06613188326379393  0.07638562853944948
  0.08660630828299558  0.09668911382789168  0.10685084986008436  0.11756987314848411
  0.12762562895988497  0.13772345753716311  0.14767866670621285  0.15774408179379484
  0.16757365940754948  0.17656994454429717  0.18595577081461159  0.19609533623754669
  0.20694169134978987  0.21760551504748366  0.22817766851665239  0.23904684537421308
  0.25012084176966670  0.26108175351394258  0.27176618624739957  0.28194177082104582
  0.29188235060152878  0.30182660237446152  0.31201797464746001  0.32291948376757912
  0.33389317365159998  0.34565765724958625  0.35781480610548311  0.36963003702504449
  0.38081322310486465  0.39118734380350823  0.40129417301332548  0.41143336686315152
  0.42124908866459160  0.43109034976206562  0.44140977921462748  0.45182511621569849
  0.46159568549662483  0.47104534538214393  0.48042434703405190  0.48995586210238024
  0.49972941278476696  0.50973902300614959  0.51964216883876801  0.52957436449345507
  0.54016582077690933  0.55126167670992121  0.56173476929982480  0.57153188851389647
  0.58090408053057874  0.59093406382923186  0.60163962440569685  0.61261902987817818
  0.62374197880325866  0.63487170217969580  0.64623376004025868  0.65683263703641870
  0.66696674570533510  0.67664971327629297  0.68707904744445725  0.69751997415300671
  0.70769059468914974  0.71783644725824136  0.72803573873397609  0.73859089476106166
  0.74949410341875167  0.76027446581215274  0.77144351524886923  0.78182989935941782
  0.79233490669905671  0.80292387304304791  0.81356871181870660  0.82447464074927113
  0.83575284521306026  0.84792163316894686  0.86032142261707167  0.87220421588264241
  0.88347960071278420  0.89439346724417201  0.90556463722088842  0.91639154600280914
  0.92677836950483283  0.93687053495285755  0.94738388738896195  0.95801228699778196
  0.96859898883512541  0.97913361382701591  0.98959262172234708  1.00000000000000000
  0.05296054679535999  0.05469736765209886  0.05623808904732293  0.05745864586344902
  0.05854985440842008  0.05956028678205205  0.06053021461160540  0.06145960722371295
  0.06234090279892709  0.06329916732976731  0.06433735073682591  0.06531047395424659
  0.06627244674836859  0.06721773952809626  0.06815698105593342  0.06911098319284860
  0.07005120431964955  0.07099135688329007  0.07194392866706097  0.07289995523619371
  0.07384338119195021  0.07477230614207467  0.07571060122762908  0.07665238398139945
  0.07758373057814823  0.07850823284406065  0.07944165369259622  0.08038183829586565
  0.08131360868086562  0.08223678000075600  0.08315534184932825  0.08408705865572412
  0.08504879466078943  0.08601358235538194  0.08700019325188330  0.08798249309585449
  0.08894427517269880  0.08989208823867531  0.09083915215959912  0.09179926695402760
  0.09279252666158506  0.09382420231576501  0.09486630956491843  0.09590900541477780
  0.09690216772191564  0.09788025584523695  0.09888676131656622  0.09992108462735962
  0.10096126569205345  0.10203678560161426  0.10313229231440557  0.10423894674698544
  0.10544450111102252  0.10668302441356126  0.10784960825522737  0.10902846269399123
  0.11027178541446218  0.11163867128255379  0.11312487463832749  0.11462474355134629
  0.11604415871785421  0.11742994202054041  0.11882845862867676  0.12031829815067854
  0.12197266031383472  0.12373364395600146  0.12562436792511011  0.12766647422057667
  0.12974675715765957  0.13175025406525101  0.13367146874793095  0.13551799494181638
  0.13765176899571252  0.13995878863741176  0.14213549391889146  0.14437082968835954
  0.14688527767159820  0.14969296154031878  0.15279078989649580  0.15614131970606823
  0.15991844325330087  0.16476140686168433  0.16907290879400250  0.17341722558406247
  0.17741842815663372  0.18210388892021734  0.18748347835578483  0.19370286606418619
  0.20319167423738760  0.21133382922489263  0.21994216940198263  0.23050952224130425
  0.24567808073910810  0.26605231973213178  0.83369279410734176  1.00000000000000000
 -0.00250788232559974  0.00963899704277637  0.01960688917081628  0.03017499452258028
  0.04039024146387853  0.05053466971538291  0.06039326169702725  0.07006313394191381
  0.07941829553063412  0.08884824570845049  0.09839266301799485  0.10798551916064868
  0.11739409901117029  0.12677846005113350  0.13652208342454761  0.14664094131515390
  0.15651665983187302  0.16666380600808056  0.17621484178413893  0.18554253704483975
  0.19529713906012136  0.20521556249314052  0.21549273226856117  0.22570661952235344
  0.23574450579155981  0.24556133705385003  0.25595727648872846  0.26615042598877964
  0.27638071049836510  0.28689021912323143  0.29783257235770627  0.30909388591661624
  0.32034023129791955  0.33215227421725924  0.34414470102600453  0.35568191407177485
  0.36732267312800199  0.37819130837970261  0.38861698790100718  0.39928975968666947
  0.41025428183949725  0.42121966214135598  0.43214890788513749  0.44306020829394865
  0.45429349396140728  0.46542685521126609  0.47658915544524116  0.48791538930615225
  0.49937349724784824  0.51108397856362142  0.52295199754668387  0.53482968473006343
  0.54609268855400517  0.55748419970426644  0.56848400587806547  0.58019723669398315
  0.59172056576035914  0.60272639784470095  0.61312986422486493  0.62324632824895942
  0.63313103297574802  0.64300586393641301  0.65364123604832636  0.66466805141983876
  0.67563275133096290  0.68658656535549689  0.69800916534918467  0.70946364602017120
  0.71998999649403217  0.73023127053047043  0.74050082417554774  0.75084138074865647
  0.76127632674046886  0.77187966607979597  0.78267469798221712  0.79344034101786953
  0.80359811385007640  0.81361384659932456  0.82352705998524611  0.83321893942998038
  0.84266996037762809  0.85229426095504546  0.86282410543990118  0.87422610222180785
  0.88513408653050762  0.89567857961705466  0.90688528607020580  0.91846294738985057
  0.92879323911987210  0.93899089124663515  0.94904975840441452  0.95917666638053634
  0.96881356996263135  0.97940704308776261  0.98966386610977397  1.00000000000000000
  0.08706988881607042  0.12913360101684376  0.14906314054792563  0.16690577886295921
  0.18263525184797760  0.19555704244711777  0.20649149255167357  0.21677342198849064
  0.22655267025144615  0.23551730850407837  0.24385436772601748  0.25201958548556214
  0.25961762803125321  0.26694950097433173  0.27435897633691764  0.28188177632893185
  0.28889291051322474  0.29534194937226177  0.30202594046869241  0.30853153346971018
  0.31501488674089495  0.32138094114047350  0.32775306234525792  0.33414143902464122
  0.34012515227673334  0.34601894689302154  0.35168378328647931  0.35719824058190597
  0.36260204219085174  0.36791696423985820  0.37312119790051779  0.37821496272549371
  0.38330632454858399  0.38847877235109529  0.39362105007373271  0.39851253056161445
  0.40329246128200669  0.40812092637824249  0.41292775386237651  0.41761362918671974
  0.42214953234053393  0.42670725676261395  0.43136154017885886  0.43610785590977214
  0.44087902154381109  0.44575703204856520  0.45073662786967206  0.45563406676844165
  0.46050023632371839  0.46520502748944814  0.46981368247021260  0.47444068410689377
  0.47920466490112557  0.48431548741104613  0.48940818147671794  0.49441611274541974
  0.49946509539611034  0.50457545933638792  0.50970671824224034  0.51485718505662037
  0.52001629969826302  0.52519127002917521  0.53046812280923006  0.53584901431115806
  0.54122973656919959  0.54665442936188380  0.55205187248807541  0.55740822089163256
  0.56286997541633821  0.56843005934819724  0.57413530565901805  0.57976078187023994
  0.58529673838487084  0.59112478512269329  0.59697367917984301  0.60304527117099238
  0.60918643090565117  0.61543538760117988  0.62185661138786597  0.62865800352117396
  0.63601133241457353  0.64368235779841143  0.65141456385583008  0.65920685577079607
  0.66721930989807043  0.67544169705383761  0.68428448740774084  0.69390530328592959
  0.70464428165236714  0.71630991742012129  0.73005864355588124  0.74650452014191437
  0.76547098898769272  0.79006943403839036  0.83258136531612315  1.00000000000000000
 -0.03238406116774774  0.16135381319272185  0.20389465845488394  0.22960484808542933
  0.24725608026202350  0.26192333335837109  0.27460624796805722  0.28594363010452623
  0.29579059427279242  0.30445339021315432  0.31272586659476598  0.32094078068658488
  0.32879008187773251  0.33585660964913633  0.34239854321560897  0.34868946434476877
  0.35492266243372728  0.36110810318525077  0.36726745885709189  0.37326632937558646
  0.37890877850129295  0.38415159995333781  0.38918110062642797  0.39414904712049581
  0.39902706370827556  0.40381084779635351  0.40850653690131844  0.41303932662526732
  0.41730399879532010  0.42139637568344751  0.42557043340954254  0.42977125553614620
  0.43393585162300213  0.43815829654997962  0.44220996081803127  0.44639355822765536
  0.45036500621770076  0.45454055625982792  0.45861995148978280  0.46283272029223960
  0.46702666463304882  0.47115875367191040  0.47520375689948968  0.47923609167430042
  0.48339443446376917  0.48756712386001116  0.49167414287890537  0.49573629260486629
  0.49984248132386078  0.50403865615045373  0.50828733448811658  0.51253896647202202
  0.51671075639713770  0.52095742783009302  0.52522085464600765  0.52958565442471683
  0.53402519912312352  0.53842004827812873  0.54269449050351037  0.54688823101668194
  0.55102044239572634  0.55506613030696983  0.55907930216613311  0.56316014524343883
  0.56736249229190583  0.57176456491801086  0.57628268784196701  0.58086134128255718
  0.58555929231163095  0.59035839501774068  0.59508313473429664  0.59979665601681964
  0.60472765698106523  0.60993810447714158  0.61532139630845684  0.62069292717291369
  0.62606493696577248  0.63151691416457389  0.63721165486299558  0.64325839031178766
  0.64968290791068140  0.65637891433283502  0.66321268575022341  0.67032498803905571
  0.67790866311783571  0.68603915314189079  0.69481825562539723  0.70443746548330199
  0.71491275457138015  0.72632401218099374  0.73921882777596881  0.75422577426408954
  0.77273565778545827  0.79806759351958068  0.84259264200501993  1.00000000000000000
   4.5713104973019492E-009  -1.0000000000000000     
 F F F F F F F F F F F F F F F F F F F F F F F F F F F F F F F F F F F F F F F F F F F F F F F F F F F F F F F F F F F F F F F F F F F F F F F F F F F F F F F F F F F F F F F F F F F F F F F F F F F F F F F F F F F F F F F F F F F F F F F F F F F F F F F F
  <DiscreteSampler_grid>
  grouped_processes
  1 # 1 for a reference and 2 for a running grid.
  10 # Attribute 'min_bin_probing_points' of the grid.
  1 # Attribute 'grid_mode' of the grid. 1=='default',2=='initialization'
  0.0000000000000000 # Attribute 'small_contrib_threshold' of the grid.
  0.5000000000000000 # Attribute 'damping_power' of the grid.
 # binID   n_entries weight   weight_sqr   abs_weight
    10   10   5.039356347452571E+003   1.196316436434669E+008   5.039356347452571E+003
    16   10   5.039356347452571E+003   1.196316436434669E+008   5.039356347452571E+003
  </DiscreteSampler_grid>
