  0.00087554872819558  0.00157498283696285  0.00215024609727296  0.00262554563549959
  0.00306986155878482  0.00349181737665975  0.00389272268683185  0.00426186935659640
  0.00462419973782392  0.00498325866443548  0.00533855871899384  0.00569534030400984
  0.00603600837109413  0.00634363352478378  0.00667000055126685  0.00686809540763455
  0.00700454487853185  0.00716903092984985  0.00733815348017467  0.00750173999535151
  0.00767796481602950  0.00788248371149245  0.00810355058725094  0.00832661901879869
  0.00854431718622220  0.00876260759152823  0.00897775170897152  0.00919421076722831
  0.00941151117159286  0.00962854730093683  0.00984692055330215  0.01006926826812608
  0.01029422244577171  0.01052138683081392  0.01075061491384319  0.01098096049992017
  0.01120808375729963  0.01143455741773208  0.01166150241154278  0.01188896045882916
  0.01211765628283126  0.01234919044394171  0.01258647189953802  0.01282806595417917
  0.01307445322039826  0.01332501617455415  0.01357941357782037  0.01383448717849637
  0.01409152633810669  0.01435541796896980  0.01462279465960632  0.01490077007510417
  0.01518821428825490  0.01548267142775794  0.01579438705820647  0.01611427913819761
  0.01644379319056099  0.01678459744675641  0.01713622073168855  0.01750343261250090
  0.01788260923537721  0.01827471863148421  0.01867934474136447  0.01909684208087279
  0.01953050310229561  0.01998155906549277  0.02045138544921322  0.02094153856210975
  0.02145351410537516  0.02198938001201007  0.02256241246956337  0.02317114218471698
  0.02382734696300874  0.02450697186264367  0.02520974628003521  0.02596412195457002
  0.02676901023253454  0.02770186218967622  0.02865850546014076  0.02967530528972899
  0.03081503878692109  0.03209589249898433  0.03354110798525473  0.03508788134406939
  0.03675274296143994  0.03878114727891187  0.04114321196363920  0.04383069399455686
  0.04694094580227058  0.05081200524469242  0.05559598816578513  0.06129999645473606
  0.06990128461060480  0.08289202404724279  0.10606439690416754  1.00000000000000000
 -0.00219157928917347  0.00923588748061091  0.01959942392288891  0.03075260949252043
  0.04210671005997996  0.05348295744469798  0.06475564840533077  0.07618457845824868
  0.08700840325790749  0.09756852024012130  0.10816937272433043  0.11909795877513935
  0.13023713774129184  0.14120748838690617  0.15208897881985423  0.16279158468945437
  0.17272789340163650  0.18206698149128137  0.19158032630254510  0.20157222520452994
  0.21158665037025018  0.22112002132730910  0.23064872991555688  0.24047900467292602
  0.25054079680830899  0.26057504107023344  0.27026413409867683  0.28089871299514668
  0.29085295396373440  0.30123499355076538  0.31158649195157462  0.32259037100711979
  0.33323148805651592  0.34397696790586535  0.35512211990185694  0.36675251924018815
  0.37759805764309295  0.38779447160541786  0.39777818365095424  0.40741089458597091
  0.41676849032930607  0.42623348460718607  0.43574067573976133  0.44607038571083846
  0.45682772431862106  0.46834151676617347  0.47972487392534896  0.49108172355942264
  0.50201508563634656  0.51504987984058559  0.52657058658463851  0.53711299458990647
  0.54736312176497481  0.55769268302700525  0.56825811501654522  0.57846708310813422
  0.58855397004593157  0.59888239130146514  0.60883426515720085  0.61898855675641873
  0.62941283939544290  0.64080244080275250  0.65222162942684658  0.66314545548282600
  0.67345307716295255  0.68319581003750618  0.69345926020505089  0.70363751344103131
  0.71404280645579554  0.72419261551953762  0.73451687811294231  0.74492333573151415
  0.75528065001149158  0.76568825857081912  0.77611458562204616  0.78685864174631825
  0.79757569500421033  0.80822837652151525  0.81895845480328422  0.82971964524873132
  0.84060639567895090  0.85109739045374533  0.86151133413489323  0.87179209343065911
  0.88212908761913356  0.89241404597467089  0.90284583046211930  0.91326179359563098
  0.92375318348063151  0.93419845043717931  0.94496554535348265  0.95558609002708861
  0.96597525785287908  0.97642121522114667  0.98772228096991044  1.00000000000000000
  0.05181793684456826  0.06132452138537797  0.07241795416241739  0.08245089416728937
  0.09117833069636849  0.09915870997574908  0.10653660764711630  0.11347790827262220
  0.12023031436996763  0.12689316803563172  0.13351743200997426  0.14006833824690720
  0.14655421123724235  0.15290578966214688  0.15913951167635818  0.16525498933551289
  0.17083137224768483  0.17608239065651662  0.18140781857014512  0.18672115796464930
  0.19206518614184218  0.19736927857213118  0.20253168982742079  0.20766675802136347
  0.21277933765435811  0.21787637026752438  0.22292386255460678  0.22798499369302144
  0.23322136144580435  0.23862615409445345  0.24414919018349537  0.24973676264237712
  0.25538968029546777  0.26093658763055549  0.26627457984203240  0.27155792748399787
  0.27679608002518735  0.28205887508360017  0.28738556989086167  0.29274912895550637
  0.29809232717583573  0.30342182541283819  0.30885244803016060  0.31424681448628855
  0.31959060552977181  0.32482606504076983  0.32991732276037511  0.33495175725906445
  0.34003737292712949  0.34532825753459395  0.35064023407607436  0.35599708036808431
  0.36156728648201120  0.36732017545672097  0.37304332777548382  0.37858745281593403
  0.38403421175667768  0.38949403149711315  0.39510979283603398  0.40091662203648165
  0.40672775964879765  0.41254662597755093  0.41848029668062248  0.42458369805863910
  0.43086308358201114  0.43712428494082772  0.44352582139063473  0.44999169427477126
  0.45655823590067685  0.46373408214986617  0.47105644902367766  0.47832006299967783
  0.48558876086324793  0.49291293493154104  0.50042088348583891  0.50814892770453890
  0.51591205816826136  0.52413720966226462  0.53302385354057480  0.54224724013246750
  0.55211898769238277  0.56207222383265787  0.57295381092724706  0.58426124008408853
  0.59574964346624870  0.60760384039926230  0.62054293933354454  0.63418931028157288
  0.64894653670397007  0.66511658021997844  0.68308535203615139  0.70380783893886478
  0.72970895719413509  0.76268904608199828  0.81040676759254104  1.00000000000000000
 -0.02283362844600567  0.13915773508053611  0.18041881223093115  0.20653630790172353
  0.22703182742906838  0.24321134089025087  0.25665888197099274  0.26846182442045141
  0.27907431392500126  0.28895031502946128  0.29810291051622712  0.30664557183419860
  0.31490219693403865  0.32313577830918555  0.33107534438322328  0.33821347936595181
  0.34448316300526532  0.35043599080907173  0.35621220718435870  0.36201457390820796
  0.36787163802819733  0.37361936419206726  0.37909332543470375  0.38429198140156523
  0.38950181453335797  0.39465203285051936  0.39955256530667466  0.40449239933765641
  0.40930897978201691  0.41414049276899401  0.41888371076603248  0.42362027272981601
  0.42837910607864621  0.43314078603111544  0.43786121076158557  0.44251407941951287
  0.44710086050377768  0.45163360407081704  0.45615182204676530  0.46069381150376321
  0.46518289403562402  0.46962114685543088  0.47403375929229441  0.47838923135807870
  0.48267810320668891  0.48698342229535602  0.49142122907636770  0.49587445741138880
  0.50015175000160494  0.50422752525082160  0.50823819038943530  0.51233242946166890
  0.51643970098127723  0.52038391467469458  0.52438314348336268  0.52842181414547529
  0.53251704027957503  0.53672621472920479  0.54104536024723715  0.54555962737727148
  0.55027313574011472  0.55492451126246667  0.55960641672050282  0.56444869061353409
  0.56943505606653122  0.57447324046264381  0.57947707216847355  0.58463896347583599
  0.58989151914073790  0.59517110409203511  0.60052338371386704  0.60604173992102717
  0.61176691501827429  0.61755115400774829  0.62324845551915864  0.62906481090109090
  0.63501974391343963  0.64107652590927244  0.64723072186150676  0.65371099023103030
  0.66029874284534384  0.66718923303028477  0.67444520667828189  0.68213706849562517
  0.69036786334968314  0.69908245060519048  0.70830574122591661  0.71834166940939803
  0.72929745174165550  0.74138923962186087  0.75522493230680821  0.77149541210260619
  0.79186489820118211  0.81799379168696595  0.86040066476201338  1.00000000000000000
   1.0902605539123031E-006  -1.0000000000000000     
 F F F F F F F F F F F F F F F F F F F F F F F F F F F F F F F F
  <DiscreteSampler_grid>
  grouped_processes
  1 # 1 for a reference and 2 for a running grid.
  10 # Attribute 'min_bin_probing_points' of the grid.
  1 # Attribute 'grid_mode' of the grid. 1=='default',2=='initialization'
  0.0000000000000000 # Attribute 'small_contrib_threshold' of the grid.
  0.5000000000000000 # Attribute 'damping_power' of the grid.
 # binID   n_entries weight   weight_sqr   abs_weight
    10   10   1.969068670290126E+008   6.011747237853480E+016   1.969068670290126E+008
    16   10   1.969068670290126E+008   6.011747237853480E+016   1.969068670290126E+008
  </DiscreteSampler_grid>
