  0.05298114871293791  0.05413419575548076  0.05468162952026807  0.05528172561217752
  0.05582476904473672  0.05634962309620898  0.05687368338199497  0.05739629205495160
  0.05789793731265316  0.05838427410488313  0.05886412897233030  0.05934620753507980
  0.05982810364781838  0.06030716113009078  0.06079594780557782  0.06128530980617582
  0.06178043153057820  0.06228662772416511  0.06279901173318168  0.06329784208584104
  0.06378733788091608  0.06429391476554214  0.06482323476052282  0.06537616138781975
  0.06594065564287725  0.06648950305539496  0.06702379215151184  0.06754605592062808
  0.06807694454840306  0.06863445359092855  0.06920011218774594  0.06977158520453734
  0.07036046144742583  0.07097839462035253  0.07161260925410000  0.07224638230277547
  0.07287745270173014  0.07351578315890164  0.07417017167218250  0.07484124878725380
  0.07551703649531380  0.07620365093036299  0.07691108343588178  0.07765259554312363
  0.07840792323375421  0.07916854277284817  0.07994504980912781  0.08080782764934188
  0.08168411274772687  0.08254248653747757  0.08337017779173861  0.08419751154262256
  0.08505274984301947  0.08597241936141908  0.08695205596399959  0.08794867718114231
  0.08893103018507410  0.08992904821176817  0.09094976441153728  0.09199664655871086
  0.09305561014472262  0.09414586100701931  0.09528366492391060  0.09643464917974814
  0.09760662014279398  0.09881583499553695  0.10010287465989595  0.10148503310756227
  0.10294027596901494  0.10440986080912713  0.10587632269741870  0.10737143277153395
  0.10896040288925932  0.11065975240391338  0.11244853488332866  0.11423067160322421
  0.11596702752667123  0.11790705375633828  0.11990888486391478  0.12216309850497993
  0.12451896992558631  0.12749796047866163  0.13035322250393286  0.13344957984699335
  0.13642892105767257  0.13990481668582636  0.14386599290088378  0.14785266874307024
  0.15225844285996143  0.15776311346024605  0.16495849602513615  0.17418929148624832
  0.18461830659840966  0.25403774178967986  0.73062275539638921  1.00000000000000000
  0.00025498101397082  0.00030315495448395  0.00033604253800444  0.00036388701629787
  0.00038945045902149  0.00041299760115948  0.00043576138619048  0.00045768391146833
  0.00047892393726139  0.00049911483157005  0.00051835203675597  0.00053688690368623
  0.00055551103135411  0.00057411406773695  0.00059242219713551  0.00061064120633479
  0.00062875809236906  0.00064693831993594  0.00066501213329728  0.00068348395882313
  0.00070208531974019  0.00072071163638726  0.00073988679060778  0.00075928108623583
  0.00077883163715251  0.00079869380535381  0.00081943266627561  0.00084095245156274
  0.00086291944271675  0.00088543672899907  0.00090823634671442  0.00093079135025980
  0.00095324318980499  0.00097624355330364  0.00100001224931553  0.00102462997907657
  0.00105003899998874  0.00107592095029429  0.00110232852342466  0.00112897018371446
  0.00115628500453974  0.00118393493362169  0.00121241365440511  0.00124207135738070
  0.00127282945873268  0.00130496400395730  0.00133872722868278  0.00137408085475254
  0.00141115489615351  0.00144902033074814  0.00148938798907378  0.00153136120917971
  0.00157399141246247  0.00161820390358392  0.00166381400731858  0.00171054640116671
  0.00175861072078138  0.00180898796949877  0.00186078972114593  0.00191574005944564
  0.00197413024955155  0.00203662734100306  0.00210191818935211  0.00217084981411288
  0.00224468824919871  0.00232467486680012  0.00240824839537253  0.00249528254822144
  0.00258776694241893  0.00268650331040292  0.00279436805025771  0.00291279729151639
  0.00303890980253934  0.00317068610316454  0.00331415613359602  0.00346644248439205
  0.00363463563270070  0.00382051121341872  0.00402733130814501  0.00425374038718047
  0.00450463655574835  0.00479259230416349  0.00512178371648544  0.00549814170998155
  0.00594542252197265  0.00648507484060209  0.00716930940619438  0.00803508194987435
  0.00913459088582613  0.01052010223574867  0.01236650457950633  0.01520618562348073
  0.02114383380999993  0.03891644126824730  0.60663673109678173  1.00000000000000000
  0.00016095389294124  0.00064600115967063  0.00087087584106231  0.00105111906778897
  0.00120103859706777  0.00136149530918163  0.00153546350212177  0.00170384895947233
  0.00186917078814534  0.00203641536121688  0.00220546008197157  0.00237411284534000
  0.00253809002027238  0.00269982237911930  0.00286576181888919  0.00303194738260474
  0.00319970001406813  0.00337121353735219  0.00354535516619521  0.00371528333447592
  0.00389199731299527  0.00406742859939883  0.00424331548593823  0.00441844004102811
  0.00459811801835443  0.00477913622814660  0.00496383938172817  0.00515554539257437
  0.00535598559102836  0.00556405092660581  0.00577900516129054  0.00599903644697065
  0.00622460814050351  0.00645698239617232  0.00670233676678830  0.00695863412218179
  0.00722212525770119  0.00749537554190707  0.00778150438832170  0.00808463136594248
  0.00840248699463679  0.00873261060104429  0.00907537507541442  0.00942491414339782
  0.00977452307166355  0.01012725713126333  0.01048816258203203  0.01087203847915926
  0.01128798286166013  0.01172941541992797  0.01218167331603256  0.01264416005384891
  0.01312638182295764  0.01362329240181575  0.01414032472766248  0.01467528904031655
  0.01522866606905219  0.01579481094994527  0.01638882166649533  0.01701712625854065
  0.01768822861017648  0.01839905387204023  0.01914311178921810  0.01991885906750260
  0.02072438659252937  0.02156701476501549  0.02245650230117810  0.02339225328870139
  0.02437613127152585  0.02541709916149448  0.02652072018304579  0.02768959621944736
  0.02892512829947986  0.03027077801001778  0.03173017457186893  0.03328224043650678
  0.03493615121440651  0.03670420936892132  0.03875019509565903  0.04100695907347045
  0.04342750335622231  0.04619520384180523  0.04969958165331103  0.05421705002641393
  0.05962469643591811  0.06591508663766867  0.07512212596564087  0.08041668097941398
  0.08550335776832459  0.10926744986316372  0.16042585712558682  0.21158426438800995
  0.34535801445560571  0.48215116186281992  0.61894430927002952  1.00000000000000000
 -0.00999299432385002  0.04467895200052578  0.08257071224573632  0.11345191476495677
  0.13930523316059673  0.16153273642810603  0.18085554404125015  0.19827446710255514
  0.21399678218069337  0.22842821571258726  0.24178288907556258  0.25426765549240199
  0.26545851605356974  0.27606400069755582  0.28650060743633876  0.29658675987185501
  0.30615409593632298  0.31524696666925661  0.32416597661424029  0.33261416023774326
  0.34056756276919048  0.34821287012661561  0.35546481238200273  0.36221775156873426
  0.36856756782480665  0.37482420238231490  0.38110673462373779  0.38737175427994164
  0.39357277390345841  0.39966586199261062  0.40565115288152598  0.41153447176750918
  0.41731113198748115  0.42292469646278796  0.42838600345154754  0.43385687164169223
  0.43931618128958871  0.44465734334326751  0.45000246329090882  0.45539885295009802
  0.46066332703897345  0.46589107983340661  0.47111976460091309  0.47628085157384442
  0.48146775561059868  0.48660894807233196  0.49176989400682447  0.49654312182356292
  0.50143741648835771  0.50641893551898631  0.51177888371946079  0.51718869887733954
  0.52246097127416902  0.52769567972897435  0.53292560156509627  0.53815471510763158
  0.54334665691304362  0.54869186787425417  0.55426802830450717  0.55993551982800538
  0.56555429446058114  0.57107625947560559  0.57656257284618151  0.58208450862201255
  0.58773323676049816  0.59357838767622750  0.59966414126619927  0.60588560797441415
  0.61210288222576736  0.61843507844241719  0.62481935063978944  0.63139972622008833
  0.63821314903496196  0.64520242382520243  0.65223626025405745  0.65940100304800797
  0.66683981511392953  0.67453683212546400  0.68257696168308779  0.69088654396575144
  0.69964370333394599  0.70888742093072077  0.71876449498317885  0.72930119247950620
  0.74060953163377208  0.75266741730887465  0.76527660981629297  0.77867048878641654
  0.79306346254887461  0.80932420036163943  0.82813444715314788  0.84916059889196027
  0.87291691739788058  0.90313072998708421  0.94535042636339672  1.00000000000000000
 -0.00170882924133632  0.00751865264031446  0.01658329918407575  0.02624770676995063
  0.03617928078519411  0.04592974238329733  0.05598305763636639  0.06640149349614374
  0.07730903625890276  0.08815655951647484  0.09867186613591175  0.10904093683365583
  0.11955255301568460  0.13038265899752421  0.14161436334781166  0.15289955475314485
  0.16428224083139092  0.17527827310207403  0.18644471717399216  0.19769928989547692
  0.20904348130823014  0.22044013953063438  0.23146300112720544  0.24222548797529939
  0.25299609132864997  0.26394849419689831  0.27493762852495823  0.28582364909361924
  0.29670347303394790  0.30743119677712510  0.31774844269946861  0.32795055438978388
  0.33830970659603837  0.34907488564545219  0.35992659167548979  0.37069055324799322
  0.38124449314929310  0.39177204930128667  0.40250593513216093  0.41304322244836489
  0.42346821008452229  0.43367136615757595  0.44437215592793960  0.45566478221464074
  0.46716584308828663  0.47832361372978538  0.48877408124381383  0.49886449180040621
  0.50926872715946447  0.51987421972381564  0.53078082768650736  0.54165203051170097
  0.55285192021009522  0.56309632580214442  0.57335692276269112  0.58348889373154300
  0.59403920531081145  0.60510183534890316  0.61630188116976703  0.62714188204814125
  0.63758445926122975  0.64785416752643732  0.65814431769575377  0.66859119749439733
  0.67913529399296713  0.68984294473938468  0.70077250081536346  0.71174959025144502
  0.72252724606776075  0.73305482929492527  0.74339931093752387  0.75328600181274297
  0.76259402213681093  0.77175563172062744  0.78139088836926995  0.79155560395278912
  0.80179495449468219  0.81220478719703282  0.82274337159722255  0.83315773128869042
  0.84333641443604224  0.85342996637593505  0.86358498839913078  0.87396747816335341
  0.88447076265205316  0.89456061108559293  0.90443628204016924  0.91432372721283195
  0.92463963309270381  0.93499094768837532  0.94551597145616539  0.95601643755108512
  0.96618023818666010  0.97674184154502230  0.98745251362003095  1.00000000000000000
 -0.00239422178327217  0.00950818421708174  0.01954316971350155  0.02967292359536955
  0.04000862151216983  0.04994972491556090  0.06017734165907128  0.07002474774416585
  0.07954081239585399  0.08912101168403123  0.09917271773238405  0.10983887094664171
  0.12119701718406034  0.13258117355267643  0.14366218861242389  0.15431832890684372
  0.16490162968344416  0.17561694039325412  0.18647030244727636  0.19740844142659003
  0.20815844453900387  0.21845576013177007  0.22877007000378907  0.23924668188909778
  0.25061055636478485  0.26230717049959085  0.27323483924920999  0.28339218386260351
  0.29397541114733361  0.30452124299332251  0.31519898535702962  0.32554643458566818
  0.33574773222459281  0.34627744132023019  0.35686705782007794  0.36722263042695913
  0.37754520284306220  0.38815491485452081  0.39920639186262447  0.41018631179124260
  0.42040432582845522  0.43034384369163114  0.44047149768407695  0.45097795203915980
  0.46197788585596022  0.47298529498706265  0.48413720693857781  0.49510858222894266
  0.50578148767873332  0.51609306225217100  0.52646511318761458  0.53693211989330836
  0.54718800828374625  0.55711405054062468  0.56715638168454807  0.57749062438357690
  0.58791714061838174  0.59811191655971141  0.60809528023663195  0.61815218789355120
  0.62811938203318207  0.63811480243388707  0.64798973130200921  0.65801994850166767
  0.66850861062913869  0.67930003401974903  0.69003274314205520  0.70120790379154196
  0.71241514308799925  0.72374293450847060  0.73501400225793012  0.74600476223556744
  0.75695681959335925  0.76769800199440952  0.77808031959656532  0.78800954183946437
  0.79804580395825153  0.80818867184740839  0.81855666230052060  0.82913276104283784
  0.83982945175349599  0.85070563415325795  0.86139698014452670  0.87189252133849249
  0.88204546753761015  0.89217409623550359  0.90233468725803001  0.91274005414618664
  0.92323656435208190  0.93393451254798754  0.94495350752601504  0.95616722819969224
  0.96708770571345015  0.97769359076100459  0.98873480851243023  1.00000000000000000
  0.05959908748295226  0.06090749414936853  0.06210221659015505  0.06339710657547645
  0.06479883030586754  0.06619749436681706  0.06760975354040899  0.06901786547416214
  0.07042472039831373  0.07183133341780915  0.07321492747340315  0.07461402393900139
  0.07606238321492889  0.07752126862781393  0.07897983146280725  0.08043853203516615
  0.08188304020818984  0.08332246003671243  0.08476454127219206  0.08620046370555405
  0.08763999389400144  0.08909016506391143  0.09053699418938653  0.09198275143862657
  0.09341009145140963  0.09483986249934831  0.09628173594188785  0.09774182776006497
  0.09919098675730680  0.10065692015851636  0.10214025947626072  0.10361131903798726
  0.10509583374190425  0.10660839145705207  0.10812210305339126  0.10961456467212051
  0.11111410530343667  0.11266933940654861  0.11427826872527802  0.11588653941398012
  0.11748208357191249  0.11907228115847017  0.12069828439432381  0.12237406464332654
  0.12408172686345773  0.12580017420865791  0.12751213977667056  0.12921222795151169
  0.13095847581992789  0.13275428649908094  0.13458062225327763  0.13640714267179774
  0.13826478511357981  0.14016052667376877  0.14207743801416761  0.14401371029732890
  0.14598496601679053  0.14809242233219813  0.15028333836036353  0.15249301697718531
  0.15462668317933548  0.15678977676638031  0.15901834556438055  0.16134794225744511
  0.16375512651440682  0.16615178312049994  0.16858138759056934  0.17118487283596900
  0.17393193843263932  0.17682974676705951  0.17967094283071172  0.18237359893979355
  0.18519056003923257  0.18817589071313726  0.19141631576659349  0.19477112602731766
  0.19813440775042257  0.20147142241325686  0.20506128579442562  0.20862597668247032
  0.21255645202898565  0.21646241723066115  0.22020785022340178  0.22408178901447776
  0.22863032324206103  0.23414439953269189  0.23916385743212229  0.24318020347713409
  0.24771714051393087  0.25262885408329544  0.25937478931452668  0.26681527082051093
  0.28856939242143387  0.32514480934289719  0.92427536025142765  1.00000000000000000
 -0.00312865509873734  0.01373360308606487  0.02755897132670258  0.04396476082705992
  0.06050296180694814  0.07805938242608525  0.09598979900564332  0.11271731303924264
  0.12775205621518065  0.14170322878663308  0.15489122396870916  0.16794249081413662
  0.18117328053466394  0.19441108865763829  0.20695426155125482  0.21842484614015686
  0.22912754432399657  0.23949386376467530  0.24953773532622650  0.25927890930831776
  0.26872833029301657  0.27802291477010577  0.28720968557452442  0.29634143524494672
  0.30544816883478998  0.31460882601326634  0.32359323144724128  0.33240808504360103
  0.34116348978241307  0.34963373086376326  0.35781077557333973  0.36596800908404115
  0.37407373344232331  0.38202615318710115  0.38976123778772886  0.39739951932631662
  0.40464330858224962  0.41178240931706034  0.41924909719782288  0.42716786101661419
  0.43556062683420171  0.44383354325506258  0.45199393624584688  0.45997783052761276
  0.46769498209109650  0.47529082772873266  0.48280302782251588  0.49066124982982340
  0.49866600491870910  0.50658293303695356  0.51442780305102787  0.52218000847721291
  0.52982891858872461  0.53735810214605650  0.54508293100951322  0.55291476104894943
  0.56096116134360086  0.56894647267495302  0.57703128915992274  0.58487508848335934
  0.59254616581712660  0.60032035993284449  0.60826634804042823  0.61633171402747222
  0.62412252367759857  0.63203907927121583  0.64029245938393697  0.64896332118752909
  0.65808564040869488  0.66661381263676200  0.67575552456100652  0.68495257544075727
  0.69435337557233479  0.70380226618704822  0.71365242101360893  0.72393795373997494
  0.73424642624731251  0.74449377961912877  0.75463277927611216  0.76507529575058408
  0.77576775188903890  0.78700757295376289  0.79889416960286952  0.81148186834064318
  0.82445408241955465  0.83778692548732570  0.85191008975690219  0.86678234236954821
  0.88217254967389125  0.89750589093638344  0.91352671910700434  0.93148907676502490
  0.94936829602026862  0.96694824912917110  0.98338025055607114  1.00000000000000000
  0.11533216479156488  0.18284803016471482  0.21701980991651429  0.24005633062751769
  0.25760761810889182  0.27317415927231636  0.28783108404892710  0.30061398811147017
  0.31189062512569005  0.32233746558883775  0.33190930844890315  0.34044783122241912
  0.34827515184904040  0.35580677412183426  0.36321090609258466  0.37037769114740021
  0.37716286873568361  0.38351693783446283  0.38941070593010074  0.39496320137050644
  0.40043146584913014  0.40599383412061113  0.41158203845946822  0.41712813492567297
  0.42259594548355356  0.42794518701575823  0.43316679026862048  0.43829624898658881
  0.44335288830475250  0.44829320270572920  0.45318603644437039  0.45813964476272107
  0.46309588802189416  0.46798699928796156  0.47285621779754394  0.47762241828721308
  0.48216060654401910  0.48673785005443765  0.49143664300204132  0.49616267219234667
  0.50067667552600315  0.50499776762405491  0.50934803385566152  0.51367069291605694
  0.51807050243936792  0.52236382865060904  0.52660139532381112  0.53073179480033994
  0.53480809758343384  0.53888774520554472  0.54292594563614638  0.54705241428805507
  0.55126139578334887  0.55539751094346090  0.55940567399145358  0.56356982140258882
  0.56775736093940554  0.57203276964577454  0.57633337472848511  0.58058041583388742
  0.58500185259573334  0.58957372490528170  0.59416682027592205  0.59873127931499792
  0.60322525695699436  0.60767521512830924  0.61213087140566469  0.61670573868903589
  0.62139933189937724  0.62613505783495305  0.63084927416004821  0.63558348269590681
  0.64038287204624100  0.64527312401238690  0.65023796603349604  0.65526270390024444
  0.66043814358075514  0.66579482283017810  0.67122536229691288  0.67672072504152447
  0.68230705260610591  0.68814370300578398  0.69434847498704744  0.70097947612540568
  0.70795945080169154  0.71520780941184769  0.72273144862382233  0.73082080776621139
  0.73971946096167063  0.74972981233725844  0.76108894983433351  0.77380464845551289
  0.78846398379817173  0.80717553013344734  0.84155490907206476  1.00000000000000000
 -0.04154631372696577  0.17901454736921812  0.22257582125916814  0.24618543592529199
  0.26323398021875560  0.27724897295108442  0.28940330921494023  0.30023646107154289
  0.31024338885052050  0.31932563574708839  0.32727701524724423  0.33432338575718712
  0.34103799233176146  0.34771202075787089  0.35419556353303749  0.36023022760370271
  0.36601003611259020  0.37153432718674645  0.37679878544419310  0.38180430539074184
  0.38665423632311513  0.39118699177404787  0.39566584965230389  0.39999090325958081
  0.40427818530114912  0.40862007326448169  0.41301976142435487  0.41753667456172999
  0.42204782852516681  0.42644804204888009  0.43072948037402853  0.43489645282374384
  0.43902268521799764  0.44305422000047723  0.44702908205536701  0.45096060825796103
  0.45489192634886222  0.45880586990592576  0.46266212705689197  0.46643028393718711
  0.47017238008948753  0.47393170117253280  0.47766784016358538  0.48135838210081394
  0.48516594633937749  0.48909187898404022  0.49306138435532643  0.49687908792712510
  0.50081811126455078  0.50449572782043828  0.50821621714524967  0.51201276017268105
  0.51584675262559443  0.51968826098119358  0.52352517801384046  0.52735708775961154
  0.53119155990072453  0.53509348416415248  0.53907938786925980  0.54309514276918480
  0.54706319598925723  0.55095339197278348  0.55483640194708905  0.55885525360997101
  0.56307905663856084  0.56743706162741725  0.57179756160259299  0.57604730308765939
  0.58041108735025548  0.58487822472642392  0.58935820158639951  0.59390743839711857
  0.59856482745229656  0.60334694317637017  0.60821122700281094  0.61315239177178793
  0.61810158052531317  0.62312858109880587  0.62851120334221622  0.63433278345742938
  0.64048076475905003  0.64672480426331591  0.65310783293596764  0.65972872684182648
  0.66689424923408436  0.67491428729512348  0.68359369564358685  0.69273989831991722
  0.70229423240482236  0.71285178043629538  0.72499751870214113  0.73880709247566700
  0.75472396142222942  0.77720188766186760  0.82004773132101128  1.00000000000000000
   1.4189563481518777E-012  -1.0000000000000000     
 T T T T T T T T T T T T T T T T T T T T T T T T T T T T T T T T T T T T T T T T T T T T T T T T T T T T T T T T T T T T T T T T F F F F F F F F F F F F F F F F F F F F F F F F F F F F F F F F F F F F F F F F F F F F F F F F F F F F F F F F F F F F F F F F
  <DiscreteSampler_grid>
  grouped_processes
  1 # 1 for a reference and 2 for a running grid.
  10 # Attribute 'min_bin_probing_points' of the grid.
  1 # Attribute 'grid_mode' of the grid. 1=='default',2=='initialization'
  0.0000000000000000 # Attribute 'small_contrib_threshold' of the grid.
  0.5000000000000000 # Attribute 'damping_power' of the grid.
 # binID   n_entries weight   weight_sqr   abs_weight
    10   10   9.344245864214585E-001   2.842768140804483E+000   9.344245864214585E-001
    16   10   9.344245864214585E-001   2.842768140804483E+000   9.344245864214585E-001
  </DiscreteSampler_grid>
