  0.05311072098309885  0.05352793230010426  0.05439478758275008  0.05495201669191621
  0.05548655506580254  0.05600959168848867  0.05651661483662593  0.05700604237800623
  0.05747698631722681  0.05792993122775866  0.05837652920287157  0.05882427733148536
  0.05928010031158261  0.05973965141673583  0.06020010882361873  0.06066805528033643
  0.06113508968026123  0.06160750831442356  0.06207836595787698  0.06254220034909166
  0.06301530120031157  0.06350511426641452  0.06403184835359996  0.06454317934729328
  0.06508262477994535  0.06562207343606180  0.06616426995956114  0.06670551346488807
  0.06723278222891332  0.06775689157724209  0.06830871666346518  0.06889116795969159
  0.06948413000184991  0.07011651728076877  0.07073045961256023  0.07134190454836528
  0.07195357461703793  0.07257167985873425  0.07323829103043393  0.07390944105521700
  0.07462482457295594  0.07532282026329011  0.07600638585425991  0.07669947768705765
  0.07739915004614190  0.07812218262932383  0.07884336392521021  0.07956547665513722
  0.08028181657252281  0.08098982979019345  0.08172772948750805  0.08248321269132423
  0.08323394854322717  0.08398716205329931  0.08474801059963216  0.08552397767125608
  0.08633682122319333  0.08725604213025938  0.08816250923500557  0.08912163886100048
  0.09011984726418969  0.09119141067902103  0.09234433286959909  0.09355408488273606
  0.09477519931809965  0.09599127511077553  0.09720506260282206  0.09849544384286717
  0.09985315904812729  0.10128028043923801  0.10275189625180807  0.10437809994625342
  0.10614142091824058  0.10795199896906525  0.10985895074969450  0.11176874043804966
  0.11357206797074579  0.11529066350166459  0.11711146359742657  0.11912928247319338
  0.12142186986264147  0.12427973779373926  0.12731881086160554  0.13040841736944420
  0.13344940816715864  0.13698824983239993  0.14177669689647354  0.14777482006966283
  0.15498334687902565  0.16319835294255092  0.17175044511976792  0.18055886348817390
  0.18969649041817954  0.20798774855922703  0.72307074295771112  1.00000000000000000
  0.00023236961557493  0.00031737124210337  0.00035010151039000  0.00037659058463127
  0.00040137556217968  0.00042548926958169  0.00044747490273213  0.00046733933237339
  0.00048650930157699  0.00050491720711917  0.00052363124525047  0.00054279306976503
  0.00056152371827599  0.00057965883471239  0.00059806280603401  0.00061740974141306
  0.00063644281694641  0.00065515277762397  0.00067485370626630  0.00069478044770307
  0.00071425729187763  0.00073328968154498  0.00075286747813724  0.00077334989543928
  0.00079383485027545  0.00081808671029620  0.00084297701985382  0.00086703831389415
  0.00089080106010331  0.00091453818245375  0.00093866465891661  0.00096366160697067
  0.00098961374647226  0.00101686409319638  0.00104515386249913  0.00107425178982168
  0.00110426246547679  0.00113441974064129  0.00116432157319754  0.00119542837551088
  0.00122774366181751  0.00126106604660053  0.00129532797775855  0.00133102933130500
  0.00136785878185093  0.00140531376846106  0.00144332750491964  0.00148340794274997
  0.00152749370055891  0.00157515085520386  0.00162461077359841  0.00167506397612210
  0.00172575283338119  0.00177703067618249  0.00182968332039166  0.00188564077438834
  0.00194184424334578  0.00200384242807737  0.00206784641936741  0.00213278299574279
  0.00219938755776227  0.00227272729304564  0.00234553549185374  0.00243006549095317
  0.00252231459979479  0.00261862259931755  0.00271879789689122  0.00282130677920046
  0.00293265446738582  0.00306017389670235  0.00319532170416089  0.00334230613776760
  0.00350256424274950  0.00366721129648732  0.00384208005603213  0.00403062329228584
  0.00423836635974189  0.00446691289887955  0.00470614501721711  0.00495765573987084
  0.00524924250687469  0.00557503733639644  0.00593987675692129  0.00636315385174751
  0.00686789642262511  0.00750623013413528  0.00832637260111776  0.00932952848640811
  0.01054548955667544  0.01211820268463534  0.01406872451080493  0.01643221078713748
  0.02087345601909035  0.03537597582639845  0.56860229643164439  1.00000000000000000
  0.00016768859685771  0.00067711591797337  0.00079799456151913  0.00091382596633223
  0.00105515629142237  0.00122758681838358  0.00138329890044290  0.00151118740614913
  0.00163067673289437  0.00176303557973639  0.00190760573598220  0.00205241879121363
  0.00219766107504059  0.00234263615421870  0.00248857254215222  0.00263273421733793
  0.00278168028105748  0.00293048947365967  0.00307150586576563  0.00321101990356844
  0.00335401519486204  0.00349788541149810  0.00364552431245280  0.00378571061756027
  0.00391797913889273  0.00405058241082512  0.00419545619031108  0.00434444429154263
  0.00450933013987594  0.00467314214584754  0.00482884770225609  0.00499844782635120
  0.00517850638951698  0.00535300349014679  0.00553297408860293  0.00571011776414392
  0.00589519461639753  0.00608823353106047  0.00628479629741419  0.00649018919006668
  0.00671079897847872  0.00694384613597796  0.00718147480809462  0.00742924079471174
  0.00768589918080531  0.00794698564970254  0.00822604843819442  0.00852137565478039
  0.00883191082107838  0.00916476152138778  0.00949928830872098  0.00984492461059206
  0.01021613312186550  0.01061002640943894  0.01101912685020327  0.01142310141256703
  0.01182886472550720  0.01226854612429274  0.01275073581350123  0.01325150553412088
  0.01376021542934167  0.01427899880644551  0.01481643587437122  0.01538648620053092
  0.01598132377166057  0.01661086169807247  0.01727700269484085  0.01794311072376160
  0.01863637453629912  0.01934013470003093  0.02012081399675515  0.02096538527738179
  0.02185449797004915  0.02278684206419735  0.02375252722203716  0.02474145635088668
  0.02576175728271176  0.02680113610955829  0.02788991259117266  0.02904359403153891
  0.03031098491189356  0.03176941192419146  0.03345700141670595  0.03536228405686091
  0.03744674354298542  0.03967275875938765  0.04212767023744552  0.04480732070178889
  0.04738740276048004  0.05010691951246629  0.05356883530701507  0.05786892800926738
  0.06339564856807366  0.07204038744959941  0.08808335958702310  1.00000000000000000
 -0.00629719306281690  0.03404191087062355  0.06671946605495459  0.09656106457848211
  0.12364484006048718  0.14698508513435923  0.16548455614861474  0.18192258545978202
  0.19655660794787869  0.21105823007944530  0.22313421179909940  0.23503709549096938
  0.24638655100696302  0.25717599883130854  0.26672693597174418  0.27590454399614128
  0.28513987776453620  0.29417970402925692  0.30317572210216248  0.31236970400282310
  0.32166410295039016  0.33050758745960779  0.33858390885310397  0.34602813601377430
  0.35295813482252836  0.35959259783797054  0.36626090064941252  0.37301552840581614
  0.37993039542184304  0.38688194087074296  0.39356813318656869  0.40006425167915816
  0.40635161992335961  0.41269168601343637  0.41902231259480394  0.42541217632183326
  0.43157615097689611  0.43740697556548108  0.44305487843987329  0.44861674007605479
  0.45410076063879062  0.45947886860904463  0.46485938737263377  0.47043449982899188
  0.47615020726952639  0.48166867870971269  0.48691120165192275  0.49214134373336277
  0.49765586168624215  0.50352198335389398  0.50971422322761450  0.51573855784451794
  0.52163943178881866  0.52738226784748043  0.53297834796430854  0.53860819298808271
  0.54442788185075375  0.55026393293065179  0.55603692381815417  0.56187699455124007
  0.56768759706617977  0.57357078889005519  0.57944297733086148  0.58507676777264161
  0.59086207219119269  0.59695800736945526  0.60308797620710963  0.60927376366508990
  0.61564495583066414  0.62234663004188884  0.62939467092398538  0.63664553571174487
  0.64392979372230030  0.65153719227292362  0.65935650674421720  0.66717917516664182
  0.67501367413556868  0.68299679824449833  0.69164571964358890  0.70116476466986755
  0.71123359007929288  0.72154189316268702  0.73286736636394723  0.74519963019426083
  0.75731512263904532  0.76906660137434368  0.78190809058023714  0.79612872312710092
  0.81136724577899511  0.82865209572071985  0.84816438165411290  0.86985165048570179
  0.89414227317054240  0.92427600296788559  0.96096796689980868  1.00000000000000000
 -0.00205790925030159  0.00959657552065091  0.01924447396558975  0.02876882225077615
  0.03810777386710475  0.04716882966818169  0.05549653332568914  0.06396031581028649
  0.07334883572656667  0.08301849118890590  0.09306116706017378  0.10432652005219009
  0.11730913772155396  0.13004920036238313  0.14131156958703314  0.15222578157872524
  0.16316638126906988  0.17381812029005725  0.18454335332625210  0.19573436582038056
  0.20708223393244962  0.21800491666682426  0.22858433512865900  0.23909533961618551
  0.24942245974257324  0.25956938604721846  0.26974316410647831  0.28017632181809893
  0.29089295863261583  0.30182412507967715  0.31271943557887305  0.32358360715516665
  0.33456348700909422  0.34584359044339358  0.35709291980893315  0.36791500439468405
  0.37827842947138779  0.38838580779838211  0.39869437894205223  0.40850047782185844
  0.41772460923317434  0.42670983010605068  0.43622488483416871  0.44646253730802021
  0.45673124920178881  0.46695781887728771  0.47766163217545393  0.48834787962314646
  0.49883316346605405  0.50903758303833313  0.51861360789358368  0.52790570688110083
  0.53710622038972677  0.54694127399206793  0.55787457626365389  0.56913490524903321
  0.58087325621506536  0.59233850375457198  0.60395282907469705  0.61576333164592467
  0.62674871335951310  0.63660328963229462  0.64586115344971318  0.65518222974885398
  0.66451241425745877  0.67383554992907868  0.68371183759356757  0.69459478598107949
  0.70586443771181706  0.71676481140341752  0.72742658272870253  0.73847525169968553
  0.74993358083527606  0.76111876721315841  0.77181475496951346  0.78180935617060299
  0.79148391855237676  0.80170403912934407  0.81269582563850895  0.82413445530983176
  0.83532000460179301  0.84634397541353612  0.85760743050341448  0.86902554390473019
  0.87985297457253497  0.89010279071786036  0.90044987879244265  0.91117120718553968
  0.92220866958917835  0.93316855122253861  0.94357230646507173  0.95394960407046869
  0.96466040358036720  0.97629720884828508  0.98800330873311970  1.00000000000000000
 -0.00280140660816618  0.00997385159208445  0.02085641241974808  0.03202759858065263
  0.04274964122618982  0.05296986702542494  0.06258576527674506  0.07187383497152035
  0.08089332048117594  0.08998898599001970  0.09925581736213379  0.10910733682929753
  0.11998616501902047  0.13075718483731563  0.14087021439446817  0.15081349716216444
  0.16169492370355984  0.17302300306506452  0.18344376279370286  0.19356458709561489
  0.20384900442266768  0.21501192018155268  0.22627923830567054  0.23731044351703581
  0.24769595552788057  0.25780327766700417  0.26744112266958114  0.27716059344034860
  0.28715850558600486  0.29736874002306046  0.30755489416857812  0.31685079803143079
  0.32611065842163756  0.33559026526390739  0.34569436393629033  0.35599642292530947
  0.36702523084176925  0.37884568000423813  0.39051653643502737  0.40209834303815206
  0.41307010311233933  0.42396641629194576  0.43526636387037448  0.44659017981584320
  0.45817138349792685  0.46935527777208474  0.48047352177098618  0.49147227709937086
  0.50248754755905167  0.51296793820217945  0.52350665563149135  0.53395138556168342
  0.54428923307117538  0.55473457203497623  0.56485899196978873  0.57514569139384741
  0.58571891529534903  0.59594548817982584  0.60571730954545311  0.61572629164355008
  0.62598422250922980  0.63721119653694702  0.64802667077473930  0.65882549637759280
  0.66922105163453494  0.67986765737682198  0.69061993815880152  0.70235877495501853
  0.71351197965888336  0.72455719205779912  0.73441182428807505  0.74376276700054444
  0.75375512539510936  0.76379123187745546  0.77402577404152006  0.78432218665902831
  0.79426839129247051  0.80455508545717636  0.81426275453471408  0.82422978584062900
  0.83519463533276539  0.84689761516717255  0.85837488694345698  0.86890208016736548
  0.88069487516748779  0.89227460866598973  0.90396271563396891  0.91530398541818248
  0.92629698520330928  0.93734742724546771  0.94794502346946674  0.95768905877211175
  0.96753675986832555  0.97692550294498748  0.98844284896676415  1.00000000000000000
  0.05942607280307317  0.06092218946898695  0.06197166220995409  0.06305766935796175
  0.06447929984642806  0.06605042246047486  0.06766106140095487  0.06924310900617699
  0.07078278223457321  0.07226110631740591  0.07372489748702862  0.07522902600776737
  0.07672432735706450  0.07817262853772439  0.07958998644064499  0.08100185460060627
  0.08245738798481181  0.08386764520569828  0.08524719211267223  0.08663912635687507
  0.08803455093751776  0.08942924144765159  0.09083775617607001  0.09229180842719203
  0.09373855985622853  0.09521292883048019  0.09665884668229677  0.09815469006661477
  0.09965148383347708  0.10117798993443401  0.10271413267441183  0.10427362344308957
  0.10582938778355168  0.10736214989614973  0.10885835558823115  0.11035932995566945
  0.11189396028531019  0.11349542866067029  0.11514903967856514  0.11682036694322352
  0.11845189382450276  0.12004064276958532  0.12164744456925693  0.12324712297685778
  0.12488874373514823  0.12653536864279852  0.12816139738775306  0.12982123551056762
  0.13148530186161803  0.13318954781724979  0.13490381133305718  0.13658625822109419
  0.13833411485842001  0.14020360509448371  0.14220119202717091  0.14424844991557667
  0.14626915415641190  0.14822940892850209  0.15020876908137012  0.15223575961330993
  0.15429310360094689  0.15644680103897499  0.15863215572304001  0.16079873513408338
  0.16297550015035236  0.16524146536741657  0.16761302391972935  0.17002263277843938
  0.17246092304520180  0.17494218448802157  0.17760208284225198  0.18033757828547409
  0.18307353108755631  0.18579940234051162  0.18882083751072212  0.19215942818214213
  0.19570019023074703  0.19934235161746069  0.20340152913844328  0.20811562927695321
  0.21395251047451724  0.21984315898741713  0.22566535140942406  0.23032369253503504
  0.23591397742093587  0.24174704317126794  0.24868761406170242  0.25742159510043883
  0.26785468512343624  0.27909375240053935  0.29199418906212660  0.30554609393400828
  0.32486230807008554  0.35720186729980830  0.90971834670040397  1.00000000000000000
 -0.00392656362087706  0.01580876935144871  0.03152113840165198  0.04633319866876143
  0.06049753044986400  0.07697809407315127  0.09524818712259875  0.11317577803136836
  0.12892906742436597  0.14329443737617423  0.15760103402356485  0.17158676555938787
  0.18437020200692683  0.19658631989407133  0.20854445319917830  0.22077514995861500
  0.23286830047679932  0.24414137464441224  0.25442080140502504  0.26396359483887960
  0.27326916146108426  0.28245588132346044  0.29142414553278345  0.30026310933669542
  0.30878536895505088  0.31711857682481043  0.32575243430088180  0.33473079960376706
  0.34363965701413696  0.35222106490084659  0.36095482096136344  0.37014018715403568
  0.37924506828047794  0.38780746733618648  0.39581356456418182  0.40342165683722014
  0.41102994700183793  0.41887533214364103  0.42670026404639155  0.43458245145512014
  0.44243914866661560  0.45042263336072036  0.45843762273390520  0.46643876662814304
  0.47435734091725812  0.48195572924057917  0.48912127577731485  0.49592611362251582
  0.50253171118295548  0.50921530185149788  0.51639666235377268  0.52401944613486517
  0.53165125067668184  0.53922641792925008  0.54707297735498717  0.55487828710877485
  0.56252585172029557  0.57019345421815670  0.57823443188449242  0.58639343527813681
  0.59485646636924483  0.60311874749016103  0.61127328848906548  0.61950235482420224
  0.62749638227282811  0.63502829400971239  0.64240193063887308  0.65033872120304537
  0.65830185445063782  0.66684884115029996  0.67611372380007573  0.68585465988957017
  0.69568342904025782  0.70577310176011065  0.71591245051368879  0.72617885268028215
  0.73616702060173655  0.74591481169245732  0.75611740286158946  0.76664602934686932
  0.77768204022189436  0.78945811170083968  0.80149858869250756  0.81376423766605610
  0.82661108512706671  0.84024348792040404  0.85459565316285513  0.87026978366415242
  0.88586018818426160  0.90141460592883260  0.91721310161190373  0.93450779930177919
  0.95270132480809844  0.96999471842908069  0.98599959151511563  1.00000000000000000
  0.13715964344927634  0.20454888841240543  0.23111502608033566  0.25260490549862297
  0.27017517998178581  0.28304680317187902  0.29394423785969798  0.30473923319657620
  0.31458076759721115  0.32363765388652715  0.33255378627956667  0.34165759298959053
  0.35042602842660653  0.35914119499036434  0.36748847336984491  0.37481815868859758
  0.38153699505247768  0.38841981916358526  0.39509641546580621  0.40172160021468584
  0.40768448281151837  0.41328407416591173  0.41878557132765848  0.42449760119400715
  0.43032583035518429  0.43608776932480114  0.44135762214980911  0.44687993742173110
  0.45245298520666150  0.45757000228559869  0.46230473695383567  0.46690045323683205
  0.47163269476571501  0.47665668219838925  0.48174454805990707  0.48652605070325849
  0.49099470305807869  0.49538023409468873  0.49977728653025866  0.50407200704206689
  0.50832168026795654  0.51254580523903970  0.51671529392848459  0.52088177630837640
  0.52481759690816565  0.52866362621318452  0.53266359559436927  0.53697521006108972
  0.54151177487785018  0.54560575163001535  0.54954896469265979  0.55343381787381307
  0.55739778626843484  0.56156238765704147  0.56592875721308733  0.57039617619211325
  0.57486409158455654  0.57941182632733157  0.58413112868288120  0.58891749093223666
  0.59364931170337276  0.59833263337448162  0.60304072522835828  0.60785076520593662
  0.61278245941930831  0.61763686738312706  0.62252451225078631  0.62730070684749306
  0.63220598912183590  0.63728616714628727  0.64256846189689831  0.64784000204440129
  0.65315209958985110  0.65852307405957689  0.66407621369473036  0.66985740083394041
  0.67559464496249966  0.68141079249252423  0.68727274985653142  0.69297754097717257
  0.69851589615009613  0.70411785639112878  0.71004697425326602  0.71639357099481260
  0.72291713183890105  0.72999881068578298  0.73777406397500134  0.74579028208269904
  0.75462375239658397  0.76495589307738887  0.77602617739674529  0.78911866891248295
  0.80481109381378790  0.82576826594205044  0.85914073200972263  1.00000000000000000
 -0.03306445627660690  0.16394001126755134  0.20480453340324251  0.22963207233107744
  0.24743955034517612  0.26311979829395071  0.27615678911171748  0.28699768420179367
  0.29675031567779581  0.30553627486259144  0.31346586286238448  0.32080396417425183
  0.32786770918507302  0.33487501356222643  0.34184024161527110  0.34852771662696486
  0.35485306919478415  0.36077128270197123  0.36669232289419051  0.37268304423768134
  0.37856001576730069  0.38438613108797470  0.38992488016747567  0.39513311195278450
  0.40002040112651288  0.40475145647741967  0.40958615547520366  0.41453347932471213
  0.41932543261871746  0.42423288185326885  0.42883030067697125  0.43315015416791230
  0.43734508078867984  0.44156298315793513  0.44581989903678076  0.44999529627298790
  0.45405653397878015  0.45800977167274393  0.46178227765963759  0.46568186418124108
  0.46953201625704799  0.47337491508047397  0.47717594342499392  0.48098436964623986
  0.48482027542085887  0.48871133801736388  0.49260088908587851  0.49668145911709871
  0.50063372235385883  0.50447833850152224  0.50836264636559392  0.51215711264007191
  0.51581953793337709  0.51951709012933023  0.52333311909769431  0.52722495498585065
  0.53117091127421734  0.53520717468017009  0.53928855616674598  0.54333818941970535
  0.54736740094093361  0.55156425127690445  0.55595019594330153  0.56065492916103321
  0.56544053620445989  0.57029534111344804  0.57480422449117707  0.57926434149334027
  0.58368853942280652  0.58800283427867983  0.59243076188194477  0.59686935329004542
  0.60147125091141151  0.60631089824331663  0.61129256285306832  0.61657741337136074
  0.62175392451627798  0.62719631791632591  0.63288349311737258  0.63878264474822033
  0.64502737820426348  0.65188701738815580  0.65906495518943919  0.66625674222936393
  0.67366525320952275  0.68140191340163503  0.68984055924081267  0.69892309549667309
  0.70885110657304495  0.71976139312766374  0.73257256663801085  0.74785407084800515
  0.76628415159785890  0.79125802653675625  0.83697741271376924  1.00000000000000000
   5.5562680992266070E-012  -1.0000000000000000     
 F F F F F F F F F F F F F F F F F F F F F F F F F F F F F F F F F F F F F F F F F F F F F F F F F F F F F F F F F F F F F F F F F F F F F F F F F F F F F F F F F F F F F F F F F F F F F F F F F F F F F F F F F F F F F F F F F F F F F F F F F F F F F F F F
  <DiscreteSampler_grid>
  grouped_processes
  1 # 1 for a reference and 2 for a running grid.
  10 # Attribute 'min_bin_probing_points' of the grid.
  1 # Attribute 'grid_mode' of the grid. 1=='default',2=='initialization'
  0.0000000000000000 # Attribute 'small_contrib_threshold' of the grid.
  0.5000000000000000 # Attribute 'damping_power' of the grid.
 # binID   n_entries weight   weight_sqr   abs_weight
    10   10   2.402820290168077E+000   2.926401586688673E+001   2.402820290168077E+000
    16   10   2.402820290168077E+000   2.926401586688673E+001   2.402820290168077E+000
  </DiscreteSampler_grid>
