  0.00022361711504737  0.00028250298839706  0.00032014768747916  0.00034421961972081
  0.00036461070521350  0.00038446618346545  0.00040378232723083  0.00042263335729653
  0.00044050167361775  0.00045781912211621  0.00047463648768293  0.00049116261263973
  0.00050752279361764  0.00052386521488852  0.00054041140711103  0.00055685448394240
  0.00057307065067495  0.00058903121548390  0.00060462171760317  0.00062018670113515
  0.00063558673138900  0.00065079745625540  0.00066619197249162  0.00068195190449527
  0.00069776803065193  0.00071351488623352  0.00072935911831632  0.00074530969447970
  0.00076183070468385  0.00077848709231996  0.00079511405261123  0.00081210486689116
  0.00082958433151321  0.00084755628744167  0.00086590702146741  0.00088426508892653
  0.00090286480139060  0.00092287978803287  0.00094395897846442  0.00096489675251081
  0.00098631280782105  0.00100866621616862  0.00103134901103087  0.00105425195248603
  0.00107742851910681  0.00110100951421576  0.00112531043326407  0.00115042357667206
  0.00117586640539384  0.00120179060264684  0.00122915389488679  0.00125826888736659
  0.00128880662253993  0.00132044346227789  0.00135259140230826  0.00138525048476607
  0.00141876449311029  0.00145363863481112  0.00149089378035861  0.00153056365359528
  0.00157185869354574  0.00161537180507307  0.00166300877476126  0.00171287780093672
  0.00176479174656364  0.00182027935474224  0.00187903104143659  0.00193936064852772
  0.00200514118451301  0.00207635271399570  0.00215294226371882  0.00223463329074487
  0.00232213806788711  0.00241443864295530  0.00251340314659772  0.00261991049412123
  0.00274031080679296  0.00287560387154820  0.00302741114389634  0.00319702069468876
  0.00338634552772272  0.00360197706008370  0.00385514613967440  0.00415247333437682
  0.00450233536928105  0.00492458171596009  0.00544585071608923  0.00615825906903872
  0.00721581483185263  0.00903487587495647  0.01280776349623041  0.01685419697709118
  0.14663630235692521  0.39526483896603859  0.66269657398547710  1.00000000000000000
  0.00029358091355746  0.00054586927668069  0.00064489240808131  0.00074585432791195
  0.00086219364043559  0.00096748221767351  0.00104673366089635  0.00113737722574536
  0.00122518355598577  0.00130212247060771  0.00138040941662782  0.00145946013560434
  0.00154018390614436  0.00162442312430793  0.00171066468268162  0.00179552112038155
  0.00187993153246618  0.00196506899964437  0.00205224207177718  0.00214063839437742
  0.00222862535520984  0.00231480510538475  0.00240064526411956  0.00248905587970991
  0.00258056487550385  0.00267388076566515  0.00277027522903028  0.00286826991267737
  0.00296425096567753  0.00305749082022143  0.00314867603182697  0.00324190558336169
  0.00333528655639445  0.00342843577013830  0.00352182675716568  0.00361771662096731
  0.00371777336510272  0.00381795855056457  0.00391492537657174  0.00401145240428738
  0.00411282397116094  0.00422044856975065  0.00433277626010839  0.00445075678230833
  0.00457469352576458  0.00469953325638783  0.00482184426834590  0.00494867307339427
  0.00507984729740898  0.00521498698607239  0.00535205976051595  0.00549023364881938
  0.00563008211063375  0.00577380425034697  0.00592233349680909  0.00608225416335103
  0.00624930020544263  0.00641966332037950  0.00659976383198624  0.00679116858297573
  0.00699273376928865  0.00720457079479252  0.00742428297722491  0.00765167847510581
  0.00788645340393776  0.00813221354175646  0.00839157001442628  0.00866339062361059
  0.00894332953107788  0.00923458140033367  0.00954273569236469  0.00987850466094676
  0.01024412039748958  0.01063589234771658  0.01106242479733646  0.01152051258123253
  0.01201335037942659  0.01254693325150344  0.01312244592326784  0.01376690402588172
  0.01449160850583467  0.01526777950680741  0.01608646155034675  0.01698344828449112
  0.01803167867726103  0.01927297747913869  0.02067688357806581  0.02237810990336429
  0.02461317838111140  0.02751268169270984  0.03115783415355482  0.03618468814659819
  0.06128508231889114  0.19023992409395402  0.63918972571282617  1.00000000000000000
  0.00248315865907765  0.00266189821073662  0.00289062833654039  0.00316226271955875
  0.00344065529583144  0.00373247461802627  0.00400413207729634  0.00428156917865261
  0.00456588399436924  0.00484791256049592  0.00513130185268314  0.00541738944287953
  0.00570314047522036  0.00599557690992771  0.00629108000301317  0.00657105675406476
  0.00681339353085914  0.00702019490509072  0.00723007057695591  0.00745153569510214
  0.00766750447401491  0.00788997221366590  0.00811292590043081  0.00833292736440831
  0.00855275587055860  0.00877219002286339  0.00899111279887803  0.00921004358127956
  0.00942912351997367  0.00965054461141512  0.00987603957516630  0.01010628160060923
  0.01034075936311779  0.01057544829125676  0.01080857916479036  0.01104481343658188
  0.01129197279680412  0.01155196265921637  0.01181881260446567  0.01208704305093194
  0.01235205902094636  0.01260959413365243  0.01286048634400791  0.01311281434832227
  0.01337654651918158  0.01364990026109792  0.01393195673906973  0.01421815343159864
  0.01450504942690343  0.01479666686130196  0.01509862380522495  0.01540638752161896
  0.01571535731831624  0.01602976572840265  0.01635445779660507  0.01669737742968391
  0.01703711911347311  0.01738428274731784  0.01773809193842724  0.01811075862829569
  0.01850893726137970  0.01891582066594015  0.01932164721489592  0.01975043596734210
  0.02019295204773185  0.02066356528384895  0.02114465587066231  0.02166083213816006
  0.02219583258228768  0.02274384899477849  0.02331424336677275  0.02393312485241626
  0.02458992639288033  0.02530366285377036  0.02600626364971193  0.02672271944300897
  0.02749519390049598  0.02833349448454609  0.02925302976920161  0.03027292592979306
  0.03137522522600231  0.03259616303916134  0.03391362275964138  0.03539348661031344
  0.03707515739802986  0.03901288648222350  0.04121049993269976  0.04334314944526802
  0.04566514646128129  0.04841370846412302  0.05212856365958794  0.05722881535325589
  0.06498970886089619  0.07524946063898195  0.47666610266381215  1.00000000000000000
 -0.00226154300319866  0.00894003021135471  0.01951029488998758  0.03012358474719744
  0.04051003249819154  0.05123084777314142  0.06207922976627600  0.07306165311951793
  0.08380372507208256  0.09494902680231060  0.10575790169165306  0.11693786382021613
  0.12779473073713918  0.13848840372944091  0.14904918166822531  0.15976844782138233
  0.17050975306258698  0.18042012627547266  0.19100370260070992  0.20219752037858266
  0.21297669031118566  0.22341917043838300  0.23396711079809615  0.24458369266670338
  0.25508430708183227  0.26558500419841907  0.27644924275605870  0.28779628575057470
  0.29836378293283516  0.30872518151295603  0.31886499843015553  0.32880063523743436
  0.33892414910432977  0.34887716419969206  0.35925384201400773  0.36988427816025060
  0.38017327435028997  0.39054313377845656  0.40152084769507213  0.41270405292249829
  0.42332305539616916  0.43344982942959531  0.44367198088295129  0.45392115750830841
  0.46430693848385501  0.47472828630735814  0.48544270467906492  0.49602226818662720
  0.50651536820315779  0.51759981256163301  0.52859781131376760  0.53979963467384706
  0.55083217460605727  0.56180906380470419  0.57285824564021637  0.58426110914805762
  0.59509648930628156  0.60563478085226530  0.61556946845455751  0.62578374062382902
  0.63597445311273604  0.64567112027114981  0.65558596761184640  0.66556531337713987
  0.67593093354344880  0.68584674455743921  0.69623454034067711  0.70671737376538668
  0.71810934550946204  0.72903594686703155  0.73960105934916343  0.74980075595909468
  0.75960236497863853  0.76896507351870502  0.77834172390682588  0.78790524182727328
  0.79818971201654954  0.80913357852650869  0.81972343283393523  0.82992408640264359
  0.84045760525428914  0.85125805253074938  0.86281763064559236  0.87395475492597663
  0.88543897012610218  0.89648243687775431  0.90714792382231335  0.91793827459557875
  0.92862902629957089  0.93897199847801105  0.94909456564721284  0.95947581501896739
  0.97007289375892669  0.98027172402703899  0.99030756565078182  1.00000000000000000
  0.05718903589893965  0.06234006647438786  0.06532369239152064  0.06794045986310279
  0.07016514648963613  0.07216847486863073  0.07403515615928467  0.07578215079964205
  0.07745933154926718  0.07907877659430214  0.08066464217240052  0.08224287016810317
  0.08375024338292156  0.08519152927562475  0.08660294161201100  0.08798825560651383
  0.08935174796142183  0.09070978490909759  0.09207084774264489  0.09341843123628830
  0.09475367480472123  0.09608221133603020  0.09742241217762004  0.09874586185712723
  0.10008838914780047  0.10142992714842465  0.10278068376453876  0.10411147056463572
  0.10542805763725979  0.10676618453756292  0.10812285883049036  0.10948415518266356
  0.11084618635213445  0.11221559240383774  0.11359780057773748  0.11500865893082722
  0.11640317576815030  0.11774537709908861  0.11907075240917005  0.12043521100078543
  0.12186040365688044  0.12330858094040294  0.12475862045046708  0.12624100618332459
  0.12777124791572911  0.12935469533181926  0.13099264112962711  0.13269219479866798
  0.13442079291703635  0.13614108996797034  0.13783812530538470  0.13952007801394584
  0.14121507780217540  0.14291195517467836  0.14459005999716448  0.14626368853878560
  0.14796318520579430  0.14971080435439152  0.15152825233920114  0.15344546773997869
  0.15546035647949336  0.15753367128900239  0.15963845908667015  0.16171564726407911
  0.16368156527842634  0.16573678092193161  0.16780031624615305  0.16994801474381202
  0.17231966397499940  0.17478871171935537  0.17752729828712782  0.18025458449094167
  0.18308812597825461  0.18607229377444828  0.18913789138355211  0.19235737387039817
  0.19552551774209626  0.19879473487100710  0.20272491211630625  0.20642722193850391
  0.21053683959286407  0.21438574822891690  0.21820142960687089  0.22261292079979650
  0.22768695177943088  0.23330943564086029  0.23934844056944293  0.24561339655013084
  0.25180634375602368  0.25800844958022551  0.26508368655753689  0.27316470787231878
  0.28223870379071564  0.29484451193991013  0.40761371764889398  1.00000000000000000
 -0.00162517349422224  0.00642189711667048  0.01389874208720366  0.02143742562779565
  0.02908738306634353  0.03686544193289650  0.04473003892090112  0.05267042029988436
  0.06072149398935229  0.06894573614591290  0.07747294109504489  0.08569382638494162
  0.09342197459733004  0.10113037450873524  0.10899292837927270  0.11678808887118827
  0.12451846601717677  0.13231980964219781  0.14042080179512159  0.14910161707757619
  0.15810047291394033  0.16694223059506533  0.17566839752775174  0.18441931023331160
  0.19307146095248398  0.20181067842955358  0.21073088185357144  0.22006685567450235
  0.22967652533407884  0.23938347393127929  0.24945931168425522  0.25981089164755067
  0.27048449979721495  0.28189786740300465  0.29381294566975330  0.30632460674268291
  0.31921115335749384  0.33272849390971054  0.34606176970458258  0.35982891927499500
  0.37431563046894079  0.38930664443301660  0.40497330738251713  0.42196784014814170
  0.43958066812036461  0.45698338227157664  0.47404089270539801  0.49158292191716096
  0.51012481923691200  0.52869116585775100  0.54708317960844932  0.56575354534018951
  0.58390763604609452  0.60111429009639716  0.61829368680797336  0.63458687486418475
  0.65071939651859667  0.66561495723457931  0.67973914230596311  0.69259918480363380
  0.70372616733875981  0.71482076437447872  0.72564669521968506  0.73624540772529656
  0.74620235880059271  0.75618957691765343  0.76683429322339669  0.77729935264473349
  0.78720130981956205  0.79648671631479928  0.80530072552668230  0.81403605269876533
  0.82240630452260965  0.83082394288097716  0.83910071091400851  0.84731271438999423
  0.85562485653826548  0.86388329640002326  0.87202193208948553  0.87982693178811910
  0.88731778117800120  0.89482643765804371  0.90237736907529231  0.90997834601526773
  0.91742577038231987  0.92471354246427551  0.93202507096551412  0.93947468713748128
  0.94722749489043989  0.95501888683525371  0.96274847687857357  0.97036784115146890
  0.97790311531664120  0.98528186870082046  0.99272639458311362  1.00000000000000000
  0.05285178632115730  0.05496889847537365  0.05649336608745603  0.05773884948805148
  0.05888100144782077  0.05995051066443987  0.06094749304749786  0.06190760975491234
  0.06288278044173364  0.06389660936793716  0.06489647948827473  0.06586708257211490
  0.06681660814380835  0.06774729985123019  0.06866206202734162  0.06958196396096929
  0.07051363366297186  0.07143814860383958  0.07234765491908234  0.07326313635376769
  0.07419954329757282  0.07514564834084012  0.07606498824263735  0.07700423934226235
  0.07796460563403115  0.07891968809977265  0.07986580334538543  0.08081041010645812
  0.08174072266775889  0.08262108892443329  0.08348548323999419  0.08438890590201155
  0.08533231860922469  0.08626379833276390  0.08719519943252890  0.08811887543768351
  0.08902678854309000  0.08996884704517571  0.09090974347786135  0.09185098761045508
  0.09280557096834072  0.09381401498394867  0.09485990615106833  0.09589429005498334
  0.09693299011356771  0.09795145650928475  0.09896210846169198  0.09997100736313826
  0.10101277483812889  0.10209425829703458  0.10312164425877891  0.10409883689982104
  0.10513573350378669  0.10621337341719005  0.10738275932397229  0.10858799344381533
  0.10976707469598407  0.11091279661576721  0.11203775690576372  0.11319771899167709
  0.11448140840587565  0.11587429427765795  0.11728357957926093  0.11872239255877010
  0.12018877304213450  0.12165380021736978  0.12307362721199454  0.12443674582557705
  0.12580268938231873  0.12715152647546485  0.12854715584372783  0.13015013330561431
  0.13200569688201413  0.13399489693048269  0.13565965554208215  0.13718813376326061
  0.13871302168238045  0.14038006207822365  0.14220761221324690  0.14432784364708415
  0.14688766067633707  0.14943446168647256  0.15169507371401272  0.15346187285422863
  0.15506812221731994  0.15680162962752442  0.15895518490573834  0.16150119230378659
  0.16403605849287947  0.16718601652184345  0.17144743840907642  0.17551624574852792
  0.17792094763355201  0.18017693113187497  0.18214789490908595  1.00000000000000000
 -0.00210130090983963  0.00846242573827418  0.01731086911076799  0.02676900770263976
  0.03690292666873649  0.04714750683156457  0.05697419020707849  0.06699944340233335
  0.07733712239512773  0.08767584683562761  0.09797302348406008  0.10916593631010833
  0.12007379681402666  0.13055440827355583  0.14102704535069654  0.15130982860779249
  0.16146283444624934  0.17091495229929829  0.18054912747901658  0.19077073495246799
  0.20133757785395834  0.21195835845462785  0.22195011396018016  0.23208786455281705
  0.24222008827078126  0.25263795013846091  0.26303655681952171  0.27339027241157565
  0.28347657059174641  0.29365543124043902  0.30450689557535882  0.31478160074398104
  0.32491063937586873  0.33512176932189841  0.34575307247102205  0.35669071498087040
  0.36735864661550360  0.37778820015119180  0.38823623586416306  0.39888481476395948
  0.41080765572614791  0.42273561065907944  0.43412191841846748  0.44545454772292598
  0.45641566274874290  0.46773065449555173  0.47851977303684723  0.48944539266072490
  0.50012476701004138  0.51084164720997904  0.52154781789968208  0.53224706196906568
  0.54309227802522331  0.55402239130616937  0.56512253869719276  0.57612794808226131
  0.58681193401802245  0.59703815930288118  0.60755857085678855  0.61885522119724057
  0.63048375501680343  0.64187610338354173  0.65339817085597274  0.66462702818312724
  0.67587279896627162  0.68730591040624300  0.69906731143239953  0.71072472787941066
  0.72217479517185423  0.73312247984128076  0.74382042740382470  0.75460716455007382
  0.76495110429306656  0.77548946209975744  0.78585671766949383  0.79610746427831636
  0.80651642911030708  0.81690271720131058  0.82806137543659997  0.83887019104655136
  0.84929943285243359  0.85972351375909672  0.86984965499108291  0.87982047886118719
  0.88940357670626158  0.89919072818762502  0.91003675690360586  0.91981138710704657
  0.92963154085796562  0.93947164602925481  0.94972880270238880  0.95964249591933681
  0.96920803971016123  0.97882702756956741  0.98890384590553626  1.00000000000000000
  0.10203941396230859  0.19384494305483682  0.21588893650764346  0.23729523358645652
  0.25539270043864887  0.27058882361857922  0.28340347911287739  0.29447920530102428
  0.30487900397764511  0.31459689679765840  0.32345378420219595  0.33164700215407211
  0.33936230914956095  0.34674427102110389  0.35393216388177556  0.36070352461052752
  0.36689786693053594  0.37286322718493015  0.37908114173570578  0.38551293814647691
  0.39189173589888782  0.39811222535656476  0.40410091112931951  0.40982669290710677
  0.41520973107226744  0.42028135727842292  0.42508598547989818  0.42981322735033656
  0.43454081839006597  0.43920163346633195  0.44377478300239781  0.44832422716715131
  0.45292909916610985  0.45757784175046029  0.46227662255444224  0.46691378188357063
  0.47139565895548385  0.47576784120187304  0.48006909923294444  0.48433973959119053
  0.48860777704050107  0.49274308698428337  0.49690405219413564  0.50119102639996871
  0.50542087717254414  0.50984855459523648  0.51439208462679098  0.51875155954743213
  0.52295007106970670  0.52700860315285514  0.53107453749699685  0.53515973337641032
  0.53922891906911419  0.54326571654623190  0.54732946958651074  0.55145781656188730
  0.55566155046852428  0.55993093785463499  0.56429710204120842  0.56871831540350537
  0.57313387185853404  0.57749694689123698  0.58183516876986130  0.58621205042071900
  0.59063275602261112  0.59507808426075881  0.59958555971891236  0.60419114777969052
  0.60891729018530261  0.61378876804433513  0.61875894143575272  0.62374918101312893
  0.62871541989684099  0.63368855755114462  0.63882138758029205  0.64412124774598145
  0.64942734182621931  0.65469399217655189  0.66000663650097458  0.66557002143033417
  0.67158046832033325  0.67787678687372444  0.68433847578967233  0.69094566138421865
  0.69773344229734924  0.70483609468070241  0.71250282542278798  0.72089475576807927
  0.73004808748729544  0.74029268292098926  0.75202089066515454  0.76555134519893198
  0.78123219326326088  0.80145756298221982  0.83623436328699718  1.00000000000000000
 -0.04119698985600424  0.17812356706821023  0.22097321181399068  0.24493768786115419
  0.26295508075851592  0.27784207044640274  0.29071954643157899  0.30201833761865154
  0.31217870217456251  0.32141802450561580  0.32975174041341693  0.33732222506581394
  0.34430087396919806  0.35086948503141802  0.35703227448105235  0.36287165983018843
  0.36860890018492048  0.37426306144975707  0.37978080854866975  0.38503907472442622
  0.38997414456909368  0.39482749208316587  0.39963789418362700  0.40424843883763167
  0.40866415099614029  0.41303639529064129  0.41750385399798190  0.42202198865978641
  0.42661356880138895  0.43119399160734678  0.43570753607988305  0.44011423601324584
  0.44445825794882843  0.44871892009895631  0.45284089913563225  0.45673183768945891
  0.46045397910001618  0.46407306892491895  0.46775055766892953  0.47153106997132527
  0.47520892915305424  0.47879032391318627  0.48233091367488740  0.48576913767010710
  0.48934593927988757  0.49292056648368682  0.49648203829437798  0.49999306515988201
  0.50333152798714109  0.50691189395566061  0.51050072720817719  0.51407469373855497
  0.51759493448483185  0.52107306955016663  0.52465384856604824  0.52834429012823403
  0.53207740103645274  0.53580262238835441  0.53954958911604411  0.54326596607489441
  0.54705694244075298  0.55090792486840057  0.55464142862233079  0.55843338982079249
  0.56231082251732323  0.56635463471391767  0.57053499876188596  0.57482489362081501
  0.57917118236285636  0.58358491607701002  0.58805309973777842  0.59252777508626731
  0.59709019825151044  0.60188196976800790  0.60689030893805918  0.61199898448919254
  0.61712061205173985  0.62239082302666648  0.62780091829703344  0.63338274189694976
  0.63933085959480551  0.64563847087928261  0.65213722605066637  0.65861826301046533
  0.66537484784518131  0.67284656372853935  0.68109218155196449  0.68989377606379454
  0.69920417562482418  0.70926354776076583  0.72080831312892268  0.73461863037171760
  0.75218711750968503  0.77658027548933695  0.82053523796505556  1.00000000000000000
   3.3736315669526117E-010  -1.0000000000000000     
 F F F F F F F F F F F F F F F F F F F F F F F F F F F F F F F F F F F F F F F F F F F F F F F F F F F F F F F F F F F F F F F F F F F F F F F F F F F F F F F F F F F F F F F F F F F F F F F F F F F F F F F F F F F F F F F F F F F F F F F F F F F F F F F F
  <DiscreteSampler_grid>
  grouped_processes
  1 # 1 for a reference and 2 for a running grid.
  10 # Attribute 'min_bin_probing_points' of the grid.
  1 # Attribute 'grid_mode' of the grid. 1=='default',2=='initialization'
  0.0000000000000000 # Attribute 'small_contrib_threshold' of the grid.
  0.5000000000000000 # Attribute 'damping_power' of the grid.
 # binID   n_entries weight   weight_sqr   abs_weight
    10   10   3.089726058119134E+003   3.354872644053605E+007   3.089726058119134E+003
    16   10   3.089726058119132E+003   3.354872644053603E+007   3.089726058119132E+003
    22   10   3.089726058119132E+003   3.354872644053603E+007   3.089726058119132E+003
    28   10   3.089726058119131E+003   3.354872644053601E+007   3.089726058119131E+003
  </DiscreteSampler_grid>
