  0.00004029553433476  0.00004808032811390  0.00005317575030826  0.00005858209308263
  0.00006237840681042  0.00006559807231058  0.00006872401916338  0.00007214548390233
  0.00007556357845571  0.00007946186658715  0.00008365666749426  0.00008791184963867
  0.00009297689370187  0.00009903035912435  0.00010507721437786  0.00011165055462869
  0.00011839317104093  0.00012518717257656  0.00013236564912644  0.00013991839018257
  0.00014742386601895  0.00015458399960415  0.00016190494485307  0.00016961041168944
  0.00017802228096743  0.00018666786847977  0.00019552463405688  0.00020456589940756
  0.00021398665061858  0.00022407916828455  0.00023462786479044  0.00024461981796106
  0.00025335435881893  0.00026227984141931  0.00027166882631255  0.00028204555565780
  0.00029333789184730  0.00030429893467836  0.00031523088140085  0.00032640444379367
  0.00033794609635258  0.00034930746161526  0.00036359528120814  0.00037770997758279
  0.00039189969148331  0.00040632770651848  0.00042159765556158  0.00043772956927393
  0.00045513270525806  0.00047366000957752  0.00049234571691147  0.00051104228999403
  0.00053017669619724  0.00054890348386720  0.00056846330411178  0.00058961047981031
  0.00061186635466100  0.00063486431850911  0.00065821288344638  0.00068514143898091
  0.00071257709447016  0.00074245558604223  0.00077624989458888  0.00081134389576795
  0.00084879633805912  0.00088734573958125  0.00092761293248862  0.00096856042621167
  0.00101151413155384  0.00105537810491130  0.00110162950906704  0.00115206631179332
  0.00120585258210776  0.00126714490873585  0.00133275404074107  0.00140387024887858
  0.00148276483164305  0.00156673854090979  0.00165801823382119  0.00175819252836401
  0.00186935363887381  0.00199268052401009  0.00213159333969779  0.00229640657663481
  0.00249191562113610  0.00271229351057170  0.00296784310439056  0.00328813502994274
  0.00367236520130830  0.00412533440196978  0.00469433697364276  0.00559089372289941
  0.00701383588979880  0.00936733340247611  0.01575174908718839  1.00000000000000000
  0.01650380994717443  0.01828495963261380  0.01858719867524371  0.01884692620128175
  0.01904954208629221  0.01921823342870620  0.01938285329237882  0.01954752539628133
  0.01972336190883422  0.01989968506872856  0.02008582006783692  0.02028639307254186
  0.02050952699743497  0.02075886584383034  0.02100630381564747  0.02125482125005242
  0.02150890971352686  0.02177176075519864  0.02203330271620629  0.02229395992555157
  0.02255236533203422  0.02280296078234795  0.02304534367924092  0.02329378559430632
  0.02354623693018835  0.02379405669163478  0.02404370957114828  0.02430425179503197
  0.02457679445979696  0.02485457773470909  0.02513077887550236  0.02540021664013191
  0.02567999052478591  0.02596232003092491  0.02625912111331676  0.02654712627357455
  0.02683887314260709  0.02713729438548125  0.02744653923225755  0.02776848302129730
  0.02810307791846320  0.02844451954377264  0.02879597401960935  0.02916576832057646
  0.02954876635905038  0.02992995776297817  0.03031552512189153  0.03071032056048255
  0.03110776250873619  0.03150923376439040  0.03192877660038218  0.03238918206325392
  0.03286992410114573  0.03335821904229491  0.03384571290403465  0.03433998912685329
  0.03486144635142462  0.03541424277539343  0.03600093391470120  0.03659616189967258
  0.03726225345495570  0.03795883069176263  0.03868070661074884  0.03948219207607789
  0.04032449916222333  0.04116906241559189  0.04201765520903843  0.04288568769570834
  0.04379380479588921  0.04475584747016863  0.04573723496864160  0.04678003159313873
  0.04793279076483073  0.04920288146424258  0.05047059491327824  0.05174057144930337
  0.05314301484411863  0.05469604595949305  0.05639181009346680  0.05823260125344008
  0.06015744053430577  0.06215838026605223  0.06438147013822905  0.06695318092040151
  0.06979776126323338  0.07287092470084165  0.07633045688369530  0.08034423410602741
  0.08507500797929990  0.09039658461142770  0.09661149984533231  0.10450739609348872
  0.11604671255477698  0.13216015500798314  0.15576626237212543  1.00000000000000000
  0.00294590538027993  0.00502395267566706  0.00635357409861753  0.00714485750795539
  0.00765799857657907  0.00814865219936361  0.00861340893257624  0.00906182392280602
  0.00950951117000447  0.00995800268871797  0.01042025800317755  0.01089859118086404
  0.01135524987306830  0.01176319533754325  0.01214660501657424  0.01251146887527933
  0.01286093298652994  0.01321275024430554  0.01356855434694993  0.01392560020052676
  0.01428887546643835  0.01466474804867369  0.01504515368941687  0.01543035791437824
  0.01586130802828313  0.01629655854812740  0.01672922458710758  0.01713218595320621
  0.01750948936636959  0.01787492876956895  0.01827023045241300  0.01866511227366652
  0.01907092739322063  0.01944960516769038  0.01983685315257135  0.02025351816523889
  0.02068197958893478  0.02113469467891211  0.02161075824886713  0.02211177146994523
  0.02263763807758932  0.02316942695698275  0.02376545657855083  0.02437298267975506
  0.02495969931322258  0.02554217974695898  0.02611175172176927  0.02667085697961628
  0.02723811946700605  0.02782741476714364  0.02848379590755376  0.02923069234638900
  0.02995507374329408  0.03063835975086763  0.03135022670346813  0.03206090723857251
  0.03278879416869076  0.03353504784289155  0.03432946604910129  0.03519082686237951
  0.03611263010404612  0.03710527087990584  0.03819725761257869  0.03920876234362819
  0.04020994700099902  0.04120090169820654  0.04216245988878616  0.04306578650757769
  0.04395954161118988  0.04485913195353516  0.04579152859120406  0.04676733682216103
  0.04783434321066168  0.04892740733202371  0.05016608228564544  0.05157549638461859
  0.05314969811028852  0.05499688382497114  0.05696637098583080  0.05913596545780183
  0.06135838651932141  0.06368607228326278  0.06618934285376850  0.06901673621789250
  0.07221789320270831  0.07606872356748462  0.08061809557159463  0.08538643960403086
  0.09066055637636092  0.09668424693655432  0.10484509113279422  0.11483806720903392
  0.12739072696390616  0.14794005592333390  0.78469416305726547  1.00000000000000000
 -0.00168103392215452  0.00604363478897198  0.01289149558123460  0.01995109892899772
  0.02798618756398605  0.03589689654624940  0.04373305043245695  0.05161992879326563
  0.05950311584374752  0.06870859276015429  0.07883647272084837  0.08873869630698812
  0.09865171164172121  0.10862897688339183  0.11921373234424516  0.13029388550845281
  0.14225944200833679  0.15416548701256330  0.16578591628192210  0.17847682957757907
  0.19057465174166782  0.20235033105046657  0.21367456903810927  0.22488866845127689
  0.23607051677045029  0.24695437912941903  0.25725649375177984  0.26725513088393538
  0.27780675992314052  0.28897382527994436  0.30048595298845499  0.31147218026972362
  0.32381621594689813  0.33654444643487086  0.34854268515738379  0.35938272554719647
  0.36974361646257259  0.38113597753040462  0.39290869988123783  0.40450686270735803
  0.41606312931718759  0.42769892230010936  0.43943552175306327  0.45094093786204359
  0.46203345627069298  0.47295744170883369  0.48417870577543692  0.49589153647141770
  0.50725477289144916  0.51850073943671482  0.53031657703236024  0.54247737830374476
  0.55435152681762834  0.56547696539478043  0.57650831764399380  0.58806658811327972
  0.60007586146095659  0.61104488128939949  0.62094193090805205  0.63077160835331147
  0.64100061716501344  0.65175039461317019  0.66212044483187948  0.67354279208451884
  0.68512061739781482  0.69724562955143810  0.70893506850637444  0.71990692522250521
  0.73125905292987914  0.74240607752474730  0.75392598470487349  0.76515875399725342
  0.77765305439937660  0.78950178908271929  0.80078187963800473  0.81161460196945245
  0.82240470309045244  0.83291817666690060  0.84354306579920735  0.85408692921026708
  0.86460530619388676  0.87471265480486771  0.88509854445849234  0.89532772307272379
  0.90533774672931611  0.91406318426307687  0.92283875979208252  0.93190936425852233
  0.94089916479226887  0.94990101755794554  0.95862130937730639  0.96700187080103628
  0.97582902204152333  0.98413874498063025  0.99226162050364863  1.00000000000000000
 -0.00231567414437379  0.00945985565602245  0.01864299784256958  0.02795926864182104
  0.03769957971318238  0.04792764995276326  0.05818559068455315  0.06766075841266227
  0.07790954770557346  0.08882926023942013  0.10097738200850716  0.11293025097036864
  0.12471844346452188  0.13496743375722303  0.14514040061534059  0.15523515647795319
  0.16502264999066221  0.17455042170565357  0.18416592820167416  0.19398909393979757
  0.20387390058196847  0.21345946997507689  0.22315528205673524  0.23304090910922781
  0.24256992989614437  0.25152499649682275  0.26030777370338004  0.26978724287211009
  0.27993391563680303  0.28995169311276742  0.29963931389789927  0.30958625894709230
  0.32080903728000332  0.33267921010310925  0.34448200635752463  0.35618432289853441
  0.36812561639861152  0.38043004340720127  0.39260869976823826  0.40432610973838501
  0.41543112794416354  0.42642089041642040  0.43698874087389661  0.44756882458225000
  0.45818811017988192  0.46941726993536781  0.48016425169820209  0.49088545066350753
  0.50142932623874970  0.51196987491984758  0.52263476725615232  0.53429355707840187
  0.54575966134278897  0.55720297745018776  0.56753209696019835  0.57794919799414612
  0.58778911486019081  0.59820637533751642  0.60884477479182963  0.61915901369494286
  0.62949065937719739  0.63930792088221267  0.64980952772127831  0.65914992853165921
  0.66860063930485869  0.67849396332594469  0.68848468051057932  0.69855588741587471
  0.70827551119147514  0.71789610920515956  0.72756287170789768  0.73832645409356656
  0.74977130835827754  0.76092684687414558  0.77127347038799010  0.78175211002005074
  0.79241154022466276  0.80254714432923369  0.81281411677140791  0.82323664677838237
  0.83393822936467632  0.84462228299508657  0.85528758484726164  0.86551002850824210
  0.87575096954245701  0.88613474248676938  0.89688139100939068  0.90772246175249072
  0.91871560462913304  0.93056494922113020  0.94273703500092831  0.95491102839019326
  0.96669446691365735  0.97814251370903971  0.98921199431999118  1.00000000000000000
 -0.00718489371490895  0.03791662278799515  0.07273635541578150  0.09987794396825732
  0.12100771331000136  0.14157819376120495  0.16235758551503388  0.18112284615816152
  0.19754321812685549  0.21184719492802481  0.22563610431217224  0.23887730109068570
  0.25134516896827769  0.26231387283513424  0.27340573594355150  0.28475759029575143
  0.29634053243318909  0.30724166089776894  0.31695711679200078  0.32590401510168865
  0.33431186560389653  0.34250003247057020  0.35024229290598585  0.35752848754856070
  0.36448999796500270  0.37126123756336887  0.37797033335182373  0.38479562980638349
  0.39195411831798288  0.39883040358797012  0.40521740259509303  0.41119886152668816
  0.41697566075413550  0.42265769723649083  0.42851352756171412  0.43459468606628909
  0.44066344912606248  0.44672999669206082  0.45256040270644599  0.45827189366836257
  0.46479642479420030  0.47105213873979190  0.47730458082646327  0.48351865178187359
  0.48961064715535929  0.49558485093351456  0.50147286323296369  0.50726396874104485
  0.51334259332039234  0.51936507201449311  0.52489612275570519  0.53015957293052551
  0.53556352177472122  0.54087018800904951  0.54609354925645437  0.55128122861205175
  0.55666581258428227  0.56234309169920849  0.56821869933349634  0.57397587932631333
  0.57946740291106158  0.58500820270193354  0.59059590186769129  0.59650611513104301
  0.60270676548376745  0.60915792134420599  0.61602407161423278  0.62289514498868748
  0.62974806100943692  0.63620661828689729  0.64253914928465028  0.64927025909456759
  0.65647390790479987  0.66379673203563605  0.67101585090819815  0.67828054498037849
  0.68598530353728460  0.69429467673587275  0.70278214634999392  0.71204181217134466
  0.72211564004222728  0.73258358918379685  0.74368760082843333  0.75537713683332741
  0.76788018062837526  0.78153357808809709  0.79629566772969240  0.81284309285403966
  0.83031626616316268  0.84807868053701807  0.86572746881567253  0.88313642941456272
  0.90230345748656371  0.92558521261019444  0.95766492139484471  1.00000000000000000
 -0.00221294635337219  0.00874231130275144  0.01842864748979094  0.02834484417122642
  0.03819595019660844  0.04813224584125943  0.05805561081979610  0.06837465961318955
  0.07863307591968449  0.08914444051164211  0.09994187780723299  0.11099574078460157
  0.12233668842589918  0.13394669111536314  0.14566035450516210  0.15734339113479048
  0.16900209997811269  0.18048579447265090  0.19131265537467851  0.20195059127759499
  0.21266072591474974  0.22409365555026944  0.23543846717699690  0.24602910905102432
  0.25588829268882840  0.26519616264600976  0.27482868968476820  0.28458875989280530
  0.29442864615427822  0.30407294156396247  0.31370459521293742  0.32435140140437979
  0.33507860193835581  0.34542760586209081  0.35588228784482889  0.36622276290607542
  0.37650291633448557  0.38701232407227326  0.39768061153529616  0.40790731461655305
  0.41780091975557720  0.42791768871908259  0.43814597582498094  0.44780161633475934
  0.45714469450108303  0.46727997339067917  0.47759889661293331  0.48770024236062975
  0.49775005180710424  0.50868285584138184  0.52049248373698509  0.53249094744833614
  0.54453755882969990  0.55553973286410574  0.56658022216601500  0.57728695119428564
  0.58773945787704773  0.59781851690353982  0.60789259583044108  0.61854474419548622
  0.62981140799868363  0.64224941585179030  0.65445897830415045  0.66576554288412193
  0.67614998538135229  0.68604128617202076  0.69591199803030401  0.70542486245725777
  0.71520061551923941  0.72473786365895965  0.73413456500776186  0.74361888357679340
  0.75365553616395708  0.76465857525256398  0.77549460486909572  0.78606325307787683
  0.79620023670935403  0.80617469459609803  0.81624406808909156  0.82650194109282127
  0.83631491483679221  0.84595208106683950  0.85584642662436972  0.86631104661032221
  0.87695136903176740  0.88739878808024142  0.89789148936452401  0.90885973568765932
  0.91998021202419378  0.93123680524678465  0.94249658576308626  0.95409728152873108
  0.96575919568189772  0.97695742420724874  0.98849529479593345  1.00000000000000000
 -0.00227014294493253  0.00913850723687515  0.01884254220992686  0.02886386932212535
  0.03945595675714868  0.04885807002865848  0.05776677166871937  0.06702626881983745
  0.07712934740341139  0.08737120241690369  0.09726052595749982  0.10782821732761851
  0.11919727273649296  0.13057566589254246  0.14158441355129633  0.15175506330450961
  0.16146989541294310  0.17125863756088808  0.18125241409512066  0.19081822382688318
  0.20016405574827664  0.21028551672863682  0.22194729546431399  0.23300449567561746
  0.24322697294651408  0.25318537990486695  0.26328913359531358  0.27371859484359323
  0.28392375741617243  0.29403434223388220  0.30476927826945083  0.31591267948937379
  0.32756170310650534  0.33901325055249876  0.35050941524323348  0.36223697763583795
  0.37376754799457645  0.38480036708132204  0.39548081071294910  0.40568340541852993
  0.41591113513146050  0.42665063628197569  0.43752757061335729  0.44834327416045300
  0.46008514237647036  0.47264528643202280  0.48425796017482142  0.49475833910252986
  0.50478412146863050  0.51514136581535575  0.52593342362127915  0.53679747772714004
  0.54780584658168885  0.55865678262957075  0.56910954508321254  0.57950377527944819
  0.59055406281215239  0.60266134728051890  0.61395053622453544  0.62527609976174181
  0.63731651323593352  0.64889167439574180  0.65876618539474718  0.66874207719505396
  0.67968664502914966  0.69104277960364624  0.70253456451833440  0.71325298383190516
  0.72378675734012865  0.73359929835598370  0.74338913752542690  0.75282601720013487
  0.76209409959899477  0.77172873911323070  0.78201680226295367  0.79242014283272422
  0.80324624926487354  0.81391193920489091  0.82397580874755161  0.83406581428814630
  0.84538769384347634  0.85688095548454113  0.86772968017844321  0.87845379268788903
  0.88933524000573427  0.89922309029186342  0.90843736240212980  0.91837918723799372
  0.92874105782061067  0.93877987571285093  0.94834679263985666  0.95744784052990584
  0.96825223017833939  0.97900175423683300  0.98960761666050101  1.00000000000000000
  0.09061262542997268  0.12874153367163166  0.16224488564490841  0.18406468888417180
  0.20081500116672371  0.21545891168787723  0.22838639774391151  0.23988470602391182
  0.25062737307508165  0.26073691183675146  0.27039278980416714  0.27940691085464675
  0.28822288913535893  0.29673825830292483  0.30541150247907339  0.31385473852725310
  0.32201762848867821  0.32955253980282911  0.33640315607872423  0.34288501430974394
  0.34931196648678348  0.35602411548595747  0.36222142249751971  0.36882432068530591
  0.37517974499393925  0.38140423262984335  0.38748075414013988  0.39359755420685638
  0.39958792165923968  0.40527365158703671  0.41057309142233039  0.41559660781199526
  0.42062709043040208  0.42585497314140086  0.43137984723123690  0.43701930379652787
  0.44293546070429862  0.44894416785307195  0.45490463864872982  0.46060220435771121
  0.46598205110640872  0.47121868523157245  0.47626026885451761  0.48118215581225687
  0.48608697649961147  0.49120669413733287  0.49636471291261647  0.50144683753128949
  0.50645215218644735  0.51146801543898368  0.51654220695050446  0.52156711531708089
  0.52636892464419260  0.53088213575536591  0.53541278347873889  0.53997724110159950
  0.54459508819058955  0.54928412307469976  0.55389947108579507  0.55868086146460683
  0.56367307266113920  0.56888715549861779  0.57411168184658046  0.57922185887240807
  0.58432189674632784  0.58959037038620299  0.59510740246914151  0.60054115708084255
  0.60610142485792218  0.61161813826549050  0.61748324640157315  0.62333558194216943
  0.62919317795399221  0.63494093835825538  0.64090137276990045  0.64692249796976886
  0.65274389528626220  0.65881166869903851  0.66483877814229797  0.67079624785477587
  0.67685434610121642  0.68313830547327004  0.68994136536098094  0.69706236673002808
  0.70430914474883344  0.71250810562584477  0.72237252973502741  0.73330602905726283
  0.74451710920666880  0.75587115134254002  0.76801229060846876  0.78231831313308953
  0.79984373757058735  0.82347987030776948  0.86371156963368168  1.00000000000000000
 -0.02293502063071043  0.13681075845787233  0.18000323848303088  0.20787100669188935
  0.22917462403219604  0.24696705317976095  0.26079708158901349  0.27324797815607571
  0.28391071234300047  0.29414072947292669  0.30332030807793703  0.31167230094860648
  0.31926274351646955  0.32663040422457534  0.33382773987976599  0.34050313347226552
  0.34663549001452854  0.35246376096004722  0.35807687578374719  0.36365992003859976
  0.36935151650848852  0.37515493337833961  0.38102583149778335  0.38663975533299927
  0.39179704817707156  0.39672988903764345  0.40137274288312608  0.40591187931531153
  0.41044981922289497  0.41498330101376818  0.41978852253319776  0.42468150710439090
  0.42947396426808837  0.43427221757096363  0.43912207510691253  0.44391877793172657
  0.44859499724379087  0.45311205405100718  0.45761077106247305  0.46229995766085114
  0.46713287115796454  0.47199137887613785  0.47678893474381928  0.48152068235469198
  0.48603864048201223  0.49075584912231129  0.49544608500198467  0.50004699748870196
  0.50458568773357282  0.50901705161010613  0.51358262333564852  0.51827169127332096
  0.52296029923543152  0.52749161446186066  0.53212857069701347  0.53689118858969354
  0.54169999486424658  0.54648929797476675  0.55124137276040908  0.55593322423827529
  0.56048331560677189  0.56478743242215212  0.56888245345370447  0.57321083962140007
  0.57765472271552432  0.58197245853108925  0.58620155870560964  0.59026725568289906
  0.59435063798176790  0.59860039776792084  0.60292143396890652  0.60728923819602365
  0.61169297233883257  0.61618786939702286  0.62081735285428896  0.62570934728628558
  0.63125074680645377  0.63701986820251333  0.64260802627275904  0.64870730937136645
  0.65552618610592794  0.66257871761730036  0.67025540178286280  0.67874866929514610
  0.68763194563520824  0.69651047659082077  0.70552751420143356  0.71527465009280577
  0.72654220129380254  0.73934658022160615  0.75353780919036606  0.76999172614616129
  0.79022592693738036  0.81602831741718107  0.85816037345263252  1.00000000000000000
   2.5483285199024015E-010  -1.0000000000000000     
 F F F F F F F F F F F F F F F F F F F F F F F F F F F F F F F F F F F F F F F F F F F F F F F F F F F F F F F F F F F F F F F F F F F F F F F F F F F F F F F F F F F F F F F F F F F F F F F F F F F F F F F F F F F F F F F F F F F F F F F F F F F F F F F F
  <DiscreteSampler_grid>
  grouped_processes
  1 # 1 for a reference and 2 for a running grid.
  10 # Attribute 'min_bin_probing_points' of the grid.
  1 # Attribute 'grid_mode' of the grid. 1=='default',2=='initialization'
  0.0000000000000000 # Attribute 'small_contrib_threshold' of the grid.
  0.5000000000000000 # Attribute 'damping_power' of the grid.
 # binID   n_entries weight   weight_sqr   abs_weight
    10   10   1.476610046542516E+002   1.117578954101120E+005   1.476610046542516E+002
    16   10   1.476610046542516E+002   1.117578954101119E+005   1.476610046542516E+002
  </DiscreteSampler_grid>
