  0.05304137669559108  0.05389126338384673  0.05460908188359710  0.05520397728127011
  0.05576060078923575  0.05629453476153107  0.05680236949710934  0.05728894383984504
  0.05775672926226397  0.05822394948940698  0.05869641670081590  0.05916752338777979
  0.05964557488803599  0.06011900511230255  0.06058402563291596  0.06104052233432429
  0.06150867279949687  0.06199570125999932  0.06248136281355427  0.06296008106270871
  0.06344219673002946  0.06395833072515590  0.06447490586447469  0.06499206225853005
  0.06552265308531249  0.06605212726446601  0.06658771516492078  0.06714489417622353
  0.06767406868749086  0.06823885094331598  0.06879598375253419  0.06936312996491856
  0.06992614118020694  0.07051463816407169  0.07111231712681562  0.07174127307344891
  0.07237455407073674  0.07301363426836301  0.07366056224727499  0.07434622137058193
  0.07507564182058432  0.07582563545183291  0.07659329113088408  0.07737143816859854
  0.07818137265136475  0.07899722715928911  0.07981563163297123  0.08066592152507768
  0.08155532326952483  0.08242154984557816  0.08330597390697742  0.08423466657786134
  0.08515840517001361  0.08609267794834793  0.08706008589937018  0.08808029016358976
  0.08909393032097933  0.09008100161983124  0.09105406168371152  0.09202388187495832
  0.09299695318785058  0.09404787853729263  0.09518719662648055  0.09630289690730698
  0.09740245719070560  0.09863627536129504  0.09999701115630957  0.10143055142032419
  0.10287667400690434  0.10439800560937618  0.10591086886813290  0.10725405017325901
  0.10860113703739524  0.11000155365142007  0.11158162106344889  0.11335221913891733
  0.11523563353263083  0.11728253039861231  0.11956541556828229  0.12204774312158809
  0.12475789985337062  0.12758226044068560  0.13047700571122814  0.13343510703330394
  0.13668863096421063  0.14055391719754298  0.14531154091963194  0.15070642455720756
  0.15664590419142352  0.16318220454367646  0.17042734586522745  0.17903077247799670
  0.18820363976886129  0.37984682932764691  0.85763609616572001  1.00000000000000000
  0.00026554252965020  0.00031038410875289  0.00034240036054947  0.00036878113514925
  0.00039628510558330  0.00042411756635529  0.00044771232771085  0.00046867170708925
  0.00048757142847588  0.00050530238611423  0.00052213307655210  0.00054026473405664
  0.00055877956827582  0.00057681252153128  0.00059476221868734  0.00061392341471094
  0.00063372271711605  0.00065389964961286  0.00067466350037499  0.00069601494155635
  0.00071656285661368  0.00073628801943688  0.00075596973306502  0.00077595695289507
  0.00079627963591526  0.00081658334789911  0.00083685265921119  0.00085742459078526
  0.00087827395877858  0.00089928888049188  0.00092050544869242  0.00094248191933111
  0.00096465103338047  0.00098892314581636  0.00101368641421914  0.00103930507641550
  0.00106545718146517  0.00109211528040535  0.00111877545237074  0.00114536062827377
  0.00117232959524244  0.00120045216793467  0.00123153879762550  0.00126406547153367
  0.00129664765949586  0.00133034277611526  0.00136512780487778  0.00140183765215408
  0.00144035931852001  0.00148076345436343  0.00152252413698431  0.00156491821807393
  0.00160844250700502  0.00165363092169829  0.00170004078002311  0.00174745403777965
  0.00179729226345550  0.00185081896288331  0.00190616144741388  0.00196287154684273
  0.00202499193626876  0.00208918097550732  0.00215653668748132  0.00222843571731193
  0.00230439882983720  0.00238442172001961  0.00246921472448194  0.00256037933424948
  0.00265625803034160  0.00275952649310545  0.00286998240032608  0.00298309793616423
  0.00310376083715803  0.00322695769353633  0.00337126451577618  0.00352222327356933
  0.00369305229132904  0.00387900321860019  0.00408674288018941  0.00431768501616098
  0.00457306612048167  0.00486322912836764  0.00517655248294661  0.00553677097842931
  0.00592719231244047  0.00640868768020626  0.00695899162582297  0.00760317041835644
  0.00831184799555604  0.00925438933492421  0.01054251187165955  0.01226851108415532
  0.01496687605329235  0.01987840881678970  0.03245530646721823  1.00000000000000000
  0.00013634559046861  0.00066122632415640  0.00091112466728847  0.00108504250081950
  0.00124207914798696  0.00140904740967683  0.00158390183749236  0.00175183922975355
  0.00189926463802404  0.00204447858693313  0.00219592835636470  0.00234631792760022
  0.00249896846021864  0.00265083326026632  0.00280261102052147  0.00295936689721018
  0.00313130058870534  0.00329727073073696  0.00345603781304725  0.00361429217679393
  0.00378016255451910  0.00394959351503443  0.00411597623650157  0.00428036175815882
  0.00444702236134958  0.00461743641391134  0.00478625787206051  0.00496368035670765
  0.00515011813684482  0.00533570876511636  0.00554186105759612  0.00574781304554636
  0.00596001654953162  0.00618510245236364  0.00642381909560180  0.00666691928296696
  0.00691202959708122  0.00716308277761206  0.00742167248564261  0.00769029327866224
  0.00796262353051795  0.00824091543232433  0.00852763575610109  0.00883243589060427
  0.00915680741994398  0.00949299621409153  0.00983461795629914  0.01017735602380176
  0.01051991678473807  0.01087070987395801  0.01124098826416019  0.01163017410641299
  0.01205220980136938  0.01249840040628497  0.01296745728833391  0.01346737020401188
  0.01398685386390970  0.01451686892516387  0.01507014333424245  0.01566491887277777
  0.01628757197257228  0.01693525662178559  0.01761215191425314  0.01834213445448990
  0.01912967911163472  0.01996032401824879  0.02084758637545995  0.02179103152584928
  0.02275310113636807  0.02374255470824563  0.02478508554183237  0.02587759492575237
  0.02699165838961357  0.02805401622442212  0.02926263544523981  0.03050821619185713
  0.03185435081291285  0.03318703565042475  0.03464930392842999  0.03632859635851778
  0.03819606040102805  0.04024163423355513  0.04252119560856692  0.04505494714975312
  0.04784289945322089  0.05077724658854697  0.05434204793122081  0.05770910573318645
  0.06162254383814674  0.06670994140575305  0.07303224663297425  0.08000841958957204
  0.08902848099407860  0.26051447880288747  0.59830936198016083  1.00000000000000000
 -0.00939803073895421  0.04183610972938608  0.08077713275853970  0.11135247333528003
  0.13534062375112044  0.15669854683030407  0.17687215083055380  0.19553088953242770
  0.21191034352951216  0.22640352507035255  0.23977653123013962  0.25249559270551619
  0.26423906027458816  0.27495582770396226  0.28505071351883765  0.29480015958257383
  0.30403576750697997  0.31277247725022039  0.32147583699619103  0.32957591841097089
  0.33724760690994998  0.34460782957634895  0.35194995157851172  0.35922546565863273
  0.36625747606886344  0.37309995028355136  0.37977260666200130  0.38641137733176539
  0.39311743509621450  0.39971876141437701  0.40611709548250075  0.41227038093382057
  0.41821067839460191  0.42402660657974905  0.42957626322843129  0.43517818742907649
  0.44062024483676532  0.44608397338612421  0.45127425215889527  0.45645778591717795
  0.46166689027342073  0.46685765086971492  0.47195906144780553  0.47707677047519464
  0.48211112053033961  0.48728209845103920  0.49248836143980673  0.49772192930988968
  0.50298835605158354  0.50819436121457462  0.51327759350907365  0.51829456173279909
  0.52327323718014307  0.52857841273839168  0.53408111517846901  0.53990017933438550
  0.54573153101322180  0.55148786596834731  0.55708801523604923  0.56250015391229147
  0.56795554019944583  0.57349980063592221  0.57917932285850804  0.58505376205151605
  0.59111602140095121  0.59741651647231964  0.60402160652508652  0.61094942734396385
  0.61800961347846772  0.62519294990307106  0.63204725920344207  0.63914021998320680
  0.64647525542661799  0.65342314793225498  0.66090571326358427  0.66837839176017477
  0.67586764594181870  0.68349218350569141  0.69115032246945396  0.69885366210668054
  0.70720311711788042  0.71666095889121029  0.72695012347684285  0.73777204758745962
  0.74941424460894168  0.76201135941238829  0.77508575042375727  0.78842348315557409
  0.80332537221392253  0.81935620664602093  0.83692595927676949  0.85704042970335792
  0.88107983390376543  0.91095924265564343  0.94874382191890105  1.00000000000000000
 -0.00242377864524574  0.00916593144421049  0.02023521879717911  0.03135645601433763
  0.04264281091734636  0.05390104462186162  0.06490145647950174  0.07556689343908979
  0.08542350468659615  0.09518742611902041  0.10509786308161334  0.11518421276606326
  0.12538461732859046  0.13558459846322310  0.14599967384051810  0.15624713433580700
  0.16622331501576473  0.17644291414299290  0.18717858585809116  0.19833365471214057
  0.20910401679233914  0.21962265212933255  0.23002718882315989  0.24040332851952873
  0.25060360885764527  0.26061159490856844  0.27061126063368635  0.28071373524184801
  0.29091612008811202  0.30105830085840179  0.31100413260117599  0.32134180537379253
  0.33222345259901337  0.34378203860769324  0.35514272372621047  0.36576104420278222
  0.37598821809235045  0.38600220797821305  0.39571299157459111  0.40530435495434175
  0.41518142464316737  0.42545251178153476  0.43597195741361139  0.44618431119755858
  0.45668348243889878  0.46701092145732881  0.47754847316366317  0.48791056085631695
  0.49789564366143901  0.50736836919073558  0.51714098087011662  0.52749452856378931
  0.53781149000055384  0.54790596831264615  0.55847072507166695  0.56980299139036739
  0.58125832569494962  0.59195114887059552  0.60224067145746041  0.61304074223976079
  0.62412531618533684  0.63504132711761452  0.64582073632994164  0.65681610284498648
  0.66779515729449801  0.67854867697962795  0.68937454271765308  0.70034712755136708
  0.71122774288411683  0.72200142612528595  0.73269013062885990  0.74337179063827674
  0.75389643851720356  0.76421325383588878  0.77462123182937648  0.78517646847200007
  0.79593883418480982  0.80711969883092760  0.81837990431619811  0.82964039631495756
  0.84034380457725411  0.85078471169950942  0.86111582756343730  0.87152929680550884
  0.88230287804719698  0.89346059216859630  0.90412719200678193  0.91444372396873885
  0.92447185910687146  0.93528608913578182  0.94573121614131739  0.95650474848576084
  0.96738095790852729  0.97926853530204561  0.98966340300110511  1.00000000000000000
 -0.00248631760319376  0.00919577173137107  0.02020510975816422  0.03132085478655100
  0.04283460340992041  0.05413142352432283  0.06552060744795823  0.07680673274852665
  0.08818681946012025  0.09938166160113703  0.11015219434434510  0.12065941418093599
  0.13109331286192857  0.14186339580428226  0.15281265870941912  0.16353227030263343
  0.17419011728622283  0.18501444114778418  0.19623441557401022  0.20740277916528793
  0.21831619337247149  0.22805887021441715  0.23797061751308210  0.24835212217581776
  0.25951010125449331  0.26998963350996891  0.28129765884785690  0.29192491297566586
  0.30259707048693701  0.31325482706135088  0.32417411748598129  0.33479198671940735
  0.34416287787783756  0.35497950708106063  0.36582313349195478  0.37668012012631019
  0.38689841762188626  0.39698956901183347  0.40744457885156432  0.41825850431112055
  0.42974056781110404  0.44104765733811424  0.45217004590410015  0.46294001902951054
  0.47389659995972416  0.48464676258293110  0.49518842364828819  0.50524453922269197
  0.51511757506772304  0.52462827596536143  0.53402455901258861  0.54352851984039263
  0.55368377747800990  0.56362994098075958  0.57328382463145688  0.58288402478421264
  0.59281585074085907  0.60281809048515245  0.61257158689283098  0.62212562874971133
  0.63184605059296450  0.64210534212021608  0.65252393151331267  0.66268428399837565
  0.67349438372032988  0.68451378174753597  0.69486076469340330  0.70542444373093804
  0.71623362645127731  0.72694878980120869  0.73737996332556888  0.74746116979305344
  0.75733447028670942  0.76699736585258871  0.77680828780427968  0.78738279654267562
  0.79851007980395772  0.80948133774320119  0.81929298033709030  0.82861498610432283
  0.83800256116033955  0.84872949614907089  0.85957221371043424  0.87005198229408276
  0.88034160917842452  0.89062245778490978  0.90119862527167272  0.91179622338266064
  0.92252704300109822  0.93367517110440090  0.94484141584918346  0.95592570794198095
  0.96733867135897822  0.97833574393042433  0.98950295953972633  1.00000000000000000
  0.05994503249162168  0.06192759406129412  0.06298563121617537  0.06460760684864518
  0.06614126215007200  0.06766068276917343  0.06915131067381694  0.07061009895071330
  0.07206902598006873  0.07353389064412565  0.07500806654659845  0.07647161436049778
  0.07794194703932730  0.07942233424433363  0.08090652255248972  0.08240026744025336
  0.08386495010392069  0.08528332111558630  0.08668687664784035  0.08812196341911181
  0.08957932157643517  0.09105866893266013  0.09253496102659828  0.09403329182153400
  0.09550655634656842  0.09693742405540141  0.09834457610813066  0.09977494824845412
  0.10125696004990813  0.10277490452794007  0.10430138161196841  0.10584058669358501
  0.10740695925673407  0.10896810766856938  0.11052518498397006  0.11212295769291085
  0.11373386923951656  0.11536083893416037  0.11693305160029256  0.11849431407770060
  0.12003430518023440  0.12161998595217925  0.12322654902001154  0.12487249119828375
  0.12653550538031508  0.12817558940537502  0.12983219031785956  0.13152473872585438
  0.13323883015141028  0.13497991101768059  0.13676713807970420  0.13861205421186509
  0.14042377675911219  0.14225178932504134  0.14409834315342568  0.14595027275558450
  0.14784912160000216  0.14987034974949121  0.15191719773925308  0.15422273064395109
  0.15646812341015801  0.15883277884975927  0.16124941115359090  0.16358225400565077
  0.16594664663151107  0.16842289757494586  0.17096831191521136  0.17358872013838847
  0.17634595263059694  0.17928515054444774  0.18205199617530501  0.18452805912444750
  0.18729087703801975  0.19029729002853207  0.19348415977861827  0.19692579804598973
  0.20039189063993523  0.20397944639593335  0.20762589214798458  0.21149019766509525
  0.21557357258958029  0.21958710527768260  0.22418027762522760  0.22874617248951065
  0.23504635400066048  0.24229434009125705  0.25020032539004200  0.25980594688300535
  0.26901756932843091  0.27686095478402256  0.28475953802593029  0.29655675751007043
  0.30835397699421052  0.32621715811878571  0.34527897912251970  1.00000000000000000
 -0.00156570670082497  0.00608721065371299  0.01380278470346856  0.02160202363230461
  0.02975824314134484  0.03827106712660824  0.04678528992318254  0.05515245298589504
  0.06334333916086686  0.07157678233409510  0.08000449558098541  0.08813546101260984
  0.09595977858425651  0.10354178802065675  0.11115129007728271  0.11909700400436261
  0.12729251553470625  0.13545450430621822  0.14360999668470170  0.15195183264630227
  0.16034838791285919  0.16829626224018079  0.17594528130238643  0.18361217405817878
  0.19178672523769610  0.20054780485704052  0.20942262199530529  0.21873515648124869
  0.22834035065085487  0.23790148589661742  0.24752552533682895  0.25699686848046560
  0.26640375183139298  0.27603242663002225  0.28583587924753717  0.29630927904805093
  0.30735063453731609  0.31817829315987817  0.32871477941833654  0.34090581352086946
  0.35396670689587645  0.36759000231118588  0.38241446621761899  0.39878986873552913
  0.41627186887290474  0.43408755232591223  0.45199727343804225  0.46973809155111124
  0.48617488701290940  0.50144161107750596  0.51621505835622394  0.53083664797917707
  0.54590564209454562  0.56187791509558416  0.57866193693038903  0.59524831127065625
  0.61153516299361699  0.62846291402568055  0.64522991006737407  0.66043535568028455
  0.67497460622633998  0.68844133726244039  0.70089851416475402  0.71321990210073094
  0.72557706459237925  0.73709277213407309  0.74753963699118342  0.75806645424609875
  0.76845474955293303  0.77881186723683371  0.78865809732301129  0.79808246954952522
  0.80748370374647671  0.81635957848135798  0.82515783446213475  0.83421706374970706
  0.84333567205037685  0.85224815141149046  0.86102694932962831  0.86982075218803623
  0.87867722155575978  0.88744626816274819  0.89593050781254102  0.90420687403990718
  0.91247161050374515  0.92071809702004714  0.92894306897015566  0.93710612734973719
  0.94513380245065848  0.95314071644122333  0.96117011598460267  0.96927191998162587
  0.97730673375678612  0.98527282445796016  0.99263805251468251  1.00000000000000000
  0.13019618544720660  0.20223663699795738  0.23323628313779968  0.25231287210707332
  0.26660872127533625  0.27966029236347495  0.29098353780580333  0.30040791416713070
  0.30978281304749533  0.31999468835550160  0.32978251109867451  0.33856354263536376
  0.34660374168590086  0.35422806129336748  0.36178310115720330  0.36931021060046210
  0.37687752577871553  0.38404736998525230  0.39078622908304339  0.39689939983308947
  0.40280025623653865  0.40872159680994169  0.41468746505359050  0.42044098644579014
  0.42581995631554437  0.43117965331870178  0.43649923766361087  0.44160142132443125
  0.44663484725140928  0.45175367887640516  0.45693006682697773  0.46208003650323037
  0.46714543803455771  0.47200441866913323  0.47682620253919872  0.48170151053885951
  0.48657988589059314  0.49132830580134834  0.49573595753252386  0.50001192005463591
  0.50429212893353192  0.50859096342708443  0.51287490018596138  0.51729110591670313
  0.52168484710532026  0.52592455792878612  0.53007822362073342  0.53437280903008400
  0.53882001002558533  0.54342939008565638  0.54794274429497647  0.55234681563906352
  0.55668101216384935  0.56093139105274703  0.56515762902645494  0.56942617413835139
  0.57370870250642225  0.57795777771604073  0.58220321480082926  0.58638924839522999
  0.59049642787789181  0.59456775113057314  0.59871668312729176  0.60298130548245754
  0.60735360181406317  0.61176994154813635  0.61615090822297713  0.62056199357042130
  0.62497992478400621  0.62970586498965242  0.63456173398392868  0.63946696807043613
  0.64437139421569867  0.64955696014720232  0.65481625961890977  0.66008483404027918
  0.66541319334120097  0.67079825684487027  0.67638862269308431  0.68223843169435994
  0.68830758954369575  0.69466824152486262  0.70134162569833136  0.70824452447841435
  0.71526802806609013  0.72240719430643607  0.72992487861374156  0.73808545037825735
  0.74708612604380420  0.75703124388583232  0.76803346245097759  0.78021279790915510
  0.79467080606459850  0.81434279585442104  0.84958699308225083  1.00000000000000000
 -0.03669224505675984  0.16544514925241774  0.21118463920315955  0.23648927529064018
  0.25469983942304902  0.26926317657894172  0.28228491547834195  0.29371383301459142
  0.30418008645149336  0.31379138863701606  0.32264063961322165  0.33061260378199309
  0.33806676644005296  0.34500056047744571  0.35166012568917360  0.35795310865268498
  0.36420644725185447  0.37012769247504024  0.37559968625369167  0.38073382723322785
  0.38576639482181796  0.39079162983699384  0.39575530926548380  0.40058487725612557
  0.40535075217261801  0.41007103899107217  0.41461409380101510  0.41911950179589924
  0.42335179772926329  0.42756380051254300  0.43178234658809267  0.43598630078845585
  0.44025873137350535  0.44448835935491154  0.44858405882616009  0.45256590624459825
  0.45645939525125356  0.46035731034751382  0.46431843609278550  0.46831462355892306
  0.47248233616531837  0.47659375890924172  0.48049441389013769  0.48433526024769891
  0.48808606673732247  0.49187860969029601  0.49574072008582359  0.49971394062689417
  0.50349209906614134  0.50718463487666676  0.51074766344826816  0.51432109393815562
  0.51789953764080943  0.52146179825633066  0.52511700898023850  0.52882723683897648
  0.53265771961944242  0.53644876019878951  0.54020130373343844  0.54403486130234602
  0.54785020157094155  0.55161307359881406  0.55536530249060534  0.55929307545601592
  0.56340795926975418  0.56778817838280493  0.57220693216146645  0.57665684430640396
  0.58119788093914715  0.58579652641736690  0.59042803524713394  0.59514566722966655
  0.60002508563382428  0.60500972698495270  0.61006666992909020  0.61528145984354954
  0.62064723601722582  0.62625005486709151  0.63206697574687720  0.63797228625785740
  0.64400528362792364  0.65017746106078245  0.65657150241911222  0.66329388822939095
  0.67027415521040701  0.67779321699990525  0.68587467007381553  0.69475923175141674
  0.70446541841245891  0.71588312818760724  0.72933178383145680  0.74401719209557582
  0.76112275130709128  0.78359995618258360  0.82720158759891582  1.00000000000000000
   2.8517875903243356E-012  -1.0000000000000000     
 F F F F F F F F F F F F F F F F F F F F F F F F F F F F F F F F F F F F F F F F F F F F F F F F F F F F F F F F F F F F F F F F F F F F F F F F F F F F F F F F F F F F F F F F F F F F F F F F F F F F F F F F F F F F F F F F F F F F F F F F F F F F F F F F
  <DiscreteSampler_grid>
  grouped_processes
  1 # 1 for a reference and 2 for a running grid.
  10 # Attribute 'min_bin_probing_points' of the grid.
  1 # Attribute 'grid_mode' of the grid. 1=='default',2=='initialization'
  0.0000000000000000 # Attribute 'small_contrib_threshold' of the grid.
  0.5000000000000000 # Attribute 'damping_power' of the grid.
 # binID   n_entries weight   weight_sqr   abs_weight
    10   10   2.569770277424914E+001   2.903656218267519E+003   2.569770277424914E+001
    16   10   2.569770277424914E+001   2.903656218267518E+003   2.569770277424914E+001
  </DiscreteSampler_grid>
