  1    1
  2   -1
  3   -1
  4   -1
  5   -1
  6   -1
  7    1
  8    1
  9    1
 10   -7
 11   -8
 12   -9
 13   -7
 14   -9
 15   -8
 16    1
 17  -16
 18    1
 19    1
 20  -18
 21  -19
 22    1
 23  -22
 24    1
 25  -22
 26  -22
 27  -24
 28    1
 29    1
 30    1
 31  -16
 32  -16
 33  -18
 34  -19
 35  -18
 36  -19
 37  -22
 38  -22
 39  -24
 40  -22
 41  -22
 42  -24
 43  -28
 44  -29
 45  -30
 46  -16
 47  -16
 48  -18
 49  -19
 50  -18
 51  -19
 52  -22
 53  -22
 54  -24
 55  -22
 56  -22
 57  -24
 58  -28
 59  -29
 60  -30
 61  -16
 62  -16
 63  -18
 64  -19
 65  -18
 66  -19
 67  -29
 68  -28
 69  -30
 70  -16
 71  -16
 72  -18
 73  -19
 74  -18
 75  -19
 76  -29
 77  -28
 78  -30
 79  -16
 80  -16
 81  -18
 82  -19
 83  -18
 84  -19
 85  -29
 86  -28
 87  -30
 88    1
 89    1
 90  -88
 91  -89
 92    1
 93  -92
 94  -88
 95  -89
 96  -88
 97  -89
 98  -92
 99  -92
100  -88
101  -89
102  -88
103  -89
104  -92
105  -92
106    1
107 -106
108 -106
109 -106
110 -106
111 -106
112    1
113    1
114    1
115 -112
116 -113
117 -114
118 -112
119 -114
120 -113
121    1
122 -121
123    1
124    1
125 -123
126 -124
127    1
128    1
129    1
130 -127
131 -128
132 -129
133    1
134    1
135    1
136 -121
137 -121
138 -123
139 -124
140 -123
141 -124
142 -127
143 -128
144 -129
145 -127
146 -128
147 -129
148 -133
149 -134
150 -135
151 -121
152 -121
153 -123
154 -124
155 -123
156 -124
157 -127
158 -128
159 -129
160 -127
161 -128
162 -129
163 -133
164 -134
165 -135
166    1
167 -166
168    1
169    1
170 -168
171 -169
172    1
173    1
174    1
175 -166
176 -166
177 -168
178 -169
179 -168
180 -169
181 -172
182 -173
183 -174
184 -166
185 -166
186 -168
187 -169
188 -168
189 -169
190 -172
191 -173
192 -174
193    1
194    1
195    1
196    1
197    1
198    1
199 -193
200 -194
201 -195
202 -196
203 -197
204 -198
205 -193
206 -194
207 -195
208 -196
209 -197
210 -198
211 -106
212 -106
213 -106
214 -106
215 -106
216 -106
217 -112
218 -113
219 -114
220 -112
221 -113
222 -114
223 -112
224 -114
225 -113
226 -121
227 -121
228 -123
229 -124
230 -123
231 -124
232 -127
233 -128
234 -129
235 -127
236 -128
237 -129
238 -133
239 -134
240 -135
241 -121
242 -121
243 -123
244 -124
245 -123
246 -124
247 -127
248 -128
249 -129
250 -127
251 -128
252 -129
253 -133
254 -134
255 -135
256 -121
257 -121
258 -123
259 -124
260 -123
261 -124
262 -127
263 -128
264 -129
265 -127
266 -128
267 -129
268 -133
269 -134
270 -135
271 -166
272 -166
273 -168
274 -169
275 -168
276 -169
277 -172
278 -173
279 -174
280 -166
281 -166
282 -168
283 -169
284 -168
285 -169
286 -172
287 -173
288 -174
289 -166
290 -166
291 -168
292 -169
293 -168
294 -169
295 -172
296 -173
297 -174
298 -193
299 -194
300 -195
301 -196
302 -197
303 -198
304 -193
305 -194
306 -195
307 -196
308 -197
309 -198
310 -193
311 -194
312 -195
313 -196
314 -197
315 -198
316    1
317 -316
318    1
319    1
320 -318
321 -319
322    1
323    1
324    1
325 -322
326 -323
327 -324
328    1
329    1
330    1
331 -316
332 -316
333 -318
334 -319
335 -318
336 -319
337 -322
338 -323
339 -324
340 -322
341 -323
342 -324
343 -328
344 -329
345 -330
346    1
347    1
348 -346
349 -347
350    1
351 -350
352    1
353    1
354    1
355    1
356    1
357    1
358 -355
359 -357
360 -356
361 -346
362 -347
363 -346
364 -347
365 -350
366 -350
367 -352
368 -353
369 -354
370 -355
371 -356
372 -357
373 -355
374 -357
375 -356
376    1
377 -376
378    1
379    1
380 -378
381 -379
382    1
383    1
384    1
385    1
386    1
387    1
388    1
389    1
390    1
391    1
392    1
393 -392
394 -385
395 -386
396 -387
397 -388
398 -389
399 -390
400 -391
401 -392
402 -392
403 -385
404 -386
405 -387
406 -388
407 -389
408 -390
409 -385
410 -386
411 -387
412 -388
413 -389
414 -390
415    1
416 -415
417    1
418    1
419 -417
420 -418
421 -316
422 -316
423 -318
424 -319
425 -318
426 -319
427 -322
428 -323
429 -324
430 -322
431 -323
432 -324
433 -328
434 -329
435 -330
436 -316
437 -316
438 -318
439 -319
440 -318
441 -319
442 -322
443 -323
444 -324
445 -322
446 -323
447 -324
448 -328
449 -329
450 -330
451 -346
452 -347
453 -346
454 -347
455 -350
456 -350
457 -352
458 -353
459 -354
460 -355
461 -356
462 -357
463 -355
464 -357
465 -356
466 -346
467 -347
468 -346
469 -347
470 -350
471 -350
472 -352
473 -353
474 -354
475 -355
476 -356
477 -357
478 -355
479 -357
480 -356
481 -376
482 -376
483 -378
484 -379
485 -378
486 -379
487 -382
488 -383
489 -384
490 -385
491 -386
492 -387
493 -388
494 -389
495 -390
496 -391
497 -392
498 -392
499 -385
500 -386
501 -387
502 -388
503 -389
504 -390
505 -391
506 -392
507 -392
508 -385
509 -386
510 -387
511 -388
512 -389
513 -390
514 -385
515 -386
516 -387
517 -388
518 -389
519 -390
520 -415
521 -415
522 -417
523 -418
524 -417
525 -418
526 -316
527 -316
528 -318
529 -319
530 -318
531 -319
532 -322
533 -323
534 -324
535 -322
536 -323
537 -324
538 -328
539 -329
540 -330
541 -316
542 -316
543 -318
544 -319
545 -318
546 -319
547 -322
548 -323
549 -324
550 -322
551 -323
552 -324
553 -328
554 -329
555 -330
556 -346
557 -347
558 -346
559 -347
560 -350
561 -350
562 -352
563 -353
564 -354
565 -355
566 -356
567 -357
568 -355
569 -357
570 -356
571 -346
572 -347
573 -346
574 -347
575 -350
576 -350
577 -352
578 -353
579 -354
580 -355
581 -356
582 -357
583 -355
584 -357
585 -356
586 -376
587 -376
588 -378
589 -379
590 -378
591 -379
592 -382
593 -383
594 -384
595 -385
596 -386
597 -387
598 -388
599 -389
600 -390
601 -391
602 -392
603 -392
604 -385
605 -386
606 -387
607 -388
608 -389
609 -390
610 -391
611 -392
612 -392
613 -385
614 -386
615 -387
616 -388
617 -389
618 -390
619 -385
620 -386
621 -387
622 -388
623 -389
624 -390
625 -415
626 -415
627 -417
628 -418
629 -417
630 -418
631    1
632 -631
633    1
634 -633
635    1
636 -635
637    1
638    1
639    1
640 -631
641 -631
642 -633
643 -633
644 -635
645 -635
646 -637
647 -638
648 -639
649 -631
650 -631
651 -633
652 -633
653 -635
654 -635
655 -637
656 -638
657 -639
658    1
659    1
660    1
661    1
662    1
663    1
664 -658
665 -659
666 -660
667 -661
668 -662
669 -663
670 -658
671 -659
672 -660
673 -661
674 -662
675 -663
676 -631
677 -631
678 -633
679 -633
680 -635
681 -635
682 -637
683 -638
684 -639
685 -631
686 -631
687 -633
688 -633
689 -635
690 -635
691 -637
692 -638
693 -639
694 -631
695 -631
696 -633
697 -633
698 -635
699 -635
700 -637
701 -638
702 -639
703 -658
704 -659
705 -660
706 -661
707 -662
708 -663
709 -658
710 -659
711 -660
712 -661
713 -662
714 -663
715 -658
716 -659
717 -660
718 -661
719 -662
720 -663
721    1
722 -721
723    1
724 -723
725    1
726 -725
727    1
728    1
729    1
730    1
731    1
732    1
733    1
734    1
735    1
736    1
737    1
738 -737
739 -730
740 -731
741 -732
742 -733
743 -734
744 -735
745 -736
746 -737
747 -737
748 -730
749 -731
750 -732
751 -733
752 -734
753 -735
754 -730
755 -731
756 -732
757 -733
758 -734
759 -735
760    1
761 -760
762    1
763 -762
764    1
765 -764
766 -721
767 -721
768 -723
769 -723
770 -725
771 -725
772 -727
773 -728
774 -729
775 -730
776 -731
777 -732
778 -733
779 -734
780 -735
781 -736
782 -737
783 -737
784 -730
785 -731
786 -732
787 -733
788 -734
789 -735
790 -736
791 -737
792 -737
793 -730
794 -731
795 -732
796 -733
797 -734
798 -735
799 -730
800 -731
801 -732
802 -733
803 -734
804 -735
805 -760
806 -760
807 -762
808 -762
809 -764
810 -764
811 -721
812 -721
813 -723
814 -723
815 -725
816 -725
817 -727
818 -728
819 -729
820 -730
821 -731
822 -732
823 -733
824 -734
825 -735
826 -736
827 -737
828 -737
829 -730
830 -731
831 -732
832 -733
833 -734
834 -735
835 -736
836 -737
837 -737
838 -730
839 -731
840 -732
841 -733
842 -734
843 -735
844 -730
845 -731
846 -732
847 -733
848 -734
849 -735
850 -760
851 -760
852 -762
853 -762
854 -764
855 -764
856    1
857    1
858    1
859    1
860    1
861    1
862 -856
863 -857
864 -858
865 -859
866 -860
867 -861
868 -856
869 -857
870 -858
871 -859
872 -860
873 -861
874    1
875    1
876 -874
877 -875
878    1
879 -878
880 -874
881 -875
882 -874
883 -875
884 -878
885 -878
886    1
887    1
888    1
889    1
890    1
891    1
892 -874
893 -875
894 -874
895 -875
896 -878
897 -878
898 -874
899 -875
900 -874
901 -875
902 -878
903 -878
904 -886
905 -887
906 -888
907 -889
908 -890
909 -891
910 -874
911 -875
912 -874
913 -875
914 -878
915 -878
916 -874
917 -875
918 -874
919 -875
920 -878
921 -878
922 -886
923 -887
924 -888
925 -889
926 -890
927 -891
928 -886
929 -887
930 -888
931 -889
932 -890
933 -891
934 -886
935 -887
936 -888
937 -889
938 -890
939 -891
940 -886
941 -887
942 -888
943 -889
944 -890
945 -891
